,station_id,contract_name,station_name,station_address,has_payment_terminal,is_bonus_station,station_status,last_update,is_connected,allows_overflow,shape,overflowStands,position_latitude,position_longitude,totalStands_capacity,totalStands_availabilities.bikes,totalStands_availabilities.stands,totalStands_availabilities.mechanicalBikes,total_electrical_bikes,total_internal_battery_bikes,total_removable_battery_bikes,main_stand_capacity,main_stand_available_bikes,main_stand_available_stands,main_stand_mechanical_bikes,main_stand_electrical_bikes,main_stand_internal_battery_bikes,main_stand_removable_battery_bikes
0,42,dublin,SMITHFIELD NORTH,Smithfield North,False,False,OPEN,2024-12-25 13:50:33,True,False,,,53.349562,-6.278198,30,4,26,3,1,0,1,30,4,26,3,1,0,1
1,30,dublin,PARNELL SQUARE NORTH,Parnell Square North,False,False,OPEN,2024-12-25 13:48:29,True,False,,,53.3537415547453,-6.26530144781526,20,1,19,1,0,0,0,20,1,19,1,0,0,0
2,54,dublin,CLONMEL STREET,Clonmel Street,False,False,OPEN,2024-12-25 13:46:48,True,False,,,53.336021,-6.26298,33,14,19,2,12,0,12,33,14,19,2,12,0,12
3,108,dublin,AVONDALE ROAD,Avondale Road,False,False,OPEN,2024-12-25 13:44:46,True,False,,,53.359405,-6.276142,35,0,35,0,0,0,0,35,0,35,0,0,0,0
4,20,dublin,JAMES STREET EAST,James Street East,False,False,OPEN,2024-12-25 13:44:34,True,False,,,53.336597,-6.248109,30,1,29,1,0,0,0,30,1,29,1,0,0,0
5,56,dublin,MOUNT STREET LOWER,Mount Street Lower,False,False,OPEN,2024-12-25 13:49:59,True,False,,,53.33796,-6.24153,40,10,30,5,5,0,5,40,10,30,5,5,0,5
6,6,dublin,CHRISTCHURCH PLACE,Christchurch Place,False,False,OPEN,2024-12-25 13:41:36,True,False,,,53.343368,-6.27012,20,2,18,2,0,0,0,20,2,18,2,0,0,0
7,18,dublin,GRANTHAM STREET,Grantham Street,False,False,OPEN,2024-12-25 13:43:42,True,False,,,53.334123,-6.265436,30,18,12,12,6,0,6,30,18,12,12,6,0,6
8,32,dublin,PEARSE STREET,Pearse Street,False,False,OPEN,2024-12-25 13:43:51,True,False,,,53.344304,-6.250427,30,16,14,12,4,0,4,30,16,14,12,4,0,4
9,52,dublin,YORK STREET EAST,York Street East,False,False,OPEN,2024-12-25 13:42:29,True,False,,,53.338755,-6.262003,32,3,29,3,0,0,0,32,3,29,3,0,0,0
10,48,dublin,EXCISE WALK,Excise Walk,False,False,OPEN,2024-12-25 13:49:45,True,False,,,53.347777,-6.244239,40,12,28,6,6,0,6,40,12,28,6,6,0,6
11,13,dublin,FITZWILLIAM SQUARE WEST,Fitzwilliam Square West,False,False,OPEN,2024-12-25 13:41:30,True,False,,,53.336074,-6.252825,30,24,6,10,14,0,14,30,24,6,10,14,0,14
12,43,dublin,PORTOBELLO ROAD,Portobello Road,False,False,OPEN,2024-12-25 13:49:40,True,False,,,53.330091,-6.268044,30,12,18,9,3,0,3,30,12,18,9,3,0,3
13,31,dublin,PARNELL STREET,Parnell Street,False,False,OPEN,2024-12-25 13:50:50,True,False,,,53.350929,-6.265125,20,16,4,12,4,0,4,20,16,4,12,4,0,4
14,98,dublin,FREDERICK STREET SOUTH,Frederick Street South,False,False,OPEN,2024-12-25 13:50:05,True,False,,,53.341515,-6.256853,40,13,27,9,4,0,4,40,13,27,9,4,0,4
15,14,dublin,FOWNES STREET UPPER,Fownes Street Upper,False,False,OPEN,2024-12-25 13:43:53,True,False,,,53.344603,-6.263371,30,22,8,15,7,0,7,30,22,8,15,7,0,7
16,1,dublin,CLARENDON ROW,Clarendon Row,False,False,OPEN,2024-12-25 13:42:31,True,False,,,53.340927,-6.262501,31,16,15,12,4,0,4,31,16,15,12,4,0,4
17,23,dublin,CUSTOM HOUSE,Custom House,False,False,OPEN,2024-12-25 13:44:04,True,False,,,53.348279,-6.254662,30,17,13,17,0,0,0,30,17,13,17,0,0,0
18,106,dublin,RATHDOWN ROAD,Rathdown Road,False,False,OPEN,2024-12-25 13:41:38,True,False,,,53.35893,-6.280337,40,14,26,2,12,0,12,40,14,26,2,12,0,12
19,112,dublin,NORTH CIRCULAR ROAD (O'CONNELL'S),North Circular Road (O'Connell's),False,False,OPEN,2024-12-25 13:45:34,True,False,,,53.357841,-6.251557,30,3,27,0,3,0,3,30,3,27,0,3,0,3
20,68,dublin,HANOVER QUAY,Hanover Quay,False,False,OPEN,2024-12-25 13:43:04,True,False,,,53.344115,-6.237153,40,4,36,3,1,0,1,40,4,36,3,1,0,1
21,74,dublin,OLIVER BOND STREET,Oliver Bond Street,False,False,OPEN,2024-12-25 13:44:49,True,False,,,53.343893,-6.280531,30,22,8,12,10,0,10,30,22,8,12,10,0,10
22,87,dublin,COLLINS BARRACKS MUSEUM,Collins Barracks Museum,False,False,OPEN,2024-12-25 13:50:34,True,False,,,53.347477,-6.28525,38,22,16,11,11,0,11,38,22,16,11,11,0,11
23,84,dublin,BROOKFIELD ROAD,Brookfield Road,False,False,OPEN,2024-12-25 13:46:10,True,False,,,53.339005,-6.300217,30,22,8,14,8,0,8,30,22,8,14,8,0,8
24,90,dublin,BENSON STREET,Benson Street,False,False,OPEN,2024-12-25 13:45:27,True,False,,,53.344153,-6.233451,40,2,38,1,1,0,1,40,2,38,1,1,0,1
25,11,dublin,EARLSFORT TERRACE,Earlsfort Terrace,False,False,OPEN,2024-12-25 13:46:11,True,False,,,53.334295,-6.258503,30,15,15,11,4,0,4,30,15,15,11,4,0,4
26,17,dublin,GOLDEN LANE,Golden Lane,False,False,OPEN,2024-12-25 13:46:06,True,False,,,53.340803,-6.267732,20,16,4,10,6,0,6,20,16,4,10,6,0,6
27,45,dublin,DEVERELL PLACE,Deverell Place,False,False,OPEN,2024-12-25 13:46:07,True,False,,,53.351464,-6.255265,30,2,28,1,1,0,1,30,2,28,1,1,0,1
28,114,dublin,WILTON TERRACE (PARK),Wilton Terrace (Park),False,False,OPEN,2024-12-25 13:42:45,True,False,,,53.333653,-6.248345,40,5,35,3,2,0,2,40,5,35,3,2,0,2
29,72,dublin,JOHN STREET WEST,John Street West,False,False,OPEN,2024-12-25 13:41:16,True,False,,,53.343105,-6.277167,31,6,25,1,5,0,5,31,6,25,1,5,0,5
30,63,dublin,FENIAN STREET,Fenian Street,False,False,OPEN,2024-12-25 13:42:38,True,False,,,53.341428,-6.24672,35,23,12,11,12,0,12,35,23,12,11,12,0,12
31,113,dublin,MERRION SQUARE SOUTH,Merrion Square South,False,False,OPEN,2024-12-25 13:43:28,True,False,,,53.338614,-6.248606,40,11,18,7,4,0,4,40,11,18,7,4,0,4
32,91,dublin,SOUTH DOCK ROAD,South Dock Road,False,False,OPEN,2024-12-25 13:44:09,True,False,,,53.341833,-6.231291,30,20,10,13,7,0,7,30,20,10,13,7,0,7
33,99,dublin,CITY QUAY,City Quay,False,False,OPEN,2024-12-25 13:50:30,True,False,,,53.346637,-6.246154,30,24,6,8,16,0,16,30,24,6,8,16,0,16
34,9,dublin,EXCHEQUER STREET,Exchequer Street,False,False,OPEN,2024-12-25 13:47:06,True,False,,,53.343034,-6.263578,24,10,14,9,1,0,1,24,10,14,9,1,0,1
35,67,dublin,THE POINT,The Point,False,False,OPEN,2024-12-25 13:50:38,True,False,,,53.346867,-6.230852,40,23,17,17,6,0,6,40,23,17,17,6,0,6
36,116,dublin,BROADSTONE,Broadstone,False,False,OPEN,2024-12-25 13:45:33,True,False,,,53.3547,-6.272314,30,19,11,7,12,0,12,30,19,11,7,12,0,12
37,55,dublin,HATCH STREET,Hatch Street,False,False,OPEN,2024-12-25 13:46:22,True,False,,,53.33403,-6.260714,36,16,20,9,7,0,7,36,16,20,9,7,0,7
38,62,dublin,LIME STREET,Lime Street,False,False,OPEN,2024-12-25 13:41:29,True,False,,,53.346026,-6.243576,40,11,29,4,7,0,7,40,11,29,4,7,0,7
39,5,dublin,CHARLEMONT PLACE,Charlemont Street,False,False,OPEN,2024-12-25 13:50:17,True,False,,,53.330662,-6.260177,40,16,24,10,6,0,6,40,16,24,10,6,0,6
40,97,dublin,KILMAINHAM GAOL,Kilmainham Gaol,False,False,OPEN,2024-12-25 13:41:41,True,False,,,53.342113,-6.310015,40,14,26,5,9,0,9,40,14,26,5,9,0,9
41,61,dublin,HARDWICKE PLACE,Hardwicke Place,False,False,OPEN,2024-12-25 13:45:58,True,False,,,53.357043,-6.263232,25,10,15,7,3,0,3,25,10,15,7,3,0,3
42,77,dublin,WOLFE TONE STREET,Wolfe Tone Street,False,False,OPEN,2024-12-25 13:42:56,True,False,,,53.348875,-6.267459,29,16,13,7,9,0,9,29,16,13,7,9,0,9
43,73,dublin,FRANCIS STREET,Francis Street,False,False,OPEN,2024-12-25 13:42:59,True,False,,,53.342081,-6.275233,30,8,22,4,4,0,4,30,8,22,4,4,0,4
44,4,dublin,GREEK STREET,Greek Street,False,False,OPEN,2024-12-25 13:46:36,True,False,,,53.346874,-6.272976,20,19,1,9,10,0,10,20,19,1,9,10,0,10
45,49,dublin,GUILD STREET,Guild Street,False,False,OPEN,2024-12-25 13:51:00,True,False,,,53.347932,-6.240928,40,36,4,26,10,0,10,40,36,4,26,10,0,10
46,19,dublin,HERBERT PLACE,Herbert Place,False,False,OPEN,2024-12-25 13:43:25,True,False,,,53.334432,-6.245575,30,0,30,0,0,0,0,30,0,30,0,0,0,0
47,7,dublin,HIGH STREET,High Street,False,False,OPEN,2024-12-25 13:49:36,True,False,,,53.343565,-6.275071,29,2,27,1,1,0,1,29,2,27,1,1,0,1
48,60,dublin,NORTH CIRCULAR ROAD,North Circular Road,False,False,OPEN,2024-12-25 13:44:15,True,False,,,53.359624,-6.260348,30,11,19,11,0,0,0,30,11,19,11,0,0,0
49,102,dublin,WESTERN WAY,Western Way,False,False,OPEN,2024-12-25 13:42:54,True,False,,,53.354929,-6.269425,40,8,32,7,1,0,1,40,8,32,7,1,0,1
50,38,dublin,TALBOT STREET,Talbot Street,False,False,OPEN,2024-12-25 13:47:42,True,False,,,53.350974,-6.25294,40,10,29,8,2,0,2,40,10,29,8,2,0,2
51,53,dublin,NEWMAN HOUSE,Newman House,False,False,OPEN,2024-12-25 13:45:41,True,False,,,53.337132,-6.26059,40,13,27,12,1,0,1,40,13,27,12,1,0,1
52,58,dublin,SIR PATRICK DUN'S,Sir Patrick's Dun,False,False,OPEN,2024-12-25 13:45:17,True,False,,,53.339218,-6.240642,40,33,7,24,9,0,9,40,33,7,24,9,0,9
53,66,dublin,NEW CENTRAL BANK,New Central Bank,False,False,OPEN,2024-12-25 13:44:09,True,False,,,53.347122,-6.234749,40,2,38,1,1,0,1,40,2,38,1,1,0,1
54,104,dublin,GRANGEGORMAN LOWER (CENTRAL),Grangegorman Lower (Central),False,False,OPEN,2024-12-25 13:44:24,True,False,,,53.355173,-6.278424,40,7,33,2,5,0,5,40,7,33,2,5,0,5
55,101,dublin,KING STREET NORTH,King Street North,False,False,OPEN,2024-12-25 13:50:22,True,False,,,53.350291,-6.273507,30,7,23,4,3,0,3,30,7,23,4,3,0,3
56,115,dublin,KILLARNEY STREET,Killarney Street,False,False,OPEN,2024-12-25 13:44:23,True,False,,,53.354845,-6.247579,30,29,1,23,6,0,6,30,29,1,23,6,0,6
57,47,dublin,HERBERT STREET,Herbert Street,False,False,OPEN,2024-12-25 13:47:10,True,False,,,53.335742,-6.24551,40,1,39,1,0,0,0,40,1,39,1,0,0,0
58,117,dublin,HANOVER QUAY EAST,Hanover Quay East,False,False,OPEN,2024-12-25 13:46:19,True,False,,,53.343653,-6.231755,40,4,36,3,1,0,1,40,4,36,3,1,0,1
59,8,dublin,CUSTOM HOUSE QUAY,Custom House Quay,False,False,OPEN,2024-12-25 13:47:43,True,False,,,53.347884,-6.248048,30,10,20,7,3,0,3,30,10,20,7,3,0,3
60,27,dublin,MOLESWORTH STREET,Molesworth Street,False,False,OPEN,2024-12-25 13:50:05,True,False,,,53.341288,-6.258117,20,1,19,1,0,0,0,20,1,19,1,0,0,0
61,16,dublin,GEORGES QUAY,Georges Quay,False,False,OPEN,2024-12-25 13:49:50,True,False,,,53.347508,-6.252192,20,14,6,7,7,0,7,20,14,6,7,7,0,7
62,96,dublin,KILMAINHAM LANE,Kilmainham Lane,False,False,OPEN,2024-12-25 13:41:07,True,False,,,53.341805,-6.305085,30,4,26,4,0,0,0,30,4,26,4,0,0,0
63,82,dublin,MOUNT BROWN,Mount Brown,False,False,OPEN,2024-12-25 13:46:43,True,False,,,53.341645,-6.29719,22,8,14,3,5,0,5,22,8,14,3,5,0,5
64,76,dublin,MARKET STREET SOUTH,Market Street South,False,False,OPEN,2024-12-25 13:41:33,True,False,,,53.342296,-6.287661,38,5,33,4,1,0,1,38,5,33,4,1,0,1
65,71,dublin,KEVIN STREET,Kevin Street,False,False,OPEN,2024-12-25 13:50:13,True,False,,,53.337757,-6.267699,40,25,15,16,9,0,9,40,25,15,16,9,0,9
66,79,dublin,ECCLES STREET EAST,Eccles Street East,False,False,OPEN,2024-12-25 13:46:23,True,False,,,53.358115,-6.265601,27,1,26,0,1,0,1,27,1,26,0,1,0,1
67,69,dublin,GRAND CANAL DOCK,Grand Canal Dock,False,False,OPEN,2024-12-25 13:49:20,True,False,,,53.342638,-6.238695,40,21,19,15,6,0,6,40,21,19,15,6,0,6
68,25,dublin,MERRION SQUARE EAST,Merrion Square East,False,False,OPEN,2024-12-25 13:46:18,True,False,,,53.339434,-6.246548,30,2,28,1,1,0,1,30,2,28,1,1,0,1
69,51,dublin,YORK STREET WEST,York Street West,False,False,OPEN,2024-12-25 13:42:08,True,False,,,53.339334,-6.264699,40,0,0,0,0,0,0,40,0,0,0,0,0,0
70,37,dublin,ST. STEPHEN'S GREEN SOUTH,St. Stephen's Green South,False,False,OPEN,2024-12-25 13:41:26,True,False,,,53.337494,-6.26199,30,10,20,4,6,0,6,30,10,20,4,6,0,6
71,59,dublin,DENMARK STREET GREAT,Denmark Street Great,False,False,OPEN,2024-12-25 13:47:05,True,False,,,53.35561,-6.261397,20,0,20,0,0,0,0,20,0,20,0,0,0,0
72,95,dublin,ROYAL HOSPITAL,Royal Hospital,False,False,OPEN,2024-12-25 13:46:37,True,False,,,53.343897,-6.29706,40,26,14,15,11,0,11,40,26,14,15,11,0,11
73,94,dublin,HEUSTON STATION (CAR PARK),Heuston Station (Car Park),False,False,OPEN,2024-12-25 13:44:23,True,False,,,53.346985,-6.297804,40,13,27,10,3,0,3,40,13,27,10,3,0,3
74,105,dublin,GRANGEGORMAN LOWER (NORTH),Grangegorman Lower (North),False,False,OPEN,2024-12-25 13:48:15,True,False,,,53.355954,-6.278378,36,0,36,0,0,0,0,36,0,36,0,0,0,0
75,36,dublin,ST. STEPHEN'S GREEN EAST,St. Stephen's Green East,False,False,OPEN,2024-12-25 13:41:27,True,False,,,53.337824,-6.256035,40,8,32,6,2,0,2,40,8,32,6,2,0,2
76,93,dublin,HEUSTON STATION (CENTRAL),Heuston Station (Central),False,False,OPEN,2024-12-25 13:44:01,True,False,,,53.346603,-6.296924,40,14,26,13,1,0,1,40,14,26,13,1,0,1
77,22,dublin,TOWNSEND STREET,Townsend Street,False,False,OPEN,2024-12-25 13:42:13,True,False,,,53.345922,-6.254614,20,5,15,2,3,0,3,20,5,15,2,3,0,3
78,50,dublin,GEORGES LANE,George's Lane,False,False,OPEN,2024-12-25 13:45:47,True,False,,,53.35023,-6.279696,40,1,39,1,0,0,0,40,1,39,1,0,0,0
79,110,dublin,PHIBSBOROUGH ROAD,Phibsborough Road,False,False,OPEN,2024-12-25 13:45:09,True,False,,,53.356307,-6.273717,40,15,25,8,7,0,7,40,15,25,8,7,0,7
80,12,dublin,ECCLES STREET,Eccles Street,False,False,OPEN,2024-12-25 13:41:32,True,False,,,53.359246,-6.269779,20,5,15,0,5,0,5,20,5,15,0,5,0,5
81,34,dublin,PORTOBELLO HARBOUR,Portobello Harbour,False,False,OPEN,2024-12-25 13:47:24,True,False,,,53.330362,-6.265163,30,4,26,4,0,0,0,30,4,26,4,0,0,0
82,78,dublin,MATER HOSPITAL,Mater Hospital,False,False,OPEN,2024-12-25 13:47:55,True,False,,,53.359967,-6.264828,40,1,39,1,0,0,0,40,1,39,1,0,0,0
83,2,dublin,BLESSINGTON STREET,Blessington Street,False,False,OPEN,2024-12-25 13:44:25,True,False,,,53.356769,-6.26814,20,4,16,2,2,0,2,20,4,16,2,2,0,2
84,75,dublin,JAMES STREET,James Street,False,False,OPEN,2024-12-25 13:47:39,True,False,,,53.343456,-6.287409,40,23,17,17,6,0,6,40,23,17,17,6,0,6
85,111,dublin,MOUNTJOY SQUARE EAST,Mountjoy Square East,False,False,OPEN,2024-12-25 13:44:11,True,False,,,53.356717,-6.256359,40,5,35,3,2,0,2,40,5,35,3,2,0,2
86,26,dublin,MERRION SQUARE WEST,Merrion Square West,False,False,OPEN,2024-12-25 13:42:08,True,False,,,53.339764,-6.251988,20,5,15,4,1,0,1,20,5,15,4,1,0,1
87,65,dublin,CONVENTION CENTRE,Convention Centre,False,False,OPEN,2024-12-25 13:47:29,True,False,,,53.34744,-6.238523,40,7,33,6,1,0,1,40,7,33,6,1,0,1
88,15,dublin,HARDWICKE STREET,Hardwicke Street,False,False,OPEN,2024-12-25 13:44:36,True,False,,,53.355473,-6.264423,16,1,15,0,1,0,1,16,1,15,0,1,0,1
89,86,dublin,PARKGATE STREET,Parkgate Street,False,False,OPEN,2024-12-25 13:47:30,True,False,,,53.347972,-6.291804,38,23,15,4,19,0,19,38,23,15,4,19,0,19
90,35,dublin,SMITHFIELD,Smithfield,False,False,OPEN,2024-12-25 13:50:52,True,False,,,53.347692,-6.278214,30,12,18,4,8,0,8,30,12,18,4,8,0,8
91,10,dublin,DAME STREET,Dame Street,False,False,OPEN,2024-12-25 13:45:37,True,False,,,53.344007,-6.266802,16,7,9,5,2,0,2,16,7,9,5,2,0,2
92,100,dublin,HEUSTON BRIDGE (SOUTH),Heuston Bridge (South),False,False,OPEN,2024-12-25 13:48:27,True,False,,,53.347106,-6.292041,25,25,0,20,5,0,5,25,25,0,20,5,0,5
93,24,dublin,CATHAL BRUGHA STREET,Cathal Brugha Street,False,False,OPEN,2024-12-25 13:50:29,True,False,,,53.352149,-6.260533,20,7,13,6,1,0,1,20,7,13,6,1,0,1
94,64,dublin,SANDWITH STREET,Sandwith Street,False,False,OPEN,2024-12-25 13:50:00,True,False,,,53.345203,-6.247163,40,11,29,10,1,0,1,40,11,29,10,1,0,1
95,109,dublin,BUCKINGHAM STREET LOWER,Buckingham Street Lower,False,False,OPEN,2024-12-25 13:46:38,True,False,,,53.353331,-6.249319,29,18,11,9,9,0,9,29,18,11,9,9,0,9
96,85,dublin,ROTHE ABBEY,Rothe Abbey,False,False,OPEN,2024-12-25 13:43:46,True,False,,,53.338776,-6.30395,35,29,6,11,18,0,18,35,29,6,11,18,0,18
97,107,dublin,CHARLEVILLE ROAD,Charleville Road,False,False,OPEN,2024-12-25 13:44:43,True,False,,,53.359157,-6.281866,40,7,33,6,1,0,1,40,7,33,6,1,0,1
98,33,dublin,PRINCES STREET / O'CONNELL STREET,Princes Street / O'Connell Street,False,False,OPEN,2024-12-25 13:49:26,True,False,,,53.349013,-6.260311,23,19,4,8,11,0,11,23,19,4,8,11,0,11
99,44,dublin,UPPER SHERRARD STREET,Upper Sherrard Street,False,False,OPEN,2024-12-25 13:47:53,True,False,,,53.358437,-6.260641,30,10,20,6,4,0,4,30,10,20,6,4,0,4
100,89,dublin,FITZWILLIAM SQUARE EAST,Fitzwilliam Square East,False,False,OPEN,2024-12-25 13:46:02,True,False,,,53.335211,-6.2509,40,21,19,10,11,0,11,40,21,19,10,11,0,11
101,57,dublin,GRATTAN STREET,Grattan Street,False,False,OPEN,2024-12-25 13:41:53,True,False,,,53.339629,-6.243778,23,6,17,4,2,0,2,23,6,17,4,2,0,2
102,80,dublin,ST JAMES HOSPITAL (LUAS),St James Hospital (Luas),False,False,OPEN,2024-12-25 13:44:50,True,False,,,53.341359,-6.292951,40,17,23,4,13,0,13,40,17,23,4,13,0,13
103,41,dublin,HARCOURT TERRACE,Harcourt Terrace,False,False,OPEN,2024-12-25 13:50:50,True,False,,,53.332763,-6.257942,20,2,18,0,2,0,2,20,2,18,0,2,0,2
104,3,dublin,BOLTON STREET,Bolton Street,False,False,OPEN,2024-12-25 13:42:17,True,False,,,53.351182,-6.269859,20,14,6,7,7,0,7,20,14,6,7,7,0,7
105,40,dublin,JERVIS STREET,Jervis Street,False,False,OPEN,2024-12-25 13:49:47,True,False,,,53.3483,-6.266651,21,4,17,4,0,0,0,21,4,17,4,0,0,0
106,29,dublin,ORMOND QUAY UPPER,Ormond Quay Upper,False,False,OPEN,2024-12-25 13:48:34,True,False,,,53.346057,-6.268001,29,28,1,15,13,0,13,29,28,1,15,13,0,13
107,103,dublin,GRANGEGORMAN LOWER (SOUTH),Grangegorman Lower (South),False,False,OPEN,2024-12-25 13:46:39,True,False,,,53.354663,-6.278681,40,2,38,1,1,0,1,40,2,38,1,1,0,1
108,28,dublin,MOUNTJOY SQUARE WEST,Mountjoy Square West,False,False,OPEN,2024-12-25 13:43:31,True,False,,,53.356299,-6.258586,30,16,14,4,12,0,12,30,16,14,4,12,0,12
109,39,dublin,WILTON TERRACE,Wilton Terrace,False,False,OPEN,2024-12-25 13:43:12,True,False,,,53.332383,-6.252717,20,8,12,3,5,0,5,20,8,12,3,5,0,5
110,83,dublin,EMMET ROAD,Emmet Road,False,False,OPEN,2024-12-25 13:47:05,True,False,,,53.340714,-6.308191,40,20,20,11,9,0,9,40,20,20,11,9,0,9
111,92,dublin,HEUSTON BRIDGE (NORTH),Heuston Bridge (North),False,False,OPEN,2024-12-25 13:41:01,True,False,,,53.347802,-6.292432,40,30,10,22,8,0,8,40,30,10,22,8,0,8
112,21,dublin,LEINSTER STREET SOUTH,Leinster Street South,False,False,OPEN,2024-12-25 13:50:14,True,False,,,53.34218,-6.254485,30,13,17,6,7,0,7,30,13,17,6,7,0,7
113,88,dublin,BLACKHALL PLACE,Blackhall Place,False,False,OPEN,2024-12-25 13:46:33,True,False,,,53.3488,-6.281637,30,3,27,3,0,0,0,30,3,27,3,0,0,0
114,42,dublin,SMITHFIELD NORTH,Smithfield North,False,False,OPEN,2024-12-25 14:20:49,True,False,,,53.349562,-6.278198,30,4,26,3,1,0,1,30,4,26,3,1,0,1
115,30,dublin,PARNELL SQUARE NORTH,Parnell Square North,False,False,OPEN,2024-12-25 14:18:44,True,False,,,53.3537415547453,-6.26530144781526,20,1,19,1,0,0,0,20,1,19,1,0,0,0
116,54,dublin,CLONMEL STREET,Clonmel Street,False,False,OPEN,2024-12-25 14:17:00,True,False,,,53.336021,-6.26298,33,14,19,2,12,0,12,33,14,19,2,12,0,12
117,108,dublin,AVONDALE ROAD,Avondale Road,False,False,OPEN,2024-12-25 14:14:57,True,False,,,53.359405,-6.276142,35,0,35,0,0,0,0,35,0,35,0,0,0,0
118,20,dublin,JAMES STREET EAST,James Street East,False,False,OPEN,2024-12-25 14:14:46,True,False,,,53.336597,-6.248109,30,1,29,1,0,0,0,30,1,29,1,0,0,0
119,56,dublin,MOUNT STREET LOWER,Mount Street Lower,False,False,OPEN,2024-12-25 14:20:12,True,False,,,53.33796,-6.24153,40,9,31,4,5,0,5,40,9,31,4,5,0,5
120,6,dublin,CHRISTCHURCH PLACE,Christchurch Place,False,False,OPEN,2024-12-25 14:11:56,True,False,,,53.343368,-6.27012,20,4,16,4,0,0,0,20,4,16,4,0,0,0
121,18,dublin,GRANTHAM STREET,Grantham Street,False,False,OPEN,2024-12-25 14:13:52,True,False,,,53.334123,-6.265436,30,18,12,12,6,0,6,30,18,12,12,6,0,6
122,32,dublin,PEARSE STREET,Pearse Street,False,False,OPEN,2024-12-25 14:14:04,True,False,,,53.344304,-6.250427,30,16,14,12,4,0,4,30,16,14,12,4,0,4
123,52,dublin,YORK STREET EAST,York Street East,False,False,OPEN,2024-12-25 14:12:47,True,False,,,53.338755,-6.262003,32,4,28,3,1,0,1,32,4,28,3,1,0,1
124,48,dublin,EXCISE WALK,Excise Walk,False,False,OPEN,2024-12-25 14:12:00,True,False,,,53.347777,-6.244239,40,12,28,6,6,0,6,40,12,28,6,6,0,6
125,13,dublin,FITZWILLIAM SQUARE WEST,Fitzwilliam Square West,False,False,OPEN,2024-12-25 14:11:42,True,False,,,53.336074,-6.252825,30,23,7,10,13,0,13,30,23,7,10,13,0,13
126,43,dublin,PORTOBELLO ROAD,Portobello Road,False,False,OPEN,2024-12-25 14:20:44,True,False,,,53.330091,-6.268044,30,15,15,11,4,0,4,30,15,15,11,4,0,4
127,31,dublin,PARNELL STREET,Parnell Street,False,False,OPEN,2024-12-25 14:19:18,True,False,,,53.350929,-6.265125,20,12,8,9,3,0,3,20,12,8,9,3,0,3
128,98,dublin,FREDERICK STREET SOUTH,Frederick Street South,False,False,OPEN,2024-12-25 14:20:17,True,False,,,53.341515,-6.256853,40,13,27,9,4,0,4,40,13,27,9,4,0,4
129,14,dublin,FOWNES STREET UPPER,Fownes Street Upper,False,False,OPEN,2024-12-25 14:14:06,True,False,,,53.344603,-6.263371,30,22,8,15,7,0,7,30,22,8,15,7,0,7
130,1,dublin,CLARENDON ROW,Clarendon Row,False,False,OPEN,2024-12-25 14:12:48,True,False,,,53.340927,-6.262501,31,17,14,12,5,0,5,31,17,14,12,5,0,5
131,23,dublin,CUSTOM HOUSE,Custom House,False,False,OPEN,2024-12-25 14:14:19,True,False,,,53.348279,-6.254662,30,17,13,17,0,0,0,30,17,13,17,0,0,0
132,106,dublin,RATHDOWN ROAD,Rathdown Road,False,False,OPEN,2024-12-25 14:11:54,True,False,,,53.35893,-6.280337,40,14,26,2,12,0,12,40,14,26,2,12,0,12
133,112,dublin,NORTH CIRCULAR ROAD (O'CONNELL'S),North Circular Road (O'Connell's),False,False,OPEN,2024-12-25 14:17:59,True,False,,,53.357841,-6.251557,30,3,27,0,3,0,3,30,3,27,0,3,0,3
134,68,dublin,HANOVER QUAY,Hanover Quay,False,False,OPEN,2024-12-25 14:12:20,True,False,,,53.344115,-6.237153,40,4,36,3,1,0,1,40,4,36,3,1,0,1
135,74,dublin,OLIVER BOND STREET,Oliver Bond Street,False,False,OPEN,2024-12-25 14:15:07,True,False,,,53.343893,-6.280531,30,21,9,12,9,0,9,30,21,9,12,9,0,9
136,87,dublin,COLLINS BARRACKS MUSEUM,Collins Barracks Museum,False,False,OPEN,2024-12-25 14:20:46,True,False,,,53.347477,-6.28525,38,22,16,11,11,0,11,38,22,16,11,11,0,11
137,84,dublin,BROOKFIELD ROAD,Brookfield Road,False,False,OPEN,2024-12-25 14:20:18,True,False,,,53.339005,-6.300217,30,22,8,13,9,0,9,30,22,8,13,9,0,9
138,90,dublin,BENSON STREET,Benson Street,False,False,OPEN,2024-12-25 14:15:40,True,False,,,53.344153,-6.233451,40,2,38,1,1,0,1,40,2,38,1,1,0,1
139,11,dublin,EARLSFORT TERRACE,Earlsfort Terrace,False,False,OPEN,2024-12-25 14:16:59,True,False,,,53.334295,-6.258503,30,17,13,13,4,0,4,30,17,13,13,4,0,4
140,17,dublin,GOLDEN LANE,Golden Lane,False,False,OPEN,2024-12-25 14:16:20,True,False,,,53.340803,-6.267732,20,17,3,10,7,0,7,20,17,3,10,7,0,7
141,45,dublin,DEVERELL PLACE,Deverell Place,False,False,OPEN,2024-12-25 14:16:18,True,False,,,53.351464,-6.255265,30,2,28,1,1,0,1,30,2,28,1,1,0,1
142,114,dublin,WILTON TERRACE (PARK),Wilton Terrace (Park),False,False,OPEN,2024-12-25 14:12:59,True,False,,,53.333653,-6.248345,40,4,36,3,1,0,1,40,4,36,3,1,0,1
143,72,dublin,JOHN STREET WEST,John Street West,False,False,OPEN,2024-12-25 14:11:29,True,False,,,53.343105,-6.277167,31,6,25,1,5,0,5,31,6,25,1,5,0,5
144,63,dublin,FENIAN STREET,Fenian Street,False,False,OPEN,2024-12-25 14:12:50,True,False,,,53.341428,-6.24672,35,23,12,11,12,0,12,35,23,12,11,12,0,12
145,113,dublin,MERRION SQUARE SOUTH,Merrion Square South,False,False,OPEN,2024-12-25 14:13:41,True,False,,,53.338614,-6.248606,40,11,18,7,4,0,4,40,11,18,7,4,0,4
146,91,dublin,SOUTH DOCK ROAD,South Dock Road,False,False,OPEN,2024-12-25 14:12:43,True,False,,,53.341833,-6.231291,30,20,10,13,7,0,7,30,20,10,13,7,0,7
147,99,dublin,CITY QUAY,City Quay,False,False,OPEN,2024-12-25 14:20:44,True,False,,,53.346637,-6.246154,30,24,6,8,16,0,16,30,24,6,8,16,0,16
148,9,dublin,EXCHEQUER STREET,Exchequer Street,False,False,OPEN,2024-12-25 14:17:22,True,False,,,53.343034,-6.263578,24,10,14,9,1,0,1,24,10,14,9,1,0,1
149,67,dublin,THE POINT,The Point,False,False,OPEN,2024-12-25 14:13:31,True,False,,,53.346867,-6.230852,40,23,17,16,7,0,7,40,23,17,16,7,0,7
150,116,dublin,BROADSTONE,Broadstone,False,False,OPEN,2024-12-25 14:15:45,True,False,,,53.3547,-6.272314,30,19,11,7,12,0,12,30,19,11,7,12,0,12
151,55,dublin,HATCH STREET,Hatch Street,False,False,OPEN,2024-12-25 14:16:34,True,False,,,53.33403,-6.260714,36,16,20,9,7,0,7,36,16,20,9,7,0,7
152,62,dublin,LIME STREET,Lime Street,False,False,OPEN,2024-12-25 14:11:41,True,False,,,53.346026,-6.243576,40,11,29,4,7,0,7,40,11,29,4,7,0,7
153,5,dublin,CHARLEMONT PLACE,Charlemont Street,False,False,OPEN,2024-12-25 14:16:28,True,False,,,53.330662,-6.260177,40,15,25,9,6,0,6,40,15,25,9,6,0,6
154,97,dublin,KILMAINHAM GAOL,Kilmainham Gaol,False,False,OPEN,2024-12-25 14:14:14,True,False,,,53.342113,-6.310015,40,13,27,4,9,0,9,40,13,27,4,9,0,9
155,61,dublin,HARDWICKE PLACE,Hardwicke Place,False,False,OPEN,2024-12-25 14:16:13,True,False,,,53.357043,-6.263232,25,9,16,6,3,0,3,25,9,16,6,3,0,3
156,77,dublin,WOLFE TONE STREET,Wolfe Tone Street,False,False,OPEN,2024-12-25 14:13:08,True,False,,,53.348875,-6.267459,29,16,13,7,9,0,9,29,16,13,7,9,0,9
157,73,dublin,FRANCIS STREET,Francis Street,False,False,OPEN,2024-12-25 14:13:11,True,False,,,53.342081,-6.275233,30,8,22,4,4,0,4,30,8,22,4,4,0,4
158,4,dublin,GREEK STREET,Greek Street,False,False,OPEN,2024-12-25 14:16:53,True,False,,,53.346874,-6.272976,20,18,1,9,9,0,9,20,18,1,9,9,0,9
159,49,dublin,GUILD STREET,Guild Street,False,False,OPEN,2024-12-25 14:17:32,True,False,,,53.347932,-6.240928,40,31,9,25,6,0,6,40,31,9,25,6,0,6
160,19,dublin,HERBERT PLACE,Herbert Place,False,False,OPEN,2024-12-25 14:13:39,True,False,,,53.334432,-6.245575,30,1,29,1,0,0,0,30,1,29,1,0,0,0
161,7,dublin,HIGH STREET,High Street,False,False,OPEN,2024-12-25 14:19:52,True,False,,,53.343565,-6.275071,29,2,27,1,1,0,1,29,2,27,1,1,0,1
162,60,dublin,NORTH CIRCULAR ROAD,North Circular Road,False,False,OPEN,2024-12-25 14:21:00,True,False,,,53.359624,-6.260348,30,12,18,11,1,0,1,30,12,18,11,1,0,1
163,102,dublin,WESTERN WAY,Western Way,False,False,OPEN,2024-12-25 14:13:04,True,False,,,53.354929,-6.269425,40,8,32,7,1,0,1,40,8,32,7,1,0,1
164,38,dublin,TALBOT STREET,Talbot Street,False,False,OPEN,2024-12-25 14:17:54,True,False,,,53.350974,-6.25294,40,10,29,8,2,0,2,40,10,29,8,2,0,2
165,53,dublin,NEWMAN HOUSE,Newman House,False,False,OPEN,2024-12-25 14:15:56,True,False,,,53.337132,-6.26059,40,12,28,11,1,0,1,40,12,28,11,1,0,1
166,58,dublin,SIR PATRICK DUN'S,Sir Patrick's Dun,False,False,OPEN,2024-12-25 14:15:33,True,False,,,53.339218,-6.240642,40,32,8,24,8,0,8,40,32,8,24,8,0,8
167,66,dublin,NEW CENTRAL BANK,New Central Bank,False,False,OPEN,2024-12-25 14:11:36,True,False,,,53.347122,-6.234749,40,2,38,1,1,0,1,40,2,38,1,1,0,1
168,104,dublin,GRANGEGORMAN LOWER (CENTRAL),Grangegorman Lower (Central),False,False,OPEN,2024-12-25 14:14:39,True,False,,,53.355173,-6.278424,40,7,33,2,5,0,5,40,7,33,2,5,0,5
169,101,dublin,KING STREET NORTH,King Street North,False,False,OPEN,2024-12-25 14:20:35,True,False,,,53.350291,-6.273507,30,7,23,4,3,0,3,30,7,23,4,3,0,3
170,115,dublin,KILLARNEY STREET,Killarney Street,False,False,OPEN,2024-12-25 14:14:36,True,False,,,53.354845,-6.247579,30,29,1,23,6,0,6,30,29,1,23,6,0,6
171,47,dublin,HERBERT STREET,Herbert Street,False,False,OPEN,2024-12-25 14:17:26,True,False,,,53.335742,-6.24551,40,1,39,1,0,0,0,40,1,39,1,0,0,0
172,117,dublin,HANOVER QUAY EAST,Hanover Quay East,False,False,OPEN,2024-12-25 14:16:31,True,False,,,53.343653,-6.231755,40,4,36,3,1,0,1,40,4,36,3,1,0,1
173,8,dublin,CUSTOM HOUSE QUAY,Custom House Quay,False,False,OPEN,2024-12-25 14:17:56,True,False,,,53.347884,-6.248048,30,10,20,7,3,0,3,30,10,20,7,3,0,3
174,27,dublin,MOLESWORTH STREET,Molesworth Street,False,False,OPEN,2024-12-25 14:14:08,True,False,,,53.341288,-6.258117,20,1,19,1,0,0,0,20,1,19,1,0,0,0
175,16,dublin,GEORGES QUAY,Georges Quay,False,False,OPEN,2024-12-25 14:20:10,True,False,,,53.347508,-6.252192,20,12,8,7,5,0,5,20,12,8,7,5,0,5
176,96,dublin,KILMAINHAM LANE,Kilmainham Lane,False,False,OPEN,2024-12-25 14:11:20,True,False,,,53.341805,-6.305085,30,4,26,4,0,0,0,30,4,26,4,0,0,0
177,82,dublin,MOUNT BROWN,Mount Brown,False,False,OPEN,2024-12-25 14:12:53,True,False,,,53.341645,-6.29719,22,7,15,2,5,0,5,22,7,15,2,5,0,5
178,76,dublin,MARKET STREET SOUTH,Market Street South,False,False,OPEN,2024-12-25 14:11:51,True,False,,,53.342296,-6.287661,38,4,34,3,1,0,1,38,4,34,3,1,0,1
179,71,dublin,KEVIN STREET,Kevin Street,False,False,OPEN,2024-12-25 14:16:28,True,False,,,53.337757,-6.267699,40,25,15,16,9,0,9,40,25,15,16,9,0,9
180,79,dublin,ECCLES STREET EAST,Eccles Street East,False,False,OPEN,2024-12-25 14:16:39,True,False,,,53.358115,-6.265601,27,1,26,0,1,0,1,27,1,26,0,1,0,1
181,69,dublin,GRAND CANAL DOCK,Grand Canal Dock,False,False,OPEN,2024-12-25 14:16:58,True,False,,,53.342638,-6.238695,40,23,17,17,6,0,6,40,23,17,17,6,0,6
182,25,dublin,MERRION SQUARE EAST,Merrion Square East,False,False,OPEN,2024-12-25 14:20:50,True,False,,,53.339434,-6.246548,30,2,28,1,1,0,1,30,2,28,1,1,0,1
183,51,dublin,YORK STREET WEST,York Street West,False,False,OPEN,2024-12-25 14:12:20,True,False,,,53.339334,-6.264699,40,0,0,0,0,0,0,40,0,0,0,0,0,0
184,37,dublin,ST. STEPHEN'S GREEN SOUTH,St. Stephen's Green South,False,False,OPEN,2024-12-25 14:11:39,True,False,,,53.337494,-6.26199,30,10,20,4,6,0,6,30,10,20,4,6,0,6
185,59,dublin,DENMARK STREET GREAT,Denmark Street Great,False,False,OPEN,2024-12-25 14:17:18,True,False,,,53.35561,-6.261397,20,0,20,0,0,0,0,20,0,20,0,0,0,0
186,95,dublin,ROYAL HOSPITAL,Royal Hospital,False,False,OPEN,2024-12-25 14:19:23,True,False,,,53.343897,-6.29706,40,25,15,15,10,0,10,40,25,15,15,10,0,10
187,94,dublin,HEUSTON STATION (CAR PARK),Heuston Station (Car Park),False,False,OPEN,2024-12-25 14:14:39,True,False,,,53.346985,-6.297804,40,13,27,10,3,0,3,40,13,27,10,3,0,3
188,105,dublin,GRANGEGORMAN LOWER (NORTH),Grangegorman Lower (North),False,False,OPEN,2024-12-25 14:18:27,True,False,,,53.355954,-6.278378,36,0,36,0,0,0,0,36,0,36,0,0,0,0
189,36,dublin,ST. STEPHEN'S GREEN EAST,St. Stephen's Green East,False,False,OPEN,2024-12-25 14:11:43,True,False,,,53.337824,-6.256035,40,8,32,6,2,0,2,40,8,32,6,2,0,2
190,93,dublin,HEUSTON STATION (CENTRAL),Heuston Station (Central),False,False,OPEN,2024-12-25 14:14:13,True,False,,,53.346603,-6.296924,40,14,26,13,1,0,1,40,14,26,13,1,0,1
191,22,dublin,TOWNSEND STREET,Townsend Street,False,False,OPEN,2024-12-25 14:19:45,True,False,,,53.345922,-6.254614,20,9,11,3,6,0,6,20,9,11,3,6,0,6
192,50,dublin,GEORGES LANE,George's Lane,False,False,OPEN,2024-12-25 14:16:05,True,False,,,53.35023,-6.279696,40,1,39,0,1,0,1,40,1,39,0,1,0,1
193,110,dublin,PHIBSBOROUGH ROAD,Phibsborough Road,False,False,OPEN,2024-12-25 14:15:21,True,False,,,53.356307,-6.273717,40,15,25,8,7,0,7,40,15,25,8,7,0,7
194,12,dublin,ECCLES STREET,Eccles Street,False,False,OPEN,2024-12-25 14:11:45,True,False,,,53.359246,-6.269779,20,5,15,0,5,0,5,20,5,15,0,5,0,5
195,34,dublin,PORTOBELLO HARBOUR,Portobello Harbour,False,False,OPEN,2024-12-25 14:20:08,True,False,,,53.330362,-6.265163,30,2,28,2,0,0,0,30,2,28,2,0,0,0
196,78,dublin,MATER HOSPITAL,Mater Hospital,False,False,OPEN,2024-12-25 14:18:07,True,False,,,53.359967,-6.264828,40,1,39,1,0,0,0,40,1,39,1,0,0,0
197,2,dublin,BLESSINGTON STREET,Blessington Street,False,False,OPEN,2024-12-25 14:14:36,True,False,,,53.356769,-6.26814,20,4,16,2,2,0,2,20,4,16,2,2,0,2
198,75,dublin,JAMES STREET,James Street,False,False,OPEN,2024-12-25 14:17:52,True,False,,,53.343456,-6.287409,40,23,17,17,6,0,6,40,23,17,17,6,0,6
199,111,dublin,MOUNTJOY SQUARE EAST,Mountjoy Square East,False,False,OPEN,2024-12-25 14:14:27,True,False,,,53.356717,-6.256359,40,5,35,3,2,0,2,40,5,35,3,2,0,2
200,26,dublin,MERRION SQUARE WEST,Merrion Square West,False,False,OPEN,2024-12-25 14:12:44,True,False,,,53.339764,-6.251988,20,4,16,4,0,0,0,20,4,16,4,0,0,0
201,65,dublin,CONVENTION CENTRE,Convention Centre,False,False,OPEN,2024-12-25 14:18:16,True,False,,,53.34744,-6.238523,40,6,34,5,1,0,1,40,6,34,5,1,0,1
202,15,dublin,HARDWICKE STREET,Hardwicke Street,False,False,OPEN,2024-12-25 14:14:48,True,False,,,53.355473,-6.264423,16,1,15,0,1,0,1,16,1,15,0,1,0,1
203,86,dublin,PARKGATE STREET,Parkgate Street,False,False,OPEN,2024-12-25 14:20:46,True,False,,,53.347972,-6.291804,38,21,17,2,19,0,19,38,21,17,2,19,0,19
204,35,dublin,SMITHFIELD,Smithfield,False,False,OPEN,2024-12-25 14:12:36,True,False,,,53.347692,-6.278214,30,12,18,4,8,0,8,30,12,18,4,8,0,8
205,10,dublin,DAME STREET,Dame Street,False,False,OPEN,2024-12-25 14:15:58,True,False,,,53.344007,-6.266802,16,8,8,5,3,0,3,16,8,8,5,3,0,3
206,100,dublin,HEUSTON BRIDGE (SOUTH),Heuston Bridge (South),False,False,OPEN,2024-12-25 14:17:28,True,False,,,53.347106,-6.292041,25,25,0,20,5,0,5,25,25,0,20,5,0,5
207,24,dublin,CATHAL BRUGHA STREET,Cathal Brugha Street,False,False,OPEN,2024-12-25 14:20:50,True,False,,,53.352149,-6.260533,20,7,11,5,2,0,2,20,7,11,5,2,0,2
208,64,dublin,SANDWITH STREET,Sandwith Street,False,False,OPEN,2024-12-25 14:20:15,True,False,,,53.345203,-6.247163,40,11,29,10,1,0,1,40,11,29,10,1,0,1
209,109,dublin,BUCKINGHAM STREET LOWER,Buckingham Street Lower,False,False,OPEN,2024-12-25 14:16:52,True,False,,,53.353331,-6.249319,29,19,10,10,9,0,9,29,19,10,10,9,0,9
210,85,dublin,ROTHE ABBEY,Rothe Abbey,False,False,OPEN,2024-12-25 14:17:58,True,False,,,53.338776,-6.30395,35,30,5,12,18,0,18,35,30,5,12,18,0,18
211,107,dublin,CHARLEVILLE ROAD,Charleville Road,False,False,OPEN,2024-12-25 14:15:23,True,False,,,53.359157,-6.281866,40,5,35,4,1,0,1,40,5,35,4,1,0,1
212,33,dublin,PRINCES STREET / O'CONNELL STREET,Princes Street / O'Connell Street,False,False,OPEN,2024-12-25 14:15:24,True,False,,,53.349013,-6.260311,23,18,5,9,9,0,9,23,18,5,9,9,0,9
213,44,dublin,UPPER SHERRARD STREET,Upper Sherrard Street,False,False,OPEN,2024-12-25 14:18:11,True,False,,,53.358437,-6.260641,30,9,21,5,4,0,4,30,9,21,5,4,0,4
214,89,dublin,FITZWILLIAM SQUARE EAST,Fitzwilliam Square East,False,False,OPEN,2024-12-25 14:16:15,True,False,,,53.335211,-6.2509,40,21,19,10,11,0,11,40,21,19,10,11,0,11
215,57,dublin,GRATTAN STREET,Grattan Street,False,False,OPEN,2024-12-25 14:12:04,True,False,,,53.339629,-6.243778,23,6,17,4,2,0,2,23,6,17,4,2,0,2
216,80,dublin,ST JAMES HOSPITAL (LUAS),St James Hospital (Luas),False,False,OPEN,2024-12-25 14:15:02,True,False,,,53.341359,-6.292951,40,17,23,4,13,0,13,40,17,23,4,13,0,13
217,41,dublin,HARCOURT TERRACE,Harcourt Terrace,False,False,OPEN,2024-12-25 14:21:03,True,False,,,53.332763,-6.257942,20,2,18,0,2,0,2,20,2,18,0,2,0,2
218,3,dublin,BOLTON STREET,Bolton Street,False,False,OPEN,2024-12-25 14:12:30,True,False,,,53.351182,-6.269859,20,14,6,7,7,0,7,20,14,6,7,7,0,7
219,40,dublin,JERVIS STREET,Jervis Street,False,False,OPEN,2024-12-25 14:20:50,True,False,,,53.3483,-6.266651,21,5,16,4,1,0,1,21,5,16,4,1,0,1
220,29,dublin,ORMOND QUAY UPPER,Ormond Quay Upper,False,False,OPEN,2024-12-25 14:18:48,True,False,,,53.346057,-6.268001,29,29,0,16,13,0,13,29,29,0,16,13,0,13
221,103,dublin,GRANGEGORMAN LOWER (SOUTH),Grangegorman Lower (South),False,False,OPEN,2024-12-25 14:16:50,True,False,,,53.354663,-6.278681,40,2,38,1,1,0,1,40,2,38,1,1,0,1
222,28,dublin,MOUNTJOY SQUARE WEST,Mountjoy Square West,False,False,OPEN,2024-12-25 14:13:47,True,False,,,53.356299,-6.258586,30,16,14,4,12,0,12,30,16,14,4,12,0,12
223,39,dublin,WILTON TERRACE,Wilton Terrace,False,False,OPEN,2024-12-25 14:13:26,True,False,,,53.332383,-6.252717,20,7,13,3,4,0,4,20,7,13,3,4,0,4
224,83,dublin,EMMET ROAD,Emmet Road,False,False,OPEN,2024-12-25 14:17:17,True,False,,,53.340714,-6.308191,40,20,20,11,9,0,9,40,20,20,11,9,0,9
225,92,dublin,HEUSTON BRIDGE (NORTH),Heuston Bridge (North),False,False,OPEN,2024-12-25 14:20:09,True,False,,,53.347802,-6.292432,40,33,7,24,9,0,9,40,33,7,24,9,0,9
226,21,dublin,LEINSTER STREET SOUTH,Leinster Street South,False,False,OPEN,2024-12-25 14:20:30,True,False,,,53.34218,-6.254485,30,12,18,5,7,0,7,30,12,18,5,7,0,7
227,88,dublin,BLACKHALL PLACE,Blackhall Place,False,False,OPEN,2024-12-25 14:16:45,True,False,,,53.3488,-6.281637,30,3,27,3,0,0,0,30,3,27,3,0,0,0
228,42,dublin,SMITHFIELD NORTH,Smithfield North,False,False,OPEN,2024-12-25 14:40:59,True,False,,,53.349562,-6.278198,30,4,26,3,1,0,1,30,4,26,3,1,0,1
229,30,dublin,PARNELL SQUARE NORTH,Parnell Square North,False,False,OPEN,2024-12-25 14:49:00,True,False,,,53.3537415547453,-6.26530144781526,20,1,19,1,0,0,0,20,1,19,1,0,0,0
230,54,dublin,CLONMEL STREET,Clonmel Street,False,False,OPEN,2024-12-25 14:47:13,True,False,,,53.336021,-6.26298,33,14,19,2,12,0,12,33,14,19,2,12,0,12
231,108,dublin,AVONDALE ROAD,Avondale Road,False,False,OPEN,2024-12-25 14:45:07,True,False,,,53.359405,-6.276142,35,0,35,0,0,0,0,35,0,35,0,0,0,0
232,20,dublin,JAMES STREET EAST,James Street East,False,False,OPEN,2024-12-25 14:44:59,True,False,,,53.336597,-6.248109,30,1,29,1,0,0,0,30,1,29,1,0,0,0
233,56,dublin,MOUNT STREET LOWER,Mount Street Lower,False,False,OPEN,2024-12-25 14:50:26,True,False,,,53.33796,-6.24153,40,9,31,4,5,0,5,40,9,31,4,5,0,5
234,6,dublin,CHRISTCHURCH PLACE,Christchurch Place,False,False,OPEN,2024-12-25 14:42:12,True,False,,,53.343368,-6.27012,20,4,16,4,0,0,0,20,4,16,4,0,0,0
235,18,dublin,GRANTHAM STREET,Grantham Street,False,False,OPEN,2024-12-25 14:44:05,True,False,,,53.334123,-6.265436,30,17,13,11,6,0,6,30,17,13,11,6,0,6
236,32,dublin,PEARSE STREET,Pearse Street,False,False,OPEN,2024-12-25 14:45:04,True,False,,,53.344304,-6.250427,30,16,14,12,4,0,4,30,16,14,12,4,0,4
237,52,dublin,YORK STREET EAST,York Street East,False,False,OPEN,2024-12-25 14:43:04,True,False,,,53.338755,-6.262003,32,5,27,4,1,0,1,32,5,27,4,1,0,1
238,48,dublin,EXCISE WALK,Excise Walk,False,False,OPEN,2024-12-25 14:42:15,True,False,,,53.347777,-6.244239,40,11,29,5,6,0,6,40,11,29,5,6,0,6
239,13,dublin,FITZWILLIAM SQUARE WEST,Fitzwilliam Square West,False,False,OPEN,2024-12-25 14:41:53,True,False,,,53.336074,-6.252825,30,23,7,10,13,0,13,30,23,7,10,13,0,13
240,43,dublin,PORTOBELLO ROAD,Portobello Road,False,False,OPEN,2024-12-25 14:44:46,True,False,,,53.330091,-6.268044,30,15,15,11,4,0,4,30,15,15,11,4,0,4
241,31,dublin,PARNELL STREET,Parnell Street,False,False,OPEN,2024-12-25 14:50:42,True,False,,,53.350929,-6.265125,20,5,15,4,1,0,1,20,5,15,4,1,0,1
242,98,dublin,FREDERICK STREET SOUTH,Frederick Street South,False,False,OPEN,2024-12-25 14:50:29,True,False,,,53.341515,-6.256853,40,13,27,9,4,0,4,40,13,27,9,4,0,4
243,14,dublin,FOWNES STREET UPPER,Fownes Street Upper,False,False,OPEN,2024-12-25 14:45:56,True,False,,,53.344603,-6.263371,30,27,3,19,8,0,8,30,27,3,19,8,0,8
244,1,dublin,CLARENDON ROW,Clarendon Row,False,False,OPEN,2024-12-25 14:43:04,True,False,,,53.340927,-6.262501,31,17,14,12,5,0,5,31,17,14,12,5,0,5
245,23,dublin,CUSTOM HOUSE,Custom House,False,False,OPEN,2024-12-25 14:44:36,True,False,,,53.348279,-6.254662,30,19,11,18,1,0,1,30,19,11,18,1,0,1
246,106,dublin,RATHDOWN ROAD,Rathdown Road,False,False,OPEN,2024-12-25 14:44:00,True,False,,,53.35893,-6.280337,40,14,26,2,12,0,12,40,14,26,2,12,0,12
247,112,dublin,NORTH CIRCULAR ROAD (O'CONNELL'S),North Circular Road (O'Connell's),False,False,OPEN,2024-12-25 14:43:24,True,False,,,53.357841,-6.251557,30,2,28,0,2,0,2,30,2,28,0,2,0,2
248,68,dublin,HANOVER QUAY,Hanover Quay,False,False,OPEN,2024-12-25 14:42:46,True,False,,,53.344115,-6.237153,40,3,37,2,1,0,1,40,3,37,2,1,0,1
249,74,dublin,OLIVER BOND STREET,Oliver Bond Street,False,False,OPEN,2024-12-25 14:50:05,True,False,,,53.343893,-6.280531,30,20,10,11,9,0,9,30,20,10,11,9,0,9
250,87,dublin,COLLINS BARRACKS MUSEUM,Collins Barracks Museum,False,False,OPEN,2024-12-25 14:50:58,True,False,,,53.347477,-6.28525,38,22,16,11,11,0,11,38,22,16,11,11,0,11
251,84,dublin,BROOKFIELD ROAD,Brookfield Road,False,False,OPEN,2024-12-25 14:46:44,True,False,,,53.339005,-6.300217,30,22,8,13,9,0,9,30,22,8,13,9,0,9
252,90,dublin,BENSON STREET,Benson Street,False,False,OPEN,2024-12-25 14:45:56,True,False,,,53.344153,-6.233451,40,3,37,2,1,0,1,40,3,37,2,1,0,1
253,11,dublin,EARLSFORT TERRACE,Earlsfort Terrace,False,False,OPEN,2024-12-25 14:46:35,True,False,,,53.334295,-6.258503,30,17,13,13,4,0,4,30,17,13,13,4,0,4
254,17,dublin,GOLDEN LANE,Golden Lane,False,False,OPEN,2024-12-25 14:46:32,True,False,,,53.340803,-6.267732,20,17,3,10,7,0,7,20,17,3,10,7,0,7
255,45,dublin,DEVERELL PLACE,Deverell Place,False,False,OPEN,2024-12-25 14:46:30,True,False,,,53.351464,-6.255265,30,2,28,1,1,0,1,30,2,28,1,1,0,1
256,114,dublin,WILTON TERRACE (PARK),Wilton Terrace (Park),False,False,OPEN,2024-12-25 14:48:51,True,False,,,53.333653,-6.248345,40,3,37,2,1,0,1,40,3,37,2,1,0,1
257,72,dublin,JOHN STREET WEST,John Street West,False,False,OPEN,2024-12-25 14:42:55,True,False,,,53.343105,-6.277167,31,5,26,1,4,0,4,31,5,26,1,4,0,4
258,63,dublin,FENIAN STREET,Fenian Street,False,False,OPEN,2024-12-25 14:43:03,True,False,,,53.341428,-6.24672,35,24,11,12,12,0,12,35,24,11,12,12,0,12
259,113,dublin,MERRION SQUARE SOUTH,Merrion Square South,False,False,OPEN,2024-12-25 14:43:53,True,False,,,53.338614,-6.248606,40,11,18,7,4,0,4,40,11,18,7,4,0,4
260,91,dublin,SOUTH DOCK ROAD,South Dock Road,False,False,OPEN,2024-12-25 14:42:59,True,False,,,53.341833,-6.231291,30,19,11,11,8,0,8,30,19,11,11,8,0,8
261,99,dublin,CITY QUAY,City Quay,False,False,OPEN,2024-12-25 14:50:56,True,False,,,53.346637,-6.246154,30,25,5,8,17,0,17,30,25,5,8,17,0,17
262,9,dublin,EXCHEQUER STREET,Exchequer Street,False,False,OPEN,2024-12-25 14:47:38,True,False,,,53.343034,-6.263578,24,10,14,9,1,0,1,24,10,14,9,1,0,1
263,67,dublin,THE POINT,The Point,False,False,OPEN,2024-12-25 14:43:44,True,False,,,53.346867,-6.230852,40,22,18,16,6,0,6,40,22,18,16,6,0,6
264,116,dublin,BROADSTONE,Broadstone,False,False,OPEN,2024-12-25 14:45:57,True,False,,,53.3547,-6.272314,30,19,11,7,12,0,12,30,19,11,7,12,0,12
265,55,dublin,HATCH STREET,Hatch Street,False,False,OPEN,2024-12-25 14:46:46,True,False,,,53.33403,-6.260714,36,16,20,9,7,0,7,36,16,20,9,7,0,7
266,62,dublin,LIME STREET,Lime Street,False,False,OPEN,2024-12-25 14:41:53,True,False,,,53.346026,-6.243576,40,11,29,4,7,0,7,40,11,29,4,7,0,7
267,5,dublin,CHARLEMONT PLACE,Charlemont Street,False,False,OPEN,2024-12-25 14:46:28,True,False,,,53.330662,-6.260177,40,15,25,9,6,0,6,40,15,25,9,6,0,6
268,97,dublin,KILMAINHAM GAOL,Kilmainham Gaol,False,False,OPEN,2024-12-25 14:42:09,True,False,,,53.342113,-6.310015,40,13,27,4,9,0,9,40,13,27,4,9,0,9
269,61,dublin,HARDWICKE PLACE,Hardwicke Place,False,False,OPEN,2024-12-25 14:46:24,True,False,,,53.357043,-6.263232,25,9,16,6,3,0,3,25,9,16,6,3,0,3
270,77,dublin,WOLFE TONE STREET,Wolfe Tone Street,False,False,OPEN,2024-12-25 14:43:23,True,False,,,53.348875,-6.267459,29,15,14,6,9,0,9,29,15,14,6,9,0,9
271,73,dublin,FRANCIS STREET,Francis Street,False,False,OPEN,2024-12-25 14:43:23,True,False,,,53.342081,-6.275233,30,8,22,4,4,0,4,30,8,22,4,4,0,4
272,4,dublin,GREEK STREET,Greek Street,False,False,OPEN,2024-12-25 14:48:18,True,False,,,53.346874,-6.272976,20,16,3,8,8,0,8,20,16,3,8,8,0,8
273,49,dublin,GUILD STREET,Guild Street,False,False,OPEN,2024-12-25 14:44:53,True,False,,,53.347932,-6.240928,40,31,9,25,6,0,6,40,31,9,25,6,0,6
274,19,dublin,HERBERT PLACE,Herbert Place,False,False,OPEN,2024-12-25 14:43:53,True,False,,,53.334432,-6.245575,30,2,28,2,0,0,0,30,2,28,2,0,0,0
275,7,dublin,HIGH STREET,High Street,False,False,OPEN,2024-12-25 14:50:08,True,False,,,53.343565,-6.275071,29,2,27,1,1,0,1,29,2,27,1,1,0,1
276,60,dublin,NORTH CIRCULAR ROAD,North Circular Road,False,False,OPEN,2024-12-25 14:44:40,True,False,,,53.359624,-6.260348,30,14,16,12,2,0,2,30,14,16,12,2,0,2
277,102,dublin,WESTERN WAY,Western Way,False,False,OPEN,2024-12-25 14:43:15,True,False,,,53.354929,-6.269425,40,8,32,7,1,0,1,40,8,32,7,1,0,1
278,38,dublin,TALBOT STREET,Talbot Street,False,False,OPEN,2024-12-25 14:48:07,True,False,,,53.350974,-6.25294,40,8,31,7,1,0,1,40,8,31,7,1,0,1
279,53,dublin,NEWMAN HOUSE,Newman House,False,False,OPEN,2024-12-25 14:46:08,True,False,,,53.337132,-6.26059,40,12,28,11,1,0,1,40,12,28,11,1,0,1
280,58,dublin,SIR PATRICK DUN'S,Sir Patrick's Dun,False,False,OPEN,2024-12-25 14:47:09,True,False,,,53.339218,-6.240642,40,34,6,25,9,0,9,40,34,6,25,9,0,9
281,66,dublin,NEW CENTRAL BANK,New Central Bank,False,False,OPEN,2024-12-25 14:41:49,True,False,,,53.347122,-6.234749,40,1,39,0,1,0,1,40,1,39,0,1,0,1
282,104,dublin,GRANGEGORMAN LOWER (CENTRAL),Grangegorman Lower (Central),False,False,OPEN,2024-12-25 14:44:55,True,False,,,53.355173,-6.278424,40,7,33,2,5,0,5,40,7,33,2,5,0,5
283,101,dublin,KING STREET NORTH,King Street North,False,False,OPEN,2024-12-25 14:51:00,True,False,,,53.350291,-6.273507,30,11,19,7,4,0,4,30,11,19,7,4,0,4
284,115,dublin,KILLARNEY STREET,Killarney Street,False,False,OPEN,2024-12-25 14:44:52,True,False,,,53.354845,-6.247579,30,27,3,22,5,0,5,30,27,3,22,5,0,5
285,47,dublin,HERBERT STREET,Herbert Street,False,False,OPEN,2024-12-25 14:47:41,True,False,,,53.335742,-6.24551,40,1,39,1,0,0,0,40,1,39,1,0,0,0
286,117,dublin,HANOVER QUAY EAST,Hanover Quay East,False,False,OPEN,2024-12-25 14:46:43,True,False,,,53.343653,-6.231755,40,4,36,3,1,0,1,40,4,36,3,1,0,1
287,8,dublin,CUSTOM HOUSE QUAY,Custom House Quay,False,False,OPEN,2024-12-25 14:48:10,True,False,,,53.347884,-6.248048,30,11,19,7,4,0,4,30,11,19,7,4,0,4
288,27,dublin,MOLESWORTH STREET,Molesworth Street,False,False,OPEN,2024-12-25 14:44:19,True,False,,,53.341288,-6.258117,20,1,19,1,0,0,0,20,1,19,1,0,0,0
289,16,dublin,GEORGES QUAY,Georges Quay,False,False,OPEN,2024-12-25 14:50:24,True,False,,,53.347508,-6.252192,20,11,9,7,4,0,4,20,11,9,7,4,0,4
290,96,dublin,KILMAINHAM LANE,Kilmainham Lane,False,False,OPEN,2024-12-25 14:41:33,True,False,,,53.341805,-6.305085,30,4,26,4,0,0,0,30,4,26,4,0,0,0
291,82,dublin,MOUNT BROWN,Mount Brown,False,False,OPEN,2024-12-25 14:43:09,True,False,,,53.341645,-6.29719,22,7,15,2,5,0,5,22,7,15,2,5,0,5
292,76,dublin,MARKET STREET SOUTH,Market Street South,False,False,OPEN,2024-12-25 14:42:08,True,False,,,53.342296,-6.287661,38,3,35,2,1,0,1,38,3,35,2,1,0,1
293,71,dublin,KEVIN STREET,Kevin Street,False,False,OPEN,2024-12-25 14:46:41,True,False,,,53.337757,-6.267699,40,25,15,16,9,0,9,40,25,15,16,9,0,9
294,79,dublin,ECCLES STREET EAST,Eccles Street East,False,False,OPEN,2024-12-25 14:46:55,True,False,,,53.358115,-6.265601,27,1,26,0,1,0,1,27,1,26,0,1,0,1
295,69,dublin,GRAND CANAL DOCK,Grand Canal Dock,False,False,OPEN,2024-12-25 14:47:13,True,False,,,53.342638,-6.238695,40,23,17,17,6,0,6,40,23,17,17,6,0,6
296,25,dublin,MERRION SQUARE EAST,Merrion Square East,False,False,OPEN,2024-12-25 14:46:45,True,False,,,53.339434,-6.246548,30,3,27,2,1,0,1,30,3,27,2,1,0,1
297,51,dublin,YORK STREET WEST,York Street West,False,False,OPEN,2024-12-25 14:42:33,True,False,,,53.339334,-6.264699,40,0,0,0,0,0,0,40,0,0,0,0,0,0
298,37,dublin,ST. STEPHEN'S GREEN SOUTH,St. Stephen's Green South,False,False,OPEN,2024-12-25 14:41:51,True,False,,,53.337494,-6.26199,30,10,20,4,6,0,6,30,10,20,4,6,0,6
299,59,dublin,DENMARK STREET GREAT,Denmark Street Great,False,False,OPEN,2024-12-25 14:47:29,True,False,,,53.35561,-6.261397,20,0,20,0,0,0,0,20,0,20,0,0,0,0
300,95,dublin,ROYAL HOSPITAL,Royal Hospital,False,False,OPEN,2024-12-25 14:47:12,True,False,,,53.343897,-6.29706,40,25,15,15,10,0,10,40,25,15,15,10,0,10
301,94,dublin,HEUSTON STATION (CAR PARK),Heuston Station (Car Park),False,False,OPEN,2024-12-25 14:44:55,True,False,,,53.346985,-6.297804,40,13,27,10,3,0,3,40,13,27,10,3,0,3
302,105,dublin,GRANGEGORMAN LOWER (NORTH),Grangegorman Lower (North),False,False,OPEN,2024-12-25 14:48:39,True,False,,,53.355954,-6.278378,36,0,36,0,0,0,0,36,0,36,0,0,0,0
303,36,dublin,ST. STEPHEN'S GREEN EAST,St. Stephen's Green East,False,False,OPEN,2024-12-25 14:41:59,True,False,,,53.337824,-6.256035,40,8,32,6,2,0,2,40,8,32,6,2,0,2
304,93,dublin,HEUSTON STATION (CENTRAL),Heuston Station (Central),False,False,OPEN,2024-12-25 14:44:26,True,False,,,53.346603,-6.296924,40,14,26,13,1,0,1,40,14,26,13,1,0,1
305,22,dublin,TOWNSEND STREET,Townsend Street,False,False,OPEN,2024-12-25 14:49:37,True,False,,,53.345922,-6.254614,20,8,12,2,6,0,6,20,8,12,2,6,0,6
306,50,dublin,GEORGES LANE,George's Lane,False,False,OPEN,2024-12-25 14:46:22,True,False,,,53.35023,-6.279696,40,2,38,1,1,0,1,40,2,38,1,1,0,1
307,110,dublin,PHIBSBOROUGH ROAD,Phibsborough Road,False,False,OPEN,2024-12-25 14:45:33,True,False,,,53.356307,-6.273717,40,15,25,8,7,0,7,40,15,25,8,7,0,7
308,12,dublin,ECCLES STREET,Eccles Street,False,False,OPEN,2024-12-25 14:41:58,True,False,,,53.359246,-6.269779,20,5,15,0,5,0,5,20,5,15,0,5,0,5
309,34,dublin,PORTOBELLO HARBOUR,Portobello Harbour,False,False,OPEN,2024-12-25 14:47:48,True,False,,,53.330362,-6.265163,30,3,27,3,0,0,0,30,3,27,3,0,0,0
310,78,dublin,MATER HOSPITAL,Mater Hospital,False,False,OPEN,2024-12-25 14:48:19,True,False,,,53.359967,-6.264828,40,2,38,2,0,0,0,40,2,38,2,0,0,0
311,2,dublin,BLESSINGTON STREET,Blessington Street,False,False,OPEN,2024-12-25 14:44:47,True,False,,,53.356769,-6.26814,20,4,16,2,2,0,2,20,4,16,2,2,0,2
312,75,dublin,JAMES STREET,James Street,False,False,OPEN,2024-12-25 14:48:04,True,False,,,53.343456,-6.287409,40,23,17,17,6,0,6,40,23,17,17,6,0,6
313,111,dublin,MOUNTJOY SQUARE EAST,Mountjoy Square East,False,False,OPEN,2024-12-25 14:44:43,True,False,,,53.356717,-6.256359,40,5,35,3,2,0,2,40,5,35,3,2,0,2
314,26,dublin,MERRION SQUARE WEST,Merrion Square West,False,False,OPEN,2024-12-25 14:42:44,True,False,,,53.339764,-6.251988,20,4,16,4,0,0,0,20,4,16,4,0,0,0
315,65,dublin,CONVENTION CENTRE,Convention Centre,False,False,OPEN,2024-12-25 14:48:11,True,False,,,53.34744,-6.238523,40,2,38,1,1,0,1,40,2,38,1,1,0,1
316,15,dublin,HARDWICKE STREET,Hardwicke Street,False,False,OPEN,2024-12-25 14:48:08,True,False,,,53.355473,-6.264423,16,1,15,0,1,0,1,16,1,15,0,1,0,1
317,86,dublin,PARKGATE STREET,Parkgate Street,False,False,OPEN,2024-12-25 14:42:07,True,False,,,53.347972,-6.291804,38,19,19,1,18,0,18,38,19,19,1,18,0,18
318,35,dublin,SMITHFIELD,Smithfield,False,False,OPEN,2024-12-25 14:45:59,True,False,,,53.347692,-6.278214,30,12,18,4,8,0,8,30,12,18,4,8,0,8
319,10,dublin,DAME STREET,Dame Street,False,False,OPEN,2024-12-25 14:46:13,True,False,,,53.344007,-6.266802,16,8,8,5,3,0,3,16,8,8,5,3,0,3
320,100,dublin,HEUSTON BRIDGE (SOUTH),Heuston Bridge (South),False,False,OPEN,2024-12-25 14:50:17,True,False,,,53.347106,-6.292041,25,25,0,20,5,0,5,25,25,0,20,5,0,5
321,24,dublin,CATHAL BRUGHA STREET,Cathal Brugha Street,False,False,OPEN,2024-12-25 14:41:04,True,False,,,53.352149,-6.260533,20,5,13,3,2,0,2,20,5,13,3,2,0,2
322,64,dublin,SANDWITH STREET,Sandwith Street,False,False,OPEN,2024-12-25 14:50:34,True,False,,,53.345203,-6.247163,40,9,31,9,0,0,0,40,9,31,9,0,0,0
323,109,dublin,BUCKINGHAM STREET LOWER,Buckingham Street Lower,False,False,OPEN,2024-12-25 14:47:05,True,False,,,53.353331,-6.249319,29,19,10,10,9,0,9,29,19,10,10,9,0,9
324,85,dublin,ROTHE ABBEY,Rothe Abbey,False,False,OPEN,2024-12-25 14:44:09,True,False,,,53.338776,-6.30395,35,30,5,12,18,0,18,35,30,5,12,18,0,18
325,107,dublin,CHARLEVILLE ROAD,Charleville Road,False,False,OPEN,2024-12-25 14:45:08,True,False,,,53.359157,-6.281866,40,5,35,4,1,0,1,40,5,35,4,1,0,1
326,33,dublin,PRINCES STREET / O'CONNELL STREET,Princes Street / O'Connell Street,False,False,OPEN,2024-12-25 14:45:40,True,False,,,53.349013,-6.260311,23,16,7,7,9,0,9,23,16,7,7,9,0,9
327,44,dublin,UPPER SHERRARD STREET,Upper Sherrard Street,False,False,OPEN,2024-12-25 14:48:30,True,False,,,53.358437,-6.260641,30,9,21,5,4,0,4,30,9,21,5,4,0,4
328,89,dublin,FITZWILLIAM SQUARE EAST,Fitzwilliam Square East,False,False,OPEN,2024-12-25 14:46:27,True,False,,,53.335211,-6.2509,40,21,19,10,11,0,11,40,21,19,10,11,0,11
329,57,dublin,GRATTAN STREET,Grattan Street,False,False,OPEN,2024-12-25 14:42:15,True,False,,,53.339629,-6.243778,23,6,17,4,2,0,2,23,6,17,4,2,0,2
330,80,dublin,ST JAMES HOSPITAL (LUAS),St James Hospital (Luas),False,False,OPEN,2024-12-25 14:45:15,True,False,,,53.341359,-6.292951,40,17,23,4,13,0,13,40,17,23,4,13,0,13
331,41,dublin,HARCOURT TERRACE,Harcourt Terrace,False,False,OPEN,2024-12-25 14:41:11,True,False,,,53.332763,-6.257942,20,2,18,0,2,0,2,20,2,18,0,2,0,2
332,3,dublin,BOLTON STREET,Bolton Street,False,False,OPEN,2024-12-25 14:48:47,True,False,,,53.351182,-6.269859,20,16,4,10,6,0,6,20,16,4,10,6,0,6
333,40,dublin,JERVIS STREET,Jervis Street,False,False,OPEN,2024-12-25 14:50:23,True,False,,,53.3483,-6.266651,21,5,16,5,0,0,0,21,5,16,5,0,0,0
334,29,dublin,ORMOND QUAY UPPER,Ormond Quay Upper,False,False,OPEN,2024-12-25 14:49:01,True,False,,,53.346057,-6.268001,29,29,0,16,13,0,13,29,29,0,16,13,0,13
335,103,dublin,GRANGEGORMAN LOWER (SOUTH),Grangegorman Lower (South),False,False,OPEN,2024-12-25 14:47:02,True,False,,,53.354663,-6.278681,40,3,37,2,1,0,1,40,3,37,2,1,0,1
336,28,dublin,MOUNTJOY SQUARE WEST,Mountjoy Square West,False,False,OPEN,2024-12-25 14:44:04,True,False,,,53.356299,-6.258586,30,18,12,6,12,0,12,30,18,12,6,12,0,12
337,39,dublin,WILTON TERRACE,Wilton Terrace,False,False,OPEN,2024-12-25 14:43:39,True,False,,,53.332383,-6.252717,20,9,11,4,5,0,5,20,9,11,4,5,0,5
338,83,dublin,EMMET ROAD,Emmet Road,False,False,OPEN,2024-12-25 14:47:30,True,False,,,53.340714,-6.308191,40,20,20,11,9,0,9,40,20,20,11,9,0,9
339,92,dublin,HEUSTON BRIDGE (NORTH),Heuston Bridge (North),False,False,OPEN,2024-12-25 14:50:52,True,False,,,53.347802,-6.292432,40,34,6,25,9,0,9,40,34,6,25,9,0,9
340,21,dublin,LEINSTER STREET SOUTH,Leinster Street South,False,False,OPEN,2024-12-25 14:50:42,True,False,,,53.34218,-6.254485,30,12,18,5,7,0,7,30,12,18,5,7,0,7
341,88,dublin,BLACKHALL PLACE,Blackhall Place,False,False,OPEN,2024-12-25 14:46:57,True,False,,,53.3488,-6.281637,30,3,27,3,0,0,0,30,3,27,3,0,0,0
342,42,dublin,SMITHFIELD NORTH,Smithfield North,False,False,OPEN,2024-12-25 15:11:22,True,False,,,53.349562,-6.278198,30,0,30,0,0,0,0,30,0,30,0,0,0,0
343,30,dublin,PARNELL SQUARE NORTH,Parnell Square North,False,False,OPEN,2024-12-25 15:19:18,True,False,,,53.3537415547453,-6.26530144781526,20,5,15,5,0,0,0,20,5,15,5,0,0,0
344,54,dublin,CLONMEL STREET,Clonmel Street,False,False,OPEN,2024-12-25 15:17:29,True,False,,,53.336021,-6.26298,33,13,20,1,12,0,12,33,13,20,1,12,0,12
345,108,dublin,AVONDALE ROAD,Avondale Road,False,False,OPEN,2024-12-25 15:15:18,True,False,,,53.359405,-6.276142,35,0,35,0,0,0,0,35,0,35,0,0,0,0
346,20,dublin,JAMES STREET EAST,James Street East,False,False,OPEN,2024-12-25 15:15:11,True,False,,,53.336597,-6.248109,30,1,29,1,0,0,0,30,1,29,1,0,0,0
347,56,dublin,MOUNT STREET LOWER,Mount Street Lower,False,False,OPEN,2024-12-25 15:20:40,True,False,,,53.33796,-6.24153,40,7,33,3,4,0,4,40,7,33,3,4,0,4
348,6,dublin,CHRISTCHURCH PLACE,Christchurch Place,False,False,OPEN,2024-12-25 15:12:33,True,False,,,53.343368,-6.27012,20,2,18,2,0,0,0,20,2,18,2,0,0,0
349,18,dublin,GRANTHAM STREET,Grantham Street,False,False,OPEN,2024-12-25 15:14:16,True,False,,,53.334123,-6.265436,30,18,12,12,6,0,6,30,18,12,12,6,0,6
350,32,dublin,PEARSE STREET,Pearse Street,False,False,OPEN,2024-12-25 15:14:31,True,False,,,53.344304,-6.250427,30,16,14,12,4,0,4,30,16,14,12,4,0,4
351,52,dublin,YORK STREET EAST,York Street East,False,False,OPEN,2024-12-25 15:18:38,True,False,,,53.338755,-6.262003,32,4,28,3,1,0,1,32,4,28,3,1,0,1
352,48,dublin,EXCISE WALK,Excise Walk,False,False,OPEN,2024-12-25 15:16:38,True,False,,,53.347777,-6.244239,40,12,28,6,6,0,6,40,12,28,6,6,0,6
353,13,dublin,FITZWILLIAM SQUARE WEST,Fitzwilliam Square West,False,False,OPEN,2024-12-25 15:12:08,True,False,,,53.336074,-6.252825,30,24,6,10,14,0,14,30,24,6,10,14,0,14
354,43,dublin,PORTOBELLO ROAD,Portobello Road,False,False,OPEN,2024-12-25 15:15:03,True,False,,,53.330091,-6.268044,30,14,16,10,4,0,4,30,14,16,10,4,0,4
355,31,dublin,PARNELL STREET,Parnell Street,False,False,OPEN,2024-12-25 15:16:47,True,False,,,53.350929,-6.265125,20,3,17,2,1,0,1,20,3,17,2,1,0,1
356,98,dublin,FREDERICK STREET SOUTH,Frederick Street South,False,False,OPEN,2024-12-25 15:20:42,True,False,,,53.341515,-6.256853,40,13,27,9,4,0,4,40,13,27,9,4,0,4
357,14,dublin,FOWNES STREET UPPER,Fownes Street Upper,False,False,OPEN,2024-12-25 15:20:26,True,False,,,53.344603,-6.263371,30,29,1,21,8,0,8,30,29,1,21,8,0,8
358,1,dublin,CLARENDON ROW,Clarendon Row,False,False,OPEN,2024-12-25 15:13:22,True,False,,,53.340927,-6.262501,31,16,15,12,4,0,4,31,16,15,12,4,0,4
359,23,dublin,CUSTOM HOUSE,Custom House,False,False,OPEN,2024-12-25 15:14:52,True,False,,,53.348279,-6.254662,30,19,11,18,1,0,1,30,19,11,18,1,0,1
360,106,dublin,RATHDOWN ROAD,Rathdown Road,False,False,OPEN,2024-12-25 15:12:30,True,False,,,53.35893,-6.280337,40,13,27,1,12,0,12,40,13,27,1,12,0,12
361,112,dublin,NORTH CIRCULAR ROAD (O'CONNELL'S),North Circular Road (O'Connell's),False,False,OPEN,2024-12-25 15:13:42,True,False,,,53.357841,-6.251557,30,0,30,0,0,0,0,30,0,30,0,0,0,0
362,68,dublin,HANOVER QUAY,Hanover Quay,False,False,OPEN,2024-12-25 15:12:57,True,False,,,53.344115,-6.237153,40,3,37,2,1,0,1,40,3,37,2,1,0,1
363,74,dublin,OLIVER BOND STREET,Oliver Bond Street,False,False,OPEN,2024-12-25 15:17:05,True,False,,,53.343893,-6.280531,30,20,10,11,9,0,9,30,20,10,11,9,0,9
364,87,dublin,COLLINS BARRACKS MUSEUM,Collins Barracks Museum,False,False,OPEN,2024-12-25 15:12:02,True,False,,,53.347477,-6.28525,38,23,15,12,11,0,11,38,23,15,12,11,0,11
365,84,dublin,BROOKFIELD ROAD,Brookfield Road,False,False,OPEN,2024-12-25 15:17:00,True,False,,,53.339005,-6.300217,30,22,8,13,9,0,9,30,22,8,13,9,0,9
366,90,dublin,BENSON STREET,Benson Street,False,False,OPEN,2024-12-25 15:16:10,True,False,,,53.344153,-6.233451,40,4,36,3,1,0,1,40,4,36,3,1,0,1
367,11,dublin,EARLSFORT TERRACE,Earlsfort Terrace,False,False,OPEN,2024-12-25 15:16:48,True,False,,,53.334295,-6.258503,30,17,13,13,4,0,4,30,17,13,13,4,0,4
368,17,dublin,GOLDEN LANE,Golden Lane,False,False,OPEN,2024-12-25 15:16:47,True,False,,,53.340803,-6.267732,20,17,3,9,8,0,8,20,17,3,9,8,0,8
369,45,dublin,DEVERELL PLACE,Deverell Place,False,False,OPEN,2024-12-25 15:16:42,True,False,,,53.351464,-6.255265,30,2,28,1,1,0,1,30,2,28,1,1,0,1
370,114,dublin,WILTON TERRACE (PARK),Wilton Terrace (Park),False,False,OPEN,2024-12-25 15:13:26,True,False,,,53.333653,-6.248345,40,4,36,3,1,0,1,40,4,36,3,1,0,1
371,72,dublin,JOHN STREET WEST,John Street West,False,False,OPEN,2024-12-25 15:11:57,True,False,,,53.343105,-6.277167,31,4,27,1,3,0,3,31,4,27,1,3,0,3
372,63,dublin,FENIAN STREET,Fenian Street,False,False,OPEN,2024-12-25 15:13:17,True,False,,,53.341428,-6.24672,35,23,12,11,12,0,12,35,23,12,11,12,0,12
373,113,dublin,MERRION SQUARE SOUTH,Merrion Square South,False,False,OPEN,2024-12-25 15:14:08,True,False,,,53.338614,-6.248606,40,10,19,7,3,0,3,40,10,19,7,3,0,3
374,91,dublin,SOUTH DOCK ROAD,South Dock Road,False,False,OPEN,2024-12-25 15:13:13,True,False,,,53.341833,-6.231291,30,21,9,12,9,0,9,30,21,9,12,9,0,9
375,99,dublin,CITY QUAY,City Quay,False,False,OPEN,2024-12-25 15:11:07,True,False,,,53.346637,-6.246154,30,24,6,8,16,0,16,30,24,6,8,16,0,16
376,9,dublin,EXCHEQUER STREET,Exchequer Street,False,False,OPEN,2024-12-25 15:17:54,True,False,,,53.343034,-6.263578,24,10,14,9,1,0,1,24,10,14,9,1,0,1
377,67,dublin,THE POINT,The Point,False,False,OPEN,2024-12-25 15:14:06,True,False,,,53.346867,-6.230852,40,22,18,14,8,0,8,40,22,18,14,8,0,8
378,116,dublin,BROADSTONE,Broadstone,False,False,OPEN,2024-12-25 15:16:08,True,False,,,53.3547,-6.272314,30,19,11,7,12,0,12,30,19,11,7,12,0,12
379,55,dublin,HATCH STREET,Hatch Street,False,False,OPEN,2024-12-25 15:16:59,True,False,,,53.33403,-6.260714,36,17,19,9,8,0,8,36,17,19,9,8,0,8
380,62,dublin,LIME STREET,Lime Street,False,False,OPEN,2024-12-25 15:12:08,True,False,,,53.346026,-6.243576,40,10,30,3,7,0,7,40,10,30,3,7,0,7
381,5,dublin,CHARLEMONT PLACE,Charlemont Street,False,False,OPEN,2024-12-25 15:17:26,True,False,,,53.330662,-6.260177,40,13,27,8,5,0,5,40,13,27,8,5,0,5
382,97,dublin,KILMAINHAM GAOL,Kilmainham Gaol,False,False,OPEN,2024-12-25 15:12:22,True,False,,,53.342113,-6.310015,40,13,27,4,9,0,9,40,13,27,4,9,0,9
383,61,dublin,HARDWICKE PLACE,Hardwicke Place,False,False,OPEN,2024-12-25 15:16:37,True,False,,,53.357043,-6.263232,25,9,16,6,3,0,3,25,9,16,6,3,0,3
384,77,dublin,WOLFE TONE STREET,Wolfe Tone Street,False,False,OPEN,2024-12-25 15:13:37,True,False,,,53.348875,-6.267459,29,14,15,6,8,0,8,29,14,15,6,8,0,8
385,73,dublin,FRANCIS STREET,Francis Street,False,False,OPEN,2024-12-25 15:14:19,True,False,,,53.342081,-6.275233,30,9,21,4,5,0,5,30,9,21,4,5,0,5
386,4,dublin,GREEK STREET,Greek Street,False,False,OPEN,2024-12-25 15:17:32,True,False,,,53.346874,-6.272976,20,18,1,9,9,0,9,20,18,1,9,9,0,9
387,49,dublin,GUILD STREET,Guild Street,False,False,OPEN,2024-12-25 15:15:12,True,False,,,53.347932,-6.240928,40,34,6,24,10,0,10,40,34,6,24,10,0,10
388,19,dublin,HERBERT PLACE,Herbert Place,False,False,OPEN,2024-12-25 15:14:06,True,False,,,53.334432,-6.245575,30,2,28,2,0,0,0,30,2,28,2,0,0,0
389,7,dublin,HIGH STREET,High Street,False,False,OPEN,2024-12-25 15:20:26,True,False,,,53.343565,-6.275071,29,0,29,0,0,0,0,29,0,29,0,0,0,0
390,60,dublin,NORTH CIRCULAR ROAD,North Circular Road,False,False,OPEN,2024-12-25 15:14:51,True,False,,,53.359624,-6.260348,30,14,16,12,2,0,2,30,14,16,12,2,0,2
391,102,dublin,WESTERN WAY,Western Way,False,False,OPEN,2024-12-25 15:13:26,True,False,,,53.354929,-6.269425,40,8,32,7,1,0,1,40,8,32,7,1,0,1
392,38,dublin,TALBOT STREET,Talbot Street,False,False,OPEN,2024-12-25 15:18:22,True,False,,,53.350974,-6.25294,40,10,29,9,1,0,1,40,10,29,9,1,0,1
393,53,dublin,NEWMAN HOUSE,Newman House,False,False,OPEN,2024-12-25 15:16:21,True,False,,,53.337132,-6.26059,40,12,28,11,1,0,1,40,12,28,11,1,0,1
394,58,dublin,SIR PATRICK DUN'S,Sir Patrick's Dun,False,False,OPEN,2024-12-25 15:15:58,True,False,,,53.339218,-6.240642,40,34,6,25,9,0,9,40,34,6,25,9,0,9
395,66,dublin,NEW CENTRAL BANK,New Central Bank,False,False,OPEN,2024-12-25 15:12:00,True,False,,,53.347122,-6.234749,40,1,39,0,1,0,1,40,1,39,0,1,0,1
396,104,dublin,GRANGEGORMAN LOWER (CENTRAL),Grangegorman Lower (Central),False,False,OPEN,2024-12-25 15:15:10,True,False,,,53.355173,-6.278424,40,7,33,2,5,0,5,40,7,33,2,5,0,5
397,101,dublin,KING STREET NORTH,King Street North,False,False,OPEN,2024-12-25 15:10:59,True,False,,,53.350291,-6.273507,30,11,19,7,4,0,4,30,11,19,7,4,0,4
398,115,dublin,KILLARNEY STREET,Killarney Street,False,False,OPEN,2024-12-25 15:18:08,True,False,,,53.354845,-6.247579,30,30,0,23,7,0,7,30,30,0,23,7,0,7
399,47,dublin,HERBERT STREET,Herbert Street,False,False,OPEN,2024-12-25 15:17:58,True,False,,,53.335742,-6.24551,40,1,39,1,0,0,0,40,1,39,1,0,0,0
400,117,dublin,HANOVER QUAY EAST,Hanover Quay East,False,False,OPEN,2024-12-25 15:20:18,True,False,,,53.343653,-6.231755,40,4,36,3,1,0,1,40,4,36,3,1,0,1
401,8,dublin,CUSTOM HOUSE QUAY,Custom House Quay,False,False,OPEN,2024-12-25 15:18:23,True,False,,,53.347884,-6.248048,30,11,19,7,4,0,4,30,11,19,7,4,0,4
402,27,dublin,MOLESWORTH STREET,Molesworth Street,False,False,OPEN,2024-12-25 15:14:30,True,False,,,53.341288,-6.258117,20,2,18,2,0,0,0,20,2,18,2,0,0,0
403,16,dublin,GEORGES QUAY,Georges Quay,False,False,OPEN,2024-12-25 15:20:36,True,False,,,53.347508,-6.252192,20,11,9,7,4,0,4,20,11,9,7,4,0,4
404,96,dublin,KILMAINHAM LANE,Kilmainham Lane,False,False,OPEN,2024-12-25 15:11:45,True,False,,,53.341805,-6.305085,30,4,26,4,0,0,0,30,4,26,4,0,0,0
405,82,dublin,MOUNT BROWN,Mount Brown,False,False,OPEN,2024-12-25 15:13:26,True,False,,,53.341645,-6.29719,22,8,14,2,6,0,6,22,8,14,2,6,0,6
406,76,dublin,MARKET STREET SOUTH,Market Street South,False,False,OPEN,2024-12-25 15:12:24,True,False,,,53.342296,-6.287661,38,3,35,2,1,0,1,38,3,35,2,1,0,1
407,71,dublin,KEVIN STREET,Kevin Street,False,False,OPEN,2024-12-25 15:19:53,True,False,,,53.337757,-6.267699,40,24,16,15,9,0,9,40,24,16,15,9,0,9
408,79,dublin,ECCLES STREET EAST,Eccles Street East,False,False,OPEN,2024-12-25 15:17:11,True,False,,,53.358115,-6.265601,27,1,26,0,1,0,1,27,1,26,0,1,0,1
409,69,dublin,GRAND CANAL DOCK,Grand Canal Dock,False,False,OPEN,2024-12-25 15:17:33,True,False,,,53.342638,-6.238695,40,25,15,16,9,0,9,40,25,15,16,9,0,9
410,25,dublin,MERRION SQUARE EAST,Merrion Square East,False,False,OPEN,2024-12-25 15:16:57,True,False,,,53.339434,-6.246548,30,3,27,2,1,0,1,30,3,27,2,1,0,1
411,51,dublin,YORK STREET WEST,York Street West,False,False,OPEN,2024-12-25 15:12:45,True,False,,,53.339334,-6.264699,40,0,0,0,0,0,0,40,0,0,0,0,0,0
412,37,dublin,ST. STEPHEN'S GREEN SOUTH,St. Stephen's Green South,False,False,OPEN,2024-12-25 15:12:04,True,False,,,53.337494,-6.26199,30,10,20,4,6,0,6,30,10,20,4,6,0,6
413,59,dublin,DENMARK STREET GREAT,Denmark Street Great,False,False,OPEN,2024-12-25 15:17:41,True,False,,,53.35561,-6.261397,20,1,19,1,0,0,0,20,1,19,1,0,0,0
414,95,dublin,ROYAL HOSPITAL,Royal Hospital,False,False,OPEN,2024-12-25 15:17:29,True,False,,,53.343897,-6.29706,40,26,14,15,11,0,11,40,26,14,15,11,0,11
415,94,dublin,HEUSTON STATION (CAR PARK),Heuston Station (Car Park),False,False,OPEN,2024-12-25 15:15:11,True,False,,,53.346985,-6.297804,40,13,27,10,3,0,3,40,13,27,10,3,0,3
416,105,dublin,GRANGEGORMAN LOWER (NORTH),Grangegorman Lower (North),False,False,OPEN,2024-12-25 15:18:51,True,False,,,53.355954,-6.278378,36,0,36,0,0,0,0,36,0,36,0,0,0,0
417,36,dublin,ST. STEPHEN'S GREEN EAST,St. Stephen's Green East,False,False,OPEN,2024-12-25 15:16:59,True,False,,,53.337824,-6.256035,40,8,32,6,2,0,2,40,8,32,6,2,0,2
418,93,dublin,HEUSTON STATION (CENTRAL),Heuston Station (Central),False,False,OPEN,2024-12-25 15:14:38,True,False,,,53.346603,-6.296924,40,14,26,13,1,0,1,40,14,26,13,1,0,1
419,22,dublin,TOWNSEND STREET,Townsend Street,False,False,OPEN,2024-12-25 15:12:59,True,False,,,53.345922,-6.254614,20,10,10,4,6,0,6,20,10,10,4,6,0,6
420,50,dublin,GEORGES LANE,George's Lane,False,False,OPEN,2024-12-25 15:16:40,True,False,,,53.35023,-6.279696,40,1,39,0,1,0,1,40,1,39,0,1,0,1
421,110,dublin,PHIBSBOROUGH ROAD,Phibsborough Road,False,False,OPEN,2024-12-25 15:15:48,True,False,,,53.356307,-6.273717,40,14,26,7,7,0,7,40,14,26,7,7,0,7
422,12,dublin,ECCLES STREET,Eccles Street,False,False,OPEN,2024-12-25 15:12:12,True,False,,,53.359246,-6.269779,20,4,16,0,4,0,4,20,4,16,0,4,0,4
423,34,dublin,PORTOBELLO HARBOUR,Portobello Harbour,False,False,OPEN,2024-12-25 15:20:58,True,False,,,53.330362,-6.265163,30,5,25,4,1,0,1,30,5,25,4,1,0,1
424,78,dublin,MATER HOSPITAL,Mater Hospital,False,False,OPEN,2024-12-25 15:18:31,True,False,,,53.359967,-6.264828,40,2,38,2,0,0,0,40,2,38,2,0,0,0
425,2,dublin,BLESSINGTON STREET,Blessington Street,False,False,OPEN,2024-12-25 15:15:01,True,False,,,53.356769,-6.26814,20,4,16,2,2,0,2,20,4,16,2,2,0,2
426,75,dublin,JAMES STREET,James Street,False,False,OPEN,2024-12-25 15:18:17,True,False,,,53.343456,-6.287409,40,23,17,17,6,0,6,40,23,17,17,6,0,6
427,111,dublin,MOUNTJOY SQUARE EAST,Mountjoy Square East,False,False,OPEN,2024-12-25 15:14:58,True,False,,,53.356717,-6.256359,40,5,35,3,2,0,2,40,5,35,3,2,0,2
428,26,dublin,MERRION SQUARE WEST,Merrion Square West,False,False,OPEN,2024-12-25 15:13:00,True,False,,,53.339764,-6.251988,20,5,15,5,0,0,0,20,5,15,5,0,0,0
429,65,dublin,CONVENTION CENTRE,Convention Centre,False,False,OPEN,2024-12-25 15:18:23,True,False,,,53.34744,-6.238523,40,2,38,1,1,0,1,40,2,38,1,1,0,1
430,15,dublin,HARDWICKE STREET,Hardwicke Street,False,False,OPEN,2024-12-25 15:18:01,True,False,,,53.355473,-6.264423,16,1,15,0,1,0,1,16,1,15,0,1,0,1
431,86,dublin,PARKGATE STREET,Parkgate Street,False,False,OPEN,2024-12-25 15:12:20,True,False,,,53.347972,-6.291804,38,25,13,7,18,0,18,38,25,13,7,18,0,18
432,35,dublin,SMITHFIELD,Smithfield,False,False,OPEN,2024-12-25 15:13:19,True,False,,,53.347692,-6.278214,30,9,21,2,7,0,7,30,9,21,2,7,0,7
433,10,dublin,DAME STREET,Dame Street,False,False,OPEN,2024-12-25 15:16:29,True,False,,,53.344007,-6.266802,16,8,8,5,3,0,3,16,8,8,5,3,0,3
434,100,dublin,HEUSTON BRIDGE (SOUTH),Heuston Bridge (South),False,False,OPEN,2024-12-25 15:12:44,True,False,,,53.347106,-6.292041,25,25,0,20,5,0,5,25,25,0,20,5,0,5
435,24,dublin,CATHAL BRUGHA STREET,Cathal Brugha Street,False,False,OPEN,2024-12-25 15:11:22,True,False,,,53.352149,-6.260533,20,5,13,1,4,0,4,20,5,13,1,4,0,4
436,64,dublin,SANDWITH STREET,Sandwith Street,False,False,OPEN,2024-12-25 15:20:50,True,False,,,53.345203,-6.247163,40,9,31,9,0,0,0,40,9,31,9,0,0,0
437,109,dublin,BUCKINGHAM STREET LOWER,Buckingham Street Lower,False,False,OPEN,2024-12-25 15:17:17,True,False,,,53.353331,-6.249319,29,20,9,11,9,0,9,29,20,9,11,9,0,9
438,85,dublin,ROTHE ABBEY,Rothe Abbey,False,False,OPEN,2024-12-25 15:20:51,True,False,,,53.338776,-6.30395,35,30,5,12,18,0,18,35,30,5,12,18,0,18
439,107,dublin,CHARLEVILLE ROAD,Charleville Road,False,False,OPEN,2024-12-25 15:20:49,True,False,,,53.359157,-6.281866,40,6,34,4,2,0,2,40,6,34,4,2,0,2
440,33,dublin,PRINCES STREET / O'CONNELL STREET,Princes Street / O'Connell Street,False,False,OPEN,2024-12-25 15:15:53,True,False,,,53.349013,-6.260311,23,17,6,8,9,0,9,23,17,6,8,9,0,9
441,44,dublin,UPPER SHERRARD STREET,Upper Sherrard Street,False,False,OPEN,2024-12-25 15:20:04,True,False,,,53.358437,-6.260641,30,8,22,3,5,0,5,30,8,22,3,5,0,5
442,89,dublin,FITZWILLIAM SQUARE EAST,Fitzwilliam Square East,False,False,OPEN,2024-12-25 15:16:38,True,False,,,53.335211,-6.2509,40,21,19,10,11,0,11,40,21,19,10,11,0,11
443,57,dublin,GRATTAN STREET,Grattan Street,False,False,OPEN,2024-12-25 15:12:58,True,False,,,53.339629,-6.243778,23,7,16,4,3,0,3,23,7,16,4,3,0,3
444,80,dublin,ST JAMES HOSPITAL (LUAS),St James Hospital (Luas),False,False,OPEN,2024-12-25 15:15:27,True,False,,,53.341359,-6.292951,40,17,23,4,13,0,13,40,17,23,4,13,0,13
445,41,dublin,HARCOURT TERRACE,Harcourt Terrace,False,False,OPEN,2024-12-25 15:11:23,True,False,,,53.332763,-6.257942,20,2,18,0,2,0,2,20,2,18,0,2,0,2
446,3,dublin,BOLTON STREET,Bolton Street,False,False,OPEN,2024-12-25 15:13:05,True,False,,,53.351182,-6.269859,20,16,4,10,6,0,6,20,16,4,10,6,0,6
447,40,dublin,JERVIS STREET,Jervis Street,False,False,OPEN,2024-12-25 15:20:44,True,False,,,53.3483,-6.266651,21,5,16,5,0,0,0,21,5,16,5,0,0,0
448,29,dublin,ORMOND QUAY UPPER,Ormond Quay Upper,False,False,OPEN,2024-12-25 15:19:16,True,False,,,53.346057,-6.268001,29,27,2,16,11,0,11,29,27,2,16,11,0,11
449,103,dublin,GRANGEGORMAN LOWER (SOUTH),Grangegorman Lower (South),False,False,OPEN,2024-12-25 15:17:13,True,False,,,53.354663,-6.278681,40,3,37,2,1,0,1,40,3,37,2,1,0,1
450,28,dublin,MOUNTJOY SQUARE WEST,Mountjoy Square West,False,False,OPEN,2024-12-25 15:20:27,True,False,,,53.356299,-6.258586,30,18,12,6,12,0,12,30,18,12,6,12,0,12
451,39,dublin,WILTON TERRACE,Wilton Terrace,False,False,OPEN,2024-12-25 15:13:54,True,False,,,53.332383,-6.252717,20,7,13,4,3,0,3,20,7,13,4,3,0,3
452,83,dublin,EMMET ROAD,Emmet Road,False,False,OPEN,2024-12-25 15:20:38,True,False,,,53.340714,-6.308191,40,19,21,11,8,0,8,40,19,21,11,8,0,8
453,92,dublin,HEUSTON BRIDGE (NORTH),Heuston Bridge (North),False,False,OPEN,2024-12-25 15:19:26,True,False,,,53.347802,-6.292432,40,36,4,26,10,0,10,40,36,4,26,10,0,10
454,21,dublin,LEINSTER STREET SOUTH,Leinster Street South,False,False,OPEN,2024-12-25 15:20:58,True,False,,,53.34218,-6.254485,30,11,19,4,7,0,7,30,11,19,4,7,0,7
455,88,dublin,BLACKHALL PLACE,Blackhall Place,False,False,OPEN,2024-12-25 15:17:10,True,False,,,53.3488,-6.281637,30,3,27,3,0,0,0,30,3,27,3,0,0,0
456,42,dublin,SMITHFIELD NORTH,Smithfield North,False,False,OPEN,2024-12-25 15:41:38,True,False,,,53.349562,-6.278198,30,1,29,1,0,0,0,30,1,29,1,0,0,0
457,30,dublin,PARNELL SQUARE NORTH,Parnell Square North,False,False,OPEN,2024-12-25 15:49:34,True,False,,,53.3537415547453,-6.26530144781526,20,5,15,5,0,0,0,20,5,15,5,0,0,0
458,54,dublin,CLONMEL STREET,Clonmel Street,False,False,OPEN,2024-12-25 15:48:32,True,False,,,53.336021,-6.26298,33,13,20,1,12,0,12,33,13,20,1,12,0,12
459,108,dublin,AVONDALE ROAD,Avondale Road,False,False,OPEN,2024-12-25 15:45:29,True,False,,,53.359405,-6.276142,35,1,34,1,0,0,0,35,1,34,1,0,0,0
460,20,dublin,JAMES STREET EAST,James Street East,False,False,OPEN,2024-12-25 15:45:22,True,False,,,53.336597,-6.248109,30,1,29,1,0,0,0,30,1,29,1,0,0,0
461,56,dublin,MOUNT STREET LOWER,Mount Street Lower,False,False,OPEN,2024-12-25 15:50:51,True,False,,,53.33796,-6.24153,40,7,33,3,4,0,4,40,7,33,3,4,0,4
462,6,dublin,CHRISTCHURCH PLACE,Christchurch Place,False,False,OPEN,2024-12-25 15:43:07,True,False,,,53.343368,-6.27012,20,1,19,1,0,0,0,20,1,19,1,0,0,0
463,18,dublin,GRANTHAM STREET,Grantham Street,False,False,OPEN,2024-12-25 15:44:29,True,False,,,53.334123,-6.265436,30,17,13,11,6,0,6,30,17,13,11,6,0,6
464,32,dublin,PEARSE STREET,Pearse Street,False,False,OPEN,2024-12-25 15:44:43,True,False,,,53.344304,-6.250427,30,16,14,12,4,0,4,30,16,14,12,4,0,4
465,52,dublin,YORK STREET EAST,York Street East,False,False,OPEN,2024-12-25 15:43:37,True,False,,,53.338755,-6.262003,32,4,28,3,1,0,1,32,4,28,3,1,0,1
466,48,dublin,EXCISE WALK,Excise Walk,False,False,OPEN,2024-12-25 15:42:41,True,False,,,53.347777,-6.244239,40,12,28,6,6,0,6,40,12,28,6,6,0,6
467,13,dublin,FITZWILLIAM SQUARE WEST,Fitzwilliam Square West,False,False,OPEN,2024-12-25 15:42:19,True,False,,,53.336074,-6.252825,30,24,6,10,14,0,14,30,24,6,10,14,0,14
468,43,dublin,PORTOBELLO ROAD,Portobello Road,False,False,OPEN,2024-12-25 15:45:22,True,False,,,53.330091,-6.268044,30,17,13,14,3,0,3,30,17,13,14,3,0,3
469,31,dublin,PARNELL STREET,Parnell Street,False,False,OPEN,2024-12-25 15:42:11,True,False,,,53.350929,-6.265125,20,9,11,7,2,0,2,20,9,11,7,2,0,2
470,98,dublin,FREDERICK STREET SOUTH,Frederick Street South,False,False,OPEN,2024-12-25 15:50:54,True,False,,,53.341515,-6.256853,40,13,27,9,4,0,4,40,13,27,9,4,0,4
471,14,dublin,FOWNES STREET UPPER,Fownes Street Upper,False,False,OPEN,2024-12-25 15:44:50,True,False,,,53.344603,-6.263371,30,29,1,19,10,0,10,30,29,1,19,10,0,10
472,1,dublin,CLARENDON ROW,Clarendon Row,False,False,OPEN,2024-12-25 15:43:37,True,False,,,53.340927,-6.262501,31,16,15,12,4,0,4,31,16,15,12,4,0,4
473,23,dublin,CUSTOM HOUSE,Custom House,False,False,OPEN,2024-12-25 15:45:08,True,False,,,53.348279,-6.254662,30,19,11,18,1,0,1,30,19,11,18,1,0,1
474,106,dublin,RATHDOWN ROAD,Rathdown Road,False,False,OPEN,2024-12-25 15:42:46,True,False,,,53.35893,-6.280337,40,13,27,1,12,0,12,40,13,27,1,12,0,12
475,112,dublin,NORTH CIRCULAR ROAD (O'CONNELL'S),North Circular Road (O'Connell's),False,False,OPEN,2024-12-25 15:43:57,True,False,,,53.357841,-6.251557,30,0,30,0,0,0,0,30,0,30,0,0,0,0
476,68,dublin,HANOVER QUAY,Hanover Quay,False,False,OPEN,2024-12-25 15:43:11,True,False,,,53.344115,-6.237153,40,8,32,4,4,0,4,40,8,32,4,4,0,4
477,74,dublin,OLIVER BOND STREET,Oliver Bond Street,False,False,OPEN,2024-12-25 15:46:06,True,False,,,53.343893,-6.280531,30,20,10,11,9,0,9,30,20,10,11,9,0,9
478,87,dublin,COLLINS BARRACKS MUSEUM,Collins Barracks Museum,False,False,OPEN,2024-12-25 15:46:06,True,False,,,53.347477,-6.28525,38,19,19,9,10,0,10,38,19,19,9,10,0,10
479,84,dublin,BROOKFIELD ROAD,Brookfield Road,False,False,OPEN,2024-12-25 15:47:16,True,False,,,53.339005,-6.300217,30,22,8,13,9,0,9,30,22,8,13,9,0,9
480,90,dublin,BENSON STREET,Benson Street,False,False,OPEN,2024-12-25 15:46:23,True,False,,,53.344153,-6.233451,40,4,36,3,1,0,1,40,4,36,3,1,0,1
481,11,dublin,EARLSFORT TERRACE,Earlsfort Terrace,False,False,OPEN,2024-12-25 15:47:04,True,False,,,53.334295,-6.258503,30,15,15,11,4,0,4,30,15,15,11,4,0,4
482,17,dublin,GOLDEN LANE,Golden Lane,False,False,OPEN,2024-12-25 15:46:59,True,False,,,53.340803,-6.267732,20,18,2,10,8,0,8,20,18,2,10,8,0,8
483,45,dublin,DEVERELL PLACE,Deverell Place,False,False,OPEN,2024-12-25 15:46:53,True,False,,,53.351464,-6.255265,30,3,27,2,1,0,1,30,3,27,2,1,0,1
484,114,dublin,WILTON TERRACE (PARK),Wilton Terrace (Park),False,False,OPEN,2024-12-25 15:43:37,True,False,,,53.333653,-6.248345,40,4,36,3,1,0,1,40,4,36,3,1,0,1
485,72,dublin,JOHN STREET WEST,John Street West,False,False,OPEN,2024-12-25 15:45:45,True,False,,,53.343105,-6.277167,31,3,28,1,2,0,2,31,3,28,1,2,0,2
486,63,dublin,FENIAN STREET,Fenian Street,False,False,OPEN,2024-12-25 15:49:21,True,False,,,53.341428,-6.24672,35,24,11,12,12,0,12,35,24,11,12,12,0,12
487,113,dublin,MERRION SQUARE SOUTH,Merrion Square South,False,False,OPEN,2024-12-25 15:44:19,True,False,,,53.338614,-6.248606,40,10,19,7,3,0,3,40,10,19,7,3,0,3
488,91,dublin,SOUTH DOCK ROAD,South Dock Road,False,False,OPEN,2024-12-25 15:43:32,True,False,,,53.341833,-6.231291,30,17,13,10,7,0,7,30,17,13,10,7,0,7
489,99,dublin,CITY QUAY,City Quay,False,False,OPEN,2024-12-25 15:41:22,True,False,,,53.346637,-6.246154,30,23,7,8,15,0,15,30,23,7,8,15,0,15
490,9,dublin,EXCHEQUER STREET,Exchequer Street,False,False,OPEN,2024-12-25 15:48:09,True,False,,,53.343034,-6.263578,24,10,14,9,1,0,1,24,10,14,9,1,0,1
491,67,dublin,THE POINT,The Point,False,False,OPEN,2024-12-25 15:46:07,True,False,,,53.346867,-6.230852,40,23,17,15,8,0,8,40,23,17,15,8,0,8
492,116,dublin,BROADSTONE,Broadstone,False,False,OPEN,2024-12-25 15:48:35,True,False,,,53.3547,-6.272314,30,17,13,5,12,0,12,30,17,13,5,12,0,12
493,55,dublin,HATCH STREET,Hatch Street,False,False,OPEN,2024-12-25 15:47:11,True,False,,,53.33403,-6.260714,36,17,19,9,8,0,8,36,17,19,9,8,0,8
494,62,dublin,LIME STREET,Lime Street,False,False,OPEN,2024-12-25 15:42:22,True,False,,,53.346026,-6.243576,40,12,28,4,8,0,8,40,12,28,4,8,0,8
495,5,dublin,CHARLEMONT PLACE,Charlemont Street,False,False,OPEN,2024-12-25 15:46:54,True,False,,,53.330662,-6.260177,40,13,27,8,5,0,5,40,13,27,8,5,0,5
496,97,dublin,KILMAINHAM GAOL,Kilmainham Gaol,False,False,OPEN,2024-12-25 15:42:38,True,False,,,53.342113,-6.310015,40,12,28,4,8,0,8,40,12,28,4,8,0,8
497,61,dublin,HARDWICKE PLACE,Hardwicke Place,False,False,OPEN,2024-12-25 15:46:52,True,False,,,53.357043,-6.263232,25,9,16,6,3,0,3,25,9,16,6,3,0,3
498,77,dublin,WOLFE TONE STREET,Wolfe Tone Street,False,False,OPEN,2024-12-25 15:43:52,True,False,,,53.348875,-6.267459,29,14,15,6,8,0,8,29,14,15,6,8,0,8
499,73,dublin,FRANCIS STREET,Francis Street,False,False,OPEN,2024-12-25 15:49:13,True,False,,,53.342081,-6.275233,30,8,22,3,5,0,5,30,8,22,3,5,0,5
500,4,dublin,GREEK STREET,Greek Street,False,False,OPEN,2024-12-25 15:47:49,True,False,,,53.346874,-6.272976,20,18,1,9,9,0,9,20,18,1,9,9,0,9
501,49,dublin,GUILD STREET,Guild Street,False,False,OPEN,2024-12-25 15:45:32,True,False,,,53.347932,-6.240928,40,33,7,23,10,0,10,40,33,7,23,10,0,10
502,19,dublin,HERBERT PLACE,Herbert Place,False,False,OPEN,2024-12-25 15:45:17,True,False,,,53.334432,-6.245575,30,1,29,1,0,0,0,30,1,29,1,0,0,0
503,7,dublin,HIGH STREET,High Street,False,False,OPEN,2024-12-25 15:50:42,True,False,,,53.343565,-6.275071,29,0,29,0,0,0,0,29,0,29,0,0,0,0
504,60,dublin,NORTH CIRCULAR ROAD,North Circular Road,False,False,OPEN,2024-12-25 15:45:03,True,False,,,53.359624,-6.260348,30,14,16,12,2,0,2,30,14,16,12,2,0,2
505,102,dublin,WESTERN WAY,Western Way,False,False,OPEN,2024-12-25 15:43:39,True,False,,,53.354929,-6.269425,40,7,33,6,1,0,1,40,7,33,6,1,0,1
506,38,dublin,TALBOT STREET,Talbot Street,False,False,OPEN,2024-12-25 15:48:37,True,False,,,53.350974,-6.25294,40,9,30,8,1,0,1,40,9,30,8,1,0,1
507,53,dublin,NEWMAN HOUSE,Newman House,False,False,OPEN,2024-12-25 15:46:32,True,False,,,53.337132,-6.26059,40,12,28,11,1,0,1,40,12,28,11,1,0,1
508,58,dublin,SIR PATRICK DUN'S,Sir Patrick's Dun,False,False,OPEN,2024-12-25 15:46:11,True,False,,,53.339218,-6.240642,40,34,6,25,9,0,9,40,34,6,25,9,0,9
509,66,dublin,NEW CENTRAL BANK,New Central Bank,False,False,OPEN,2024-12-25 15:42:13,True,False,,,53.347122,-6.234749,40,0,40,0,0,0,0,40,0,40,0,0,0,0
510,104,dublin,GRANGEGORMAN LOWER (CENTRAL),Grangegorman Lower (Central),False,False,OPEN,2024-12-25 15:45:26,True,False,,,53.355173,-6.278424,40,7,33,2,5,0,5,40,7,33,2,5,0,5
511,101,dublin,KING STREET NORTH,King Street North,False,False,OPEN,2024-12-25 15:49:05,True,False,,,53.350291,-6.273507,30,14,16,10,4,0,4,30,14,16,10,4,0,4
512,115,dublin,KILLARNEY STREET,Killarney Street,False,False,OPEN,2024-12-25 15:47:44,True,False,,,53.354845,-6.247579,30,29,1,22,7,0,7,30,29,1,22,7,0,7
513,47,dublin,HERBERT STREET,Herbert Street,False,False,OPEN,2024-12-25 15:48:13,True,False,,,53.335742,-6.24551,40,1,39,1,0,0,0,40,1,39,1,0,0,0
514,117,dublin,HANOVER QUAY EAST,Hanover Quay East,False,False,OPEN,2024-12-25 15:47:23,True,False,,,53.343653,-6.231755,40,1,39,0,1,0,1,40,1,39,0,1,0,1
515,8,dublin,CUSTOM HOUSE QUAY,Custom House Quay,False,False,OPEN,2024-12-25 15:48:40,True,False,,,53.347884,-6.248048,30,10,20,6,4,0,4,30,10,20,6,4,0,4
516,27,dublin,MOLESWORTH STREET,Molesworth Street,False,False,OPEN,2024-12-25 15:44:41,True,False,,,53.341288,-6.258117,20,2,18,2,0,0,0,20,2,18,2,0,0,0
517,16,dublin,GEORGES QUAY,Georges Quay,False,False,OPEN,2024-12-25 15:50:47,True,False,,,53.347508,-6.252192,20,11,9,7,4,0,4,20,11,9,7,4,0,4
518,96,dublin,KILMAINHAM LANE,Kilmainham Lane,False,False,OPEN,2024-12-25 15:41:56,True,False,,,53.341805,-6.305085,30,4,26,4,0,0,0,30,4,26,4,0,0,0
519,82,dublin,MOUNT BROWN,Mount Brown,False,False,OPEN,2024-12-25 15:43:41,True,False,,,53.341645,-6.29719,22,8,14,2,6,0,6,22,8,14,2,6,0,6
520,76,dublin,MARKET STREET SOUTH,Market Street South,False,False,OPEN,2024-12-25 15:42:40,True,False,,,53.342296,-6.287661,38,3,35,2,1,0,1,38,3,35,2,1,0,1
521,71,dublin,KEVIN STREET,Kevin Street,False,False,OPEN,2024-12-25 15:47:16,True,False,,,53.337757,-6.267699,40,18,22,9,9,0,9,40,18,22,9,9,0,9
522,79,dublin,ECCLES STREET EAST,Eccles Street East,False,False,OPEN,2024-12-25 15:47:27,True,False,,,53.358115,-6.265601,27,1,26,0,1,0,1,27,1,26,0,1,0,1
523,69,dublin,GRAND CANAL DOCK,Grand Canal Dock,False,False,OPEN,2024-12-25 15:48:21,True,False,,,53.342638,-6.238695,40,24,16,15,9,0,9,40,24,16,15,9,0,9
524,25,dublin,MERRION SQUARE EAST,Merrion Square East,False,False,OPEN,2024-12-25 15:47:10,True,False,,,53.339434,-6.246548,30,3,27,2,1,0,1,30,3,27,2,1,0,1
525,51,dublin,YORK STREET WEST,York Street West,False,False,OPEN,2024-12-25 15:42:56,True,False,,,53.339334,-6.264699,40,0,0,0,0,0,0,40,0,0,0,0,0,0
526,37,dublin,ST. STEPHEN'S GREEN SOUTH,St. Stephen's Green South,False,False,OPEN,2024-12-25 15:42:15,True,False,,,53.337494,-6.26199,30,10,20,4,6,0,6,30,10,20,4,6,0,6
527,59,dublin,DENMARK STREET GREAT,Denmark Street Great,False,False,OPEN,2024-12-25 15:47:56,True,False,,,53.35561,-6.261397,20,0,20,0,0,0,0,20,0,20,0,0,0,0
528,95,dublin,ROYAL HOSPITAL,Royal Hospital,False,False,OPEN,2024-12-25 15:47:45,True,False,,,53.343897,-6.29706,40,26,14,15,11,0,11,40,26,14,15,11,0,11
529,94,dublin,HEUSTON STATION (CAR PARK),Heuston Station (Car Park),False,False,OPEN,2024-12-25 15:45:27,True,False,,,53.346985,-6.297804,40,13,27,10,3,0,3,40,13,27,10,3,0,3
530,105,dublin,GRANGEGORMAN LOWER (NORTH),Grangegorman Lower (North),False,False,OPEN,2024-12-25 15:49:03,True,False,,,53.355954,-6.278378,36,0,36,0,0,0,0,36,0,36,0,0,0,0
531,36,dublin,ST. STEPHEN'S GREEN EAST,St. Stephen's Green East,False,False,OPEN,2024-12-25 15:42:38,True,False,,,53.337824,-6.256035,40,8,32,6,2,0,2,40,8,32,6,2,0,2
532,93,dublin,HEUSTON STATION (CENTRAL),Heuston Station (Central),False,False,OPEN,2024-12-25 15:47:52,True,False,,,53.346603,-6.296924,40,14,26,13,1,0,1,40,14,26,13,1,0,1
533,22,dublin,TOWNSEND STREET,Townsend Street,False,False,OPEN,2024-12-25 15:43:12,True,False,,,53.345922,-6.254614,20,11,9,5,6,0,6,20,11,9,5,6,0,6
534,50,dublin,GEORGES LANE,George's Lane,False,False,OPEN,2024-12-25 15:46:57,True,False,,,53.35023,-6.279696,40,0,40,0,0,0,0,40,0,40,0,0,0,0
535,110,dublin,PHIBSBOROUGH ROAD,Phibsborough Road,False,False,OPEN,2024-12-25 15:46:02,True,False,,,53.356307,-6.273717,40,15,25,8,7,0,7,40,15,25,8,7,0,7
536,12,dublin,ECCLES STREET,Eccles Street,False,False,OPEN,2024-12-25 15:42:26,True,False,,,53.359246,-6.269779,20,5,15,0,5,0,5,20,5,15,0,5,0,5
537,34,dublin,PORTOBELLO HARBOUR,Portobello Harbour,False,False,OPEN,2024-12-25 15:49:03,True,False,,,53.330362,-6.265163,30,5,25,4,1,0,1,30,5,25,4,1,0,1
538,78,dublin,MATER HOSPITAL,Mater Hospital,False,False,OPEN,2024-12-25 15:48:43,True,False,,,53.359967,-6.264828,40,2,38,2,0,0,0,40,2,38,2,0,0,0
539,2,dublin,BLESSINGTON STREET,Blessington Street,False,False,OPEN,2024-12-25 15:45:11,True,False,,,53.356769,-6.26814,20,4,16,2,2,0,2,20,4,16,2,2,0,2
540,75,dublin,JAMES STREET,James Street,False,False,OPEN,2024-12-25 15:48:30,True,False,,,53.343456,-6.287409,40,23,17,17,6,0,6,40,23,17,17,6,0,6
541,111,dublin,MOUNTJOY SQUARE EAST,Mountjoy Square East,False,False,OPEN,2024-12-25 15:45:15,True,False,,,53.356717,-6.256359,40,4,36,2,2,0,2,40,4,36,2,2,0,2
542,26,dublin,MERRION SQUARE WEST,Merrion Square West,False,False,OPEN,2024-12-25 15:43:18,True,False,,,53.339764,-6.251988,20,5,15,5,0,0,0,20,5,15,5,0,0,0
543,65,dublin,CONVENTION CENTRE,Convention Centre,False,False,OPEN,2024-12-25 15:48:36,True,False,,,53.34744,-6.238523,40,2,38,1,1,0,1,40,2,38,1,1,0,1
544,15,dublin,HARDWICKE STREET,Hardwicke Street,False,False,OPEN,2024-12-25 15:45:27,True,False,,,53.355473,-6.264423,16,1,15,0,1,0,1,16,1,15,0,1,0,1
545,86,dublin,PARKGATE STREET,Parkgate Street,False,False,OPEN,2024-12-25 15:49:25,True,False,,,53.347972,-6.291804,38,29,9,7,22,0,22,38,29,9,7,22,0,22
546,35,dublin,SMITHFIELD,Smithfield,False,False,OPEN,2024-12-25 15:50:15,True,False,,,53.347692,-6.278214,30,9,21,3,6,0,6,30,9,21,3,6,0,6
547,10,dublin,DAME STREET,Dame Street,False,False,OPEN,2024-12-25 15:46:47,True,False,,,53.344007,-6.266802,16,7,9,6,1,0,1,16,7,9,6,1,0,1
548,100,dublin,HEUSTON BRIDGE (SOUTH),Heuston Bridge (South),False,False,OPEN,2024-12-25 15:45:33,True,False,,,53.347106,-6.292041,25,25,0,20,5,0,5,25,25,0,20,5,0,5
549,24,dublin,CATHAL BRUGHA STREET,Cathal Brugha Street,False,False,OPEN,2024-12-25 15:41:36,True,False,,,53.352149,-6.260533,20,5,13,0,5,0,5,20,5,13,0,5,0,5
550,64,dublin,SANDWITH STREET,Sandwith Street,False,False,OPEN,2024-12-25 15:41:03,True,False,,,53.345203,-6.247163,40,9,31,9,0,0,0,40,9,31,9,0,0,0
551,109,dublin,BUCKINGHAM STREET LOWER,Buckingham Street Lower,False,False,OPEN,2024-12-25 15:47:29,True,False,,,53.353331,-6.249319,29,20,9,11,9,0,9,29,20,9,11,9,0,9
552,85,dublin,ROTHE ABBEY,Rothe Abbey,False,False,OPEN,2024-12-25 15:44:33,True,False,,,53.338776,-6.30395,35,31,4,13,18,0,18,35,31,4,13,18,0,18
553,107,dublin,CHARLEVILLE ROAD,Charleville Road,False,False,OPEN,2024-12-25 15:45:34,True,False,,,53.359157,-6.281866,40,5,35,3,2,0,2,40,5,35,3,2,0,2
554,33,dublin,PRINCES STREET / O'CONNELL STREET,Princes Street / O'Connell Street,False,False,OPEN,2024-12-25 15:46:08,True,False,,,53.349013,-6.260311,23,17,6,8,9,0,9,23,17,6,8,9,0,9
555,44,dublin,UPPER SHERRARD STREET,Upper Sherrard Street,False,False,OPEN,2024-12-25 15:49:06,True,False,,,53.358437,-6.260641,30,8,22,3,5,0,5,30,8,22,3,5,0,5
556,89,dublin,FITZWILLIAM SQUARE EAST,Fitzwilliam Square East,False,False,OPEN,2024-12-25 15:49:31,True,False,,,53.335211,-6.2509,40,21,19,10,11,0,11,40,21,19,10,11,0,11
557,57,dublin,GRATTAN STREET,Grattan Street,False,False,OPEN,2024-12-25 15:42:38,True,False,,,53.339629,-6.243778,23,7,16,4,3,0,3,23,7,16,4,3,0,3
558,80,dublin,ST JAMES HOSPITAL (LUAS),St James Hospital (Luas),False,False,OPEN,2024-12-25 15:46:46,True,False,,,53.341359,-6.292951,40,17,23,4,13,0,13,40,17,23,4,13,0,13
559,41,dublin,HARCOURT TERRACE,Harcourt Terrace,False,False,OPEN,2024-12-25 15:41:36,True,False,,,53.332763,-6.257942,20,2,18,0,2,0,2,20,2,18,0,2,0,2
560,3,dublin,BOLTON STREET,Bolton Street,False,False,OPEN,2024-12-25 15:43:17,True,False,,,53.351182,-6.269859,20,16,4,10,6,0,6,20,16,4,10,6,0,6
561,40,dublin,JERVIS STREET,Jervis Street,False,False,OPEN,2024-12-25 15:46:03,True,False,,,53.3483,-6.266651,21,4,17,4,0,0,0,21,4,17,4,0,0,0
562,29,dublin,ORMOND QUAY UPPER,Ormond Quay Upper,False,False,OPEN,2024-12-25 15:49:33,True,False,,,53.346057,-6.268001,29,24,5,15,9,0,9,29,24,5,15,9,0,9
563,103,dublin,GRANGEGORMAN LOWER (SOUTH),Grangegorman Lower (South),False,False,OPEN,2024-12-25 15:47:24,True,False,,,53.354663,-6.278681,40,3,37,2,1,0,1,40,3,37,2,1,0,1
564,28,dublin,MOUNTJOY SQUARE WEST,Mountjoy Square West,False,False,OPEN,2024-12-25 15:44:38,True,False,,,53.356299,-6.258586,30,18,12,6,12,0,12,30,18,12,6,12,0,12
565,39,dublin,WILTON TERRACE,Wilton Terrace,False,False,OPEN,2024-12-25 15:44:07,True,False,,,53.332383,-6.252717,20,7,13,5,2,0,2,20,7,13,5,2,0,2
566,83,dublin,EMMET ROAD,Emmet Road,False,False,OPEN,2024-12-25 15:48:11,True,False,,,53.340714,-6.308191,40,20,20,12,8,0,8,40,20,20,12,8,0,8
567,92,dublin,HEUSTON BRIDGE (NORTH),Heuston Bridge (North),False,False,OPEN,2024-12-25 15:44:05,True,False,,,53.347802,-6.292432,40,37,3,27,10,0,10,40,37,3,27,10,0,10
568,21,dublin,LEINSTER STREET SOUTH,Leinster Street South,False,False,OPEN,2024-12-25 15:41:06,True,False,,,53.34218,-6.254485,30,11,19,4,7,0,7,30,11,19,4,7,0,7
569,88,dublin,BLACKHALL PLACE,Blackhall Place,False,False,OPEN,2024-12-25 15:47:23,True,False,,,53.3488,-6.281637,30,4,26,4,0,0,0,30,4,26,4,0,0,0
570,42,dublin,SMITHFIELD NORTH,Smithfield North,False,False,OPEN,2024-12-25 16:21:59,True,False,,,53.349562,-6.278198,30,1,29,1,0,0,0,30,1,29,1,0,0,0
571,30,dublin,PARNELL SQUARE NORTH,Parnell Square North,False,False,OPEN,2024-12-25 16:19:50,True,False,,,53.3537415547453,-6.26530144781526,20,6,14,6,0,0,0,20,6,14,6,0,0,0
572,54,dublin,CLONMEL STREET,Clonmel Street,False,False,OPEN,2024-12-25 16:19:59,True,False,,,53.336021,-6.26298,33,13,20,1,12,0,12,33,13,20,1,12,0,12
573,108,dublin,AVONDALE ROAD,Avondale Road,False,False,OPEN,2024-12-25 16:15:40,True,False,,,53.359405,-6.276142,35,1,34,1,0,0,0,35,1,34,1,0,0,0
574,20,dublin,JAMES STREET EAST,James Street East,False,False,OPEN,2024-12-25 16:15:34,True,False,,,53.336597,-6.248109,30,2,28,2,0,0,0,30,2,28,2,0,0,0
575,56,dublin,MOUNT STREET LOWER,Mount Street Lower,False,False,OPEN,2024-12-25 16:21:04,True,False,,,53.33796,-6.24153,40,6,34,2,4,0,4,40,6,34,2,4,0,4
576,6,dublin,CHRISTCHURCH PLACE,Christchurch Place,False,False,OPEN,2024-12-25 16:13:10,True,False,,,53.343368,-6.27012,20,4,16,4,0,0,0,20,4,16,4,0,0,0
577,18,dublin,GRANTHAM STREET,Grantham Street,False,False,OPEN,2024-12-25 16:14:40,True,False,,,53.334123,-6.265436,30,17,13,11,6,0,6,30,17,13,11,6,0,6
578,32,dublin,PEARSE STREET,Pearse Street,False,False,OPEN,2024-12-25 16:14:56,True,False,,,53.344304,-6.250427,30,16,14,12,4,0,4,30,16,14,12,4,0,4
579,52,dublin,YORK STREET EAST,York Street East,False,False,OPEN,2024-12-25 16:13:53,True,False,,,53.338755,-6.262003,32,4,28,3,1,0,1,32,4,28,3,1,0,1
580,48,dublin,EXCISE WALK,Excise Walk,False,False,OPEN,2024-12-25 16:17:47,True,False,,,53.347777,-6.244239,40,11,29,6,5,0,5,40,11,29,6,5,0,5
581,13,dublin,FITZWILLIAM SQUARE WEST,Fitzwilliam Square West,False,False,OPEN,2024-12-25 16:12:30,True,False,,,53.336074,-6.252825,30,24,6,10,14,0,14,30,24,6,10,14,0,14
582,43,dublin,PORTOBELLO ROAD,Portobello Road,False,False,OPEN,2024-12-25 16:15:40,True,False,,,53.330091,-6.268044,30,18,11,15,3,0,3,30,18,11,15,3,0,3
583,31,dublin,PARNELL STREET,Parnell Street,False,False,OPEN,2024-12-25 16:12:23,True,False,,,53.350929,-6.265125,20,9,11,7,2,0,2,20,9,11,7,2,0,2
584,98,dublin,FREDERICK STREET SOUTH,Frederick Street South,False,False,OPEN,2024-12-25 16:21:07,True,False,,,53.341515,-6.256853,40,14,26,10,4,0,4,40,14,26,10,4,0,4
585,14,dublin,FOWNES STREET UPPER,Fownes Street Upper,False,False,OPEN,2024-12-25 16:15:01,True,False,,,53.344603,-6.263371,30,30,0,19,11,0,11,30,30,0,19,11,0,11
586,1,dublin,CLARENDON ROW,Clarendon Row,False,False,OPEN,2024-12-25 16:13:57,True,False,,,53.340927,-6.262501,31,17,14,13,4,0,4,31,17,14,13,4,0,4
587,23,dublin,CUSTOM HOUSE,Custom House,False,False,OPEN,2024-12-25 16:15:25,True,False,,,53.348279,-6.254662,30,21,9,20,1,0,1,30,21,9,20,1,0,1
588,106,dublin,RATHDOWN ROAD,Rathdown Road,False,False,OPEN,2024-12-25 16:13:09,True,False,,,53.35893,-6.280337,40,16,24,1,15,0,15,40,16,24,1,15,0,15
589,112,dublin,NORTH CIRCULAR ROAD (O'CONNELL'S),North Circular Road (O'Connell's),False,False,OPEN,2024-12-25 16:17:42,True,False,,,53.357841,-6.251557,30,3,27,3,0,0,0,30,3,27,3,0,0,0
590,68,dublin,HANOVER QUAY,Hanover Quay,False,False,OPEN,2024-12-25 16:22:03,True,False,,,53.344115,-6.237153,40,8,32,4,4,0,4,40,8,32,4,4,0,4
591,74,dublin,OLIVER BOND STREET,Oliver Bond Street,False,False,OPEN,2024-12-25 16:16:26,True,False,,,53.343893,-6.280531,30,25,5,16,9,0,9,30,25,5,16,9,0,9
592,87,dublin,COLLINS BARRACKS MUSEUM,Collins Barracks Museum,False,False,OPEN,2024-12-25 16:21:40,True,False,,,53.347477,-6.28525,38,18,20,9,9,0,9,38,18,20,9,9,0,9
593,84,dublin,BROOKFIELD ROAD,Brookfield Road,False,False,OPEN,2024-12-25 16:17:32,True,False,,,53.339005,-6.300217,30,22,8,13,9,0,9,30,22,8,13,9,0,9
594,90,dublin,BENSON STREET,Benson Street,False,False,OPEN,2024-12-25 16:21:26,True,False,,,53.344153,-6.233451,40,3,37,2,1,0,1,40,3,37,2,1,0,1
595,11,dublin,EARLSFORT TERRACE,Earlsfort Terrace,False,False,OPEN,2024-12-25 16:17:17,True,False,,,53.334295,-6.258503,30,15,15,11,4,0,4,30,15,15,11,4,0,4
596,17,dublin,GOLDEN LANE,Golden Lane,False,False,OPEN,2024-12-25 16:17:12,True,False,,,53.340803,-6.267732,20,18,2,10,8,0,8,20,18,2,10,8,0,8
597,45,dublin,DEVERELL PLACE,Deverell Place,False,False,OPEN,2024-12-25 16:17:05,True,False,,,53.351464,-6.255265,30,4,26,3,1,0,1,30,4,26,3,1,0,1
598,114,dublin,WILTON TERRACE (PARK),Wilton Terrace (Park),False,False,OPEN,2024-12-25 16:13:49,True,False,,,53.333653,-6.248345,40,4,36,3,1,0,1,40,4,36,3,1,0,1
599,72,dublin,JOHN STREET WEST,John Street West,False,False,OPEN,2024-12-25 16:12:25,True,False,,,53.343105,-6.277167,31,2,29,0,2,0,2,31,2,29,0,2,0,2
600,63,dublin,FENIAN STREET,Fenian Street,False,False,OPEN,2024-12-25 16:13:41,True,False,,,53.341428,-6.24672,35,24,11,12,12,0,12,35,24,11,12,12,0,12
601,113,dublin,MERRION SQUARE SOUTH,Merrion Square South,False,False,OPEN,2024-12-25 16:14:32,True,False,,,53.338614,-6.248606,40,10,19,7,3,0,3,40,10,19,7,3,0,3
602,91,dublin,SOUTH DOCK ROAD,South Dock Road,False,False,OPEN,2024-12-25 16:13:45,True,False,,,53.341833,-6.231291,30,17,13,10,7,0,7,30,17,13,10,7,0,7
603,99,dublin,CITY QUAY,City Quay,False,False,OPEN,2024-12-25 16:21:39,True,False,,,53.346637,-6.246154,30,23,7,8,15,0,15,30,23,7,8,15,0,15
604,9,dublin,EXCHEQUER STREET,Exchequer Street,False,False,OPEN,2024-12-25 16:18:24,True,False,,,53.343034,-6.263578,24,10,14,9,1,0,1,24,10,14,9,1,0,1
605,67,dublin,THE POINT,The Point,False,False,OPEN,2024-12-25 16:14:38,True,False,,,53.346867,-6.230852,40,21,19,13,8,0,8,40,21,19,13,8,0,8
606,116,dublin,BROADSTONE,Broadstone,False,False,OPEN,2024-12-25 16:16:33,True,False,,,53.3547,-6.272314,30,17,13,5,12,0,12,30,17,13,5,12,0,12
607,55,dublin,HATCH STREET,Hatch Street,False,False,OPEN,2024-12-25 16:17:23,True,False,,,53.33403,-6.260714,36,17,19,9,8,0,8,36,17,19,9,8,0,8
608,62,dublin,LIME STREET,Lime Street,False,False,OPEN,2024-12-25 16:12:34,True,False,,,53.346026,-6.243576,40,12,28,4,8,0,8,40,12,28,4,8,0,8
609,5,dublin,CHARLEMONT PLACE,Charlemont Street,False,False,OPEN,2024-12-25 16:17:07,True,False,,,53.330662,-6.260177,40,13,27,8,5,0,5,40,13,27,8,5,0,5
610,97,dublin,KILMAINHAM GAOL,Kilmainham Gaol,False,False,OPEN,2024-12-25 16:12:50,True,False,,,53.342113,-6.310015,40,12,28,4,8,0,8,40,12,28,4,8,0,8
611,61,dublin,HARDWICKE PLACE,Hardwicke Place,False,False,OPEN,2024-12-25 16:17:05,True,False,,,53.357043,-6.263232,25,9,16,6,3,0,3,25,9,16,6,3,0,3
612,77,dublin,WOLFE TONE STREET,Wolfe Tone Street,False,False,OPEN,2024-12-25 16:19:54,True,False,,,53.348875,-6.267459,29,13,16,5,8,0,8,29,13,16,5,8,0,8
613,73,dublin,FRANCIS STREET,Francis Street,False,False,OPEN,2024-12-25 16:20:00,True,False,,,53.342081,-6.275233,30,7,22,2,5,0,5,30,7,22,2,5,0,5
614,4,dublin,GREEK STREET,Greek Street,False,False,OPEN,2024-12-25 16:18:09,True,False,,,53.346874,-6.272976,20,17,2,9,8,0,8,20,17,2,9,8,0,8
615,49,dublin,GUILD STREET,Guild Street,False,False,OPEN,2024-12-25 16:15:48,True,False,,,53.347932,-6.240928,40,33,7,23,10,0,10,40,33,7,23,10,0,10
616,19,dublin,HERBERT PLACE,Herbert Place,False,False,OPEN,2024-12-25 16:14:33,True,False,,,53.334432,-6.245575,30,1,29,1,0,0,0,30,1,29,1,0,0,0
617,7,dublin,HIGH STREET,High Street,False,False,OPEN,2024-12-25 16:20:58,True,False,,,53.343565,-6.275071,29,0,29,0,0,0,0,29,0,29,0,0,0,0
618,60,dublin,NORTH CIRCULAR ROAD,North Circular Road,False,False,OPEN,2024-12-25 16:15:18,True,False,,,53.359624,-6.260348,30,14,16,12,2,0,2,30,14,16,12,2,0,2
619,102,dublin,WESTERN WAY,Western Way,False,False,OPEN,2024-12-25 16:18:08,True,False,,,53.354929,-6.269425,40,6,34,5,1,0,1,40,6,34,5,1,0,1
620,38,dublin,TALBOT STREET,Talbot Street,False,False,OPEN,2024-12-25 16:21:23,True,False,,,53.350974,-6.25294,40,6,33,5,1,0,1,40,6,33,5,1,0,1
621,53,dublin,NEWMAN HOUSE,Newman House,False,False,OPEN,2024-12-25 16:16:43,True,False,,,53.337132,-6.26059,40,12,28,11,1,0,1,40,12,28,11,1,0,1
622,58,dublin,SIR PATRICK DUN'S,Sir Patrick's Dun,False,False,OPEN,2024-12-25 16:16:24,True,False,,,53.339218,-6.240642,40,34,6,25,9,0,9,40,34,6,25,9,0,9
623,66,dublin,NEW CENTRAL BANK,New Central Bank,False,False,OPEN,2024-12-25 16:12:30,True,False,,,53.347122,-6.234749,40,0,40,0,0,0,0,40,0,40,0,0,0,0
624,104,dublin,GRANGEGORMAN LOWER (CENTRAL),Grangegorman Lower (Central),False,False,OPEN,2024-12-25 16:17:42,True,False,,,53.355173,-6.278424,40,5,35,2,3,0,3,40,5,35,2,3,0,3
625,101,dublin,KING STREET NORTH,King Street North,False,False,OPEN,2024-12-25 16:21:32,True,False,,,53.350291,-6.273507,30,13,17,10,3,0,3,30,13,17,10,3,0,3
626,115,dublin,KILLARNEY STREET,Killarney Street,False,False,OPEN,2024-12-25 16:17:14,True,False,,,53.354845,-6.247579,30,28,2,20,8,0,8,30,28,2,20,8,0,8
627,47,dublin,HERBERT STREET,Herbert Street,False,False,OPEN,2024-12-25 16:18:32,True,False,,,53.335742,-6.24551,40,0,40,0,0,0,0,40,0,40,0,0,0,0
628,117,dublin,HANOVER QUAY EAST,Hanover Quay East,False,False,OPEN,2024-12-25 16:17:37,True,False,,,53.343653,-6.231755,40,0,40,0,0,0,0,40,0,40,0,0,0,0
629,8,dublin,CUSTOM HOUSE QUAY,Custom House Quay,False,False,OPEN,2024-12-25 16:18:53,True,False,,,53.347884,-6.248048,30,11,19,7,4,0,4,30,11,19,7,4,0,4
630,27,dublin,MOLESWORTH STREET,Molesworth Street,False,False,OPEN,2024-12-25 16:14:51,True,False,,,53.341288,-6.258117,20,2,18,2,0,0,0,20,2,18,2,0,0,0
631,16,dublin,GEORGES QUAY,Georges Quay,False,False,OPEN,2024-12-25 16:20:59,True,False,,,53.347508,-6.252192,20,11,9,7,4,0,4,20,11,9,7,4,0,4
632,96,dublin,KILMAINHAM LANE,Kilmainham Lane,False,False,OPEN,2024-12-25 16:12:11,True,False,,,53.341805,-6.305085,30,7,23,7,0,0,0,30,7,23,7,0,0,0
633,82,dublin,MOUNT BROWN,Mount Brown,False,False,OPEN,2024-12-25 16:13:57,True,False,,,53.341645,-6.29719,22,8,14,2,6,0,6,22,8,14,2,6,0,6
634,76,dublin,MARKET STREET SOUTH,Market Street South,False,False,OPEN,2024-12-25 16:12:56,True,False,,,53.342296,-6.287661,38,3,35,2,1,0,1,38,3,35,2,1,0,1
635,71,dublin,KEVIN STREET,Kevin Street,False,False,OPEN,2024-12-25 16:17:27,True,False,,,53.337757,-6.267699,40,18,22,9,9,0,9,40,18,22,9,9,0,9
636,79,dublin,ECCLES STREET EAST,Eccles Street East,False,False,OPEN,2024-12-25 16:17:45,True,False,,,53.358115,-6.265601,27,2,25,0,2,0,2,27,2,25,0,2,0,2
637,69,dublin,GRAND CANAL DOCK,Grand Canal Dock,False,False,OPEN,2024-12-25 16:18:03,True,False,,,53.342638,-6.238695,40,24,16,15,9,0,9,40,24,16,15,9,0,9
638,25,dublin,MERRION SQUARE EAST,Merrion Square East,False,False,OPEN,2024-12-25 16:17:22,True,False,,,53.339434,-6.246548,30,3,27,2,1,0,1,30,3,27,2,1,0,1
639,51,dublin,YORK STREET WEST,York Street West,False,False,OPEN,2024-12-25 16:13:08,True,False,,,53.339334,-6.264699,40,0,0,0,0,0,0,40,0,0,0,0,0,0
640,37,dublin,ST. STEPHEN'S GREEN SOUTH,St. Stephen's Green South,False,False,OPEN,2024-12-25 16:12:36,True,False,,,53.337494,-6.26199,30,10,20,4,6,0,6,30,10,20,4,6,0,6
641,59,dublin,DENMARK STREET GREAT,Denmark Street Great,False,False,OPEN,2024-12-25 16:18:08,True,False,,,53.35561,-6.261397,20,0,20,0,0,0,0,20,0,20,0,0,0,0
642,95,dublin,ROYAL HOSPITAL,Royal Hospital,False,False,OPEN,2024-12-25 16:18:01,True,False,,,53.343897,-6.29706,40,26,14,15,11,0,11,40,26,14,15,11,0,11
643,94,dublin,HEUSTON STATION (CAR PARK),Heuston Station (Car Park),False,False,OPEN,2024-12-25 16:15:44,True,False,,,53.346985,-6.297804,40,13,27,10,3,0,3,40,13,27,10,3,0,3
644,105,dublin,GRANGEGORMAN LOWER (NORTH),Grangegorman Lower (North),False,False,OPEN,2024-12-25 16:19:15,True,False,,,53.355954,-6.278378,36,0,36,0,0,0,0,36,0,36,0,0,0,0
645,36,dublin,ST. STEPHEN'S GREEN EAST,St. Stephen's Green East,False,False,OPEN,2024-12-25 16:12:56,True,False,,,53.337824,-6.256035,40,6,34,4,2,0,2,40,6,34,4,2,0,2
646,93,dublin,HEUSTON STATION (CENTRAL),Heuston Station (Central),False,False,OPEN,2024-12-25 16:15:02,True,False,,,53.346603,-6.296924,40,14,26,13,1,0,1,40,14,26,13,1,0,1
647,22,dublin,TOWNSEND STREET,Townsend Street,False,False,OPEN,2024-12-25 16:14:34,True,False,,,53.345922,-6.254614,20,10,10,4,6,0,6,20,10,10,4,6,0,6
648,50,dublin,GEORGES LANE,George's Lane,False,False,OPEN,2024-12-25 16:17:12,True,False,,,53.35023,-6.279696,40,0,40,0,0,0,0,40,0,40,0,0,0,0
649,110,dublin,PHIBSBOROUGH ROAD,Phibsborough Road,False,False,OPEN,2024-12-25 16:16:15,True,False,,,53.356307,-6.273717,40,15,25,8,7,0,7,40,15,25,8,7,0,7
650,12,dublin,ECCLES STREET,Eccles Street,False,False,OPEN,2024-12-25 16:12:38,True,False,,,53.359246,-6.269779,20,5,15,0,5,0,5,20,5,15,0,5,0,5
651,34,dublin,PORTOBELLO HARBOUR,Portobello Harbour,False,False,OPEN,2024-12-25 16:21:57,True,False,,,53.330362,-6.265163,30,7,23,5,2,0,2,30,7,23,5,2,0,2
652,78,dublin,MATER HOSPITAL,Mater Hospital,False,False,OPEN,2024-12-25 16:18:55,True,False,,,53.359967,-6.264828,40,2,38,2,0,0,0,40,2,38,2,0,0,0
653,2,dublin,BLESSINGTON STREET,Blessington Street,False,False,OPEN,2024-12-25 16:15:22,True,False,,,53.356769,-6.26814,20,4,16,2,2,0,2,20,4,16,2,2,0,2
654,75,dublin,JAMES STREET,James Street,False,False,OPEN,2024-12-25 16:18:43,True,False,,,53.343456,-6.287409,40,23,17,17,6,0,6,40,23,17,17,6,0,6
655,111,dublin,MOUNTJOY SQUARE EAST,Mountjoy Square East,False,False,OPEN,2024-12-25 16:15:32,True,False,,,53.356717,-6.256359,40,4,36,2,2,0,2,40,4,36,2,2,0,2
656,26,dublin,MERRION SQUARE WEST,Merrion Square West,False,False,OPEN,2024-12-25 16:13:33,True,False,,,53.339764,-6.251988,20,5,15,5,0,0,0,20,5,15,5,0,0,0
657,65,dublin,CONVENTION CENTRE,Convention Centre,False,False,OPEN,2024-12-25 16:18:51,True,False,,,53.34744,-6.238523,40,5,35,4,1,0,1,40,5,35,4,1,0,1
658,15,dublin,HARDWICKE STREET,Hardwicke Street,False,False,OPEN,2024-12-25 16:15:39,True,False,,,53.355473,-6.264423,16,1,15,0,1,0,1,16,1,15,0,1,0,1
659,86,dublin,PARKGATE STREET,Parkgate Street,False,False,OPEN,2024-12-25 16:21:33,True,False,,,53.347972,-6.291804,38,30,8,7,23,0,23,38,30,8,7,23,0,23
660,35,dublin,SMITHFIELD,Smithfield,False,False,OPEN,2024-12-25 16:13:48,True,False,,,53.347692,-6.278214,30,10,20,4,6,0,6,30,10,20,4,6,0,6
661,10,dublin,DAME STREET,Dame Street,False,False,OPEN,2024-12-25 16:21:33,True,False,,,53.344007,-6.266802,16,9,7,8,1,0,1,16,9,7,8,1,0,1
662,100,dublin,HEUSTON BRIDGE (SOUTH),Heuston Bridge (South),False,False,OPEN,2024-12-25 16:19:38,True,False,,,53.347106,-6.292041,25,21,4,16,5,0,5,25,21,4,16,5,0,5
663,24,dublin,CATHAL BRUGHA STREET,Cathal Brugha Street,False,False,OPEN,2024-12-25 16:21:55,True,False,,,53.352149,-6.260533,20,8,10,3,5,0,5,20,8,10,3,5,0,5
664,64,dublin,SANDWITH STREET,Sandwith Street,False,False,OPEN,2024-12-25 16:21:25,True,False,,,53.345203,-6.247163,40,7,33,7,0,0,0,40,7,33,7,0,0,0
665,109,dublin,BUCKINGHAM STREET LOWER,Buckingham Street Lower,False,False,OPEN,2024-12-25 16:17:42,True,False,,,53.353331,-6.249319,29,20,9,11,9,0,9,29,20,9,11,9,0,9
666,85,dublin,ROTHE ABBEY,Rothe Abbey,False,False,OPEN,2024-12-25 16:14:49,True,False,,,53.338776,-6.30395,35,30,5,12,18,0,18,35,30,5,12,18,0,18
667,107,dublin,CHARLEVILLE ROAD,Charleville Road,False,False,OPEN,2024-12-25 16:15:45,True,False,,,53.359157,-6.281866,40,5,35,3,2,0,2,40,5,35,3,2,0,2
668,33,dublin,PRINCES STREET / O'CONNELL STREET,Princes Street / O'Connell Street,False,False,OPEN,2024-12-25 16:20:02,True,False,,,53.349013,-6.260311,23,15,8,7,8,0,8,23,15,8,7,8,0,8
669,44,dublin,UPPER SHERRARD STREET,Upper Sherrard Street,False,False,OPEN,2024-12-25 16:19:22,True,False,,,53.358437,-6.260641,30,8,22,3,5,0,5,30,8,22,3,5,0,5
670,89,dublin,FITZWILLIAM SQUARE EAST,Fitzwilliam Square East,False,False,OPEN,2024-12-25 16:17:04,True,False,,,53.335211,-6.2509,40,21,19,10,11,0,11,40,21,19,10,11,0,11
671,57,dublin,GRATTAN STREET,Grattan Street,False,False,OPEN,2024-12-25 16:12:49,True,False,,,53.339629,-6.243778,23,7,16,4,3,0,3,23,7,16,4,3,0,3
672,80,dublin,ST JAMES HOSPITAL (LUAS),St James Hospital (Luas),False,False,OPEN,2024-12-25 16:15:53,True,False,,,53.341359,-6.292951,40,17,23,4,13,0,13,40,17,23,4,13,0,13
673,41,dublin,HARCOURT TERRACE,Harcourt Terrace,False,False,OPEN,2024-12-25 16:21:52,True,False,,,53.332763,-6.257942,20,2,18,0,2,0,2,20,2,18,0,2,0,2
674,3,dublin,BOLTON STREET,Bolton Street,False,False,OPEN,2024-12-25 16:13:29,True,False,,,53.351182,-6.269859,20,16,4,10,6,0,6,20,16,4,10,6,0,6
675,40,dublin,JERVIS STREET,Jervis Street,False,False,OPEN,2024-12-25 16:21:25,True,False,,,53.3483,-6.266651,21,5,16,5,0,0,0,21,5,16,5,0,0,0
676,29,dublin,ORMOND QUAY UPPER,Ormond Quay Upper,False,False,OPEN,2024-12-25 16:19:46,True,False,,,53.346057,-6.268001,29,29,0,18,11,0,11,29,29,0,18,11,0,11
677,103,dublin,GRANGEGORMAN LOWER (SOUTH),Grangegorman Lower (South),False,False,OPEN,2024-12-25 16:21:50,True,False,,,53.354663,-6.278681,40,4,36,3,1,0,1,40,4,36,3,1,0,1
678,28,dublin,MOUNTJOY SQUARE WEST,Mountjoy Square West,False,False,OPEN,2024-12-25 16:14:55,True,False,,,53.356299,-6.258586,30,19,11,7,12,0,12,30,19,11,7,12,0,12
679,39,dublin,WILTON TERRACE,Wilton Terrace,False,False,OPEN,2024-12-25 16:14:19,True,False,,,53.332383,-6.252717,20,7,13,5,2,0,2,20,7,13,5,2,0,2
680,83,dublin,EMMET ROAD,Emmet Road,False,False,OPEN,2024-12-25 16:19:21,True,False,,,53.340714,-6.308191,40,18,22,12,6,0,6,40,18,22,12,6,0,6
681,92,dublin,HEUSTON BRIDGE (NORTH),Heuston Bridge (North),False,False,OPEN,2024-12-25 16:12:22,True,False,,,53.347802,-6.292432,40,38,2,29,9,0,9,40,38,2,29,9,0,9
682,21,dublin,LEINSTER STREET SOUTH,Leinster Street South,False,False,OPEN,2024-12-25 16:21:23,True,False,,,53.34218,-6.254485,30,11,19,4,7,0,7,30,11,19,4,7,0,7
683,88,dublin,BLACKHALL PLACE,Blackhall Place,False,False,OPEN,2024-12-25 16:17:35,True,False,,,53.3488,-6.281637,30,4,26,4,0,0,0,30,4,26,4,0,0,0
684,42,dublin,SMITHFIELD NORTH,Smithfield North,False,False,OPEN,2024-12-25 16:42:10,True,False,,,53.349562,-6.278198,30,2,28,1,1,0,1,30,2,28,1,1,0,1
685,30,dublin,PARNELL SQUARE NORTH,Parnell Square North,False,False,OPEN,2024-12-25 16:50:07,True,False,,,53.3537415547453,-6.26530144781526,20,6,14,6,0,0,0,20,6,14,6,0,0,0
686,54,dublin,CLONMEL STREET,Clonmel Street,False,False,OPEN,2024-12-25 16:51:28,True,False,,,53.336021,-6.26298,33,13,20,1,12,0,12,33,13,20,1,12,0,12
687,108,dublin,AVONDALE ROAD,Avondale Road,False,False,OPEN,2024-12-25 16:45:51,True,False,,,53.359405,-6.276142,35,1,34,1,0,0,0,35,1,34,1,0,0,0
688,20,dublin,JAMES STREET EAST,James Street East,False,False,OPEN,2024-12-25 16:45:46,True,False,,,53.336597,-6.248109,30,2,28,2,0,0,0,30,2,28,2,0,0,0
689,56,dublin,MOUNT STREET LOWER,Mount Street Lower,False,False,OPEN,2024-12-25 16:51:14,True,False,,,53.33796,-6.24153,40,6,34,2,4,0,4,40,6,34,2,4,0,4
690,6,dublin,CHRISTCHURCH PLACE,Christchurch Place,False,False,OPEN,2024-12-25 16:43:29,True,False,,,53.343368,-6.27012,20,6,14,4,2,0,2,20,6,14,4,2,0,2
691,18,dublin,GRANTHAM STREET,Grantham Street,False,False,OPEN,2024-12-25 16:47:42,True,False,,,53.334123,-6.265436,30,17,13,11,6,0,6,30,17,13,11,6,0,6
692,32,dublin,PEARSE STREET,Pearse Street,False,False,OPEN,2024-12-25 16:45:08,True,False,,,53.344304,-6.250427,30,16,14,12,4,0,4,30,16,14,12,4,0,4
693,52,dublin,YORK STREET EAST,York Street East,False,False,OPEN,2024-12-25 16:44:10,True,False,,,53.338755,-6.262003,32,6,26,5,1,0,1,32,6,26,5,1,0,1
694,48,dublin,EXCISE WALK,Excise Walk,False,False,OPEN,2024-12-25 16:43:11,True,False,,,53.347777,-6.244239,40,10,30,6,4,0,4,40,10,30,6,4,0,4
695,13,dublin,FITZWILLIAM SQUARE WEST,Fitzwilliam Square West,False,False,OPEN,2024-12-25 16:42:42,True,False,,,53.336074,-6.252825,30,24,6,10,14,0,14,30,24,6,10,14,0,14
696,43,dublin,PORTOBELLO ROAD,Portobello Road,False,False,OPEN,2024-12-25 16:45:59,True,False,,,53.330091,-6.268044,30,18,11,15,3,0,3,30,18,11,15,3,0,3
697,31,dublin,PARNELL STREET,Parnell Street,False,False,OPEN,2024-12-25 16:51:15,True,False,,,53.350929,-6.265125,20,8,12,7,1,0,1,20,8,12,7,1,0,1
698,98,dublin,FREDERICK STREET SOUTH,Frederick Street South,False,False,OPEN,2024-12-25 16:51:20,True,False,,,53.341515,-6.256853,40,14,26,10,4,0,4,40,14,26,10,4,0,4
699,14,dublin,FOWNES STREET UPPER,Fownes Street Upper,False,False,OPEN,2024-12-25 16:45:13,True,False,,,53.344603,-6.263371,30,30,0,19,11,0,11,30,30,0,19,11,0,11
700,1,dublin,CLARENDON ROW,Clarendon Row,False,False,OPEN,2024-12-25 16:44:15,True,False,,,53.340927,-6.262501,31,16,15,13,3,0,3,31,16,15,13,3,0,3
701,23,dublin,CUSTOM HOUSE,Custom House,False,False,OPEN,2024-12-25 16:45:40,True,False,,,53.348279,-6.254662,30,21,9,20,1,0,1,30,21,9,20,1,0,1
702,106,dublin,RATHDOWN ROAD,Rathdown Road,False,False,OPEN,2024-12-25 16:43:25,True,False,,,53.35893,-6.280337,40,16,24,1,15,0,15,40,16,24,1,15,0,15
703,112,dublin,NORTH CIRCULAR ROAD (O'CONNELL'S),North Circular Road (O'Connell's),False,False,OPEN,2024-12-25 16:44:40,True,False,,,53.357841,-6.251557,30,3,27,2,1,0,1,30,3,27,2,1,0,1
704,68,dublin,HANOVER QUAY,Hanover Quay,False,False,OPEN,2024-12-25 16:43:39,True,False,,,53.344115,-6.237153,40,10,30,4,6,0,6,40,10,30,4,6,0,6
705,74,dublin,OLIVER BOND STREET,Oliver Bond Street,False,False,OPEN,2024-12-25 16:50:56,True,False,,,53.343893,-6.280531,30,22,8,15,7,0,7,30,22,8,15,7,0,7
706,87,dublin,COLLINS BARRACKS MUSEUM,Collins Barracks Museum,False,False,OPEN,2024-12-25 16:51:55,True,False,,,53.347477,-6.28525,38,16,22,8,8,0,8,38,16,22,8,8,0,8
707,84,dublin,BROOKFIELD ROAD,Brookfield Road,False,False,OPEN,2024-12-25 16:47:53,True,False,,,53.339005,-6.300217,30,19,11,11,8,0,8,30,19,11,11,8,0,8
708,90,dublin,BENSON STREET,Benson Street,False,False,OPEN,2024-12-25 16:46:49,True,False,,,53.344153,-6.233451,40,2,38,2,0,0,0,40,2,38,2,0,0,0
709,11,dublin,EARLSFORT TERRACE,Earlsfort Terrace,False,False,OPEN,2024-12-25 16:47:30,True,False,,,53.334295,-6.258503,30,15,15,11,4,0,4,30,15,15,11,4,0,4
710,17,dublin,GOLDEN LANE,Golden Lane,False,False,OPEN,2024-12-25 16:47:26,True,False,,,53.340803,-6.267732,20,18,2,10,8,0,8,20,18,2,10,8,0,8
711,45,dublin,DEVERELL PLACE,Deverell Place,False,False,OPEN,2024-12-25 16:47:15,True,False,,,53.351464,-6.255265,30,4,26,3,1,0,1,30,4,26,3,1,0,1
712,114,dublin,WILTON TERRACE (PARK),Wilton Terrace (Park),False,False,OPEN,2024-12-25 16:44:01,True,False,,,53.333653,-6.248345,40,4,36,3,1,0,1,40,4,36,3,1,0,1
713,72,dublin,JOHN STREET WEST,John Street West,False,False,OPEN,2024-12-25 16:42:36,True,False,,,53.343105,-6.277167,31,2,29,0,2,0,2,31,2,29,0,2,0,2
714,63,dublin,FENIAN STREET,Fenian Street,False,False,OPEN,2024-12-25 16:46:09,True,False,,,53.341428,-6.24672,35,25,10,13,12,0,12,35,25,10,13,12,0,12
715,113,dublin,MERRION SQUARE SOUTH,Merrion Square South,False,False,OPEN,2024-12-25 16:44:43,True,False,,,53.338614,-6.248606,40,10,19,7,3,0,3,40,10,19,7,3,0,3
716,91,dublin,SOUTH DOCK ROAD,South Dock Road,False,False,OPEN,2024-12-25 16:43:57,True,False,,,53.341833,-6.231291,30,17,13,10,7,0,7,30,17,13,10,7,0,7
717,99,dublin,CITY QUAY,City Quay,False,False,OPEN,2024-12-25 16:51:51,True,False,,,53.346637,-6.246154,30,23,7,8,15,0,15,30,23,7,8,15,0,15
718,9,dublin,EXCHEQUER STREET,Exchequer Street,False,False,OPEN,2024-12-25 16:48:40,True,False,,,53.343034,-6.263578,24,10,14,9,1,0,1,24,10,14,9,1,0,1
719,67,dublin,THE POINT,The Point,False,False,OPEN,2024-12-25 16:44:53,True,False,,,53.346867,-6.230852,40,22,18,14,8,0,8,40,22,18,14,8,0,8
720,116,dublin,BROADSTONE,Broadstone,False,False,OPEN,2024-12-25 16:46:44,True,False,,,53.3547,-6.272314,30,17,13,5,12,0,12,30,17,13,5,12,0,12
721,55,dublin,HATCH STREET,Hatch Street,False,False,OPEN,2024-12-25 16:47:35,True,False,,,53.33403,-6.260714,36,17,19,9,8,0,8,36,17,19,9,8,0,8
722,62,dublin,LIME STREET,Lime Street,False,False,OPEN,2024-12-25 16:42:45,True,False,,,53.346026,-6.243576,40,12,28,4,8,0,8,40,12,28,4,8,0,8
723,5,dublin,CHARLEMONT PLACE,Charlemont Street,False,False,OPEN,2024-12-25 16:49:16,True,False,,,53.330662,-6.260177,40,12,28,7,5,0,5,40,12,28,7,5,0,5
724,97,dublin,KILMAINHAM GAOL,Kilmainham Gaol,False,False,OPEN,2024-12-25 16:43:02,True,False,,,53.342113,-6.310015,40,12,28,4,8,0,8,40,12,28,4,8,0,8
725,61,dublin,HARDWICKE PLACE,Hardwicke Place,False,False,OPEN,2024-12-25 16:47:17,True,False,,,53.357043,-6.263232,25,9,16,6,3,0,3,25,9,16,6,3,0,3
726,77,dublin,WOLFE TONE STREET,Wolfe Tone Street,False,False,OPEN,2024-12-25 16:51:18,True,False,,,53.348875,-6.267459,29,14,15,6,8,0,8,29,14,15,6,8,0,8
727,73,dublin,FRANCIS STREET,Francis Street,False,False,OPEN,2024-12-25 16:46:39,True,False,,,53.342081,-6.275233,30,9,20,3,6,0,6,30,9,20,3,6,0,6
728,4,dublin,GREEK STREET,Greek Street,False,False,OPEN,2024-12-25 16:48:26,True,False,,,53.346874,-6.272976,20,16,3,9,7,0,7,20,16,3,9,7,0,7
729,49,dublin,GUILD STREET,Guild Street,False,False,OPEN,2024-12-25 16:46:05,True,False,,,53.347932,-6.240928,40,33,7,23,10,0,10,40,33,7,23,10,0,10
730,19,dublin,HERBERT PLACE,Herbert Place,False,False,OPEN,2024-12-25 16:44:46,True,False,,,53.334432,-6.245575,30,1,29,1,0,0,0,30,1,29,1,0,0,0
731,7,dublin,HIGH STREET,High Street,False,False,OPEN,2024-12-25 16:51:14,True,False,,,53.343565,-6.275071,29,0,29,0,0,0,0,29,0,29,0,0,0,0
732,60,dublin,NORTH CIRCULAR ROAD,North Circular Road,False,False,OPEN,2024-12-25 16:46:03,True,False,,,53.359624,-6.260348,30,12,18,10,2,0,2,30,12,18,10,2,0,2
733,102,dublin,WESTERN WAY,Western Way,False,False,OPEN,2024-12-25 16:44:03,True,False,,,53.354929,-6.269425,40,6,34,5,1,0,1,40,6,34,5,1,0,1
734,38,dublin,TALBOT STREET,Talbot Street,False,False,OPEN,2024-12-25 16:49:04,True,False,,,53.350974,-6.25294,40,6,33,5,1,0,1,40,6,33,5,1,0,1
735,53,dublin,NEWMAN HOUSE,Newman House,False,False,OPEN,2024-12-25 16:46:55,True,False,,,53.337132,-6.26059,40,12,28,11,1,0,1,40,12,28,11,1,0,1
736,58,dublin,SIR PATRICK DUN'S,Sir Patrick's Dun,False,False,OPEN,2024-12-25 16:46:36,True,False,,,53.339218,-6.240642,40,34,6,25,9,0,9,40,34,6,25,9,0,9
737,66,dublin,NEW CENTRAL BANK,New Central Bank,False,False,OPEN,2024-12-25 16:42:41,True,False,,,53.347122,-6.234749,40,0,40,0,0,0,0,40,0,40,0,0,0,0
738,104,dublin,GRANGEGORMAN LOWER (CENTRAL),Grangegorman Lower (Central),False,False,OPEN,2024-12-25 16:46:03,True,False,,,53.355173,-6.278424,40,5,35,2,3,0,3,40,5,35,2,3,0,3
739,101,dublin,KING STREET NORTH,King Street North,False,False,OPEN,2024-12-25 16:51:48,True,False,,,53.350291,-6.273507,30,13,17,9,4,0,4,30,13,17,9,4,0,4
740,115,dublin,KILLARNEY STREET,Killarney Street,False,False,OPEN,2024-12-25 16:45:48,True,False,,,53.354845,-6.247579,30,28,2,20,8,0,8,30,28,2,20,8,0,8
741,47,dublin,HERBERT STREET,Herbert Street,False,False,OPEN,2024-12-25 16:48:46,True,False,,,53.335742,-6.24551,40,0,40,0,0,0,0,40,0,40,0,0,0,0
742,117,dublin,HANOVER QUAY EAST,Hanover Quay East,False,False,OPEN,2024-12-25 16:47:49,True,False,,,53.343653,-6.231755,40,0,40,0,0,0,0,40,0,40,0,0,0,0
743,8,dublin,CUSTOM HOUSE QUAY,Custom House Quay,False,False,OPEN,2024-12-25 16:49:04,True,False,,,53.347884,-6.248048,30,12,18,7,5,0,5,30,12,18,7,5,0,5
744,27,dublin,MOLESWORTH STREET,Molesworth Street,False,False,OPEN,2024-12-25 16:45:01,True,False,,,53.341288,-6.258117,20,2,18,2,0,0,0,20,2,18,2,0,0,0
745,16,dublin,GEORGES QUAY,Georges Quay,False,False,OPEN,2024-12-25 16:51:13,True,False,,,53.347508,-6.252192,20,13,7,7,6,0,6,20,13,7,7,6,0,6
746,96,dublin,KILMAINHAM LANE,Kilmainham Lane,False,False,OPEN,2024-12-25 16:42:22,True,False,,,53.341805,-6.305085,30,7,23,7,0,0,0,30,7,23,7,0,0,0
747,82,dublin,MOUNT BROWN,Mount Brown,False,False,OPEN,2024-12-25 16:44:13,True,False,,,53.341645,-6.29719,22,9,13,2,7,0,7,22,9,13,2,7,0,7
748,76,dublin,MARKET STREET SOUTH,Market Street South,False,False,OPEN,2024-12-25 16:43:12,True,False,,,53.342296,-6.287661,38,3,35,2,1,0,1,38,3,35,2,1,0,1
749,71,dublin,KEVIN STREET,Kevin Street,False,False,OPEN,2024-12-25 16:47:40,True,False,,,53.337757,-6.267699,40,17,23,9,8,0,8,40,17,23,9,8,0,8
750,79,dublin,ECCLES STREET EAST,Eccles Street East,False,False,OPEN,2024-12-25 16:48:01,True,False,,,53.358115,-6.265601,27,2,25,0,2,0,2,27,2,25,0,2,0,2
751,69,dublin,GRAND CANAL DOCK,Grand Canal Dock,False,False,OPEN,2024-12-25 16:48:19,True,False,,,53.342638,-6.238695,40,25,15,14,11,0,11,40,25,15,14,11,0,11
752,25,dublin,MERRION SQUARE EAST,Merrion Square East,False,False,OPEN,2024-12-25 16:47:35,True,False,,,53.339434,-6.246548,30,3,27,2,1,0,1,30,3,27,2,1,0,1
753,51,dublin,YORK STREET WEST,York Street West,False,False,OPEN,2024-12-25 16:43:19,True,False,,,53.339334,-6.264699,40,0,0,0,0,0,0,40,0,0,0,0,0,0
754,37,dublin,ST. STEPHEN'S GREEN SOUTH,St. Stephen's Green South,False,False,OPEN,2024-12-25 16:50:31,True,False,,,53.337494,-6.26199,30,11,19,5,6,0,6,30,11,19,5,6,0,6
755,59,dublin,DENMARK STREET GREAT,Denmark Street Great,False,False,OPEN,2024-12-25 16:48:22,True,False,,,53.35561,-6.261397,20,1,19,0,1,0,1,20,1,19,0,1,0,1
756,95,dublin,ROYAL HOSPITAL,Royal Hospital,False,False,OPEN,2024-12-25 16:48:16,True,False,,,53.343897,-6.29706,40,26,14,15,11,0,11,40,26,14,15,11,0,11
757,94,dublin,HEUSTON STATION (CAR PARK),Heuston Station (Car Park),False,False,OPEN,2024-12-25 16:45:59,True,False,,,53.346985,-6.297804,40,13,27,10,3,0,3,40,13,27,10,3,0,3
758,105,dublin,GRANGEGORMAN LOWER (NORTH),Grangegorman Lower (North),False,False,OPEN,2024-12-25 16:49:27,True,False,,,53.355954,-6.278378,36,0,36,0,0,0,0,36,0,36,0,0,0,0
759,36,dublin,ST. STEPHEN'S GREEN EAST,St. Stephen's Green East,False,False,OPEN,2024-12-25 16:43:12,True,False,,,53.337824,-6.256035,40,6,34,4,2,0,2,40,6,34,4,2,0,2
760,93,dublin,HEUSTON STATION (CENTRAL),Heuston Station (Central),False,False,OPEN,2024-12-25 16:45:15,True,False,,,53.346603,-6.296924,40,14,26,13,1,0,1,40,14,26,13,1,0,1
761,22,dublin,TOWNSEND STREET,Townsend Street,False,False,OPEN,2024-12-25 16:43:41,True,False,,,53.345922,-6.254614,20,15,5,9,6,0,6,20,15,5,9,6,0,6
762,50,dublin,GEORGES LANE,George's Lane,False,False,OPEN,2024-12-25 16:47:28,True,False,,,53.35023,-6.279696,40,0,40,0,0,0,0,40,0,40,0,0,0,0
763,110,dublin,PHIBSBOROUGH ROAD,Phibsborough Road,False,False,OPEN,2024-12-25 16:46:28,True,False,,,53.356307,-6.273717,40,15,25,8,7,0,7,40,15,25,8,7,0,7
764,12,dublin,ECCLES STREET,Eccles Street,False,False,OPEN,2024-12-25 16:42:49,True,False,,,53.359246,-6.269779,20,5,15,0,5,0,5,20,5,15,0,5,0,5
765,34,dublin,PORTOBELLO HARBOUR,Portobello Harbour,False,False,OPEN,2024-12-25 16:43:55,True,False,,,53.330362,-6.265163,30,7,23,6,1,0,1,30,7,23,6,1,0,1
766,78,dublin,MATER HOSPITAL,Mater Hospital,False,False,OPEN,2024-12-25 16:49:07,True,False,,,53.359967,-6.264828,40,2,38,2,0,0,0,40,2,38,2,0,0,0
767,2,dublin,BLESSINGTON STREET,Blessington Street,False,False,OPEN,2024-12-25 16:45:33,True,False,,,53.356769,-6.26814,20,4,16,2,2,0,2,20,4,16,2,2,0,2
768,75,dublin,JAMES STREET,James Street,False,False,OPEN,2024-12-25 16:48:55,True,False,,,53.343456,-6.287409,40,23,17,17,6,0,6,40,23,17,17,6,0,6
769,111,dublin,MOUNTJOY SQUARE EAST,Mountjoy Square East,False,False,OPEN,2024-12-25 16:45:47,True,False,,,53.356717,-6.256359,40,4,36,2,2,0,2,40,4,36,2,2,0,2
770,26,dublin,MERRION SQUARE WEST,Merrion Square West,False,False,OPEN,2024-12-25 16:43:50,True,False,,,53.339764,-6.251988,20,5,15,5,0,0,0,20,5,15,5,0,0,0
771,65,dublin,CONVENTION CENTRE,Convention Centre,False,False,OPEN,2024-12-25 16:49:08,True,False,,,53.34744,-6.238523,40,2,38,1,1,0,1,40,2,38,1,1,0,1
772,15,dublin,HARDWICKE STREET,Hardwicke Street,False,False,OPEN,2024-12-25 16:45:53,True,False,,,53.355473,-6.264423,16,3,13,0,3,0,3,16,3,13,0,3,0,3
773,86,dublin,PARKGATE STREET,Parkgate Street,False,False,OPEN,2024-12-25 16:50:51,True,False,,,53.347972,-6.291804,38,30,8,6,24,0,24,38,30,8,6,24,0,24
774,35,dublin,SMITHFIELD,Smithfield,False,False,OPEN,2024-12-25 16:45:24,True,False,,,53.347692,-6.278214,30,14,16,8,6,0,6,30,14,16,8,6,0,6
775,10,dublin,DAME STREET,Dame Street,False,False,OPEN,2024-12-25 16:47:19,True,False,,,53.344007,-6.266802,16,12,4,10,2,0,2,16,12,4,10,2,0,2
776,100,dublin,HEUSTON BRIDGE (SOUTH),Heuston Bridge (South),False,False,OPEN,2024-12-25 16:41:34,True,False,,,53.347106,-6.292041,25,23,2,16,7,0,7,25,23,2,16,7,0,7
777,24,dublin,CATHAL BRUGHA STREET,Cathal Brugha Street,False,False,OPEN,2024-12-25 16:51:18,True,False,,,53.352149,-6.260533,20,11,7,6,5,0,5,20,11,7,6,5,0,5
778,64,dublin,SANDWITH STREET,Sandwith Street,False,False,OPEN,2024-12-25 16:51:41,True,False,,,53.345203,-6.247163,40,7,33,7,0,0,0,40,7,33,7,0,0,0
779,109,dublin,BUCKINGHAM STREET LOWER,Buckingham Street Lower,False,False,OPEN,2024-12-25 16:47:53,True,False,,,53.353331,-6.249319,29,20,9,11,9,0,9,29,20,9,11,9,0,9
780,85,dublin,ROTHE ABBEY,Rothe Abbey,False,False,OPEN,2024-12-25 16:45:34,True,False,,,53.338776,-6.30395,35,29,6,11,18,0,18,35,29,6,11,18,0,18
781,107,dublin,CHARLEVILLE ROAD,Charleville Road,False,False,OPEN,2024-12-25 16:45:56,True,False,,,53.359157,-6.281866,40,5,35,3,2,0,2,40,5,35,3,2,0,2
782,33,dublin,PRINCES STREET / O'CONNELL STREET,Princes Street / O'Connell Street,False,False,OPEN,2024-12-25 16:51:43,True,False,,,53.349013,-6.260311,23,17,6,5,12,0,12,23,17,6,5,12,0,12
783,44,dublin,UPPER SHERRARD STREET,Upper Sherrard Street,False,False,OPEN,2024-12-25 16:49:37,True,False,,,53.358437,-6.260641,30,8,22,3,5,0,5,30,8,22,3,5,0,5
784,89,dublin,FITZWILLIAM SQUARE EAST,Fitzwilliam Square East,False,False,OPEN,2024-12-25 16:47:17,True,False,,,53.335211,-6.2509,40,21,19,10,11,0,11,40,21,19,10,11,0,11
785,57,dublin,GRATTAN STREET,Grattan Street,False,False,OPEN,2024-12-25 16:42:59,True,False,,,53.339629,-6.243778,23,7,16,4,3,0,3,23,7,16,4,3,0,3
786,80,dublin,ST JAMES HOSPITAL (LUAS),St James Hospital (Luas),False,False,OPEN,2024-12-25 16:46:06,True,False,,,53.341359,-6.292951,40,17,23,4,13,0,13,40,17,23,4,13,0,13
787,41,dublin,HARCOURT TERRACE,Harcourt Terrace,False,False,OPEN,2024-12-25 16:42:00,True,False,,,53.332763,-6.257942,20,2,18,0,2,0,2,20,2,18,0,2,0,2
788,3,dublin,BOLTON STREET,Bolton Street,False,False,OPEN,2024-12-25 16:43:43,True,False,,,53.351182,-6.269859,20,15,5,10,5,0,5,20,15,5,10,5,0,5
789,40,dublin,JERVIS STREET,Jervis Street,False,False,OPEN,2024-12-25 16:51:43,True,False,,,53.3483,-6.266651,21,8,13,8,0,0,0,21,8,13,8,0,0,0
790,29,dublin,ORMOND QUAY UPPER,Ormond Quay Upper,False,False,OPEN,2024-12-25 16:49:59,True,False,,,53.346057,-6.268001,29,29,0,18,11,0,11,29,29,0,18,11,0,11
791,103,dublin,GRANGEGORMAN LOWER (SOUTH),Grangegorman Lower (South),False,False,OPEN,2024-12-25 16:47:47,True,False,,,53.354663,-6.278681,40,4,36,3,1,0,1,40,4,36,3,1,0,1
792,28,dublin,MOUNTJOY SQUARE WEST,Mountjoy Square West,False,False,OPEN,2024-12-25 16:45:10,True,False,,,53.356299,-6.258586,30,19,11,7,12,0,12,30,19,11,7,12,0,12
793,39,dublin,WILTON TERRACE,Wilton Terrace,False,False,OPEN,2024-12-25 16:50:27,True,False,,,53.332383,-6.252717,20,7,13,5,2,0,2,20,7,13,5,2,0,2
794,83,dublin,EMMET ROAD,Emmet Road,False,False,OPEN,2024-12-25 16:49:00,True,False,,,53.340714,-6.308191,40,18,21,13,5,0,5,40,18,21,13,5,0,5
795,92,dublin,HEUSTON BRIDGE (NORTH),Heuston Bridge (North),False,False,OPEN,2024-12-25 16:45:01,True,False,,,53.347802,-6.292432,40,37,3,29,8,0,8,40,37,3,29,8,0,8
796,21,dublin,LEINSTER STREET SOUTH,Leinster Street South,False,False,OPEN,2024-12-25 16:51:34,True,False,,,53.34218,-6.254485,30,11,19,4,7,0,7,30,11,19,4,7,0,7
797,88,dublin,BLACKHALL PLACE,Blackhall Place,False,False,OPEN,2024-12-25 16:47:48,True,False,,,53.3488,-6.281637,30,5,25,5,0,0,0,30,5,25,5,0,0,0
798,42,dublin,SMITHFIELD NORTH,Smithfield North,False,False,OPEN,2024-12-25 17:12:28,True,False,,,53.349562,-6.278198,30,1,29,0,1,0,1,30,1,29,0,1,0,1
799,30,dublin,PARNELL SQUARE NORTH,Parnell Square North,False,False,OPEN,2024-12-25 17:20:22,True,False,,,53.3537415547453,-6.26530144781526,20,6,14,6,0,0,0,20,6,14,6,0,0,0
800,54,dublin,CLONMEL STREET,Clonmel Street,False,False,OPEN,2024-12-25 17:12:26,True,False,,,53.336021,-6.26298,33,13,20,1,12,0,12,33,13,20,1,12,0,12
801,108,dublin,AVONDALE ROAD,Avondale Road,False,False,OPEN,2024-12-25 17:16:01,True,False,,,53.359405,-6.276142,35,1,34,1,0,0,0,35,1,34,1,0,0,0
802,20,dublin,JAMES STREET EAST,James Street East,False,False,OPEN,2024-12-25 17:15:57,True,False,,,53.336597,-6.248109,30,2,28,2,0,0,0,30,2,28,2,0,0,0
803,56,dublin,MOUNT STREET LOWER,Mount Street Lower,False,False,OPEN,2024-12-25 17:21:30,True,False,,,53.33796,-6.24153,40,12,28,5,7,0,7,40,12,28,5,7,0,7
804,6,dublin,CHRISTCHURCH PLACE,Christchurch Place,False,False,OPEN,2024-12-25 17:16:56,True,False,,,53.343368,-6.27012,20,5,15,3,2,0,2,20,5,15,3,2,0,2
805,18,dublin,GRANTHAM STREET,Grantham Street,False,False,OPEN,2024-12-25 17:15:02,True,False,,,53.334123,-6.265436,30,17,13,11,6,0,6,30,17,13,11,6,0,6
806,32,dublin,PEARSE STREET,Pearse Street,False,False,OPEN,2024-12-25 17:15:21,True,False,,,53.344304,-6.250427,30,16,14,12,4,0,4,30,16,14,12,4,0,4
807,52,dublin,YORK STREET EAST,York Street East,False,False,OPEN,2024-12-25 17:14:25,True,False,,,53.338755,-6.262003,32,6,26,5,1,0,1,32,6,26,5,1,0,1
808,48,dublin,EXCISE WALK,Excise Walk,False,False,OPEN,2024-12-25 17:13:23,True,False,,,53.347777,-6.244239,40,11,29,7,4,0,4,40,11,29,7,4,0,4
809,13,dublin,FITZWILLIAM SQUARE WEST,Fitzwilliam Square West,False,False,OPEN,2024-12-25 17:12:54,True,False,,,53.336074,-6.252825,30,24,6,10,14,0,14,30,24,6,10,14,0,14
810,43,dublin,PORTOBELLO ROAD,Portobello Road,False,False,OPEN,2024-12-25 17:16:15,True,False,,,53.330091,-6.268044,30,18,11,15,3,0,3,30,18,11,15,3,0,3
811,31,dublin,PARNELL STREET,Parnell Street,False,False,OPEN,2024-12-25 17:20:04,True,False,,,53.350929,-6.265125,20,10,10,9,1,0,1,20,10,10,9,1,0,1
812,98,dublin,FREDERICK STREET SOUTH,Frederick Street South,False,False,OPEN,2024-12-25 17:21:32,True,False,,,53.341515,-6.256853,40,14,26,10,4,0,4,40,14,26,10,4,0,4
813,14,dublin,FOWNES STREET UPPER,Fownes Street Upper,False,False,OPEN,2024-12-25 17:15:25,True,False,,,53.344603,-6.263371,30,30,0,19,11,0,11,30,30,0,19,11,0,11
814,1,dublin,CLARENDON ROW,Clarendon Row,False,False,OPEN,2024-12-25 17:14:37,True,False,,,53.340927,-6.262501,31,14,17,11,3,0,3,31,14,17,11,3,0,3
815,23,dublin,CUSTOM HOUSE,Custom House,False,False,OPEN,2024-12-25 17:15:57,True,False,,,53.348279,-6.254662,30,22,8,20,2,0,2,30,22,8,20,2,0,2
816,106,dublin,RATHDOWN ROAD,Rathdown Road,False,False,OPEN,2024-12-25 17:13:41,True,False,,,53.35893,-6.280337,40,16,24,1,15,0,15,40,16,24,1,15,0,15
817,112,dublin,NORTH CIRCULAR ROAD (O'CONNELL'S),North Circular Road (O'Connell's),False,False,OPEN,2024-12-25 17:21:08,True,False,,,53.357841,-6.251557,30,6,24,3,3,0,3,30,6,24,3,3,0,3
818,68,dublin,HANOVER QUAY,Hanover Quay,False,False,OPEN,2024-12-25 17:16:31,True,False,,,53.344115,-6.237153,40,8,32,3,5,0,5,40,8,32,3,5,0,5
819,74,dublin,OLIVER BOND STREET,Oliver Bond Street,False,False,OPEN,2024-12-25 17:21:50,True,False,,,53.343893,-6.280531,30,23,7,15,8,0,8,30,23,7,15,8,0,8
820,87,dublin,COLLINS BARRACKS MUSEUM,Collins Barracks Museum,False,False,OPEN,2024-12-25 17:13:27,True,False,,,53.347477,-6.28525,38,15,23,7,8,0,8,38,15,23,7,8,0,8
821,84,dublin,BROOKFIELD ROAD,Brookfield Road,False,False,OPEN,2024-12-25 17:18:09,True,False,,,53.339005,-6.300217,30,19,11,11,8,0,8,30,19,11,11,8,0,8
822,90,dublin,BENSON STREET,Benson Street,False,False,OPEN,2024-12-25 17:17:05,True,False,,,53.344153,-6.233451,40,4,36,3,1,0,1,40,4,36,3,1,0,1
823,11,dublin,EARLSFORT TERRACE,Earlsfort Terrace,False,False,OPEN,2024-12-25 17:17:42,True,False,,,53.334295,-6.258503,30,15,15,11,4,0,4,30,15,15,11,4,0,4
824,17,dublin,GOLDEN LANE,Golden Lane,False,False,OPEN,2024-12-25 17:17:38,True,False,,,53.340803,-6.267732,20,18,2,10,8,0,8,20,18,2,10,8,0,8
825,45,dublin,DEVERELL PLACE,Deverell Place,False,False,OPEN,2024-12-25 17:17:26,True,False,,,53.351464,-6.255265,30,4,26,3,1,0,1,30,4,26,3,1,0,1
826,114,dublin,WILTON TERRACE (PARK),Wilton Terrace (Park),False,False,OPEN,2024-12-25 17:14:13,True,False,,,53.333653,-6.248345,40,4,36,3,1,0,1,40,4,36,3,1,0,1
827,72,dublin,JOHN STREET WEST,John Street West,False,False,OPEN,2024-12-25 17:12:49,True,False,,,53.343105,-6.277167,31,2,29,0,2,0,2,31,2,29,0,2,0,2
828,63,dublin,FENIAN STREET,Fenian Street,False,False,OPEN,2024-12-25 17:14:06,True,False,,,53.341428,-6.24672,35,25,10,13,12,0,12,35,25,10,13,12,0,12
829,113,dublin,MERRION SQUARE SOUTH,Merrion Square South,False,False,OPEN,2024-12-25 17:14:55,True,False,,,53.338614,-6.248606,40,10,19,7,3,0,3,40,10,19,7,3,0,3
830,91,dublin,SOUTH DOCK ROAD,South Dock Road,False,False,OPEN,2024-12-25 17:14:10,True,False,,,53.341833,-6.231291,30,18,12,11,7,0,7,30,18,12,11,7,0,7
831,99,dublin,CITY QUAY,City Quay,False,False,OPEN,2024-12-25 17:16:26,True,False,,,53.346637,-6.246154,30,24,6,9,15,0,15,30,24,6,9,15,0,15
832,9,dublin,EXCHEQUER STREET,Exchequer Street,False,False,OPEN,2024-12-25 17:18:57,True,False,,,53.343034,-6.263578,24,9,15,8,1,0,1,24,9,15,8,1,0,1
833,67,dublin,THE POINT,The Point,False,False,OPEN,2024-12-25 17:15:11,True,False,,,53.346867,-6.230852,40,22,18,13,9,0,9,40,22,18,13,9,0,9
834,116,dublin,BROADSTONE,Broadstone,False,False,OPEN,2024-12-25 17:16:55,True,False,,,53.3547,-6.272314,30,17,13,5,12,0,12,30,17,13,5,12,0,12
835,55,dublin,HATCH STREET,Hatch Street,False,False,OPEN,2024-12-25 17:17:47,True,False,,,53.33403,-6.260714,36,17,19,9,8,0,8,36,17,19,9,8,0,8
836,62,dublin,LIME STREET,Lime Street,False,False,OPEN,2024-12-25 17:12:57,True,False,,,53.346026,-6.243576,40,12,28,4,8,0,8,40,12,28,4,8,0,8
837,5,dublin,CHARLEMONT PLACE,Charlemont Street,False,False,OPEN,2024-12-25 17:17:34,True,False,,,53.330662,-6.260177,40,12,28,7,5,0,5,40,12,28,7,5,0,5
838,97,dublin,KILMAINHAM GAOL,Kilmainham Gaol,False,False,OPEN,2024-12-25 17:13:15,True,False,,,53.342113,-6.310015,40,12,28,4,8,0,8,40,12,28,4,8,0,8
839,61,dublin,HARDWICKE PLACE,Hardwicke Place,False,False,OPEN,2024-12-25 17:21:58,True,False,,,53.357043,-6.263232,25,11,14,8,3,0,3,25,11,14,8,3,0,3
840,77,dublin,WOLFE TONE STREET,Wolfe Tone Street,False,False,OPEN,2024-12-25 17:14:32,True,False,,,53.348875,-6.267459,29,14,15,6,8,0,8,29,14,15,6,8,0,8
841,73,dublin,FRANCIS STREET,Francis Street,False,False,OPEN,2024-12-25 17:14:30,True,False,,,53.342081,-6.275233,30,8,21,3,5,0,5,30,8,21,3,5,0,5
842,4,dublin,GREEK STREET,Greek Street,False,False,OPEN,2024-12-25 17:21:04,True,False,,,53.346874,-6.272976,20,16,3,8,8,0,8,20,16,3,8,8,0,8
843,49,dublin,GUILD STREET,Guild Street,False,False,OPEN,2024-12-25 17:16:24,True,False,,,53.347932,-6.240928,40,32,8,24,8,0,8,40,32,8,24,8,0,8
844,19,dublin,HERBERT PLACE,Herbert Place,False,False,OPEN,2024-12-25 17:20:40,True,False,,,53.334432,-6.245575,30,0,30,0,0,0,0,30,0,30,0,0,0,0
845,7,dublin,HIGH STREET,High Street,False,False,OPEN,2024-12-25 17:21:30,True,False,,,53.343565,-6.275071,29,0,29,0,0,0,0,29,0,29,0,0,0,0
846,60,dublin,NORTH CIRCULAR ROAD,North Circular Road,False,False,OPEN,2024-12-25 17:15:44,True,False,,,53.359624,-6.260348,30,12,18,10,2,0,2,30,12,18,10,2,0,2
847,102,dublin,WESTERN WAY,Western Way,False,False,OPEN,2024-12-25 17:14:14,True,False,,,53.354929,-6.269425,40,6,34,5,1,0,1,40,6,34,5,1,0,1
848,38,dublin,TALBOT STREET,Talbot Street,False,False,OPEN,2024-12-25 17:19:16,True,False,,,53.350974,-6.25294,40,8,31,6,2,0,2,40,8,31,6,2,0,2
849,53,dublin,NEWMAN HOUSE,Newman House,False,False,OPEN,2024-12-25 17:17:08,True,False,,,53.337132,-6.26059,40,12,28,11,1,0,1,40,12,28,11,1,0,1
850,58,dublin,SIR PATRICK DUN'S,Sir Patrick's Dun,False,False,OPEN,2024-12-25 17:16:48,True,False,,,53.339218,-6.240642,40,35,5,26,9,0,9,40,35,5,26,9,0,9
851,66,dublin,NEW CENTRAL BANK,New Central Bank,False,False,OPEN,2024-12-25 17:12:52,True,False,,,53.347122,-6.234749,40,1,39,0,1,0,1,40,1,39,0,1,0,1
852,104,dublin,GRANGEGORMAN LOWER (CENTRAL),Grangegorman Lower (Central),False,False,OPEN,2024-12-25 17:16:20,True,False,,,53.355173,-6.278424,40,5,35,2,3,0,3,40,5,35,2,3,0,3
853,101,dublin,KING STREET NORTH,King Street North,False,False,OPEN,2024-12-25 17:11:59,True,False,,,53.350291,-6.273507,30,12,18,8,4,0,4,30,12,18,8,4,0,4
854,115,dublin,KILLARNEY STREET,Killarney Street,False,False,OPEN,2024-12-25 17:22:00,True,False,,,53.354845,-6.247579,30,30,0,21,9,0,9,30,30,0,21,9,0,9
855,47,dublin,HERBERT STREET,Herbert Street,False,False,OPEN,2024-12-25 17:19:02,True,False,,,53.335742,-6.24551,40,0,40,0,0,0,0,40,0,40,0,0,0,0
856,117,dublin,HANOVER QUAY EAST,Hanover Quay East,False,False,OPEN,2024-12-25 17:18:01,True,False,,,53.343653,-6.231755,40,0,40,0,0,0,0,40,0,40,0,0,0,0
857,8,dublin,CUSTOM HOUSE QUAY,Custom House Quay,False,False,OPEN,2024-12-25 17:19:17,True,False,,,53.347884,-6.248048,30,12,18,7,5,0,5,30,12,18,7,5,0,5
858,27,dublin,MOLESWORTH STREET,Molesworth Street,False,False,OPEN,2024-12-25 17:15:12,True,False,,,53.341288,-6.258117,20,2,18,2,0,0,0,20,2,18,2,0,0,0
859,16,dublin,GEORGES QUAY,Georges Quay,False,False,OPEN,2024-12-25 17:21:30,True,False,,,53.347508,-6.252192,20,8,12,5,3,0,3,20,8,12,5,3,0,3
860,96,dublin,KILMAINHAM LANE,Kilmainham Lane,False,False,OPEN,2024-12-25 17:12:34,True,False,,,53.341805,-6.305085,30,7,23,7,0,0,0,30,7,23,7,0,0,0
861,82,dublin,MOUNT BROWN,Mount Brown,False,False,OPEN,2024-12-25 17:14:28,True,False,,,53.341645,-6.29719,22,9,13,2,7,0,7,22,9,13,2,7,0,7
862,76,dublin,MARKET STREET SOUTH,Market Street South,False,False,OPEN,2024-12-25 17:13:28,True,False,,,53.342296,-6.287661,38,3,35,2,1,0,1,38,3,35,2,1,0,1
863,71,dublin,KEVIN STREET,Kevin Street,False,False,OPEN,2024-12-25 17:17:53,True,False,,,53.337757,-6.267699,40,18,22,10,8,0,8,40,18,22,10,8,0,8
864,79,dublin,ECCLES STREET EAST,Eccles Street East,False,False,OPEN,2024-12-25 17:18:16,True,False,,,53.358115,-6.265601,27,2,25,0,2,0,2,27,2,25,0,2,0,2
865,69,dublin,GRAND CANAL DOCK,Grand Canal Dock,False,False,OPEN,2024-12-25 17:18:32,True,False,,,53.342638,-6.238695,40,25,15,14,11,0,11,40,25,15,14,11,0,11
866,25,dublin,MERRION SQUARE EAST,Merrion Square East,False,False,OPEN,2024-12-25 17:17:47,True,False,,,53.339434,-6.246548,30,3,27,2,1,0,1,30,3,27,2,1,0,1
867,51,dublin,YORK STREET WEST,York Street West,False,False,OPEN,2024-12-25 17:13:31,True,False,,,53.339334,-6.264699,40,0,0,0,0,0,0,40,0,0,0,0,0,0
868,37,dublin,ST. STEPHEN'S GREEN SOUTH,St. Stephen's Green South,False,False,OPEN,2024-12-25 17:15:24,True,False,,,53.337494,-6.26199,30,12,18,6,6,0,6,30,12,18,6,6,0,6
869,59,dublin,DENMARK STREET GREAT,Denmark Street Great,False,False,OPEN,2024-12-25 17:18:35,True,False,,,53.35561,-6.261397,20,1,19,0,1,0,1,20,1,19,0,1,0,1
870,95,dublin,ROYAL HOSPITAL,Royal Hospital,False,False,OPEN,2024-12-25 17:18:33,True,False,,,53.343897,-6.29706,40,26,14,15,11,0,11,40,26,14,15,11,0,11
871,94,dublin,HEUSTON STATION (CAR PARK),Heuston Station (Car Park),False,False,OPEN,2024-12-25 17:16:15,True,False,,,53.346985,-6.297804,40,13,27,10,3,0,3,40,13,27,10,3,0,3
872,105,dublin,GRANGEGORMAN LOWER (NORTH),Grangegorman Lower (North),False,False,OPEN,2024-12-25 17:19:39,True,False,,,53.355954,-6.278378,36,0,36,0,0,0,0,36,0,36,0,0,0,0
873,36,dublin,ST. STEPHEN'S GREEN EAST,St. Stephen's Green East,False,False,OPEN,2024-12-25 17:13:58,True,False,,,53.337824,-6.256035,40,8,32,4,4,0,4,40,8,32,4,4,0,4
874,93,dublin,HEUSTON STATION (CENTRAL),Heuston Station (Central),False,False,OPEN,2024-12-25 17:15:26,True,False,,,53.346603,-6.296924,40,14,26,13,1,0,1,40,14,26,13,1,0,1
875,22,dublin,TOWNSEND STREET,Townsend Street,False,False,OPEN,2024-12-25 17:13:53,True,False,,,53.345922,-6.254614,20,15,5,9,6,0,6,20,15,5,9,6,0,6
876,50,dublin,GEORGES LANE,George's Lane,False,False,OPEN,2024-12-25 17:17:44,True,False,,,53.35023,-6.279696,40,0,40,0,0,0,0,40,0,40,0,0,0,0
877,110,dublin,PHIBSBOROUGH ROAD,Phibsborough Road,False,False,OPEN,2024-12-25 17:16:43,True,False,,,53.356307,-6.273717,40,14,26,7,7,0,7,40,14,26,7,7,0,7
878,12,dublin,ECCLES STREET,Eccles Street,False,False,OPEN,2024-12-25 17:13:01,True,False,,,53.359246,-6.269779,20,5,15,0,5,0,5,20,5,15,0,5,0,5
879,34,dublin,PORTOBELLO HARBOUR,Portobello Harbour,False,False,OPEN,2024-12-25 17:17:16,True,False,,,53.330362,-6.265163,30,9,21,7,2,0,2,30,9,21,7,2,0,2
880,78,dublin,MATER HOSPITAL,Mater Hospital,False,False,OPEN,2024-12-25 17:19:19,True,False,,,53.359967,-6.264828,40,2,38,2,0,0,0,40,2,38,2,0,0,0
881,2,dublin,BLESSINGTON STREET,Blessington Street,False,False,OPEN,2024-12-25 17:15:48,True,False,,,53.356769,-6.26814,20,2,18,1,1,0,1,20,2,18,1,1,0,1
882,75,dublin,JAMES STREET,James Street,False,False,OPEN,2024-12-25 17:19:11,True,False,,,53.343456,-6.287409,40,21,19,16,5,0,5,40,21,19,16,5,0,5
883,111,dublin,MOUNTJOY SQUARE EAST,Mountjoy Square East,False,False,OPEN,2024-12-25 17:16:59,True,False,,,53.356717,-6.256359,40,3,37,1,2,0,2,40,3,37,1,2,0,2
884,26,dublin,MERRION SQUARE WEST,Merrion Square West,False,False,OPEN,2024-12-25 17:19:42,True,False,,,53.339764,-6.251988,20,4,16,4,0,0,0,20,4,16,4,0,0,0
885,65,dublin,CONVENTION CENTRE,Convention Centre,False,False,OPEN,2024-12-25 17:19:21,True,False,,,53.34744,-6.238523,40,3,37,2,1,0,1,40,3,37,2,1,0,1
886,15,dublin,HARDWICKE STREET,Hardwicke Street,False,False,OPEN,2024-12-25 17:16:09,True,False,,,53.355473,-6.264423,16,1,15,1,0,0,0,16,1,15,1,0,0,0
887,86,dublin,PARKGATE STREET,Parkgate Street,False,False,OPEN,2024-12-25 17:20:36,True,False,,,53.347972,-6.291804,38,27,11,4,23,0,23,38,27,11,4,23,0,23
888,35,dublin,SMITHFIELD,Smithfield,False,False,OPEN,2024-12-25 17:14:12,True,False,,,53.347692,-6.278214,30,15,15,9,6,0,6,30,15,15,9,6,0,6
889,10,dublin,DAME STREET,Dame Street,False,False,OPEN,2024-12-25 17:17:40,True,False,,,53.344007,-6.266802,16,12,4,10,2,0,2,16,12,4,10,2,0,2
890,100,dublin,HEUSTON BRIDGE (SOUTH),Heuston Bridge (South),False,False,OPEN,2024-12-25 17:14:24,True,False,,,53.347106,-6.292041,25,23,2,16,7,0,7,25,23,2,16,7,0,7
891,24,dublin,CATHAL BRUGHA STREET,Cathal Brugha Street,False,False,OPEN,2024-12-25 17:17:08,True,False,,,53.352149,-6.260533,20,11,7,6,5,0,5,20,11,7,6,5,0,5
892,64,dublin,SANDWITH STREET,Sandwith Street,False,False,OPEN,2024-12-25 17:21:57,True,False,,,53.345203,-6.247163,40,7,33,7,0,0,0,40,7,33,7,0,0,0
893,109,dublin,BUCKINGHAM STREET LOWER,Buckingham Street Lower,False,False,OPEN,2024-12-25 17:18:50,True,False,,,53.353331,-6.249319,29,24,5,12,12,0,12,29,24,5,12,12,0,12
894,85,dublin,ROTHE ABBEY,Rothe Abbey,False,False,OPEN,2024-12-25 17:19:27,True,False,,,53.338776,-6.30395,35,28,7,10,18,0,18,35,28,7,10,18,0,18
895,107,dublin,CHARLEVILLE ROAD,Charleville Road,False,False,OPEN,2024-12-25 17:21:25,True,False,,,53.359157,-6.281866,40,4,36,3,1,0,1,40,4,36,3,1,0,1
896,33,dublin,PRINCES STREET / O'CONNELL STREET,Princes Street / O'Connell Street,False,False,OPEN,2024-12-25 17:21:12,True,False,,,53.349013,-6.260311,23,17,6,5,12,0,12,23,17,6,5,12,0,12
897,44,dublin,UPPER SHERRARD STREET,Upper Sherrard Street,False,False,OPEN,2024-12-25 17:19:55,True,False,,,53.358437,-6.260641,30,9,21,3,6,0,6,30,9,21,3,6,0,6
898,89,dublin,FITZWILLIAM SQUARE EAST,Fitzwilliam Square East,False,False,OPEN,2024-12-25 17:17:30,True,False,,,53.335211,-6.2509,40,21,19,10,11,0,11,40,21,19,10,11,0,11
899,57,dublin,GRATTAN STREET,Grattan Street,False,False,OPEN,2024-12-25 17:13:11,True,False,,,53.339629,-6.243778,23,7,16,4,3,0,3,23,7,16,4,3,0,3
900,80,dublin,ST JAMES HOSPITAL (LUAS),St James Hospital (Luas),False,False,OPEN,2024-12-25 17:16:20,True,False,,,53.341359,-6.292951,40,16,24,4,12,0,12,40,16,24,4,12,0,12
901,41,dublin,HARCOURT TERRACE,Harcourt Terrace,False,False,OPEN,2024-12-25 17:12:12,True,False,,,53.332763,-6.257942,20,2,18,0,2,0,2,20,2,18,0,2,0,2
902,3,dublin,BOLTON STREET,Bolton Street,False,False,OPEN,2024-12-25 17:18:17,True,False,,,53.351182,-6.269859,20,15,5,10,5,0,5,20,15,5,10,5,0,5
903,40,dublin,JERVIS STREET,Jervis Street,False,False,OPEN,2024-12-25 17:11:59,True,False,,,53.3483,-6.266651,21,8,12,7,1,0,1,21,8,12,7,1,0,1
904,29,dublin,ORMOND QUAY UPPER,Ormond Quay Upper,False,False,OPEN,2024-12-25 17:20:13,True,False,,,53.346057,-6.268001,29,29,0,19,10,0,10,29,29,0,19,10,0,10
905,103,dublin,GRANGEGORMAN LOWER (SOUTH),Grangegorman Lower (South),False,False,OPEN,2024-12-25 17:18:00,True,False,,,53.354663,-6.278681,40,3,37,2,1,0,1,40,3,37,2,1,0,1
906,28,dublin,MOUNTJOY SQUARE WEST,Mountjoy Square West,False,False,OPEN,2024-12-25 17:19:09,True,False,,,53.356299,-6.258586,30,18,12,7,11,0,11,30,18,12,7,11,0,11
907,39,dublin,WILTON TERRACE,Wilton Terrace,False,False,OPEN,2024-12-25 17:14:46,True,False,,,53.332383,-6.252717,20,7,13,5,2,0,2,20,7,13,5,2,0,2
908,83,dublin,EMMET ROAD,Emmet Road,False,False,OPEN,2024-12-25 17:19:06,True,False,,,53.340714,-6.308191,40,18,22,13,5,0,5,40,18,22,13,5,0,5
909,92,dublin,HEUSTON BRIDGE (NORTH),Heuston Bridge (North),False,False,OPEN,2024-12-25 17:15:50,True,False,,,53.347802,-6.292432,40,38,2,30,8,0,8,40,38,2,30,8,0,8
910,21,dublin,LEINSTER STREET SOUTH,Leinster Street South,False,False,OPEN,2024-12-25 17:21:49,True,False,,,53.34218,-6.254485,30,10,20,4,6,0,6,30,10,20,4,6,0,6
911,88,dublin,BLACKHALL PLACE,Blackhall Place,False,False,OPEN,2024-12-25 17:18:00,True,False,,,53.3488,-6.281637,30,5,25,5,0,0,0,30,5,25,5,0,0,0
912,42,dublin,SMITHFIELD NORTH,Smithfield North,False,False,OPEN,2024-12-25 17:42:44,True,False,,,53.349562,-6.278198,30,1,29,0,1,0,1,30,1,29,0,1,0,1
913,30,dublin,PARNELL SQUARE NORTH,Parnell Square North,False,False,OPEN,2024-12-25 17:50:37,True,False,,,53.3537415547453,-6.26530144781526,20,6,14,6,0,0,0,20,6,14,6,0,0,0
914,54,dublin,CLONMEL STREET,Clonmel Street,False,False,OPEN,2024-12-25 17:45:14,True,False,,,53.336021,-6.26298,33,13,20,1,12,0,12,33,13,20,1,12,0,12
915,108,dublin,AVONDALE ROAD,Avondale Road,False,False,OPEN,2024-12-25 17:46:12,True,False,,,53.359405,-6.276142,35,1,34,1,0,0,0,35,1,34,1,0,0,0
916,20,dublin,JAMES STREET EAST,James Street East,False,False,OPEN,2024-12-25 17:46:10,True,False,,,53.336597,-6.248109,30,2,28,2,0,0,0,30,2,28,2,0,0,0
917,56,dublin,MOUNT STREET LOWER,Mount Street Lower,False,False,OPEN,2024-12-25 17:51:40,True,False,,,53.33796,-6.24153,40,12,28,5,7,0,7,40,12,28,5,7,0,7
918,6,dublin,CHRISTCHURCH PLACE,Christchurch Place,False,False,OPEN,2024-12-25 17:44:08,True,False,,,53.343368,-6.27012,20,4,16,2,2,0,2,20,4,16,2,2,0,2
919,18,dublin,GRANTHAM STREET,Grantham Street,False,False,OPEN,2024-12-25 17:45:15,True,False,,,53.334123,-6.265436,30,16,14,10,6,0,6,30,16,14,10,6,0,6
920,32,dublin,PEARSE STREET,Pearse Street,False,False,OPEN,2024-12-25 17:45:34,True,False,,,53.344304,-6.250427,30,16,14,12,4,0,4,30,16,14,12,4,0,4
921,52,dublin,YORK STREET EAST,York Street East,False,False,OPEN,2024-12-25 17:44:41,True,False,,,53.338755,-6.262003,32,6,26,5,1,0,1,32,6,26,5,1,0,1
922,48,dublin,EXCISE WALK,Excise Walk,False,False,OPEN,2024-12-25 17:43:35,True,False,,,53.347777,-6.244239,40,11,29,7,4,0,4,40,11,29,7,4,0,4
923,13,dublin,FITZWILLIAM SQUARE WEST,Fitzwilliam Square West,False,False,OPEN,2024-12-25 17:43:05,True,False,,,53.336074,-6.252825,30,24,6,10,14,0,14,30,24,6,10,14,0,14
924,43,dublin,PORTOBELLO ROAD,Portobello Road,False,False,OPEN,2024-12-25 17:46:30,True,False,,,53.330091,-6.268044,30,18,11,15,3,0,3,30,18,11,15,3,0,3
925,31,dublin,PARNELL STREET,Parnell Street,False,False,OPEN,2024-12-25 17:48:24,True,False,,,53.350929,-6.265125,20,8,12,7,1,0,1,20,8,12,7,1,0,1
926,98,dublin,FREDERICK STREET SOUTH,Frederick Street South,False,False,OPEN,2024-12-25 17:51:45,True,False,,,53.341515,-6.256853,40,14,26,10,4,0,4,40,14,26,10,4,0,4
927,14,dublin,FOWNES STREET UPPER,Fownes Street Upper,False,False,OPEN,2024-12-25 17:45:39,True,False,,,53.344603,-6.263371,30,30,0,19,11,0,11,30,30,0,19,11,0,11
928,1,dublin,CLARENDON ROW,Clarendon Row,False,False,OPEN,2024-12-25 17:44:52,True,False,,,53.340927,-6.262501,31,14,17,11,3,0,3,31,14,17,11,3,0,3
929,23,dublin,CUSTOM HOUSE,Custom House,False,False,OPEN,2024-12-25 17:47:26,True,False,,,53.348279,-6.254662,30,21,9,20,1,0,1,30,21,9,20,1,0,1
930,106,dublin,RATHDOWN ROAD,Rathdown Road,False,False,OPEN,2024-12-25 17:43:57,True,False,,,53.35893,-6.280337,40,16,24,1,15,0,15,40,16,24,1,15,0,15
931,112,dublin,NORTH CIRCULAR ROAD (O'CONNELL'S),North Circular Road (O'Connell's),False,False,OPEN,2024-12-25 17:45:09,True,False,,,53.357841,-6.251557,30,7,23,4,3,0,3,30,7,23,4,3,0,3
932,68,dublin,HANOVER QUAY,Hanover Quay,False,False,OPEN,2024-12-25 17:44:04,True,False,,,53.344115,-6.237153,40,8,32,3,5,0,5,40,8,32,3,5,0,5
933,74,dublin,OLIVER BOND STREET,Oliver Bond Street,False,False,OPEN,2024-12-25 17:47:21,True,False,,,53.343893,-6.280531,30,23,7,15,8,0,8,30,23,7,15,8,0,8
934,87,dublin,COLLINS BARRACKS MUSEUM,Collins Barracks Museum,False,False,OPEN,2024-12-25 17:42:32,True,False,,,53.347477,-6.28525,38,13,25,5,8,0,8,38,13,25,5,8,0,8
935,84,dublin,BROOKFIELD ROAD,Brookfield Road,False,False,OPEN,2024-12-25 17:48:25,True,False,,,53.339005,-6.300217,30,19,11,11,8,0,8,30,19,11,11,8,0,8
936,90,dublin,BENSON STREET,Benson Street,False,False,OPEN,2024-12-25 17:48:18,True,False,,,53.344153,-6.233451,40,4,36,3,1,0,1,40,4,36,3,1,0,1
937,11,dublin,EARLSFORT TERRACE,Earlsfort Terrace,False,False,OPEN,2024-12-25 17:47:55,True,False,,,53.334295,-6.258503,30,15,15,11,4,0,4,30,15,15,11,4,0,4
938,17,dublin,GOLDEN LANE,Golden Lane,False,False,OPEN,2024-12-25 17:47:50,True,False,,,53.340803,-6.267732,20,18,2,10,8,0,8,20,18,2,10,8,0,8
939,45,dublin,DEVERELL PLACE,Deverell Place,False,False,OPEN,2024-12-25 17:47:39,True,False,,,53.351464,-6.255265,30,5,25,3,2,0,2,30,5,25,3,2,0,2
940,114,dublin,WILTON TERRACE (PARK),Wilton Terrace (Park),False,False,OPEN,2024-12-25 17:45:23,True,False,,,53.333653,-6.248345,40,4,36,3,1,0,1,40,4,36,3,1,0,1
941,72,dublin,JOHN STREET WEST,John Street West,False,False,OPEN,2024-12-25 17:43:02,True,False,,,53.343105,-6.277167,31,2,29,0,2,0,2,31,2,29,0,2,0,2
942,63,dublin,FENIAN STREET,Fenian Street,False,False,OPEN,2024-12-25 17:44:19,True,False,,,53.341428,-6.24672,35,25,10,13,12,0,12,35,25,10,13,12,0,12
943,113,dublin,MERRION SQUARE SOUTH,Merrion Square South,False,False,OPEN,2024-12-25 17:45:07,True,False,,,53.338614,-6.248606,40,10,19,7,3,0,3,40,10,19,7,3,0,3
944,91,dublin,SOUTH DOCK ROAD,South Dock Road,False,False,OPEN,2024-12-25 17:50:11,True,False,,,53.341833,-6.231291,30,21,9,14,7,0,7,30,21,9,14,7,0,7
945,99,dublin,CITY QUAY,City Quay,False,False,OPEN,2024-12-25 17:42:12,True,False,,,53.346637,-6.246154,30,24,6,9,15,0,15,30,24,6,9,15,0,15
946,9,dublin,EXCHEQUER STREET,Exchequer Street,False,False,OPEN,2024-12-25 17:49:15,True,False,,,53.343034,-6.263578,24,9,15,8,1,0,1,24,9,15,8,1,0,1
947,67,dublin,THE POINT,The Point,False,False,OPEN,2024-12-25 17:48:07,True,False,,,53.346867,-6.230852,40,24,16,15,9,0,9,40,24,16,15,9,0,9
948,116,dublin,BROADSTONE,Broadstone,False,False,OPEN,2024-12-25 17:47:07,True,False,,,53.3547,-6.272314,30,19,11,7,12,0,12,30,19,11,7,12,0,12
949,55,dublin,HATCH STREET,Hatch Street,False,False,OPEN,2024-12-25 17:47:59,True,False,,,53.33403,-6.260714,36,17,19,9,8,0,8,36,17,19,9,8,0,8
950,62,dublin,LIME STREET,Lime Street,False,False,OPEN,2024-12-25 17:50:49,True,False,,,53.346026,-6.243576,40,11,29,3,8,0,8,40,11,29,3,8,0,8
951,5,dublin,CHARLEMONT PLACE,Charlemont Street,False,False,OPEN,2024-12-25 17:47:49,True,False,,,53.330662,-6.260177,40,11,29,6,5,0,5,40,11,29,6,5,0,5
952,97,dublin,KILMAINHAM GAOL,Kilmainham Gaol,False,False,OPEN,2024-12-25 17:43:28,True,False,,,53.342113,-6.310015,40,12,28,4,8,0,8,40,12,28,4,8,0,8
953,61,dublin,HARDWICKE PLACE,Hardwicke Place,False,False,OPEN,2024-12-25 17:47:41,True,False,,,53.357043,-6.263232,25,11,14,8,3,0,3,25,11,14,8,3,0,3
954,77,dublin,WOLFE TONE STREET,Wolfe Tone Street,False,False,OPEN,2024-12-25 17:44:45,True,False,,,53.348875,-6.267459,29,15,14,7,8,0,8,29,15,14,7,8,0,8
955,73,dublin,FRANCIS STREET,Francis Street,False,False,OPEN,2024-12-25 17:46:21,True,False,,,53.342081,-6.275233,30,8,21,3,5,0,5,30,8,21,3,5,0,5
956,4,dublin,GREEK STREET,Greek Street,False,False,OPEN,2024-12-25 17:49:03,True,False,,,53.346874,-6.272976,20,16,3,7,9,0,9,20,16,3,7,9,0,9
957,49,dublin,GUILD STREET,Guild Street,False,False,OPEN,2024-12-25 17:49:44,True,False,,,53.347932,-6.240928,40,37,3,30,7,0,7,40,37,3,30,7,0,7
958,19,dublin,HERBERT PLACE,Herbert Place,False,False,OPEN,2024-12-25 17:45:11,True,False,,,53.334432,-6.245575,30,0,30,0,0,0,0,30,0,30,0,0,0,0
959,7,dublin,HIGH STREET,High Street,False,False,OPEN,2024-12-25 17:51:45,True,False,,,53.343565,-6.275071,29,0,29,0,0,0,0,29,0,29,0,0,0,0
960,60,dublin,NORTH CIRCULAR ROAD,North Circular Road,False,False,OPEN,2024-12-25 17:45:56,True,False,,,53.359624,-6.260348,30,11,19,9,2,0,2,30,11,19,9,2,0,2
961,102,dublin,WESTERN WAY,Western Way,False,False,OPEN,2024-12-25 17:49:26,True,False,,,53.354929,-6.269425,40,7,33,6,1,0,1,40,7,33,6,1,0,1
962,38,dublin,TALBOT STREET,Talbot Street,False,False,OPEN,2024-12-25 17:49:27,True,False,,,53.350974,-6.25294,40,8,31,6,2,0,2,40,8,31,6,2,0,2
963,53,dublin,NEWMAN HOUSE,Newman House,False,False,OPEN,2024-12-25 17:47:19,True,False,,,53.337132,-6.26059,40,12,28,11,1,0,1,40,12,28,11,1,0,1
964,58,dublin,SIR PATRICK DUN'S,Sir Patrick's Dun,False,False,OPEN,2024-12-25 17:47:01,True,False,,,53.339218,-6.240642,40,35,5,26,9,0,9,40,35,5,26,9,0,9
965,66,dublin,NEW CENTRAL BANK,New Central Bank,False,False,OPEN,2024-12-25 17:49:52,True,False,,,53.347122,-6.234749,40,7,33,3,4,0,4,40,7,33,3,4,0,4
966,104,dublin,GRANGEGORMAN LOWER (CENTRAL),Grangegorman Lower (Central),False,False,OPEN,2024-12-25 17:46:37,True,False,,,53.355173,-6.278424,40,4,36,2,2,0,2,40,4,36,2,2,0,2
967,101,dublin,KING STREET NORTH,King Street North,False,False,OPEN,2024-12-25 17:48:46,True,False,,,53.350291,-6.273507,30,12,18,7,5,0,5,30,12,18,7,5,0,5
968,115,dublin,KILLARNEY STREET,Killarney Street,False,False,OPEN,2024-12-25 17:48:12,True,False,,,53.354845,-6.247579,30,28,2,21,7,0,7,30,28,2,21,7,0,7
969,47,dublin,HERBERT STREET,Herbert Street,False,False,OPEN,2024-12-25 17:49:18,True,False,,,53.335742,-6.24551,40,0,40,0,0,0,0,40,0,40,0,0,0,0
970,117,dublin,HANOVER QUAY EAST,Hanover Quay East,False,False,OPEN,2024-12-25 17:48:13,True,False,,,53.343653,-6.231755,40,0,40,0,0,0,0,40,0,40,0,0,0,0
971,8,dublin,CUSTOM HOUSE QUAY,Custom House Quay,False,False,OPEN,2024-12-25 17:49:31,True,False,,,53.347884,-6.248048,30,13,17,7,6,0,6,30,13,17,7,6,0,6
972,27,dublin,MOLESWORTH STREET,Molesworth Street,False,False,OPEN,2024-12-25 17:45:23,True,False,,,53.341288,-6.258117,20,2,18,2,0,0,0,20,2,18,2,0,0,0
973,16,dublin,GEORGES QUAY,Georges Quay,False,False,OPEN,2024-12-25 17:51:41,True,False,,,53.347508,-6.252192,20,8,12,5,3,0,3,20,8,12,5,3,0,3
974,96,dublin,KILMAINHAM LANE,Kilmainham Lane,False,False,OPEN,2024-12-25 17:42:46,True,False,,,53.341805,-6.305085,30,7,23,7,0,0,0,30,7,23,7,0,0,0
975,82,dublin,MOUNT BROWN,Mount Brown,False,False,OPEN,2024-12-25 17:44:44,True,False,,,53.341645,-6.29719,22,9,13,2,7,0,7,22,9,13,2,7,0,7
976,76,dublin,MARKET STREET SOUTH,Market Street South,False,False,OPEN,2024-12-25 17:43:44,True,False,,,53.342296,-6.287661,38,3,35,2,1,0,1,38,3,35,2,1,0,1
977,71,dublin,KEVIN STREET,Kevin Street,False,False,OPEN,2024-12-25 17:48:05,True,False,,,53.337757,-6.267699,40,18,22,10,8,0,8,40,18,22,10,8,0,8
978,79,dublin,ECCLES STREET EAST,Eccles Street East,False,False,OPEN,2024-12-25 17:48:32,True,False,,,53.358115,-6.265601,27,2,25,0,2,0,2,27,2,25,0,2,0,2
979,69,dublin,GRAND CANAL DOCK,Grand Canal Dock,False,False,OPEN,2024-12-25 17:48:48,True,False,,,53.342638,-6.238695,40,25,15,14,11,0,11,40,25,15,14,11,0,11
980,25,dublin,MERRION SQUARE EAST,Merrion Square East,False,False,OPEN,2024-12-25 17:47:59,True,False,,,53.339434,-6.246548,30,3,27,2,1,0,1,30,3,27,2,1,0,1
981,51,dublin,YORK STREET WEST,York Street West,False,False,OPEN,2024-12-25 17:43:43,True,False,,,53.339334,-6.264699,40,0,0,0,0,0,0,40,0,0,0,0,0,0
982,37,dublin,ST. STEPHEN'S GREEN SOUTH,St. Stephen's Green South,False,False,OPEN,2024-12-25 17:43:08,True,False,,,53.337494,-6.26199,30,13,17,7,6,0,6,30,13,17,7,6,0,6
983,59,dublin,DENMARK STREET GREAT,Denmark Street Great,False,False,OPEN,2024-12-25 17:48:47,True,False,,,53.35561,-6.261397,20,1,19,0,1,0,1,20,1,19,0,1,0,1
984,95,dublin,ROYAL HOSPITAL,Royal Hospital,False,False,OPEN,2024-12-25 17:48:49,True,False,,,53.343897,-6.29706,40,26,14,15,11,0,11,40,26,14,15,11,0,11
985,94,dublin,HEUSTON STATION (CAR PARK),Heuston Station (Car Park),False,False,OPEN,2024-12-25 17:46:31,True,False,,,53.346985,-6.297804,40,13,27,10,3,0,3,40,13,27,10,3,0,3
986,105,dublin,GRANGEGORMAN LOWER (NORTH),Grangegorman Lower (North),False,False,OPEN,2024-12-25 17:49:51,True,False,,,53.355954,-6.278378,36,0,36,0,0,0,0,36,0,36,0,0,0,0
987,36,dublin,ST. STEPHEN'S GREEN EAST,St. Stephen's Green East,False,False,OPEN,2024-12-25 17:43:43,True,False,,,53.337824,-6.256035,40,10,30,5,5,0,5,40,10,30,5,5,0,5
988,93,dublin,HEUSTON STATION (CENTRAL),Heuston Station (Central),False,False,OPEN,2024-12-25 17:45:38,True,False,,,53.346603,-6.296924,40,14,26,13,1,0,1,40,14,26,13,1,0,1
989,22,dublin,TOWNSEND STREET,Townsend Street,False,False,OPEN,2024-12-25 17:47:03,True,False,,,53.345922,-6.254614,20,17,3,11,6,0,6,20,17,3,11,6,0,6
990,50,dublin,GEORGES LANE,George's Lane,False,False,OPEN,2024-12-25 17:48:01,True,False,,,53.35023,-6.279696,40,1,39,0,1,0,1,40,1,39,0,1,0,1
991,110,dublin,PHIBSBOROUGH ROAD,Phibsborough Road,False,False,OPEN,2024-12-25 17:47:00,True,False,,,53.356307,-6.273717,40,12,28,5,7,0,7,40,12,28,5,7,0,7
992,12,dublin,ECCLES STREET,Eccles Street,False,False,OPEN,2024-12-25 17:43:17,True,False,,,53.359246,-6.269779,20,5,15,0,5,0,5,20,5,15,0,5,0,5
993,34,dublin,PORTOBELLO HARBOUR,Portobello Harbour,False,False,OPEN,2024-12-25 17:44:25,True,False,,,53.330362,-6.265163,30,7,23,5,2,0,2,30,7,23,5,2,0,2
994,78,dublin,MATER HOSPITAL,Mater Hospital,False,False,OPEN,2024-12-25 17:49:31,True,False,,,53.359967,-6.264828,40,2,38,2,0,0,0,40,2,38,2,0,0,0
995,2,dublin,BLESSINGTON STREET,Blessington Street,False,False,OPEN,2024-12-25 17:45:59,True,False,,,53.356769,-6.26814,20,2,18,1,1,0,1,20,2,18,1,1,0,1
996,75,dublin,JAMES STREET,James Street,False,False,OPEN,2024-12-25 17:49:41,True,False,,,53.343456,-6.287409,40,19,21,15,4,0,4,40,19,21,15,4,0,4
997,111,dublin,MOUNTJOY SQUARE EAST,Mountjoy Square East,False,False,OPEN,2024-12-25 17:46:21,True,False,,,53.356717,-6.256359,40,5,35,2,3,0,3,40,5,35,2,3,0,3
998,26,dublin,MERRION SQUARE WEST,Merrion Square West,False,False,OPEN,2024-12-25 17:44:23,True,False,,,53.339764,-6.251988,20,4,16,4,0,0,0,20,4,16,4,0,0,0
999,65,dublin,CONVENTION CENTRE,Convention Centre,False,False,OPEN,2024-12-25 17:49:35,True,False,,,53.34744,-6.238523,40,4,36,3,1,0,1,40,4,36,3,1,0,1
1000,15,dublin,HARDWICKE STREET,Hardwicke Street,False,False,OPEN,2024-12-25 17:46:19,True,False,,,53.355473,-6.264423,16,1,15,1,0,0,0,16,1,15,1,0,0,0
1001,86,dublin,PARKGATE STREET,Parkgate Street,False,False,OPEN,2024-12-25 17:43:48,True,False,,,53.347972,-6.291804,38,27,11,4,23,0,23,38,27,11,4,23,0,23
1002,35,dublin,SMITHFIELD,Smithfield,False,False,OPEN,2024-12-25 17:44:23,True,False,,,53.347692,-6.278214,30,17,13,9,8,0,8,30,17,13,9,8,0,8
1003,10,dublin,DAME STREET,Dame Street,False,False,OPEN,2024-12-25 17:48:02,True,False,,,53.344007,-6.266802,16,10,6,8,2,0,2,16,10,6,8,2,0,2
1004,100,dublin,HEUSTON BRIDGE (SOUTH),Heuston Bridge (South),False,False,OPEN,2024-12-25 17:47:16,True,False,,,53.347106,-6.292041,25,23,2,16,7,0,7,25,23,2,16,7,0,7
1005,24,dublin,CATHAL BRUGHA STREET,Cathal Brugha Street,False,False,OPEN,2024-12-25 17:50:05,True,False,,,53.352149,-6.260533,20,12,8,7,5,0,5,20,12,8,7,5,0,5
1006,64,dublin,SANDWITH STREET,Sandwith Street,False,False,OPEN,2024-12-25 17:42:07,True,False,,,53.345203,-6.247163,40,7,33,7,0,0,0,40,7,33,7,0,0,0
1007,109,dublin,BUCKINGHAM STREET LOWER,Buckingham Street Lower,False,False,OPEN,2024-12-25 17:48:19,True,False,,,53.353331,-6.249319,29,24,5,12,12,0,12,29,24,5,12,12,0,12
1008,85,dublin,ROTHE ABBEY,Rothe Abbey,False,False,OPEN,2024-12-25 17:46:36,True,False,,,53.338776,-6.30395,35,27,8,9,18,0,18,35,27,8,9,18,0,18
1009,107,dublin,CHARLEVILLE ROAD,Charleville Road,False,False,OPEN,2024-12-25 17:46:19,True,False,,,53.359157,-6.281866,40,4,36,3,1,0,1,40,4,36,3,1,0,1
1010,33,dublin,PRINCES STREET / O'CONNELL STREET,Princes Street / O'Connell Street,False,False,OPEN,2024-12-25 17:48:31,True,False,,,53.349013,-6.260311,23,19,4,7,12,0,12,23,19,4,7,12,0,12
1011,44,dublin,UPPER SHERRARD STREET,Upper Sherrard Street,False,False,OPEN,2024-12-25 17:50:14,True,False,,,53.358437,-6.260641,30,8,22,3,5,0,5,30,8,22,3,5,0,5
1012,89,dublin,FITZWILLIAM SQUARE EAST,Fitzwilliam Square East,False,False,OPEN,2024-12-25 17:47:42,True,False,,,53.335211,-6.2509,40,21,19,10,11,0,11,40,21,19,10,11,0,11
1013,57,dublin,GRATTAN STREET,Grattan Street,False,False,OPEN,2024-12-25 17:43:22,True,False,,,53.339629,-6.243778,23,7,16,4,3,0,3,23,7,16,4,3,0,3
1014,80,dublin,ST JAMES HOSPITAL (LUAS),St James Hospital (Luas),False,False,OPEN,2024-12-25 17:46:33,True,False,,,53.341359,-6.292951,40,16,24,4,12,0,12,40,16,24,4,12,0,12
1015,41,dublin,HARCOURT TERRACE,Harcourt Terrace,False,False,OPEN,2024-12-25 17:42:27,True,False,,,53.332763,-6.257942,20,1,19,0,1,0,1,20,1,19,0,1,0,1
1016,3,dublin,BOLTON STREET,Bolton Street,False,False,OPEN,2024-12-25 17:45:15,True,False,,,53.351182,-6.269859,20,15,5,9,6,0,6,20,15,5,9,6,0,6
1017,40,dublin,JERVIS STREET,Jervis Street,False,False,OPEN,2024-12-25 17:42:15,True,False,,,53.3483,-6.266651,21,10,10,8,2,0,2,21,10,10,8,2,0,2
1018,29,dublin,ORMOND QUAY UPPER,Ormond Quay Upper,False,False,OPEN,2024-12-25 17:50:33,True,False,,,53.346057,-6.268001,29,27,2,16,11,0,11,29,27,2,16,11,0,11
1019,103,dublin,GRANGEGORMAN LOWER (SOUTH),Grangegorman Lower (South),False,False,OPEN,2024-12-25 17:48:13,True,False,,,53.354663,-6.278681,40,1,39,0,1,0,1,40,1,39,0,1,0,1
1020,28,dublin,MOUNTJOY SQUARE WEST,Mountjoy Square West,False,False,OPEN,2024-12-25 17:45:54,True,False,,,53.356299,-6.258586,30,17,13,7,10,0,10,30,17,13,7,10,0,10
1021,39,dublin,WILTON TERRACE,Wilton Terrace,False,False,OPEN,2024-12-25 17:44:58,True,False,,,53.332383,-6.252717,20,7,13,5,2,0,2,20,7,13,5,2,0,2
1022,83,dublin,EMMET ROAD,Emmet Road,False,False,OPEN,2024-12-25 17:50:57,True,False,,,53.340714,-6.308191,40,19,21,13,6,0,6,40,19,21,13,6,0,6
1023,92,dublin,HEUSTON BRIDGE (NORTH),Heuston Bridge (North),False,False,OPEN,2024-12-25 17:43:05,True,False,,,53.347802,-6.292432,40,38,2,30,8,0,8,40,38,2,30,8,0,8
1024,21,dublin,LEINSTER STREET SOUTH,Leinster Street South,False,False,OPEN,2024-12-25 17:52:01,True,False,,,53.34218,-6.254485,30,10,20,4,6,0,6,30,10,20,4,6,0,6
1025,88,dublin,BLACKHALL PLACE,Blackhall Place,False,False,OPEN,2024-12-25 17:48:12,True,False,,,53.3488,-6.281637,30,5,25,5,0,0,0,30,5,25,5,0,0,0
1026,42,dublin,SMITHFIELD NORTH,Smithfield North,False,False,OPEN,2024-12-25 18:15:31,True,False,,,53.349562,-6.278198,30,0,30,0,0,0,0,30,0,30,0,0,0,0
1027,30,dublin,PARNELL SQUARE NORTH,Parnell Square North,False,False,OPEN,2024-12-25 18:20:54,True,False,,,53.3537415547453,-6.26530144781526,20,6,14,6,0,0,0,20,6,14,6,0,0,0
1028,54,dublin,CLONMEL STREET,Clonmel Street,False,False,OPEN,2024-12-25 18:15:30,True,False,,,53.336021,-6.26298,33,11,22,1,10,0,10,33,11,22,1,10,0,10
1029,108,dublin,AVONDALE ROAD,Avondale Road,False,False,OPEN,2024-12-25 18:16:25,True,False,,,53.359405,-6.276142,35,1,34,0,1,0,1,35,1,34,0,1,0,1
1030,20,dublin,JAMES STREET EAST,James Street East,False,False,OPEN,2024-12-25 18:16:22,True,False,,,53.336597,-6.248109,30,2,28,2,0,0,0,30,2,28,2,0,0,0
1031,56,dublin,MOUNT STREET LOWER,Mount Street Lower,False,False,OPEN,2024-12-25 18:21:51,True,False,,,53.33796,-6.24153,40,12,28,5,7,0,7,40,12,28,5,7,0,7
1032,6,dublin,CHRISTCHURCH PLACE,Christchurch Place,False,False,OPEN,2024-12-25 18:14:24,True,False,,,53.343368,-6.27012,20,8,12,5,3,0,3,20,8,12,5,3,0,3
1033,18,dublin,GRANTHAM STREET,Grantham Street,False,False,OPEN,2024-12-25 18:20:15,True,False,,,53.334123,-6.265436,30,16,14,10,6,0,6,30,16,14,10,6,0,6
1034,32,dublin,PEARSE STREET,Pearse Street,False,False,OPEN,2024-12-25 18:15:47,True,False,,,53.344304,-6.250427,30,16,14,12,4,0,4,30,16,14,12,4,0,4
1035,52,dublin,YORK STREET EAST,York Street East,False,False,OPEN,2024-12-25 18:14:57,True,False,,,53.338755,-6.262003,32,7,25,5,2,0,2,32,7,25,5,2,0,2
1036,48,dublin,EXCISE WALK,Excise Walk,False,False,OPEN,2024-12-25 18:13:52,True,False,,,53.347777,-6.244239,40,13,27,9,4,0,4,40,13,27,9,4,0,4
1037,13,dublin,FITZWILLIAM SQUARE WEST,Fitzwilliam Square West,False,False,OPEN,2024-12-25 18:13:15,True,False,,,53.336074,-6.252825,30,24,6,10,14,0,14,30,24,6,10,14,0,14
1038,43,dublin,PORTOBELLO ROAD,Portobello Road,False,False,OPEN,2024-12-25 18:21:20,True,False,,,53.330091,-6.268044,30,18,11,16,2,0,2,30,18,11,16,2,0,2
1039,31,dublin,PARNELL STREET,Parnell Street,False,False,OPEN,2024-12-25 18:13:19,True,False,,,53.350929,-6.265125,20,8,12,7,1,0,1,20,8,12,7,1,0,1
1040,98,dublin,FREDERICK STREET SOUTH,Frederick Street South,False,False,OPEN,2024-12-25 18:21:59,True,False,,,53.341515,-6.256853,40,14,26,10,4,0,4,40,14,26,10,4,0,4
1041,14,dublin,FOWNES STREET UPPER,Fownes Street Upper,False,False,OPEN,2024-12-25 18:15:52,True,False,,,53.344603,-6.263371,30,28,2,19,9,0,9,30,28,2,19,9,0,9
1042,1,dublin,CLARENDON ROW,Clarendon Row,False,False,OPEN,2024-12-25 18:15:11,True,False,,,53.340927,-6.262501,31,14,17,12,2,0,2,31,14,17,12,2,0,2
1043,23,dublin,CUSTOM HOUSE,Custom House,False,False,OPEN,2024-12-25 18:16:30,True,False,,,53.348279,-6.254662,30,21,9,20,1,0,1,30,21,9,20,1,0,1
1044,106,dublin,RATHDOWN ROAD,Rathdown Road,False,False,OPEN,2024-12-25 18:20:00,True,False,,,53.35893,-6.280337,40,17,23,2,15,0,15,40,17,23,2,15,0,15
1045,112,dublin,NORTH CIRCULAR ROAD (O'CONNELL'S),North Circular Road (O'Connell's),False,False,OPEN,2024-12-25 18:15:25,True,False,,,53.357841,-6.251557,30,7,23,4,3,0,3,30,7,23,4,3,0,3
1046,68,dublin,HANOVER QUAY,Hanover Quay,False,False,OPEN,2024-12-25 18:14:14,True,False,,,53.344115,-6.237153,40,8,32,3,5,0,5,40,8,32,3,5,0,5
1047,74,dublin,OLIVER BOND STREET,Oliver Bond Street,False,False,OPEN,2024-12-25 18:17:37,True,False,,,53.343893,-6.280531,30,23,7,15,8,0,8,30,23,7,15,8,0,8
1048,87,dublin,COLLINS BARRACKS MUSEUM,Collins Barracks Museum,False,False,OPEN,2024-12-25 18:12:43,True,False,,,53.347477,-6.28525,38,13,25,5,8,0,8,38,13,25,5,8,0,8
1049,84,dublin,BROOKFIELD ROAD,Brookfield Road,False,False,OPEN,2024-12-25 18:18:40,True,False,,,53.339005,-6.300217,30,19,11,11,8,0,8,30,19,11,11,8,0,8
1050,90,dublin,BENSON STREET,Benson Street,False,False,OPEN,2024-12-25 18:17:31,True,False,,,53.344153,-6.233451,40,5,35,3,2,0,2,40,5,35,3,2,0,2
1051,11,dublin,EARLSFORT TERRACE,Earlsfort Terrace,False,False,OPEN,2024-12-25 18:18:08,True,False,,,53.334295,-6.258503,30,15,15,11,4,0,4,30,15,15,11,4,0,4
1052,17,dublin,GOLDEN LANE,Golden Lane,False,False,OPEN,2024-12-25 18:18:02,True,False,,,53.340803,-6.267732,20,18,2,10,8,0,8,20,18,2,10,8,0,8
1053,45,dublin,DEVERELL PLACE,Deverell Place,False,False,OPEN,2024-12-25 18:17:49,True,False,,,53.351464,-6.255265,30,5,25,3,2,0,2,30,5,25,3,2,0,2
1054,114,dublin,WILTON TERRACE (PARK),Wilton Terrace (Park),False,False,OPEN,2024-12-25 18:14:43,True,False,,,53.333653,-6.248345,40,4,36,3,1,0,1,40,4,36,3,1,0,1
1055,72,dublin,JOHN STREET WEST,John Street West,False,False,OPEN,2024-12-25 18:13:15,True,False,,,53.343105,-6.277167,31,1,30,1,0,0,0,31,1,30,1,0,0,0
1056,63,dublin,FENIAN STREET,Fenian Street,False,False,OPEN,2024-12-25 18:14:30,True,False,,,53.341428,-6.24672,35,25,10,13,12,0,12,35,25,10,13,12,0,12
1057,113,dublin,MERRION SQUARE SOUTH,Merrion Square South,False,False,OPEN,2024-12-25 18:15:18,True,False,,,53.338614,-6.248606,40,10,19,7,3,0,3,40,10,19,7,3,0,3
1058,91,dublin,SOUTH DOCK ROAD,South Dock Road,False,False,OPEN,2024-12-25 18:20:25,True,False,,,53.341833,-6.231291,30,26,4,17,9,0,9,30,26,4,17,9,0,9
1059,99,dublin,CITY QUAY,City Quay,False,False,OPEN,2024-12-25 18:12:24,True,False,,,53.346637,-6.246154,30,24,6,9,15,0,15,30,24,6,9,15,0,15
1060,9,dublin,EXCHEQUER STREET,Exchequer Street,False,False,OPEN,2024-12-25 18:19:31,True,False,,,53.343034,-6.263578,24,9,15,8,1,0,1,24,9,15,8,1,0,1
1061,67,dublin,THE POINT,The Point,False,False,OPEN,2024-12-25 18:18:02,True,False,,,53.346867,-6.230852,40,24,16,15,9,0,9,40,24,16,15,9,0,9
1062,116,dublin,BROADSTONE,Broadstone,False,False,OPEN,2024-12-25 18:17:19,True,False,,,53.3547,-6.272314,30,20,10,8,12,0,12,30,20,10,8,12,0,12
1063,55,dublin,HATCH STREET,Hatch Street,False,False,OPEN,2024-12-25 18:18:12,True,False,,,53.33403,-6.260714,36,17,19,9,8,0,8,36,17,19,9,8,0,8
1064,62,dublin,LIME STREET,Lime Street,False,False,OPEN,2024-12-25 18:13:24,True,False,,,53.346026,-6.243576,40,11,29,3,8,0,8,40,11,29,3,8,0,8
1065,5,dublin,CHARLEMONT PLACE,Charlemont Street,False,False,OPEN,2024-12-25 18:18:23,True,False,,,53.330662,-6.260177,40,11,29,6,5,0,5,40,11,29,6,5,0,5
1066,97,dublin,KILMAINHAM GAOL,Kilmainham Gaol,False,False,OPEN,2024-12-25 18:18:14,True,False,,,53.342113,-6.310015,40,17,23,9,8,0,8,40,17,23,9,8,0,8
1067,61,dublin,HARDWICKE PLACE,Hardwicke Place,False,False,OPEN,2024-12-25 18:17:53,True,False,,,53.357043,-6.263232,25,11,14,8,3,0,3,25,11,14,8,3,0,3
1068,77,dublin,WOLFE TONE STREET,Wolfe Tone Street,False,False,OPEN,2024-12-25 18:15:06,True,False,,,53.348875,-6.267459,29,17,12,7,10,0,10,29,17,12,7,10,0,10
1069,73,dublin,FRANCIS STREET,Francis Street,False,False,OPEN,2024-12-25 18:15:03,True,False,,,53.342081,-6.275233,30,7,22,2,5,0,5,30,7,22,2,5,0,5
1070,4,dublin,GREEK STREET,Greek Street,False,False,OPEN,2024-12-25 18:19:19,True,False,,,53.346874,-6.272976,20,16,3,7,9,0,9,20,16,3,7,9,0,9
1071,49,dublin,GUILD STREET,Guild Street,False,False,OPEN,2024-12-25 18:17:07,True,False,,,53.347932,-6.240928,40,40,0,31,9,0,9,40,40,0,31,9,0,9
1072,19,dublin,HERBERT PLACE,Herbert Place,False,False,OPEN,2024-12-25 18:15:24,True,False,,,53.334432,-6.245575,30,2,28,2,0,0,0,30,2,28,2,0,0,0
1073,7,dublin,HIGH STREET,High Street,False,False,OPEN,2024-12-25 18:22:02,True,False,,,53.343565,-6.275071,29,0,29,0,0,0,0,29,0,29,0,0,0,0
1074,60,dublin,NORTH CIRCULAR ROAD,North Circular Road,False,False,OPEN,2024-12-25 18:22:00,True,False,,,53.359624,-6.260348,30,8,22,6,2,0,2,30,8,22,6,2,0,2
1075,102,dublin,WESTERN WAY,Western Way,False,False,OPEN,2024-12-25 18:14:37,True,False,,,53.354929,-6.269425,40,7,33,6,1,0,1,40,7,33,6,1,0,1
1076,38,dublin,TALBOT STREET,Talbot Street,False,False,OPEN,2024-12-25 18:19:45,True,False,,,53.350974,-6.25294,40,14,25,10,4,0,4,40,14,25,10,4,0,4
1077,53,dublin,NEWMAN HOUSE,Newman House,False,False,OPEN,2024-12-25 18:17:31,True,False,,,53.337132,-6.26059,40,12,28,11,1,0,1,40,12,28,11,1,0,1
1078,58,dublin,SIR PATRICK DUN'S,Sir Patrick's Dun,False,False,OPEN,2024-12-25 18:17:14,True,False,,,53.339218,-6.240642,40,35,5,26,9,0,9,40,35,5,26,9,0,9
1079,66,dublin,NEW CENTRAL BANK,New Central Bank,False,False,OPEN,2024-12-25 18:13:22,True,False,,,53.347122,-6.234749,40,7,33,3,4,0,4,40,7,33,3,4,0,4
1080,104,dublin,GRANGEGORMAN LOWER (CENTRAL),Grangegorman Lower (Central),False,False,OPEN,2024-12-25 18:16:53,True,False,,,53.355173,-6.278424,40,4,36,2,2,0,2,40,4,36,2,2,0,2
1081,101,dublin,KING STREET NORTH,King Street North,False,False,OPEN,2024-12-25 18:13:19,True,False,,,53.350291,-6.273507,30,14,16,8,6,0,6,30,14,16,8,6,0,6
1082,115,dublin,KILLARNEY STREET,Killarney Street,False,False,OPEN,2024-12-25 18:17:40,True,False,,,53.354845,-6.247579,30,27,3,20,7,0,7,30,27,3,20,7,0,7
1083,47,dublin,HERBERT STREET,Herbert Street,False,False,OPEN,2024-12-25 18:19:34,True,False,,,53.335742,-6.24551,40,0,40,0,0,0,0,40,0,40,0,0,0,0
1084,117,dublin,HANOVER QUAY EAST,Hanover Quay East,False,False,OPEN,2024-12-25 18:18:25,True,False,,,53.343653,-6.231755,40,0,40,0,0,0,0,40,0,40,0,0,0,0
1085,8,dublin,CUSTOM HOUSE QUAY,Custom House Quay,False,False,OPEN,2024-12-25 18:19:44,True,False,,,53.347884,-6.248048,30,13,17,7,6,0,6,30,13,17,7,6,0,6
1086,27,dublin,MOLESWORTH STREET,Molesworth Street,False,False,OPEN,2024-12-25 18:15:34,True,False,,,53.341288,-6.258117,20,2,18,2,0,0,0,20,2,18,2,0,0,0
1087,16,dublin,GEORGES QUAY,Georges Quay,False,False,OPEN,2024-12-25 18:21:53,True,False,,,53.347508,-6.252192,20,8,12,5,3,0,3,20,8,12,5,3,0,3
1088,96,dublin,KILMAINHAM LANE,Kilmainham Lane,False,False,OPEN,2024-12-25 18:12:58,True,False,,,53.341805,-6.305085,30,7,23,7,0,0,0,30,7,23,7,0,0,0
1089,82,dublin,MOUNT BROWN,Mount Brown,False,False,OPEN,2024-12-25 18:15:00,True,False,,,53.341645,-6.29719,22,9,13,2,7,0,7,22,9,13,2,7,0,7
1090,76,dublin,MARKET STREET SOUTH,Market Street South,False,False,OPEN,2024-12-25 18:14:00,True,False,,,53.342296,-6.287661,38,3,35,2,1,0,1,38,3,35,2,1,0,1
1091,71,dublin,KEVIN STREET,Kevin Street,False,False,OPEN,2024-12-25 18:18:16,True,False,,,53.337757,-6.267699,40,18,22,10,8,0,8,40,18,22,10,8,0,8
1092,79,dublin,ECCLES STREET EAST,Eccles Street East,False,False,OPEN,2024-12-25 18:18:48,True,False,,,53.358115,-6.265601,27,2,25,0,2,0,2,27,2,25,0,2,0,2
1093,69,dublin,GRAND CANAL DOCK,Grand Canal Dock,False,False,OPEN,2024-12-25 18:19:00,True,False,,,53.342638,-6.238695,40,25,15,14,11,0,11,40,25,15,14,11,0,11
1094,25,dublin,MERRION SQUARE EAST,Merrion Square East,False,False,OPEN,2024-12-25 18:18:12,True,False,,,53.339434,-6.246548,30,3,27,2,1,0,1,30,3,27,2,1,0,1
1095,51,dublin,YORK STREET WEST,York Street West,False,False,OPEN,2024-12-25 18:13:55,True,False,,,53.339334,-6.264699,40,0,0,0,0,0,0,40,0,0,0,0,0,0
1096,37,dublin,ST. STEPHEN'S GREEN SOUTH,St. Stephen's Green South,False,False,OPEN,2024-12-25 18:13:21,True,False,,,53.337494,-6.26199,30,13,17,7,6,0,6,30,13,17,7,6,0,6
1097,59,dublin,DENMARK STREET GREAT,Denmark Street Great,False,False,OPEN,2024-12-25 18:18:59,True,False,,,53.35561,-6.261397,20,0,20,0,0,0,0,20,0,20,0,0,0,0
1098,95,dublin,ROYAL HOSPITAL,Royal Hospital,False,False,OPEN,2024-12-25 18:19:06,True,False,,,53.343897,-6.29706,40,26,14,15,11,0,11,40,26,14,15,11,0,11
1099,94,dublin,HEUSTON STATION (CAR PARK),Heuston Station (Car Park),False,False,OPEN,2024-12-25 18:16:47,True,False,,,53.346985,-6.297804,40,13,27,10,3,0,3,40,13,27,10,3,0,3
1100,105,dublin,GRANGEGORMAN LOWER (NORTH),Grangegorman Lower (North),False,False,OPEN,2024-12-25 18:20:02,True,False,,,53.355954,-6.278378,36,0,36,0,0,0,0,36,0,36,0,0,0,0
1101,36,dublin,ST. STEPHEN'S GREEN EAST,St. Stephen's Green East,False,False,OPEN,2024-12-25 18:14:00,True,False,,,53.337824,-6.256035,40,9,31,4,5,0,5,40,9,31,4,5,0,5
1102,93,dublin,HEUSTON STATION (CENTRAL),Heuston Station (Central),False,False,OPEN,2024-12-25 18:15:50,True,False,,,53.346603,-6.296924,40,14,26,13,1,0,1,40,14,26,13,1,0,1
1103,22,dublin,TOWNSEND STREET,Townsend Street,False,False,OPEN,2024-12-25 18:14:21,True,False,,,53.345922,-6.254614,20,18,2,12,6,0,6,20,18,2,12,6,0,6
1104,50,dublin,GEORGES LANE,George's Lane,False,False,OPEN,2024-12-25 18:18:19,True,False,,,53.35023,-6.279696,40,0,40,0,0,0,0,40,0,40,0,0,0,0
1105,110,dublin,PHIBSBOROUGH ROAD,Phibsborough Road,False,False,OPEN,2024-12-25 18:17:12,True,False,,,53.356307,-6.273717,40,12,28,5,7,0,7,40,12,28,5,7,0,7
1106,12,dublin,ECCLES STREET,Eccles Street,False,False,OPEN,2024-12-25 18:14:45,True,False,,,53.359246,-6.269779,20,3,17,0,3,0,3,20,3,17,0,3,0,3
1107,34,dublin,PORTOBELLO HARBOUR,Portobello Harbour,False,False,OPEN,2024-12-25 18:21:28,True,False,,,53.330362,-6.265163,30,7,23,4,3,0,3,30,7,23,4,3,0,3
1108,78,dublin,MATER HOSPITAL,Mater Hospital,False,False,OPEN,2024-12-25 18:19:43,True,False,,,53.359967,-6.264828,40,2,38,2,0,0,0,40,2,38,2,0,0,0
1109,2,dublin,BLESSINGTON STREET,Blessington Street,False,False,OPEN,2024-12-25 18:16:11,True,False,,,53.356769,-6.26814,20,3,17,2,1,0,1,20,3,17,2,1,0,1
1110,75,dublin,JAMES STREET,James Street,False,False,OPEN,2024-12-25 18:19:54,True,False,,,53.343456,-6.287409,40,19,21,15,4,0,4,40,19,21,15,4,0,4
1111,111,dublin,MOUNTJOY SQUARE EAST,Mountjoy Square East,False,False,OPEN,2024-12-25 18:16:39,True,False,,,53.356717,-6.256359,40,4,36,1,3,0,3,40,4,36,1,3,0,3
1112,26,dublin,MERRION SQUARE WEST,Merrion Square West,False,False,OPEN,2024-12-25 18:14:38,True,False,,,53.339764,-6.251988,20,4,16,4,0,0,0,20,4,16,4,0,0,0
1113,65,dublin,CONVENTION CENTRE,Convention Centre,False,False,OPEN,2024-12-25 18:19:50,True,False,,,53.34744,-6.238523,40,4,36,3,1,0,1,40,4,36,3,1,0,1
1114,15,dublin,HARDWICKE STREET,Hardwicke Street,False,False,OPEN,2024-12-25 18:16:31,True,False,,,53.355473,-6.264423,16,1,15,1,0,0,0,16,1,15,1,0,0,0
1115,86,dublin,PARKGATE STREET,Parkgate Street,False,False,OPEN,2024-12-25 18:13:59,True,False,,,53.347972,-6.291804,38,27,11,4,23,0,23,38,27,11,4,23,0,23
1116,35,dublin,SMITHFIELD,Smithfield,False,False,OPEN,2024-12-25 18:14:35,True,False,,,53.347692,-6.278214,30,17,13,9,8,0,8,30,17,13,9,8,0,8
1117,10,dublin,DAME STREET,Dame Street,False,False,OPEN,2024-12-25 18:18:20,True,False,,,53.344007,-6.266802,16,12,4,9,3,0,3,16,12,4,9,3,0,3
1118,100,dublin,HEUSTON BRIDGE (SOUTH),Heuston Bridge (South),False,False,OPEN,2024-12-25 18:20:57,True,False,,,53.347106,-6.292041,25,23,2,16,7,0,7,25,23,2,16,7,0,7
1119,24,dublin,CATHAL BRUGHA STREET,Cathal Brugha Street,False,False,OPEN,2024-12-25 18:12:53,True,False,,,53.352149,-6.260533,20,12,8,7,5,0,5,20,12,8,7,5,0,5
1120,64,dublin,SANDWITH STREET,Sandwith Street,False,False,OPEN,2024-12-25 18:12:24,True,False,,,53.345203,-6.247163,40,6,34,6,0,0,0,40,6,34,6,0,0,0
1121,109,dublin,BUCKINGHAM STREET LOWER,Buckingham Street Lower,False,False,OPEN,2024-12-25 18:18:31,True,False,,,53.353331,-6.249319,29,24,5,12,12,0,12,29,24,5,12,12,0,12
1122,85,dublin,ROTHE ABBEY,Rothe Abbey,False,False,OPEN,2024-12-25 18:16:29,True,False,,,53.338776,-6.30395,35,28,7,10,18,0,18,35,28,7,10,18,0,18
1123,107,dublin,CHARLEVILLE ROAD,Charleville Road,False,False,OPEN,2024-12-25 18:16:30,True,False,,,53.359157,-6.281866,40,4,36,3,1,0,1,40,4,36,3,1,0,1
1124,33,dublin,PRINCES STREET / O'CONNELL STREET,Princes Street / O'Connell Street,False,False,OPEN,2024-12-25 18:18:01,True,False,,,53.349013,-6.260311,23,12,11,3,9,0,9,23,12,11,3,9,0,9
1125,44,dublin,UPPER SHERRARD STREET,Upper Sherrard Street,False,False,OPEN,2024-12-25 18:20:31,True,False,,,53.358437,-6.260641,30,9,21,4,5,0,5,30,9,21,4,5,0,5
1126,89,dublin,FITZWILLIAM SQUARE EAST,Fitzwilliam Square East,False,False,OPEN,2024-12-25 18:17:54,True,False,,,53.335211,-6.2509,40,21,19,10,11,0,11,40,21,19,10,11,0,11
1127,57,dublin,GRATTAN STREET,Grattan Street,False,False,OPEN,2024-12-25 18:13:33,True,False,,,53.339629,-6.243778,23,7,16,4,3,0,3,23,7,16,4,3,0,3
1128,80,dublin,ST JAMES HOSPITAL (LUAS),St James Hospital (Luas),False,False,OPEN,2024-12-25 18:16:45,True,False,,,53.341359,-6.292951,40,16,24,4,12,0,12,40,16,24,4,12,0,12
1129,41,dublin,HARCOURT TERRACE,Harcourt Terrace,False,False,OPEN,2024-12-25 18:12:39,True,False,,,53.332763,-6.257942,20,1,19,0,1,0,1,20,1,19,0,1,0,1
1130,3,dublin,BOLTON STREET,Bolton Street,False,False,OPEN,2024-12-25 18:16:18,True,False,,,53.351182,-6.269859,20,12,8,6,6,0,6,20,12,8,6,6,0,6
1131,40,dublin,JERVIS STREET,Jervis Street,False,False,OPEN,2024-12-25 18:12:30,True,False,,,53.3483,-6.266651,21,10,10,8,2,0,2,21,10,10,8,2,0,2
1132,29,dublin,ORMOND QUAY UPPER,Ormond Quay Upper,False,False,OPEN,2024-12-25 18:20:45,True,False,,,53.346057,-6.268001,29,27,2,16,11,0,11,29,27,2,16,11,0,11
1133,103,dublin,GRANGEGORMAN LOWER (SOUTH),Grangegorman Lower (South),False,False,OPEN,2024-12-25 18:18:26,True,False,,,53.354663,-6.278681,40,2,38,1,1,0,1,40,2,38,1,1,0,1
1134,28,dublin,MOUNTJOY SQUARE WEST,Mountjoy Square West,False,False,OPEN,2024-12-25 18:16:03,True,False,,,53.356299,-6.258586,30,16,14,6,10,0,10,30,16,14,6,10,0,10
1135,39,dublin,WILTON TERRACE,Wilton Terrace,False,False,OPEN,2024-12-25 18:20:49,True,False,,,53.332383,-6.252717,20,8,12,6,2,0,2,20,8,12,6,2,0,2
1136,83,dublin,EMMET ROAD,Emmet Road,False,False,OPEN,2024-12-25 18:19:33,True,False,,,53.340714,-6.308191,40,22,18,16,6,0,6,40,22,18,16,6,0,6
1137,92,dublin,HEUSTON BRIDGE (NORTH),Heuston Bridge (North),False,False,OPEN,2024-12-25 18:13:18,True,False,,,53.347802,-6.292432,40,39,1,31,8,0,8,40,39,1,31,8,0,8
1138,21,dublin,LEINSTER STREET SOUTH,Leinster Street South,False,False,OPEN,2024-12-25 18:12:08,True,False,,,53.34218,-6.254485,30,10,20,4,6,0,6,30,10,20,4,6,0,6
1139,88,dublin,BLACKHALL PLACE,Blackhall Place,False,False,OPEN,2024-12-25 18:18:24,True,False,,,53.3488,-6.281637,30,5,25,5,0,0,0,30,5,25,5,0,0,0
1140,42,dublin,SMITHFIELD NORTH,Smithfield North,False,False,OPEN,2024-12-25 18:43:17,True,False,,,53.349562,-6.278198,30,1,29,1,0,0,0,30,1,29,1,0,0,0
1141,30,dublin,PARNELL SQUARE NORTH,Parnell Square North,False,False,OPEN,2024-12-25 18:51:09,True,False,,,53.3537415547453,-6.26530144781526,20,6,14,6,0,0,0,20,6,14,6,0,0,0
1142,54,dublin,CLONMEL STREET,Clonmel Street,False,False,OPEN,2024-12-25 18:45:42,True,False,,,53.336021,-6.26298,33,11,22,1,10,0,10,33,11,22,1,10,0,10
1143,108,dublin,AVONDALE ROAD,Avondale Road,False,False,OPEN,2024-12-25 18:46:37,True,False,,,53.359405,-6.276142,35,1,34,0,1,0,1,35,1,34,0,1,0,1
1144,20,dublin,JAMES STREET EAST,James Street East,False,False,OPEN,2024-12-25 18:46:34,True,False,,,53.336597,-6.248109,30,2,28,2,0,0,0,30,2,28,2,0,0,0
1145,56,dublin,MOUNT STREET LOWER,Mount Street Lower,False,False,OPEN,2024-12-25 18:42:00,True,False,,,53.33796,-6.24153,40,11,29,4,7,0,7,40,11,29,4,7,0,7
1146,6,dublin,CHRISTCHURCH PLACE,Christchurch Place,False,False,OPEN,2024-12-25 18:44:42,True,False,,,53.343368,-6.27012,20,7,13,4,3,0,3,20,7,13,4,3,0,3
1147,18,dublin,GRANTHAM STREET,Grantham Street,False,False,OPEN,2024-12-25 18:45:39,True,False,,,53.334123,-6.265436,30,15,15,9,6,0,6,30,15,15,9,6,0,6
1148,32,dublin,PEARSE STREET,Pearse Street,False,False,OPEN,2024-12-25 18:45:59,True,False,,,53.344304,-6.250427,30,16,14,12,4,0,4,30,16,14,12,4,0,4
1149,52,dublin,YORK STREET EAST,York Street East,False,False,OPEN,2024-12-25 18:45:14,True,False,,,53.338755,-6.262003,32,6,26,4,2,0,2,32,6,26,4,2,0,2
1150,48,dublin,EXCISE WALK,Excise Walk,False,False,OPEN,2024-12-25 18:44:04,True,False,,,53.347777,-6.244239,40,13,27,9,4,0,4,40,13,27,9,4,0,4
1151,13,dublin,FITZWILLIAM SQUARE WEST,Fitzwilliam Square West,False,False,OPEN,2024-12-25 18:43:27,True,False,,,53.336074,-6.252825,30,24,6,10,14,0,14,30,24,6,10,14,0,14
1152,43,dublin,PORTOBELLO ROAD,Portobello Road,False,False,OPEN,2024-12-25 18:47:03,True,False,,,53.330091,-6.268044,30,17,12,16,1,0,1,30,17,12,16,1,0,1
1153,31,dublin,PARNELL STREET,Parnell Street,False,False,OPEN,2024-12-25 18:43:39,True,False,,,53.350929,-6.265125,20,4,16,3,1,0,1,20,4,16,3,1,0,1
1154,98,dublin,FREDERICK STREET SOUTH,Frederick Street South,False,False,OPEN,2024-12-25 18:42:07,True,False,,,53.341515,-6.256853,40,14,26,10,4,0,4,40,14,26,10,4,0,4
1155,14,dublin,FOWNES STREET UPPER,Fownes Street Upper,False,False,OPEN,2024-12-25 18:46:07,True,False,,,53.344603,-6.263371,30,26,4,19,7,0,7,30,26,4,19,7,0,7
1156,1,dublin,CLARENDON ROW,Clarendon Row,False,False,OPEN,2024-12-25 18:45:27,True,False,,,53.340927,-6.262501,31,14,17,12,2,0,2,31,14,17,12,2,0,2
1157,23,dublin,CUSTOM HOUSE,Custom House,False,False,OPEN,2024-12-25 18:46:46,True,False,,,53.348279,-6.254662,30,21,9,20,1,0,1,30,21,9,20,1,0,1
1158,106,dublin,RATHDOWN ROAD,Rathdown Road,False,False,OPEN,2024-12-25 18:49:56,True,False,,,53.35893,-6.280337,40,16,24,1,15,0,15,40,16,24,1,15,0,15
1159,112,dublin,NORTH CIRCULAR ROAD (O'CONNELL'S),North Circular Road (O'Connell's),False,False,OPEN,2024-12-25 18:45:46,True,False,,,53.357841,-6.251557,30,4,26,3,1,0,1,30,4,26,3,1,0,1
1160,68,dublin,HANOVER QUAY,Hanover Quay,False,False,OPEN,2024-12-25 18:44:30,True,False,,,53.344115,-6.237153,40,8,32,2,6,0,6,40,8,32,2,6,0,6
1161,74,dublin,OLIVER BOND STREET,Oliver Bond Street,False,False,OPEN,2024-12-25 18:47:53,True,False,,,53.343893,-6.280531,30,23,7,15,8,0,8,30,23,7,15,8,0,8
1162,87,dublin,COLLINS BARRACKS MUSEUM,Collins Barracks Museum,False,False,OPEN,2024-12-25 18:46:52,True,False,,,53.347477,-6.28525,38,13,25,5,8,0,8,38,13,25,5,8,0,8
1163,84,dublin,BROOKFIELD ROAD,Brookfield Road,False,False,OPEN,2024-12-25 18:48:56,True,False,,,53.339005,-6.300217,30,19,11,11,8,0,8,30,19,11,11,8,0,8
1164,90,dublin,BENSON STREET,Benson Street,False,False,OPEN,2024-12-25 18:49:15,True,False,,,53.344153,-6.233451,40,5,35,3,2,0,2,40,5,35,3,2,0,2
1165,11,dublin,EARLSFORT TERRACE,Earlsfort Terrace,False,False,OPEN,2024-12-25 18:48:26,True,False,,,53.334295,-6.258503,30,17,13,11,6,0,6,30,17,13,11,6,0,6
1166,17,dublin,GOLDEN LANE,Golden Lane,False,False,OPEN,2024-12-25 18:48:14,True,False,,,53.340803,-6.267732,20,18,2,10,8,0,8,20,18,2,10,8,0,8
1167,45,dublin,DEVERELL PLACE,Deverell Place,False,False,OPEN,2024-12-25 18:47:59,True,False,,,53.351464,-6.255265,30,5,25,3,2,0,2,30,5,25,3,2,0,2
1168,114,dublin,WILTON TERRACE (PARK),Wilton Terrace (Park),False,False,OPEN,2024-12-25 18:44:55,True,False,,,53.333653,-6.248345,40,4,36,3,1,0,1,40,4,36,3,1,0,1
1169,72,dublin,JOHN STREET WEST,John Street West,False,False,OPEN,2024-12-25 18:43:27,True,False,,,53.343105,-6.277167,31,1,30,1,0,0,0,31,1,30,1,0,0,0
1170,63,dublin,FENIAN STREET,Fenian Street,False,False,OPEN,2024-12-25 18:44:42,True,False,,,53.341428,-6.24672,35,25,10,13,12,0,12,35,25,10,13,12,0,12
1171,113,dublin,MERRION SQUARE SOUTH,Merrion Square South,False,False,OPEN,2024-12-25 18:45:30,True,False,,,53.338614,-6.248606,40,10,19,7,3,0,3,40,10,19,7,3,0,3
1172,91,dublin,SOUTH DOCK ROAD,South Dock Road,False,False,OPEN,2024-12-25 18:44:52,True,False,,,53.341833,-6.231291,30,28,2,17,11,0,11,30,28,2,17,11,0,11
1173,99,dublin,CITY QUAY,City Quay,False,False,OPEN,2024-12-25 18:43:17,True,False,,,53.346637,-6.246154,30,24,6,9,15,0,15,30,24,6,9,15,0,15
1174,9,dublin,EXCHEQUER STREET,Exchequer Street,False,False,OPEN,2024-12-25 18:49:46,True,False,,,53.343034,-6.263578,24,9,15,8,1,0,1,24,9,15,8,1,0,1
1175,67,dublin,THE POINT,The Point,False,False,OPEN,2024-12-25 18:45:57,True,False,,,53.346867,-6.230852,40,23,17,14,9,0,9,40,23,17,14,9,0,9
1176,116,dublin,BROADSTONE,Broadstone,False,False,OPEN,2024-12-25 18:47:31,True,False,,,53.3547,-6.272314,30,21,9,9,12,0,12,30,21,9,9,12,0,12
1177,55,dublin,HATCH STREET,Hatch Street,False,False,OPEN,2024-12-25 18:48:25,True,False,,,53.33403,-6.260714,36,17,19,9,8,0,8,36,17,19,9,8,0,8
1178,62,dublin,LIME STREET,Lime Street,False,False,OPEN,2024-12-25 18:43:36,True,False,,,53.346026,-6.243576,40,11,29,3,8,0,8,40,11,29,3,8,0,8
1179,5,dublin,CHARLEMONT PLACE,Charlemont Street,False,False,OPEN,2024-12-25 18:48:14,True,False,,,53.330662,-6.260177,40,12,28,7,5,0,5,40,12,28,7,5,0,5
1180,97,dublin,KILMAINHAM GAOL,Kilmainham Gaol,False,False,OPEN,2024-12-25 18:43:55,True,False,,,53.342113,-6.310015,40,16,24,8,8,0,8,40,16,24,8,8,0,8
1181,61,dublin,HARDWICKE PLACE,Hardwicke Place,False,False,OPEN,2024-12-25 18:48:05,True,False,,,53.357043,-6.263232,25,11,14,8,3,0,3,25,11,14,8,3,0,3
1182,77,dublin,WOLFE TONE STREET,Wolfe Tone Street,False,False,OPEN,2024-12-25 18:45:18,True,False,,,53.348875,-6.267459,29,17,12,7,10,0,10,29,17,12,7,10,0,10
1183,73,dublin,FRANCIS STREET,Francis Street,False,False,OPEN,2024-12-25 18:45:17,True,False,,,53.342081,-6.275233,30,8,21,2,6,0,6,30,8,21,2,6,0,6
1184,4,dublin,GREEK STREET,Greek Street,False,False,OPEN,2024-12-25 18:49:34,True,False,,,53.346874,-6.272976,20,16,3,7,9,0,9,20,16,3,7,9,0,9
1185,49,dublin,GUILD STREET,Guild Street,False,False,OPEN,2024-12-25 18:47:22,True,False,,,53.347932,-6.240928,40,40,0,31,9,0,9,40,40,0,31,9,0,9
1186,19,dublin,HERBERT PLACE,Herbert Place,False,False,OPEN,2024-12-25 18:45:36,True,False,,,53.334432,-6.245575,30,2,28,2,0,0,0,30,2,28,2,0,0,0
1187,7,dublin,HIGH STREET,High Street,False,False,OPEN,2024-12-25 18:42:12,True,False,,,53.343565,-6.275071,29,0,29,0,0,0,0,29,0,29,0,0,0,0
1188,60,dublin,NORTH CIRCULAR ROAD,North Circular Road,False,False,OPEN,2024-12-25 18:46:34,True,False,,,53.359624,-6.260348,30,5,25,3,2,0,2,30,5,25,3,2,0,2
1189,102,dublin,WESTERN WAY,Western Way,False,False,OPEN,2024-12-25 18:44:48,True,False,,,53.354929,-6.269425,40,7,33,6,1,0,1,40,7,33,6,1,0,1
1190,38,dublin,TALBOT STREET,Talbot Street,False,False,OPEN,2024-12-25 18:49:59,True,False,,,53.350974,-6.25294,40,13,26,9,4,0,4,40,13,26,9,4,0,4
1191,53,dublin,NEWMAN HOUSE,Newman House,False,False,OPEN,2024-12-25 18:47:43,True,False,,,53.337132,-6.26059,40,12,28,11,1,0,1,40,12,28,11,1,0,1
1192,58,dublin,SIR PATRICK DUN'S,Sir Patrick's Dun,False,False,OPEN,2024-12-25 18:47:26,True,False,,,53.339218,-6.240642,40,35,5,26,9,0,9,40,35,5,26,9,0,9
1193,66,dublin,NEW CENTRAL BANK,New Central Bank,False,False,OPEN,2024-12-25 18:43:32,True,False,,,53.347122,-6.234749,40,7,33,3,4,0,4,40,7,33,3,4,0,4
1194,104,dublin,GRANGEGORMAN LOWER (CENTRAL),Grangegorman Lower (Central),False,False,OPEN,2024-12-25 18:47:09,True,False,,,53.355173,-6.278424,40,4,36,2,2,0,2,40,4,36,2,2,0,2
1195,101,dublin,KING STREET NORTH,King Street North,False,False,OPEN,2024-12-25 18:42:41,True,False,,,53.350291,-6.273507,30,13,17,8,5,0,5,30,13,17,8,5,0,5
1196,115,dublin,KILLARNEY STREET,Killarney Street,False,False,OPEN,2024-12-25 18:46:45,True,False,,,53.354845,-6.247579,30,26,4,19,7,0,7,30,26,4,19,7,0,7
1197,47,dublin,HERBERT STREET,Herbert Street,False,False,OPEN,2024-12-25 18:49:49,True,False,,,53.335742,-6.24551,40,0,40,0,0,0,0,40,0,40,0,0,0,0
1198,117,dublin,HANOVER QUAY EAST,Hanover Quay East,False,False,OPEN,2024-12-25 18:48:37,True,False,,,53.343653,-6.231755,40,0,40,0,0,0,0,40,0,40,0,0,0,0
1199,8,dublin,CUSTOM HOUSE QUAY,Custom House Quay,False,False,OPEN,2024-12-25 18:49:56,True,False,,,53.347884,-6.248048,30,13,17,7,6,0,6,30,13,17,7,6,0,6
1200,27,dublin,MOLESWORTH STREET,Molesworth Street,False,False,OPEN,2024-12-25 18:45:45,True,False,,,53.341288,-6.258117,20,2,18,2,0,0,0,20,2,18,2,0,0,0
1201,16,dublin,GEORGES QUAY,Georges Quay,False,False,OPEN,2024-12-25 18:42:01,True,False,,,53.347508,-6.252192,20,8,12,5,3,0,3,20,8,12,5,3,0,3
1202,96,dublin,KILMAINHAM LANE,Kilmainham Lane,False,False,OPEN,2024-12-25 18:43:09,True,False,,,53.341805,-6.305085,30,7,23,7,0,0,0,30,7,23,7,0,0,0
1203,82,dublin,MOUNT BROWN,Mount Brown,False,False,OPEN,2024-12-25 18:45:16,True,False,,,53.341645,-6.29719,22,9,13,2,7,0,7,22,9,13,2,7,0,7
1204,76,dublin,MARKET STREET SOUTH,Market Street South,False,False,OPEN,2024-12-25 18:44:16,True,False,,,53.342296,-6.287661,38,3,35,2,1,0,1,38,3,35,2,1,0,1
1205,71,dublin,KEVIN STREET,Kevin Street,False,False,OPEN,2024-12-25 18:48:28,True,False,,,53.337757,-6.267699,40,18,22,10,8,0,8,40,18,22,10,8,0,8
1206,79,dublin,ECCLES STREET EAST,Eccles Street East,False,False,OPEN,2024-12-25 18:49:04,True,False,,,53.358115,-6.265601,27,2,25,0,2,0,2,27,2,25,0,2,0,2
1207,69,dublin,GRAND CANAL DOCK,Grand Canal Dock,False,False,OPEN,2024-12-25 18:49:12,True,False,,,53.342638,-6.238695,40,27,13,16,11,0,11,40,27,13,16,11,0,11
1208,25,dublin,MERRION SQUARE EAST,Merrion Square East,False,False,OPEN,2024-12-25 18:48:24,True,False,,,53.339434,-6.246548,30,3,27,2,1,0,1,30,3,27,2,1,0,1
1209,51,dublin,YORK STREET WEST,York Street West,False,False,OPEN,2024-12-25 18:44:07,True,False,,,53.339334,-6.264699,40,0,0,0,0,0,0,40,0,0,0,0,0,0
1210,37,dublin,ST. STEPHEN'S GREEN SOUTH,St. Stephen's Green South,False,False,OPEN,2024-12-25 18:43:33,True,False,,,53.337494,-6.26199,30,13,17,7,6,0,6,30,13,17,7,6,0,6
1211,59,dublin,DENMARK STREET GREAT,Denmark Street Great,False,False,OPEN,2024-12-25 18:49:11,True,False,,,53.35561,-6.261397,20,0,20,0,0,0,0,20,0,20,0,0,0,0
1212,95,dublin,ROYAL HOSPITAL,Royal Hospital,False,False,OPEN,2024-12-25 18:49:22,True,False,,,53.343897,-6.29706,40,27,13,16,11,0,11,40,27,13,16,11,0,11
1213,94,dublin,HEUSTON STATION (CAR PARK),Heuston Station (Car Park),False,False,OPEN,2024-12-25 18:47:02,True,False,,,53.346985,-6.297804,40,13,27,10,3,0,3,40,13,27,10,3,0,3
1214,105,dublin,GRANGEGORMAN LOWER (NORTH),Grangegorman Lower (North),False,False,OPEN,2024-12-25 18:50:14,True,False,,,53.355954,-6.278378,36,0,36,0,0,0,0,36,0,36,0,0,0,0
1215,36,dublin,ST. STEPHEN'S GREEN EAST,St. Stephen's Green East,False,False,OPEN,2024-12-25 18:44:16,True,False,,,53.337824,-6.256035,40,9,31,4,5,0,5,40,9,31,4,5,0,5
1216,93,dublin,HEUSTON STATION (CENTRAL),Heuston Station (Central),False,False,OPEN,2024-12-25 18:46:02,True,False,,,53.346603,-6.296924,40,14,26,13,1,0,1,40,14,26,13,1,0,1
1217,22,dublin,TOWNSEND STREET,Townsend Street,False,False,OPEN,2024-12-25 18:44:33,True,False,,,53.345922,-6.254614,20,18,2,12,6,0,6,20,18,2,12,6,0,6
1218,50,dublin,GEORGES LANE,George's Lane,False,False,OPEN,2024-12-25 18:48:34,True,False,,,53.35023,-6.279696,40,0,40,0,0,0,0,40,0,40,0,0,0,0
1219,110,dublin,PHIBSBOROUGH ROAD,Phibsborough Road,False,False,OPEN,2024-12-25 18:47:25,True,False,,,53.356307,-6.273717,40,13,27,6,7,0,7,40,13,27,6,7,0,7
1220,12,dublin,ECCLES STREET,Eccles Street,False,False,OPEN,2024-12-25 18:43:47,True,False,,,53.359246,-6.269779,20,3,17,0,3,0,3,20,3,17,0,3,0,3
1221,34,dublin,PORTOBELLO HARBOUR,Portobello Harbour,False,False,OPEN,2024-12-25 18:44:56,True,False,,,53.330362,-6.265163,30,9,21,4,5,0,5,30,9,21,4,5,0,5
1222,78,dublin,MATER HOSPITAL,Mater Hospital,False,False,OPEN,2024-12-25 18:49:55,True,False,,,53.359967,-6.264828,40,2,38,2,0,0,0,40,2,38,2,0,0,0
1223,2,dublin,BLESSINGTON STREET,Blessington Street,False,False,OPEN,2024-12-25 18:46:25,True,False,,,53.356769,-6.26814,20,2,18,1,1,0,1,20,2,18,1,1,0,1
1224,75,dublin,JAMES STREET,James Street,False,False,OPEN,2024-12-25 18:50:10,True,False,,,53.343456,-6.287409,40,17,23,15,2,0,2,40,17,23,15,2,0,2
1225,111,dublin,MOUNTJOY SQUARE EAST,Mountjoy Square East,False,False,OPEN,2024-12-25 18:47:54,True,False,,,53.356717,-6.256359,40,3,37,1,2,0,2,40,3,37,1,2,0,2
1226,26,dublin,MERRION SQUARE WEST,Merrion Square West,False,False,OPEN,2024-12-25 18:44:54,True,False,,,53.339764,-6.251988,20,4,16,4,0,0,0,20,4,16,4,0,0,0
1227,65,dublin,CONVENTION CENTRE,Convention Centre,False,False,OPEN,2024-12-25 18:50:04,True,False,,,53.34744,-6.238523,40,6,34,5,1,0,1,40,6,34,5,1,0,1
1228,15,dublin,HARDWICKE STREET,Hardwicke Street,False,False,OPEN,2024-12-25 18:46:41,True,False,,,53.355473,-6.264423,16,1,15,1,0,0,0,16,1,15,1,0,0,0
1229,86,dublin,PARKGATE STREET,Parkgate Street,False,False,OPEN,2024-12-25 18:44:13,True,False,,,53.347972,-6.291804,38,26,12,3,23,0,23,38,26,12,3,23,0,23
1230,35,dublin,SMITHFIELD,Smithfield,False,False,OPEN,2024-12-25 18:46:24,True,False,,,53.347692,-6.278214,30,16,14,8,8,0,8,30,16,14,8,8,0,8
1231,10,dublin,DAME STREET,Dame Street,False,False,OPEN,2024-12-25 18:48:37,True,False,,,53.344007,-6.266802,16,15,1,10,5,0,5,16,15,1,10,5,0,5
1232,100,dublin,HEUSTON BRIDGE (SOUTH),Heuston Bridge (South),False,False,OPEN,2024-12-25 18:42:51,True,False,,,53.347106,-6.292041,25,23,2,16,7,0,7,25,23,2,16,7,0,7
1233,24,dublin,CATHAL BRUGHA STREET,Cathal Brugha Street,False,False,OPEN,2024-12-25 18:43:04,True,False,,,53.352149,-6.260533,20,12,8,7,5,0,5,20,12,8,7,5,0,5
1234,64,dublin,SANDWITH STREET,Sandwith Street,False,False,OPEN,2024-12-25 18:42:40,True,False,,,53.345203,-6.247163,40,7,33,6,1,0,1,40,7,33,6,1,0,1
1235,109,dublin,BUCKINGHAM STREET LOWER,Buckingham Street Lower,False,False,OPEN,2024-12-25 18:48:45,True,False,,,53.353331,-6.249319,29,26,3,12,14,0,14,29,26,3,12,14,0,14
1236,85,dublin,ROTHE ABBEY,Rothe Abbey,False,False,OPEN,2024-12-25 18:45:51,True,False,,,53.338776,-6.30395,35,29,6,11,18,0,18,35,29,6,11,18,0,18
1237,107,dublin,CHARLEVILLE ROAD,Charleville Road,False,False,OPEN,2024-12-25 18:46:43,True,False,,,53.359157,-6.281866,40,2,38,1,1,0,1,40,2,38,1,1,0,1
1238,33,dublin,PRINCES STREET / O'CONNELL STREET,Princes Street / O'Connell Street,False,False,OPEN,2024-12-25 18:48:19,True,False,,,53.349013,-6.260311,23,17,6,5,12,0,12,23,17,6,5,12,0,12
1239,44,dublin,UPPER SHERRARD STREET,Upper Sherrard Street,False,False,OPEN,2024-12-25 18:50:47,True,False,,,53.358437,-6.260641,30,9,21,4,5,0,5,30,9,21,4,5,0,5
1240,89,dublin,FITZWILLIAM SQUARE EAST,Fitzwilliam Square East,False,False,OPEN,2024-12-25 18:48:05,True,False,,,53.335211,-6.2509,40,21,19,10,11,0,11,40,21,19,10,11,0,11
1241,57,dublin,GRATTAN STREET,Grattan Street,False,False,OPEN,2024-12-25 18:43:44,True,False,,,53.339629,-6.243778,23,7,16,4,3,0,3,23,7,16,4,3,0,3
1242,80,dublin,ST JAMES HOSPITAL (LUAS),St James Hospital (Luas),False,False,OPEN,2024-12-25 18:46:57,True,False,,,53.341359,-6.292951,40,16,24,4,12,0,12,40,16,24,4,12,0,12
1243,41,dublin,HARCOURT TERRACE,Harcourt Terrace,False,False,OPEN,2024-12-25 18:42:51,True,False,,,53.332763,-6.257942,20,1,19,0,1,0,1,20,1,19,0,1,0,1
1244,3,dublin,BOLTON STREET,Bolton Street,False,False,OPEN,2024-12-25 18:44:43,True,False,,,53.351182,-6.269859,20,12,8,7,5,0,5,20,12,8,7,5,0,5
1245,40,dublin,JERVIS STREET,Jervis Street,False,False,OPEN,2024-12-25 18:42:47,True,False,,,53.3483,-6.266651,21,10,10,8,2,0,2,21,10,10,8,2,0,2
1246,29,dublin,ORMOND QUAY UPPER,Ormond Quay Upper,False,False,OPEN,2024-12-25 18:50:58,True,False,,,53.346057,-6.268001,29,29,0,18,11,0,11,29,29,0,18,11,0,11
1247,103,dublin,GRANGEGORMAN LOWER (SOUTH),Grangegorman Lower (South),False,False,OPEN,2024-12-25 18:48:36,True,False,,,53.354663,-6.278681,40,2,38,1,1,0,1,40,2,38,1,1,0,1
1248,28,dublin,MOUNTJOY SQUARE WEST,Mountjoy Square West,False,False,OPEN,2024-12-25 18:46:22,True,False,,,53.356299,-6.258586,30,17,13,7,10,0,10,30,17,13,7,10,0,10
1249,39,dublin,WILTON TERRACE,Wilton Terrace,False,False,OPEN,2024-12-25 18:45:22,True,False,,,53.332383,-6.252717,20,8,12,6,2,0,2,20,8,12,6,2,0,2
1250,83,dublin,EMMET ROAD,Emmet Road,False,False,OPEN,2024-12-25 18:51:05,True,False,,,53.340714,-6.308191,40,24,16,17,7,0,7,40,24,16,17,7,0,7
1251,92,dublin,HEUSTON BRIDGE (NORTH),Heuston Bridge (North),False,False,OPEN,2024-12-25 18:43:30,True,False,,,53.347802,-6.292432,40,39,1,31,8,0,8,40,39,1,31,8,0,8
1252,21,dublin,LEINSTER STREET SOUTH,Leinster Street South,False,False,OPEN,2024-12-25 18:48:39,True,False,,,53.34218,-6.254485,30,10,20,4,6,0,6,30,10,20,4,6,0,6
1253,88,dublin,BLACKHALL PLACE,Blackhall Place,False,False,OPEN,2024-12-25 18:48:36,True,False,,,53.3488,-6.281637,30,5,25,5,0,0,0,30,5,25,5,0,0,0
1254,42,dublin,SMITHFIELD NORTH,Smithfield North,False,False,OPEN,2024-12-25 19:13:32,True,False,,,53.349562,-6.278198,30,1,29,1,0,0,0,30,1,29,1,0,0,0
1255,30,dublin,PARNELL SQUARE NORTH,Parnell Square North,False,False,OPEN,2024-12-25 19:21:25,True,False,,,53.3537415547453,-6.26530144781526,20,6,14,6,0,0,0,20,6,14,6,0,0,0
1256,54,dublin,CLONMEL STREET,Clonmel Street,False,False,OPEN,2024-12-25 19:16:00,True,False,,,53.336021,-6.26298,33,11,22,1,10,0,10,33,11,22,1,10,0,10
1257,108,dublin,AVONDALE ROAD,Avondale Road,False,False,OPEN,2024-12-25 19:16:52,True,False,,,53.359405,-6.276142,35,0,35,0,0,0,0,35,0,35,0,0,0,0
1258,20,dublin,JAMES STREET EAST,James Street East,False,False,OPEN,2024-12-25 19:16:49,True,False,,,53.336597,-6.248109,30,2,28,2,0,0,0,30,2,28,2,0,0,0
1259,56,dublin,MOUNT STREET LOWER,Mount Street Lower,False,False,OPEN,2024-12-25 19:12:14,True,False,,,53.33796,-6.24153,40,11,29,4,7,0,7,40,11,29,4,7,0,7
1260,6,dublin,CHRISTCHURCH PLACE,Christchurch Place,False,False,OPEN,2024-12-25 19:18:46,True,False,,,53.343368,-6.27012,20,10,10,7,3,0,3,20,10,10,7,3,0,3
1261,18,dublin,GRANTHAM STREET,Grantham Street,False,False,OPEN,2024-12-25 19:17:47,True,False,,,53.334123,-6.265436,30,14,16,8,6,0,6,30,14,16,8,6,0,6
1262,32,dublin,PEARSE STREET,Pearse Street,False,False,OPEN,2024-12-25 19:16:15,True,False,,,53.344304,-6.250427,30,16,14,12,4,0,4,30,16,14,12,4,0,4
1263,52,dublin,YORK STREET EAST,York Street East,False,False,OPEN,2024-12-25 19:15:31,True,False,,,53.338755,-6.262003,32,7,25,5,2,0,2,32,7,25,5,2,0,2
1264,48,dublin,EXCISE WALK,Excise Walk,False,False,OPEN,2024-12-25 19:14:20,True,False,,,53.347777,-6.244239,40,13,27,9,4,0,4,40,13,27,9,4,0,4
1265,13,dublin,FITZWILLIAM SQUARE WEST,Fitzwilliam Square West,False,False,OPEN,2024-12-25 19:13:41,True,False,,,53.336074,-6.252825,30,24,6,10,14,0,14,30,24,6,10,14,0,14
1266,43,dublin,PORTOBELLO ROAD,Portobello Road,False,False,OPEN,2024-12-25 19:17:19,True,False,,,53.330091,-6.268044,30,17,12,16,1,0,1,30,17,12,16,1,0,1
1267,31,dublin,PARNELL STREET,Parnell Street,False,False,OPEN,2024-12-25 19:14:38,True,False,,,53.350929,-6.265125,20,5,15,3,2,0,2,20,5,15,3,2,0,2
1268,98,dublin,FREDERICK STREET SOUTH,Frederick Street South,False,False,OPEN,2024-12-25 19:12:23,True,False,,,53.341515,-6.256853,40,14,26,10,4,0,4,40,14,26,10,4,0,4
1269,14,dublin,FOWNES STREET UPPER,Fownes Street Upper,False,False,OPEN,2024-12-25 19:16:22,True,False,,,53.344603,-6.263371,30,26,4,19,7,0,7,30,26,4,19,7,0,7
1270,1,dublin,CLARENDON ROW,Clarendon Row,False,False,OPEN,2024-12-25 19:15:50,True,False,,,53.340927,-6.262501,31,10,21,9,1,0,1,31,10,21,9,1,0,1
1271,23,dublin,CUSTOM HOUSE,Custom House,False,False,OPEN,2024-12-25 19:17:05,True,False,,,53.348279,-6.254662,30,19,11,18,1,0,1,30,19,11,18,1,0,1
1272,106,dublin,RATHDOWN ROAD,Rathdown Road,False,False,OPEN,2024-12-25 19:18:41,True,False,,,53.35893,-6.280337,40,16,24,1,15,0,15,40,16,24,1,15,0,15
1273,112,dublin,NORTH CIRCULAR ROAD (O'CONNELL'S),North Circular Road (O'Connell's),False,False,OPEN,2024-12-25 19:16:03,True,False,,,53.357841,-6.251557,30,5,25,3,2,0,2,30,5,25,3,2,0,2
1274,68,dublin,HANOVER QUAY,Hanover Quay,False,False,OPEN,2024-12-25 19:14:46,True,False,,,53.344115,-6.237153,40,9,31,3,6,0,6,40,9,31,3,6,0,6
1275,74,dublin,OLIVER BOND STREET,Oliver Bond Street,False,False,OPEN,2024-12-25 19:18:14,True,False,,,53.343893,-6.280531,30,24,6,16,8,0,8,30,24,6,16,8,0,8
1276,87,dublin,COLLINS BARRACKS MUSEUM,Collins Barracks Museum,False,False,OPEN,2024-12-25 19:18:42,True,False,,,53.347477,-6.28525,38,14,24,6,8,0,8,38,14,24,6,8,0,8
1277,84,dublin,BROOKFIELD ROAD,Brookfield Road,False,False,OPEN,2024-12-25 19:19:16,True,False,,,53.339005,-6.300217,30,19,11,11,8,0,8,30,19,11,11,8,0,8
1278,90,dublin,BENSON STREET,Benson Street,False,False,OPEN,2024-12-25 19:19:07,True,False,,,53.344153,-6.233451,40,4,36,2,2,0,2,40,4,36,2,2,0,2
1279,11,dublin,EARLSFORT TERRACE,Earlsfort Terrace,False,False,OPEN,2024-12-25 19:18:39,True,False,,,53.334295,-6.258503,30,17,13,11,6,0,6,30,17,13,11,6,0,6
1280,17,dublin,GOLDEN LANE,Golden Lane,False,False,OPEN,2024-12-25 19:18:30,True,False,,,53.340803,-6.267732,20,18,2,10,8,0,8,20,18,2,10,8,0,8
1281,45,dublin,DEVERELL PLACE,Deverell Place,False,False,OPEN,2024-12-25 19:18:18,True,False,,,53.351464,-6.255265,30,2,28,0,2,0,2,30,2,28,0,2,0,2
1282,114,dublin,WILTON TERRACE (PARK),Wilton Terrace (Park),False,False,OPEN,2024-12-25 19:18:13,True,False,,,53.333653,-6.248345,40,3,37,3,0,0,0,40,3,37,3,0,0,0
1283,72,dublin,JOHN STREET WEST,John Street West,False,False,OPEN,2024-12-25 19:13:42,True,False,,,53.343105,-6.277167,31,1,30,1,0,0,0,31,1,30,1,0,0,0
1284,63,dublin,FENIAN STREET,Fenian Street,False,False,OPEN,2024-12-25 19:14:57,True,False,,,53.341428,-6.24672,35,25,10,13,12,0,12,35,25,10,13,12,0,12
1285,113,dublin,MERRION SQUARE SOUTH,Merrion Square South,False,False,OPEN,2024-12-25 19:15:45,True,False,,,53.338614,-6.248606,40,10,19,7,3,0,3,40,10,19,7,3,0,3
1286,91,dublin,SOUTH DOCK ROAD,South Dock Road,False,False,OPEN,2024-12-25 19:15:07,True,False,,,53.341833,-6.231291,30,28,2,17,11,0,11,30,28,2,17,11,0,11
1287,99,dublin,CITY QUAY,City Quay,False,False,OPEN,2024-12-25 19:12:51,True,False,,,53.346637,-6.246154,30,24,6,9,15,0,15,30,24,6,9,15,0,15
1288,9,dublin,EXCHEQUER STREET,Exchequer Street,False,False,OPEN,2024-12-25 19:20:02,True,False,,,53.343034,-6.263578,24,9,15,8,1,0,1,24,9,15,8,1,0,1
1289,67,dublin,THE POINT,The Point,False,False,OPEN,2024-12-25 19:16:13,True,False,,,53.346867,-6.230852,40,23,17,14,9,0,9,40,23,17,14,9,0,9
1290,116,dublin,BROADSTONE,Broadstone,False,False,OPEN,2024-12-25 19:17:48,True,False,,,53.3547,-6.272314,30,20,10,9,11,0,11,30,20,10,9,11,0,11
1291,55,dublin,HATCH STREET,Hatch Street,False,False,OPEN,2024-12-25 19:18:40,True,False,,,53.33403,-6.260714,36,17,19,9,8,0,8,36,17,19,9,8,0,8
1292,62,dublin,LIME STREET,Lime Street,False,False,OPEN,2024-12-25 19:13:51,True,False,,,53.346026,-6.243576,40,13,27,5,8,0,8,40,13,27,5,8,0,8
1293,5,dublin,CHARLEMONT PLACE,Charlemont Street,False,False,OPEN,2024-12-25 19:18:30,True,False,,,53.330662,-6.260177,40,13,27,7,6,0,6,40,13,27,7,6,0,6
1294,97,dublin,KILMAINHAM GAOL,Kilmainham Gaol,False,False,OPEN,2024-12-25 19:14:10,True,False,,,53.342113,-6.310015,40,16,24,8,8,0,8,40,16,24,8,8,0,8
1295,61,dublin,HARDWICKE PLACE,Hardwicke Place,False,False,OPEN,2024-12-25 19:18:23,True,False,,,53.357043,-6.263232,25,9,16,6,3,0,3,25,9,16,6,3,0,3
1296,77,dublin,WOLFE TONE STREET,Wolfe Tone Street,False,False,OPEN,2024-12-25 19:15:34,True,False,,,53.348875,-6.267459,29,19,10,8,11,0,11,29,19,10,8,11,0,11
1297,73,dublin,FRANCIS STREET,Francis Street,False,False,OPEN,2024-12-25 19:16:16,True,False,,,53.342081,-6.275233,30,9,20,2,7,0,7,30,9,20,2,7,0,7
1298,4,dublin,GREEK STREET,Greek Street,False,False,OPEN,2024-12-25 19:19:51,True,False,,,53.346874,-6.272976,20,16,3,7,9,0,9,20,16,3,7,9,0,9
1299,49,dublin,GUILD STREET,Guild Street,False,False,OPEN,2024-12-25 19:21:58,True,False,,,53.347932,-6.240928,40,38,2,29,9,0,9,40,38,2,29,9,0,9
1300,19,dublin,HERBERT PLACE,Herbert Place,False,False,OPEN,2024-12-25 19:15:52,True,False,,,53.334432,-6.245575,30,2,28,2,0,0,0,30,2,28,2,0,0,0
1301,7,dublin,HIGH STREET,High Street,False,False,OPEN,2024-12-25 19:12:28,True,False,,,53.343565,-6.275071,29,0,29,0,0,0,0,29,0,29,0,0,0,0
1302,60,dublin,NORTH CIRCULAR ROAD,North Circular Road,False,False,OPEN,2024-12-25 19:18:45,True,False,,,53.359624,-6.260348,30,7,23,3,4,0,4,30,7,23,3,4,0,4
1303,102,dublin,WESTERN WAY,Western Way,False,False,OPEN,2024-12-25 19:15:01,True,False,,,53.354929,-6.269425,40,7,33,6,1,0,1,40,7,33,6,1,0,1
1304,38,dublin,TALBOT STREET,Talbot Street,False,False,OPEN,2024-12-25 19:20:14,True,False,,,53.350974,-6.25294,40,14,25,9,5,0,5,40,14,25,9,5,0,5
1305,53,dublin,NEWMAN HOUSE,Newman House,False,False,OPEN,2024-12-25 19:17:58,True,False,,,53.337132,-6.26059,40,12,28,11,1,0,1,40,12,28,11,1,0,1
1306,58,dublin,SIR PATRICK DUN'S,Sir Patrick's Dun,False,False,OPEN,2024-12-25 19:17:42,True,False,,,53.339218,-6.240642,40,35,5,26,9,0,9,40,35,5,26,9,0,9
1307,66,dublin,NEW CENTRAL BANK,New Central Bank,False,False,OPEN,2024-12-25 19:16:33,True,False,,,53.347122,-6.234749,40,5,35,3,2,0,2,40,5,35,3,2,0,2
1308,104,dublin,GRANGEGORMAN LOWER (CENTRAL),Grangegorman Lower (Central),False,False,OPEN,2024-12-25 19:17:24,True,False,,,53.355173,-6.278424,40,4,36,2,2,0,2,40,4,36,2,2,0,2
1309,101,dublin,KING STREET NORTH,King Street North,False,False,OPEN,2024-12-25 19:13:02,True,False,,,53.350291,-6.273507,30,12,18,8,4,0,4,30,12,18,8,4,0,4
1310,115,dublin,KILLARNEY STREET,Killarney Street,False,False,OPEN,2024-12-25 19:17:01,True,False,,,53.354845,-6.247579,30,27,3,20,7,0,7,30,27,3,20,7,0,7
1311,47,dublin,HERBERT STREET,Herbert Street,False,False,OPEN,2024-12-25 19:20:05,True,False,,,53.335742,-6.24551,40,0,40,0,0,0,0,40,0,40,0,0,0,0
1312,117,dublin,HANOVER QUAY EAST,Hanover Quay East,False,False,OPEN,2024-12-25 19:18:52,True,False,,,53.343653,-6.231755,40,0,40,0,0,0,0,40,0,40,0,0,0,0
1313,8,dublin,CUSTOM HOUSE QUAY,Custom House Quay,False,False,OPEN,2024-12-25 19:20:27,True,False,,,53.347884,-6.248048,30,14,16,8,6,0,6,30,14,16,8,6,0,6
1314,27,dublin,MOLESWORTH STREET,Molesworth Street,False,False,OPEN,2024-12-25 19:15:59,True,False,,,53.341288,-6.258117,20,2,18,2,0,0,0,20,2,18,2,0,0,0
1315,16,dublin,GEORGES QUAY,Georges Quay,False,False,OPEN,2024-12-25 19:18:04,True,False,,,53.347508,-6.252192,20,8,12,5,3,0,3,20,8,12,5,3,0,3
1316,96,dublin,KILMAINHAM LANE,Kilmainham Lane,False,False,OPEN,2024-12-25 19:13:25,True,False,,,53.341805,-6.305085,30,9,21,9,0,0,0,30,9,21,9,0,0,0
1317,82,dublin,MOUNT BROWN,Mount Brown,False,False,OPEN,2024-12-25 19:15:34,True,False,,,53.341645,-6.29719,22,9,13,2,7,0,7,22,9,13,2,7,0,7
1318,76,dublin,MARKET STREET SOUTH,Market Street South,False,False,OPEN,2024-12-25 19:14:33,True,False,,,53.342296,-6.287661,38,3,35,2,1,0,1,38,3,35,2,1,0,1
1319,71,dublin,KEVIN STREET,Kevin Street,False,False,OPEN,2024-12-25 19:18:44,True,False,,,53.337757,-6.267699,40,19,21,11,8,0,8,40,19,21,11,8,0,8
1320,79,dublin,ECCLES STREET EAST,Eccles Street East,False,False,OPEN,2024-12-25 19:19:20,True,False,,,53.358115,-6.265601,27,2,25,0,2,0,2,27,2,25,0,2,0,2
1321,69,dublin,GRAND CANAL DOCK,Grand Canal Dock,False,False,OPEN,2024-12-25 19:19:30,True,False,,,53.342638,-6.238695,40,27,13,17,10,0,10,40,27,13,17,10,0,10
1322,25,dublin,MERRION SQUARE EAST,Merrion Square East,False,False,OPEN,2024-12-25 19:18:40,True,False,,,53.339434,-6.246548,30,3,27,2,1,0,1,30,3,27,2,1,0,1
1323,51,dublin,YORK STREET WEST,York Street West,False,False,OPEN,2024-12-25 19:14:22,True,False,,,53.339334,-6.264699,40,0,0,0,0,0,0,40,0,0,0,0,0,0
1324,37,dublin,ST. STEPHEN'S GREEN SOUTH,St. Stephen's Green South,False,False,OPEN,2024-12-25 19:13:48,True,False,,,53.337494,-6.26199,30,13,17,7,6,0,6,30,13,17,7,6,0,6
1325,59,dublin,DENMARK STREET GREAT,Denmark Street Great,False,False,OPEN,2024-12-25 19:19:27,True,False,,,53.35561,-6.261397,20,0,20,0,0,0,0,20,0,20,0,0,0,0
1326,95,dublin,ROYAL HOSPITAL,Royal Hospital,False,False,OPEN,2024-12-25 19:19:38,True,False,,,53.343897,-6.29706,40,27,13,16,11,0,11,40,27,13,16,11,0,11
1327,94,dublin,HEUSTON STATION (CAR PARK),Heuston Station (Car Park),False,False,OPEN,2024-12-25 19:17:17,True,False,,,53.346985,-6.297804,40,13,27,10,3,0,3,40,13,27,10,3,0,3
1328,105,dublin,GRANGEGORMAN LOWER (NORTH),Grangegorman Lower (North),False,False,OPEN,2024-12-25 19:20:29,True,False,,,53.355954,-6.278378,36,1,35,1,0,0,0,36,1,35,1,0,0,0
1329,36,dublin,ST. STEPHEN'S GREEN EAST,St. Stephen's Green East,False,False,OPEN,2024-12-25 19:14:32,True,False,,,53.337824,-6.256035,40,9,31,4,5,0,5,40,9,31,4,5,0,5
1330,93,dublin,HEUSTON STATION (CENTRAL),Heuston Station (Central),False,False,OPEN,2024-12-25 19:16:17,True,False,,,53.346603,-6.296924,40,14,26,13,1,0,1,40,14,26,13,1,0,1
1331,22,dublin,TOWNSEND STREET,Townsend Street,False,False,OPEN,2024-12-25 19:14:49,True,False,,,53.345922,-6.254614,20,18,2,12,6,0,6,20,18,2,12,6,0,6
1332,50,dublin,GEORGES LANE,George's Lane,False,False,OPEN,2024-12-25 19:18:51,True,False,,,53.35023,-6.279696,40,0,40,0,0,0,0,40,0,40,0,0,0,0
1333,110,dublin,PHIBSBOROUGH ROAD,Phibsborough Road,False,False,OPEN,2024-12-25 19:17:40,True,False,,,53.356307,-6.273717,40,13,27,6,7,0,7,40,13,27,6,7,0,7
1334,12,dublin,ECCLES STREET,Eccles Street,False,False,OPEN,2024-12-25 19:14:07,True,False,,,53.359246,-6.269779,20,1,19,0,1,0,1,20,1,19,0,1,0,1
1335,34,dublin,PORTOBELLO HARBOUR,Portobello Harbour,False,False,OPEN,2024-12-25 19:20:25,True,False,,,53.330362,-6.265163,30,8,22,3,5,0,5,30,8,22,3,5,0,5
1336,78,dublin,MATER HOSPITAL,Mater Hospital,False,False,OPEN,2024-12-25 19:20:09,True,False,,,53.359967,-6.264828,40,2,38,2,0,0,0,40,2,38,2,0,0,0
1337,2,dublin,BLESSINGTON STREET,Blessington Street,False,False,OPEN,2024-12-25 19:16:38,True,False,,,53.356769,-6.26814,20,2,18,1,1,0,1,20,2,18,1,1,0,1
1338,75,dublin,JAMES STREET,James Street,False,False,OPEN,2024-12-25 19:20:24,True,False,,,53.343456,-6.287409,40,17,23,15,2,0,2,40,17,23,15,2,0,2
1339,111,dublin,MOUNTJOY SQUARE EAST,Mountjoy Square East,False,False,OPEN,2024-12-25 19:17:16,True,False,,,53.356717,-6.256359,40,3,37,1,2,0,2,40,3,37,1,2,0,2
1340,26,dublin,MERRION SQUARE WEST,Merrion Square West,False,False,OPEN,2024-12-25 19:15:10,True,False,,,53.339764,-6.251988,20,4,16,4,0,0,0,20,4,16,4,0,0,0
1341,65,dublin,CONVENTION CENTRE,Convention Centre,False,False,OPEN,2024-12-25 19:20:20,True,False,,,53.34744,-6.238523,40,8,32,5,3,0,3,40,8,32,5,3,0,3
1342,15,dublin,HARDWICKE STREET,Hardwicke Street,False,False,OPEN,2024-12-25 19:16:54,True,False,,,53.355473,-6.264423,16,0,16,0,0,0,0,16,0,16,0,0,0,0
1343,86,dublin,PARKGATE STREET,Parkgate Street,False,False,OPEN,2024-12-25 19:15:17,True,False,,,53.347972,-6.291804,38,27,11,4,23,0,23,38,27,11,4,23,0,23
1344,35,dublin,SMITHFIELD,Smithfield,False,False,OPEN,2024-12-25 19:15:05,True,False,,,53.347692,-6.278214,30,16,14,8,8,0,8,30,16,14,8,8,0,8
1345,10,dublin,DAME STREET,Dame Street,False,False,OPEN,2024-12-25 19:18:54,True,False,,,53.344007,-6.266802,16,15,1,10,5,0,5,16,15,1,10,5,0,5
1346,100,dublin,HEUSTON BRIDGE (SOUTH),Heuston Bridge (South),False,False,OPEN,2024-12-25 19:15:43,True,False,,,53.347106,-6.292041,25,23,2,16,7,0,7,25,23,2,16,7,0,7
1347,24,dublin,CATHAL BRUGHA STREET,Cathal Brugha Street,False,False,OPEN,2024-12-25 19:13:20,True,False,,,53.352149,-6.260533,20,12,8,7,5,0,5,20,12,8,7,5,0,5
1348,64,dublin,SANDWITH STREET,Sandwith Street,False,False,OPEN,2024-12-25 19:12:56,True,False,,,53.345203,-6.247163,40,7,33,6,1,0,1,40,7,33,6,1,0,1
1349,109,dublin,BUCKINGHAM STREET LOWER,Buckingham Street Lower,False,False,OPEN,2024-12-25 19:19:04,True,False,,,53.353331,-6.249319,29,23,6,9,14,0,14,29,23,6,9,14,0,14
1350,85,dublin,ROTHE ABBEY,Rothe Abbey,False,False,OPEN,2024-12-25 19:16:09,True,False,,,53.338776,-6.30395,35,28,7,11,17,0,17,35,28,7,11,17,0,17
1351,107,dublin,CHARLEVILLE ROAD,Charleville Road,False,False,OPEN,2024-12-25 19:16:59,True,False,,,53.359157,-6.281866,40,1,39,0,1,0,1,40,1,39,0,1,0,1
1352,33,dublin,PRINCES STREET / O'CONNELL STREET,Princes Street / O'Connell Street,False,False,OPEN,2024-12-25 19:18:40,True,False,,,53.349013,-6.260311,23,14,9,6,8,0,8,23,14,9,6,8,0,8
1353,44,dublin,UPPER SHERRARD STREET,Upper Sherrard Street,False,False,OPEN,2024-12-25 19:21:05,True,False,,,53.358437,-6.260641,30,9,21,4,5,0,5,30,9,21,4,5,0,5
1354,89,dublin,FITZWILLIAM SQUARE EAST,Fitzwilliam Square East,False,False,OPEN,2024-12-25 19:18:20,True,False,,,53.335211,-6.2509,40,21,19,10,11,0,11,40,21,19,10,11,0,11
1355,57,dublin,GRATTAN STREET,Grattan Street,False,False,OPEN,2024-12-25 19:13:59,True,False,,,53.339629,-6.243778,23,7,16,4,3,0,3,23,7,16,4,3,0,3
1356,80,dublin,ST JAMES HOSPITAL (LUAS),St James Hospital (Luas),False,False,OPEN,2024-12-25 19:17:12,True,False,,,53.341359,-6.292951,40,16,24,4,12,0,12,40,16,24,4,12,0,12
1357,41,dublin,HARCOURT TERRACE,Harcourt Terrace,False,False,OPEN,2024-12-25 19:13:07,True,False,,,53.332763,-6.257942,20,1,19,0,1,0,1,20,1,19,0,1,0,1
1358,3,dublin,BOLTON STREET,Bolton Street,False,False,OPEN,2024-12-25 19:15:00,True,False,,,53.351182,-6.269859,20,14,5,9,5,0,5,20,14,5,9,5,0,5
1359,40,dublin,JERVIS STREET,Jervis Street,False,False,OPEN,2024-12-25 19:13:03,True,False,,,53.3483,-6.266651,21,10,10,8,2,0,2,21,10,10,8,2,0,2
1360,29,dublin,ORMOND QUAY UPPER,Ormond Quay Upper,False,False,OPEN,2024-12-25 19:21:16,True,False,,,53.346057,-6.268001,29,27,2,17,10,0,10,29,27,2,17,10,0,10
1361,103,dublin,GRANGEGORMAN LOWER (SOUTH),Grangegorman Lower (South),False,False,OPEN,2024-12-25 19:18:50,True,False,,,53.354663,-6.278681,40,2,38,1,1,0,1,40,2,38,1,1,0,1
1362,28,dublin,MOUNTJOY SQUARE WEST,Mountjoy Square West,False,False,OPEN,2024-12-25 19:16:39,True,False,,,53.356299,-6.258586,30,18,12,8,10,0,10,30,18,12,8,10,0,10
1363,39,dublin,WILTON TERRACE,Wilton Terrace,False,False,OPEN,2024-12-25 19:19:44,True,False,,,53.332383,-6.252717,20,8,12,5,3,0,3,20,8,12,5,3,0,3
1364,83,dublin,EMMET ROAD,Emmet Road,False,False,OPEN,2024-12-25 19:20:01,True,False,,,53.340714,-6.308191,40,23,17,16,7,0,7,40,23,17,16,7,0,7
1365,92,dublin,HEUSTON BRIDGE (NORTH),Heuston Bridge (North),False,False,OPEN,2024-12-25 19:13:45,True,False,,,53.347802,-6.292432,40,39,1,31,8,0,8,40,39,1,31,8,0,8
1366,21,dublin,LEINSTER STREET SOUTH,Leinster Street South,False,False,OPEN,2024-12-25 19:12:37,True,False,,,53.34218,-6.254485,30,10,20,4,6,0,6,30,10,20,4,6,0,6
1367,88,dublin,BLACKHALL PLACE,Blackhall Place,False,False,OPEN,2024-12-25 19:18:54,True,False,,,53.3488,-6.281637,30,3,27,3,0,0,0,30,3,27,3,0,0,0
1368,42,dublin,SMITHFIELD NORTH,Smithfield North,False,False,OPEN,2024-12-25 19:43:48,True,False,,,53.349562,-6.278198,30,1,29,1,0,0,0,30,1,29,1,0,0,0
1369,30,dublin,PARNELL SQUARE NORTH,Parnell Square North,False,False,OPEN,2024-12-25 19:51:42,True,False,,,53.3537415547453,-6.26530144781526,20,7,13,7,0,0,0,20,7,13,7,0,0,0
1370,54,dublin,CLONMEL STREET,Clonmel Street,False,False,OPEN,2024-12-25 19:46:12,True,False,,,53.336021,-6.26298,33,11,22,1,10,0,10,33,11,22,1,10,0,10
1371,108,dublin,AVONDALE ROAD,Avondale Road,False,False,OPEN,2024-12-25 19:47:03,True,False,,,53.359405,-6.276142,35,0,35,0,0,0,0,35,0,35,0,0,0,0
1372,20,dublin,JAMES STREET EAST,James Street East,False,False,OPEN,2024-12-25 19:47:01,True,False,,,53.336597,-6.248109,30,2,28,2,0,0,0,30,2,28,2,0,0,0
1373,56,dublin,MOUNT STREET LOWER,Mount Street Lower,False,False,OPEN,2024-12-25 19:42:25,True,False,,,53.33796,-6.24153,40,11,29,4,7,0,7,40,11,29,4,7,0,7
1374,6,dublin,CHRISTCHURCH PLACE,Christchurch Place,False,False,OPEN,2024-12-25 19:45:18,True,False,,,53.343368,-6.27012,20,10,10,7,3,0,3,20,10,10,7,3,0,3
1375,18,dublin,GRANTHAM STREET,Grantham Street,False,False,OPEN,2024-12-25 19:46:07,True,False,,,53.334123,-6.265436,30,17,13,11,6,0,6,30,17,13,11,6,0,6
1376,32,dublin,PEARSE STREET,Pearse Street,False,False,OPEN,2024-12-25 19:46:28,True,False,,,53.344304,-6.250427,30,16,14,12,4,0,4,30,16,14,12,4,0,4
1377,52,dublin,YORK STREET EAST,York Street East,False,False,OPEN,2024-12-25 19:45:47,True,False,,,53.338755,-6.262003,32,7,25,5,2,0,2,32,7,25,5,2,0,2
1378,48,dublin,EXCISE WALK,Excise Walk,False,False,OPEN,2024-12-25 19:48:29,True,False,,,53.347777,-6.244239,40,8,32,5,3,0,3,40,8,32,5,3,0,3
1379,13,dublin,FITZWILLIAM SQUARE WEST,Fitzwilliam Square West,False,False,OPEN,2024-12-25 19:43:52,True,False,,,53.336074,-6.252825,30,24,6,10,14,0,14,30,24,6,10,14,0,14
1380,43,dublin,PORTOBELLO ROAD,Portobello Road,False,False,OPEN,2024-12-25 19:47:35,True,False,,,53.330091,-6.268044,30,17,12,16,1,0,1,30,17,12,16,1,0,1
1381,31,dublin,PARNELL STREET,Parnell Street,False,False,OPEN,2024-12-25 19:48:32,True,False,,,53.350929,-6.265125,20,6,14,4,2,0,2,20,6,14,4,2,0,2
1382,98,dublin,FREDERICK STREET SOUTH,Frederick Street South,False,False,OPEN,2024-12-25 19:42:35,True,False,,,53.341515,-6.256853,40,14,26,10,4,0,4,40,14,26,10,4,0,4
1383,14,dublin,FOWNES STREET UPPER,Fownes Street Upper,False,False,OPEN,2024-12-25 19:46:37,True,False,,,53.344603,-6.263371,30,25,5,19,6,0,6,30,25,5,19,6,0,6
1384,1,dublin,CLARENDON ROW,Clarendon Row,False,False,OPEN,2024-12-25 19:46:05,True,False,,,53.340927,-6.262501,31,10,21,9,1,0,1,31,10,21,9,1,0,1
1385,23,dublin,CUSTOM HOUSE,Custom House,False,False,OPEN,2024-12-25 19:47:22,True,False,,,53.348279,-6.254662,30,19,11,18,1,0,1,30,19,11,18,1,0,1
1386,106,dublin,RATHDOWN ROAD,Rathdown Road,False,False,OPEN,2024-12-25 19:45:04,True,False,,,53.35893,-6.280337,40,16,24,1,15,0,15,40,16,24,1,15,0,15
1387,112,dublin,NORTH CIRCULAR ROAD (O'CONNELL'S),North Circular Road (O'Connell's),False,False,OPEN,2024-12-25 19:50:06,True,False,,,53.357841,-6.251557,30,5,25,3,2,0,2,30,5,25,3,2,0,2
1388,68,dublin,HANOVER QUAY,Hanover Quay,False,False,OPEN,2024-12-25 19:44:57,True,False,,,53.344115,-6.237153,40,11,29,3,8,0,8,40,11,29,3,8,0,8
1389,74,dublin,OLIVER BOND STREET,Oliver Bond Street,False,False,OPEN,2024-12-25 19:48:31,True,False,,,53.343893,-6.280531,30,25,5,17,8,0,8,30,25,5,17,8,0,8
1390,87,dublin,COLLINS BARRACKS MUSEUM,Collins Barracks Museum,False,False,OPEN,2024-12-25 19:43:20,True,False,,,53.347477,-6.28525,38,14,24,6,8,0,8,38,14,24,6,8,0,8
1391,84,dublin,BROOKFIELD ROAD,Brookfield Road,False,False,OPEN,2024-12-25 19:49:31,True,False,,,53.339005,-6.300217,30,19,11,11,8,0,8,30,19,11,11,8,0,8
1392,90,dublin,BENSON STREET,Benson Street,False,False,OPEN,2024-12-25 19:48:14,True,False,,,53.344153,-6.233451,40,5,35,2,3,0,3,40,5,35,2,3,0,3
1393,11,dublin,EARLSFORT TERRACE,Earlsfort Terrace,False,False,OPEN,2024-12-25 19:48:50,True,False,,,53.334295,-6.258503,30,17,13,11,6,0,6,30,17,13,11,6,0,6
1394,17,dublin,GOLDEN LANE,Golden Lane,False,False,OPEN,2024-12-25 19:48:41,True,False,,,53.340803,-6.267732,20,18,2,10,8,0,8,20,18,2,10,8,0,8
1395,45,dublin,DEVERELL PLACE,Deverell Place,False,False,OPEN,2024-12-25 19:48:29,True,False,,,53.351464,-6.255265,30,2,28,0,2,0,2,30,2,28,0,2,0,2
1396,114,dublin,WILTON TERRACE (PARK),Wilton Terrace (Park),False,False,OPEN,2024-12-25 19:45:31,True,False,,,53.333653,-6.248345,40,6,34,3,3,0,3,40,6,34,3,3,0,3
1397,72,dublin,JOHN STREET WEST,John Street West,False,False,OPEN,2024-12-25 19:44:51,True,False,,,53.343105,-6.277167,31,0,31,0,0,0,0,31,0,31,0,0,0,0
1398,63,dublin,FENIAN STREET,Fenian Street,False,False,OPEN,2024-12-25 19:45:09,True,False,,,53.341428,-6.24672,35,25,10,13,12,0,12,35,25,10,13,12,0,12
1399,113,dublin,MERRION SQUARE SOUTH,Merrion Square South,False,False,OPEN,2024-12-25 19:45:57,True,False,,,53.338614,-6.248606,40,10,19,7,3,0,3,40,10,19,7,3,0,3
1400,91,dublin,SOUTH DOCK ROAD,South Dock Road,False,False,OPEN,2024-12-25 19:45:20,True,False,,,53.341833,-6.231291,30,28,2,16,12,0,12,30,28,2,16,12,0,12
1401,99,dublin,CITY QUAY,City Quay,False,False,OPEN,2024-12-25 19:43:07,True,False,,,53.346637,-6.246154,30,22,8,9,13,0,13,30,22,8,9,13,0,13
1402,9,dublin,EXCHEQUER STREET,Exchequer Street,False,False,OPEN,2024-12-25 19:50:19,True,False,,,53.343034,-6.263578,24,8,16,7,1,0,1,24,8,16,7,1,0,1
1403,67,dublin,THE POINT,The Point,False,False,OPEN,2024-12-25 19:46:25,True,False,,,53.346867,-6.230852,40,23,17,14,9,0,9,40,23,17,14,9,0,9
1404,116,dublin,BROADSTONE,Broadstone,False,False,OPEN,2024-12-25 19:48:00,True,False,,,53.3547,-6.272314,30,20,10,9,11,0,11,30,20,10,9,11,0,11
1405,55,dublin,HATCH STREET,Hatch Street,False,False,OPEN,2024-12-25 19:48:53,True,False,,,53.33403,-6.260714,36,17,19,9,8,0,8,36,17,19,9,8,0,8
1406,62,dublin,LIME STREET,Lime Street,False,False,OPEN,2024-12-25 19:44:03,True,False,,,53.346026,-6.243576,40,15,25,7,8,0,8,40,15,25,7,8,0,8
1407,5,dublin,CHARLEMONT PLACE,Charlemont Street,False,False,OPEN,2024-12-25 19:48:44,True,False,,,53.330662,-6.260177,40,13,27,7,6,0,6,40,13,27,7,6,0,6
1408,97,dublin,KILMAINHAM GAOL,Kilmainham Gaol,False,False,OPEN,2024-12-25 19:44:27,True,False,,,53.342113,-6.310015,40,14,26,7,7,0,7,40,14,26,7,7,0,7
1409,61,dublin,HARDWICKE PLACE,Hardwicke Place,False,False,OPEN,2024-12-25 19:48:38,True,False,,,53.357043,-6.263232,25,9,16,7,2,0,2,25,9,16,7,2,0,2
1410,77,dublin,WOLFE TONE STREET,Wolfe Tone Street,False,False,OPEN,2024-12-25 19:45:53,True,False,,,53.348875,-6.267459,29,16,13,5,11,0,11,29,16,13,5,11,0,11
1411,73,dublin,FRANCIS STREET,Francis Street,False,False,OPEN,2024-12-25 19:50:45,True,False,,,53.342081,-6.275233,30,10,19,3,7,0,7,30,10,19,3,7,0,7
1412,4,dublin,GREEK STREET,Greek Street,False,False,OPEN,2024-12-25 19:50:07,True,False,,,53.346874,-6.272976,20,16,3,7,9,0,9,20,16,3,7,9,0,9
1413,49,dublin,GUILD STREET,Guild Street,False,False,OPEN,2024-12-25 19:51:36,True,False,,,53.347932,-6.240928,40,37,3,28,9,0,9,40,37,3,28,9,0,9
1414,19,dublin,HERBERT PLACE,Herbert Place,False,False,OPEN,2024-12-25 19:46:04,True,False,,,53.334432,-6.245575,30,2,28,2,0,0,0,30,2,28,2,0,0,0
1415,7,dublin,HIGH STREET,High Street,False,False,OPEN,2024-12-25 19:42:44,True,False,,,53.343565,-6.275071,29,0,29,0,0,0,0,29,0,29,0,0,0,0
1416,60,dublin,NORTH CIRCULAR ROAD,North Circular Road,False,False,OPEN,2024-12-25 19:47:01,True,False,,,53.359624,-6.260348,30,8,22,4,4,0,4,30,8,22,4,4,0,4
1417,102,dublin,WESTERN WAY,Western Way,False,False,OPEN,2024-12-25 19:48:29,True,False,,,53.354929,-6.269425,40,8,32,7,1,0,1,40,8,32,7,1,0,1
1418,38,dublin,TALBOT STREET,Talbot Street,False,False,OPEN,2024-12-25 19:50:26,True,False,,,53.350974,-6.25294,40,14,25,9,5,0,5,40,14,25,9,5,0,5
1419,53,dublin,NEWMAN HOUSE,Newman House,False,False,OPEN,2024-12-25 19:48:10,True,False,,,53.337132,-6.26059,40,12,28,11,1,0,1,40,12,28,11,1,0,1
1420,58,dublin,SIR PATRICK DUN'S,Sir Patrick's Dun,False,False,OPEN,2024-12-25 19:47:54,True,False,,,53.339218,-6.240642,40,35,5,26,9,0,9,40,35,5,26,9,0,9
1421,66,dublin,NEW CENTRAL BANK,New Central Bank,False,False,OPEN,2024-12-25 19:48:08,True,False,,,53.347122,-6.234749,40,7,33,5,2,0,2,40,7,33,5,2,0,2
1422,104,dublin,GRANGEGORMAN LOWER (CENTRAL),Grangegorman Lower (Central),False,False,OPEN,2024-12-25 19:47:40,True,False,,,53.355173,-6.278424,40,4,36,2,2,0,2,40,4,36,2,2,0,2
1423,101,dublin,KING STREET NORTH,King Street North,False,False,OPEN,2024-12-25 19:43:17,True,False,,,53.350291,-6.273507,30,13,17,8,5,0,5,30,13,17,8,5,0,5
1424,115,dublin,KILLARNEY STREET,Killarney Street,False,False,OPEN,2024-12-25 19:47:13,True,False,,,53.354845,-6.247579,30,29,1,22,7,0,7,30,29,1,22,7,0,7
1425,47,dublin,HERBERT STREET,Herbert Street,False,False,OPEN,2024-12-25 19:50:22,True,False,,,53.335742,-6.24551,40,1,39,1,0,0,0,40,1,39,1,0,0,0
1426,117,dublin,HANOVER QUAY EAST,Hanover Quay East,False,False,OPEN,2024-12-25 19:49:04,True,False,,,53.343653,-6.231755,40,0,40,0,0,0,0,40,0,40,0,0,0,0
1427,8,dublin,CUSTOM HOUSE QUAY,Custom House Quay,False,False,OPEN,2024-12-25 19:51:46,True,False,,,53.347884,-6.248048,30,19,11,12,7,0,7,30,19,11,12,7,0,7
1428,27,dublin,MOLESWORTH STREET,Molesworth Street,False,False,OPEN,2024-12-25 19:46:10,True,False,,,53.341288,-6.258117,20,2,18,2,0,0,0,20,2,18,2,0,0,0
1429,16,dublin,GEORGES QUAY,Georges Quay,False,False,OPEN,2024-12-25 19:42:28,True,False,,,53.347508,-6.252192,20,8,12,5,3,0,3,20,8,12,5,3,0,3
1430,96,dublin,KILMAINHAM LANE,Kilmainham Lane,False,False,OPEN,2024-12-25 19:43:36,True,False,,,53.341805,-6.305085,30,9,21,9,0,0,0,30,9,21,9,0,0,0
1431,82,dublin,MOUNT BROWN,Mount Brown,False,False,OPEN,2024-12-25 19:45:50,True,False,,,53.341645,-6.29719,22,9,13,2,7,0,7,22,9,13,2,7,0,7
1432,76,dublin,MARKET STREET SOUTH,Market Street South,False,False,OPEN,2024-12-25 19:44:48,True,False,,,53.342296,-6.287661,38,3,35,2,1,0,1,38,3,35,2,1,0,1
1433,71,dublin,KEVIN STREET,Kevin Street,False,False,OPEN,2024-12-25 19:48:57,True,False,,,53.337757,-6.267699,40,18,22,10,8,0,8,40,18,22,10,8,0,8
1434,79,dublin,ECCLES STREET EAST,Eccles Street East,False,False,OPEN,2024-12-25 19:49:36,True,False,,,53.358115,-6.265601,27,2,25,0,2,0,2,27,2,25,0,2,0,2
1435,69,dublin,GRAND CANAL DOCK,Grand Canal Dock,False,False,OPEN,2024-12-25 19:49:42,True,False,,,53.342638,-6.238695,40,27,13,17,10,0,10,40,27,13,17,10,0,10
1436,25,dublin,MERRION SQUARE EAST,Merrion Square East,False,False,OPEN,2024-12-25 19:48:51,True,False,,,53.339434,-6.246548,30,3,27,2,1,0,1,30,3,27,2,1,0,1
1437,51,dublin,YORK STREET WEST,York Street West,False,False,OPEN,2024-12-25 19:44:33,True,False,,,53.339334,-6.264699,40,0,0,0,0,0,0,40,0,0,0,0,0,0
1438,37,dublin,ST. STEPHEN'S GREEN SOUTH,St. Stephen's Green South,False,False,OPEN,2024-12-25 19:48:45,True,False,,,53.337494,-6.26199,30,14,16,8,6,0,6,30,14,16,8,6,0,6
1439,59,dublin,DENMARK STREET GREAT,Denmark Street Great,False,False,OPEN,2024-12-25 19:49:39,True,False,,,53.35561,-6.261397,20,0,20,0,0,0,0,20,0,20,0,0,0,0
1440,95,dublin,ROYAL HOSPITAL,Royal Hospital,False,False,OPEN,2024-12-25 19:49:55,True,False,,,53.343897,-6.29706,40,28,12,17,11,0,11,40,28,12,17,11,0,11
1441,94,dublin,HEUSTON STATION (CAR PARK),Heuston Station (Car Park),False,False,OPEN,2024-12-25 19:47:34,True,False,,,53.346985,-6.297804,40,13,27,10,3,0,3,40,13,27,10,3,0,3
1442,105,dublin,GRANGEGORMAN LOWER (NORTH),Grangegorman Lower (North),False,False,OPEN,2024-12-25 19:50:40,True,False,,,53.355954,-6.278378,36,1,35,1,0,0,0,36,1,35,1,0,0,0
1443,36,dublin,ST. STEPHEN'S GREEN EAST,St. Stephen's Green East,False,False,OPEN,2024-12-25 19:44:47,True,False,,,53.337824,-6.256035,40,9,31,4,5,0,5,40,9,31,4,5,0,5
1444,93,dublin,HEUSTON STATION (CENTRAL),Heuston Station (Central),False,False,OPEN,2024-12-25 19:46:29,True,False,,,53.346603,-6.296924,40,14,26,13,1,0,1,40,14,26,13,1,0,1
1445,22,dublin,TOWNSEND STREET,Townsend Street,False,False,OPEN,2024-12-25 19:45:01,True,False,,,53.345922,-6.254614,20,18,2,12,6,0,6,20,18,2,12,6,0,6
1446,50,dublin,GEORGES LANE,George's Lane,False,False,OPEN,2024-12-25 19:49:06,True,False,,,53.35023,-6.279696,40,1,39,1,0,0,0,40,1,39,1,0,0,0
1447,110,dublin,PHIBSBOROUGH ROAD,Phibsborough Road,False,False,OPEN,2024-12-25 19:47:51,True,False,,,53.356307,-6.273717,40,13,27,6,7,0,7,40,13,27,6,7,0,7
1448,12,dublin,ECCLES STREET,Eccles Street,False,False,OPEN,2024-12-25 19:44:18,True,False,,,53.359246,-6.269779,20,1,19,0,1,0,1,20,1,19,0,1,0,1
1449,34,dublin,PORTOBELLO HARBOUR,Portobello Harbour,False,False,OPEN,2024-12-25 19:45:26,True,False,,,53.330362,-6.265163,30,11,19,4,7,0,7,30,11,19,4,7,0,7
1450,78,dublin,MATER HOSPITAL,Mater Hospital,False,False,OPEN,2024-12-25 19:50:22,True,False,,,53.359967,-6.264828,40,2,38,2,0,0,0,40,2,38,2,0,0,0
1451,2,dublin,BLESSINGTON STREET,Blessington Street,False,False,OPEN,2024-12-25 19:49:46,True,False,,,53.356769,-6.26814,20,1,19,0,1,0,1,20,1,19,0,1,0,1
1452,75,dublin,JAMES STREET,James Street,False,False,OPEN,2024-12-25 19:50:35,True,False,,,53.343456,-6.287409,40,18,22,15,3,0,3,40,18,22,15,3,0,3
1453,111,dublin,MOUNTJOY SQUARE EAST,Mountjoy Square East,False,False,OPEN,2024-12-25 19:47:32,True,False,,,53.356717,-6.256359,40,3,37,1,2,0,2,40,3,37,1,2,0,2
1454,26,dublin,MERRION SQUARE WEST,Merrion Square West,False,False,OPEN,2024-12-25 19:45:26,True,False,,,53.339764,-6.251988,20,4,16,4,0,0,0,20,4,16,4,0,0,0
1455,65,dublin,CONVENTION CENTRE,Convention Centre,False,False,OPEN,2024-12-25 19:50:31,True,False,,,53.34744,-6.238523,40,8,32,5,3,0,3,40,8,32,5,3,0,3
1456,15,dublin,HARDWICKE STREET,Hardwicke Street,False,False,OPEN,2024-12-25 19:47:05,True,False,,,53.355473,-6.264423,16,0,16,0,0,0,0,16,0,16,0,0,0,0
1457,86,dublin,PARKGATE STREET,Parkgate Street,False,False,OPEN,2024-12-25 19:44:42,True,False,,,53.347972,-6.291804,38,26,12,3,23,0,23,38,26,12,3,23,0,23
1458,35,dublin,SMITHFIELD,Smithfield,False,False,OPEN,2024-12-25 19:45:20,True,False,,,53.347692,-6.278214,30,15,15,7,8,0,8,30,15,15,7,8,0,8
1459,10,dublin,DAME STREET,Dame Street,False,False,OPEN,2024-12-25 19:49:09,True,False,,,53.344007,-6.266802,16,15,1,10,5,0,5,16,15,1,10,5,0,5
1460,100,dublin,HEUSTON BRIDGE (SOUTH),Heuston Bridge (South),False,False,OPEN,2024-12-25 19:49:54,True,False,,,53.347106,-6.292041,25,23,2,16,7,0,7,25,23,2,16,7,0,7
1461,24,dublin,CATHAL BRUGHA STREET,Cathal Brugha Street,False,False,OPEN,2024-12-25 19:43:36,True,False,,,53.352149,-6.260533,20,12,8,7,5,0,5,20,12,8,7,5,0,5
1462,64,dublin,SANDWITH STREET,Sandwith Street,False,False,OPEN,2024-12-25 19:43:55,True,False,,,53.345203,-6.247163,40,8,32,7,1,0,1,40,8,32,7,1,0,1
1463,109,dublin,BUCKINGHAM STREET LOWER,Buckingham Street Lower,False,False,OPEN,2024-12-25 19:49:16,True,False,,,53.353331,-6.249319,29,23,6,9,14,0,14,29,23,6,9,14,0,14
1464,85,dublin,ROTHE ABBEY,Rothe Abbey,False,False,OPEN,2024-12-25 19:46:20,True,False,,,53.338776,-6.30395,35,28,7,11,17,0,17,35,28,7,11,17,0,17
1465,107,dublin,CHARLEVILLE ROAD,Charleville Road,False,False,OPEN,2024-12-25 19:47:10,True,False,,,53.359157,-6.281866,40,1,39,0,1,0,1,40,1,39,0,1,0,1
1466,33,dublin,PRINCES STREET / O'CONNELL STREET,Princes Street / O'Connell Street,False,False,OPEN,2024-12-25 19:48:54,True,False,,,53.349013,-6.260311,23,13,10,5,8,0,8,23,13,10,5,8,0,8
1467,44,dublin,UPPER SHERRARD STREET,Upper Sherrard Street,False,False,OPEN,2024-12-25 19:51:22,True,False,,,53.358437,-6.260641,30,8,22,3,5,0,5,30,8,22,3,5,0,5
1468,89,dublin,FITZWILLIAM SQUARE EAST,Fitzwilliam Square East,False,False,OPEN,2024-12-25 19:48:32,True,False,,,53.335211,-6.2509,40,21,19,10,11,0,11,40,21,19,10,11,0,11
1469,57,dublin,GRATTAN STREET,Grattan Street,False,False,OPEN,2024-12-25 19:44:11,True,False,,,53.339629,-6.243778,23,7,16,4,3,0,3,23,7,16,4,3,0,3
1470,80,dublin,ST JAMES HOSPITAL (LUAS),St James Hospital (Luas),False,False,OPEN,2024-12-25 19:50:12,True,False,,,53.341359,-6.292951,40,17,23,5,12,0,12,40,17,23,5,12,0,12
1471,41,dublin,HARCOURT TERRACE,Harcourt Terrace,False,False,OPEN,2024-12-25 19:43:19,True,False,,,53.332763,-6.257942,20,1,19,0,1,0,1,20,1,19,0,1,0,1
1472,3,dublin,BOLTON STREET,Bolton Street,False,False,OPEN,2024-12-25 19:45:16,True,False,,,53.351182,-6.269859,20,15,5,10,5,0,5,20,15,5,10,5,0,5
1473,40,dublin,JERVIS STREET,Jervis Street,False,False,OPEN,2024-12-25 19:48:37,True,False,,,53.3483,-6.266651,21,9,11,7,2,0,2,21,9,11,7,2,0,2
1474,29,dublin,ORMOND QUAY UPPER,Ormond Quay Upper,False,False,OPEN,2024-12-25 19:51:27,True,False,,,53.346057,-6.268001,29,28,1,17,11,0,11,29,28,1,17,11,0,11
1475,103,dublin,GRANGEGORMAN LOWER (SOUTH),Grangegorman Lower (South),False,False,OPEN,2024-12-25 19:49:09,True,False,,,53.354663,-6.278681,40,0,40,0,0,0,0,40,0,40,0,0,0,0
1476,28,dublin,MOUNTJOY SQUARE WEST,Mountjoy Square West,False,False,OPEN,2024-12-25 19:46:57,True,False,,,53.356299,-6.258586,30,19,11,9,10,0,10,30,19,11,9,10,0,10
1477,39,dublin,WILTON TERRACE,Wilton Terrace,False,False,OPEN,2024-12-25 19:45:53,True,False,,,53.332383,-6.252717,20,9,11,6,3,0,3,20,9,11,6,3,0,3
1478,83,dublin,EMMET ROAD,Emmet Road,False,False,OPEN,2024-12-25 19:50:12,True,False,,,53.340714,-6.308191,40,23,17,16,7,0,7,40,23,17,16,7,0,7
1479,92,dublin,HEUSTON BRIDGE (NORTH),Heuston Bridge (North),False,False,OPEN,2024-12-25 19:43:56,True,False,,,53.347802,-6.292432,40,40,0,31,9,0,9,40,40,0,31,9,0,9
1480,21,dublin,LEINSTER STREET SOUTH,Leinster Street South,False,False,OPEN,2024-12-25 19:42:49,True,False,,,53.34218,-6.254485,30,10,20,4,6,0,6,30,10,20,4,6,0,6
1481,88,dublin,BLACKHALL PLACE,Blackhall Place,False,False,OPEN,2024-12-25 19:49:06,True,False,,,53.3488,-6.281637,30,3,27,3,0,0,0,30,3,27,3,0,0,0
1482,42,dublin,SMITHFIELD NORTH,Smithfield North,False,False,OPEN,2024-12-25 20:14:04,True,False,,,53.349562,-6.278198,30,1,29,1,0,0,0,30,1,29,1,0,0,0
1483,30,dublin,PARNELL SQUARE NORTH,Parnell Square North,False,False,OPEN,2024-12-25 20:21:56,True,False,,,53.3537415547453,-6.26530144781526,20,7,13,7,0,0,0,20,7,13,7,0,0,0
1484,54,dublin,CLONMEL STREET,Clonmel Street,False,False,OPEN,2024-12-25 20:16:21,True,False,,,53.336021,-6.26298,33,11,22,1,10,0,10,33,11,22,1,10,0,10
1485,108,dublin,AVONDALE ROAD,Avondale Road,False,False,OPEN,2024-12-25 20:17:12,True,False,,,53.359405,-6.276142,35,1,34,0,1,0,1,35,1,34,0,1,0,1
1486,20,dublin,JAMES STREET EAST,James Street East,False,False,OPEN,2024-12-25 20:17:10,True,False,,,53.336597,-6.248109,30,2,28,2,0,0,0,30,2,28,2,0,0,0
1487,56,dublin,MOUNT STREET LOWER,Mount Street Lower,False,False,OPEN,2024-12-25 20:12:37,True,False,,,53.33796,-6.24153,40,11,29,4,7,0,7,40,11,29,4,7,0,7
1488,6,dublin,CHRISTCHURCH PLACE,Christchurch Place,False,False,OPEN,2024-12-25 20:17:54,True,False,,,53.343368,-6.27012,20,12,8,9,3,0,3,20,12,8,9,3,0,3
1489,18,dublin,GRANTHAM STREET,Grantham Street,False,False,OPEN,2024-12-25 20:16:17,True,False,,,53.334123,-6.265436,30,17,13,11,6,0,6,30,17,13,11,6,0,6
1490,32,dublin,PEARSE STREET,Pearse Street,False,False,OPEN,2024-12-25 20:16:39,True,False,,,53.344304,-6.250427,30,16,14,12,4,0,4,30,16,14,12,4,0,4
1491,52,dublin,YORK STREET EAST,York Street East,False,False,OPEN,2024-12-25 20:16:02,True,False,,,53.338755,-6.262003,32,7,25,5,2,0,2,32,7,25,5,2,0,2
1492,48,dublin,EXCISE WALK,Excise Walk,False,False,OPEN,2024-12-25 20:14:51,True,False,,,53.347777,-6.244239,40,8,32,5,3,0,3,40,8,32,5,3,0,3
1493,13,dublin,FITZWILLIAM SQUARE WEST,Fitzwilliam Square West,False,False,OPEN,2024-12-25 20:14:04,True,False,,,53.336074,-6.252825,30,24,6,10,14,0,14,30,24,6,10,14,0,14
1494,43,dublin,PORTOBELLO ROAD,Portobello Road,False,False,OPEN,2024-12-25 20:17:51,True,False,,,53.330091,-6.268044,30,17,12,16,1,0,1,30,17,12,16,1,0,1
1495,31,dublin,PARNELL STREET,Parnell Street,False,False,OPEN,2024-12-25 20:14:24,True,False,,,53.350929,-6.265125,20,7,13,5,2,0,2,20,7,13,5,2,0,2
1496,98,dublin,FREDERICK STREET SOUTH,Frederick Street South,False,False,OPEN,2024-12-25 20:12:45,True,False,,,53.341515,-6.256853,40,14,26,10,4,0,4,40,14,26,10,4,0,4
1497,14,dublin,FOWNES STREET UPPER,Fownes Street Upper,False,False,OPEN,2024-12-25 20:16:48,True,False,,,53.344603,-6.263371,30,24,6,18,6,0,6,30,24,6,18,6,0,6
1498,1,dublin,CLARENDON ROW,Clarendon Row,False,False,OPEN,2024-12-25 20:16:22,True,False,,,53.340927,-6.262501,31,10,21,9,1,0,1,31,10,21,9,1,0,1
1499,23,dublin,CUSTOM HOUSE,Custom House,False,False,OPEN,2024-12-25 20:17:38,True,False,,,53.348279,-6.254662,30,19,11,18,1,0,1,30,19,11,18,1,0,1
1500,106,dublin,RATHDOWN ROAD,Rathdown Road,False,False,OPEN,2024-12-25 20:15:20,True,False,,,53.35893,-6.280337,40,16,24,1,15,0,15,40,16,24,1,15,0,15
1501,112,dublin,NORTH CIRCULAR ROAD (O'CONNELL'S),North Circular Road (O'Connell's),False,False,OPEN,2024-12-25 20:16:38,True,False,,,53.357841,-6.251557,30,8,22,5,3,0,3,30,8,22,5,3,0,3
1502,68,dublin,HANOVER QUAY,Hanover Quay,False,False,OPEN,2024-12-25 20:20:37,True,False,,,53.344115,-6.237153,40,14,26,5,9,0,9,40,14,26,5,9,0,9
1503,74,dublin,OLIVER BOND STREET,Oliver Bond Street,False,False,OPEN,2024-12-25 20:18:47,True,False,,,53.343893,-6.280531,30,24,6,16,8,0,8,30,24,6,16,8,0,8
1504,87,dublin,COLLINS BARRACKS MUSEUM,Collins Barracks Museum,False,False,OPEN,2024-12-25 20:13:33,True,False,,,53.347477,-6.28525,38,13,25,5,8,0,8,38,13,25,5,8,0,8
1505,84,dublin,BROOKFIELD ROAD,Brookfield Road,False,False,OPEN,2024-12-25 20:19:47,True,False,,,53.339005,-6.300217,30,19,11,11,8,0,8,30,19,11,11,8,0,8
1506,90,dublin,BENSON STREET,Benson Street,False,False,OPEN,2024-12-25 20:18:26,True,False,,,53.344153,-6.233451,40,5,35,2,3,0,3,40,5,35,2,3,0,3
1507,11,dublin,EARLSFORT TERRACE,Earlsfort Terrace,False,False,OPEN,2024-12-25 20:19:02,True,False,,,53.334295,-6.258503,30,17,13,11,6,0,6,30,17,13,11,6,0,6
1508,17,dublin,GOLDEN LANE,Golden Lane,False,False,OPEN,2024-12-25 20:18:53,True,False,,,53.340803,-6.267732,20,18,2,10,8,0,8,20,18,2,10,8,0,8
1509,45,dublin,DEVERELL PLACE,Deverell Place,False,False,OPEN,2024-12-25 20:18:40,True,False,,,53.351464,-6.255265,30,3,27,0,3,0,3,30,3,27,0,3,0,3
1510,114,dublin,WILTON TERRACE (PARK),Wilton Terrace (Park),False,False,OPEN,2024-12-25 20:15:39,True,False,,,53.333653,-6.248345,40,6,34,3,3,0,3,40,6,34,3,3,0,3
1511,72,dublin,JOHN STREET WEST,John Street West,False,False,OPEN,2024-12-25 20:14:57,True,False,,,53.343105,-6.277167,31,0,31,0,0,0,0,31,0,31,0,0,0,0
1512,63,dublin,FENIAN STREET,Fenian Street,False,False,OPEN,2024-12-25 20:15:19,True,False,,,53.341428,-6.24672,35,25,10,13,12,0,12,35,25,10,13,12,0,12
1513,113,dublin,MERRION SQUARE SOUTH,Merrion Square South,False,False,OPEN,2024-12-25 20:16:06,True,False,,,53.338614,-6.248606,40,10,19,7,3,0,3,40,10,19,7,3,0,3
1514,91,dublin,SOUTH DOCK ROAD,South Dock Road,False,False,OPEN,2024-12-25 20:18:35,True,False,,,53.341833,-6.231291,30,26,4,14,12,0,12,30,26,4,14,12,0,12
1515,99,dublin,CITY QUAY,City Quay,False,False,OPEN,2024-12-25 20:20:28,True,False,,,53.346637,-6.246154,30,22,8,9,13,0,13,30,22,8,9,13,0,13
1516,9,dublin,EXCHEQUER STREET,Exchequer Street,False,False,OPEN,2024-12-25 20:20:37,True,False,,,53.343034,-6.263578,24,7,17,6,1,0,1,24,7,17,6,1,0,1
1517,67,dublin,THE POINT,The Point,False,False,OPEN,2024-12-25 20:16:34,True,False,,,53.346867,-6.230852,40,23,17,14,9,0,9,40,23,17,14,9,0,9
1518,116,dublin,BROADSTONE,Broadstone,False,False,OPEN,2024-12-25 20:18:11,True,False,,,53.3547,-6.272314,30,20,10,9,11,0,11,30,20,10,9,11,0,11
1519,55,dublin,HATCH STREET,Hatch Street,False,False,OPEN,2024-12-25 20:19:03,True,False,,,53.33403,-6.260714,36,16,19,9,7,0,7,36,16,19,9,7,0,7
1520,62,dublin,LIME STREET,Lime Street,False,False,OPEN,2024-12-25 20:14:12,True,False,,,53.346026,-6.243576,40,15,25,7,8,0,8,40,15,25,7,8,0,8
1521,5,dublin,CHARLEMONT PLACE,Charlemont Street,False,False,OPEN,2024-12-25 20:19:01,True,False,,,53.330662,-6.260177,40,12,28,7,5,0,5,40,12,28,7,5,0,5
1522,97,dublin,KILMAINHAM GAOL,Kilmainham Gaol,False,False,OPEN,2024-12-25 20:14:37,True,False,,,53.342113,-6.310015,40,14,26,7,7,0,7,40,14,26,7,7,0,7
1523,61,dublin,HARDWICKE PLACE,Hardwicke Place,False,False,OPEN,2024-12-25 20:21:41,True,False,,,53.357043,-6.263232,25,10,15,8,2,0,2,25,10,15,8,2,0,2
1524,77,dublin,WOLFE TONE STREET,Wolfe Tone Street,False,False,OPEN,2024-12-25 20:18:52,True,False,,,53.348875,-6.267459,29,16,13,5,11,0,11,29,16,13,5,11,0,11
1525,73,dublin,FRANCIS STREET,Francis Street,False,False,OPEN,2024-12-25 20:15:55,True,False,,,53.342081,-6.275233,30,10,19,3,7,0,7,30,10,19,3,7,0,7
1526,4,dublin,GREEK STREET,Greek Street,False,False,OPEN,2024-12-25 20:20:25,True,False,,,53.346874,-6.272976,20,15,4,6,9,0,9,20,15,4,6,9,0,9
1527,49,dublin,GUILD STREET,Guild Street,False,False,OPEN,2024-12-25 20:18:20,True,False,,,53.347932,-6.240928,40,38,2,28,10,0,10,40,38,2,28,10,0,10
1528,19,dublin,HERBERT PLACE,Herbert Place,False,False,OPEN,2024-12-25 20:16:18,True,False,,,53.334432,-6.245575,30,0,30,0,0,0,0,30,0,30,0,0,0,0
1529,7,dublin,HIGH STREET,High Street,False,False,OPEN,2024-12-25 20:13:01,True,False,,,53.343565,-6.275071,29,0,29,0,0,0,0,29,0,29,0,0,0,0
1530,60,dublin,NORTH CIRCULAR ROAD,North Circular Road,False,False,OPEN,2024-12-25 20:17:16,True,False,,,53.359624,-6.260348,30,13,17,9,4,0,4,30,13,17,9,4,0,4
1531,102,dublin,WESTERN WAY,Western Way,False,False,OPEN,2024-12-25 20:20:41,True,False,,,53.354929,-6.269425,40,9,31,6,3,0,3,40,9,31,6,3,0,3
1532,38,dublin,TALBOT STREET,Talbot Street,False,False,OPEN,2024-12-25 20:20:36,True,False,,,53.350974,-6.25294,40,14,25,9,5,0,5,40,14,25,9,5,0,5
1533,53,dublin,NEWMAN HOUSE,Newman House,False,False,OPEN,2024-12-25 20:18:19,True,False,,,53.337132,-6.26059,40,12,28,11,1,0,1,40,12,28,11,1,0,1
1534,58,dublin,SIR PATRICK DUN'S,Sir Patrick's Dun,False,False,OPEN,2024-12-25 20:18:05,True,False,,,53.339218,-6.240642,40,35,5,26,9,0,9,40,35,5,26,9,0,9
1535,66,dublin,NEW CENTRAL BANK,New Central Bank,False,False,OPEN,2024-12-25 20:14:13,True,False,,,53.347122,-6.234749,40,7,33,5,2,0,2,40,7,33,5,2,0,2
1536,104,dublin,GRANGEGORMAN LOWER (CENTRAL),Grangegorman Lower (Central),False,False,OPEN,2024-12-25 20:17:55,True,False,,,53.355173,-6.278424,40,4,36,2,2,0,2,40,4,36,2,2,0,2
1537,101,dublin,KING STREET NORTH,King Street North,False,False,OPEN,2024-12-25 20:13:30,True,False,,,53.350291,-6.273507,30,13,17,9,4,0,4,30,13,17,9,4,0,4
1538,115,dublin,KILLARNEY STREET,Killarney Street,False,False,OPEN,2024-12-25 20:17:22,True,False,,,53.354845,-6.247579,30,29,1,22,7,0,7,30,29,1,22,7,0,7
1539,47,dublin,HERBERT STREET,Herbert Street,False,False,OPEN,2024-12-25 20:20:38,True,False,,,53.335742,-6.24551,40,1,39,1,0,0,0,40,1,39,1,0,0,0
1540,117,dublin,HANOVER QUAY EAST,Hanover Quay East,False,False,OPEN,2024-12-25 20:19:12,True,False,,,53.343653,-6.231755,40,0,40,0,0,0,0,40,0,40,0,0,0,0
1541,8,dublin,CUSTOM HOUSE QUAY,Custom House Quay,False,False,OPEN,2024-12-25 20:17:11,True,False,,,53.347884,-6.248048,30,18,12,11,7,0,7,30,18,12,11,7,0,7
1542,27,dublin,MOLESWORTH STREET,Molesworth Street,False,False,OPEN,2024-12-25 20:16:22,True,False,,,53.341288,-6.258117,20,1,19,1,0,0,0,20,1,19,1,0,0,0
1543,16,dublin,GEORGES QUAY,Georges Quay,False,False,OPEN,2024-12-25 20:12:37,True,False,,,53.347508,-6.252192,20,8,12,5,3,0,3,20,8,12,5,3,0,3
1544,96,dublin,KILMAINHAM LANE,Kilmainham Lane,False,False,OPEN,2024-12-25 20:13:45,True,False,,,53.341805,-6.305085,30,9,21,9,0,0,0,30,9,21,9,0,0,0
1545,82,dublin,MOUNT BROWN,Mount Brown,False,False,OPEN,2024-12-25 20:16:06,True,False,,,53.341645,-6.29719,22,9,13,2,7,0,7,22,9,13,2,7,0,7
1546,76,dublin,MARKET STREET SOUTH,Market Street South,False,False,OPEN,2024-12-25 20:15:07,True,False,,,53.342296,-6.287661,38,2,36,1,1,0,1,38,2,36,1,1,0,1
1547,71,dublin,KEVIN STREET,Kevin Street,False,False,OPEN,2024-12-25 20:19:07,True,False,,,53.337757,-6.267699,40,18,22,10,8,0,8,40,18,22,10,8,0,8
1548,79,dublin,ECCLES STREET EAST,Eccles Street East,False,False,OPEN,2024-12-25 20:19:52,True,False,,,53.358115,-6.265601,27,2,25,0,2,0,2,27,2,25,0,2,0,2
1549,69,dublin,GRAND CANAL DOCK,Grand Canal Dock,False,False,OPEN,2024-12-25 20:19:51,True,False,,,53.342638,-6.238695,40,27,13,17,10,0,10,40,27,13,17,10,0,10
1550,25,dublin,MERRION SQUARE EAST,Merrion Square East,False,False,OPEN,2024-12-25 20:19:02,True,False,,,53.339434,-6.246548,30,3,27,2,1,0,1,30,3,27,2,1,0,1
1551,51,dublin,YORK STREET WEST,York Street West,False,False,OPEN,2024-12-25 20:14:42,True,False,,,53.339334,-6.264699,40,0,0,0,0,0,0,40,0,0,0,0,0,0
1552,37,dublin,ST. STEPHEN'S GREEN SOUTH,St. Stephen's Green South,False,False,OPEN,2024-12-25 20:14:12,True,False,,,53.337494,-6.26199,30,14,16,8,6,0,6,30,14,16,8,6,0,6
1553,59,dublin,DENMARK STREET GREAT,Denmark Street Great,False,False,OPEN,2024-12-25 20:19:47,True,False,,,53.35561,-6.261397,20,0,20,0,0,0,0,20,0,20,0,0,0,0
1554,95,dublin,ROYAL HOSPITAL,Royal Hospital,False,False,OPEN,2024-12-25 20:20:11,True,False,,,53.343897,-6.29706,40,28,12,17,11,0,11,40,28,12,17,11,0,11
1555,94,dublin,HEUSTON STATION (CAR PARK),Heuston Station (Car Park),False,False,OPEN,2024-12-25 20:17:49,True,False,,,53.346985,-6.297804,40,13,27,10,3,0,3,40,13,27,10,3,0,3
1556,105,dublin,GRANGEGORMAN LOWER (NORTH),Grangegorman Lower (North),False,False,OPEN,2024-12-25 20:20:50,True,False,,,53.355954,-6.278378,36,1,35,1,0,0,0,36,1,35,1,0,0,0
1557,36,dublin,ST. STEPHEN'S GREEN EAST,St. Stephen's Green East,False,False,OPEN,2024-12-25 20:15:03,True,False,,,53.337824,-6.256035,40,9,31,4,5,0,5,40,9,31,4,5,0,5
1558,93,dublin,HEUSTON STATION (CENTRAL),Heuston Station (Central),False,False,OPEN,2024-12-25 20:16:38,True,False,,,53.346603,-6.296924,40,14,26,13,1,0,1,40,14,26,13,1,0,1
1559,22,dublin,TOWNSEND STREET,Townsend Street,False,False,OPEN,2024-12-25 20:15:12,True,False,,,53.345922,-6.254614,20,17,3,12,5,0,5,20,17,3,12,5,0,5
1560,50,dublin,GEORGES LANE,George's Lane,False,False,OPEN,2024-12-25 20:19:24,True,False,,,53.35023,-6.279696,40,3,37,2,1,0,1,40,3,37,2,1,0,1
1561,110,dublin,PHIBSBOROUGH ROAD,Phibsborough Road,False,False,OPEN,2024-12-25 20:18:03,True,False,,,53.356307,-6.273717,40,13,27,6,7,0,7,40,13,27,6,7,0,7
1562,12,dublin,ECCLES STREET,Eccles Street,False,False,OPEN,2024-12-25 20:14:29,True,False,,,53.359246,-6.269779,20,2,18,2,0,0,0,20,2,18,2,0,0,0
1563,34,dublin,PORTOBELLO HARBOUR,Portobello Harbour,False,False,OPEN,2024-12-25 20:21:34,True,False,,,53.330362,-6.265163,30,10,20,3,7,0,7,30,10,20,3,7,0,7
1564,78,dublin,MATER HOSPITAL,Mater Hospital,False,False,OPEN,2024-12-25 20:20:31,True,False,,,53.359967,-6.264828,40,2,38,2,0,0,0,40,2,38,2,0,0,0
1565,2,dublin,BLESSINGTON STREET,Blessington Street,False,False,OPEN,2024-12-25 20:17:01,True,False,,,53.356769,-6.26814,20,1,19,0,1,0,1,20,1,19,0,1,0,1
1566,75,dublin,JAMES STREET,James Street,False,False,OPEN,2024-12-25 20:20:49,True,False,,,53.343456,-6.287409,40,19,21,15,4,0,4,40,19,21,15,4,0,4
1567,111,dublin,MOUNTJOY SQUARE EAST,Mountjoy Square East,False,False,OPEN,2024-12-25 20:17:49,True,False,,,53.356717,-6.256359,40,4,36,2,2,0,2,40,4,36,2,2,0,2
1568,26,dublin,MERRION SQUARE WEST,Merrion Square West,False,False,OPEN,2024-12-25 20:15:42,True,False,,,53.339764,-6.251988,20,4,16,4,0,0,0,20,4,16,4,0,0,0
1569,65,dublin,CONVENTION CENTRE,Convention Centre,False,False,OPEN,2024-12-25 20:20:43,True,False,,,53.34744,-6.238523,40,8,32,5,3,0,3,40,8,32,5,3,0,3
1570,15,dublin,HARDWICKE STREET,Hardwicke Street,False,False,OPEN,2024-12-25 20:17:17,True,False,,,53.355473,-6.264423,16,0,16,0,0,0,0,16,0,16,0,0,0,0
1571,86,dublin,PARKGATE STREET,Parkgate Street,False,False,OPEN,2024-12-25 20:15:28,True,False,,,53.347972,-6.291804,38,28,10,5,23,0,23,38,28,10,5,23,0,23
1572,35,dublin,SMITHFIELD,Smithfield,False,False,OPEN,2024-12-25 20:15:32,True,False,,,53.347692,-6.278214,30,13,17,7,6,0,6,30,13,17,7,6,0,6
1573,10,dublin,DAME STREET,Dame Street,False,False,OPEN,2024-12-25 20:19:28,True,False,,,53.344007,-6.266802,16,14,2,10,4,0,4,16,14,2,10,4,0,4
1574,100,dublin,HEUSTON BRIDGE (SOUTH),Heuston Bridge (South),False,False,OPEN,2024-12-25 20:11:33,True,False,,,53.347106,-6.292041,25,23,2,16,7,0,7,25,23,2,16,7,0,7
1575,24,dublin,CATHAL BRUGHA STREET,Cathal Brugha Street,False,False,OPEN,2024-12-25 20:13:46,True,False,,,53.352149,-6.260533,20,11,9,7,4,0,4,20,11,9,7,4,0,4
1576,64,dublin,SANDWITH STREET,Sandwith Street,False,False,OPEN,2024-12-25 20:13:30,True,False,,,53.345203,-6.247163,40,8,32,7,1,0,1,40,8,32,7,1,0,1
1577,109,dublin,BUCKINGHAM STREET LOWER,Buckingham Street Lower,False,False,OPEN,2024-12-25 20:19:26,True,False,,,53.353331,-6.249319,29,23,6,9,14,0,14,29,23,6,9,14,0,14
1578,85,dublin,ROTHE ABBEY,Rothe Abbey,False,False,OPEN,2024-12-25 20:16:30,True,False,,,53.338776,-6.30395,35,28,7,11,17,0,17,35,28,7,11,17,0,17
1579,107,dublin,CHARLEVILLE ROAD,Charleville Road,False,False,OPEN,2024-12-25 20:19:31,True,False,,,53.359157,-6.281866,40,0,40,0,0,0,0,40,0,40,0,0,0,0
1580,33,dublin,PRINCES STREET / O'CONNELL STREET,Princes Street / O'Connell Street,False,False,OPEN,2024-12-25 20:19:06,True,False,,,53.349013,-6.260311,23,12,11,4,8,0,8,23,12,11,4,8,0,8
1581,44,dublin,UPPER SHERRARD STREET,Upper Sherrard Street,False,False,OPEN,2024-12-25 20:21:37,True,False,,,53.358437,-6.260641,30,8,22,3,5,0,5,30,8,22,3,5,0,5
1582,89,dublin,FITZWILLIAM SQUARE EAST,Fitzwilliam Square East,False,False,OPEN,2024-12-25 20:18:41,True,False,,,53.335211,-6.2509,40,21,19,10,11,0,11,40,21,19,10,11,0,11
1583,57,dublin,GRATTAN STREET,Grattan Street,False,False,OPEN,2024-12-25 20:14:22,True,False,,,53.339629,-6.243778,23,7,16,4,3,0,3,23,7,16,4,3,0,3
1584,80,dublin,ST JAMES HOSPITAL (LUAS),St James Hospital (Luas),False,False,OPEN,2024-12-25 20:17:36,True,False,,,53.341359,-6.292951,40,16,24,5,11,0,11,40,16,24,5,11,0,11
1585,41,dublin,HARCOURT TERRACE,Harcourt Terrace,False,False,OPEN,2024-12-25 20:13:29,True,False,,,53.332763,-6.257942,20,1,19,0,1,0,1,20,1,19,0,1,0,1
1586,3,dublin,BOLTON STREET,Bolton Street,False,False,OPEN,2024-12-25 20:15:26,True,False,,,53.351182,-6.269859,20,16,4,11,5,0,5,20,16,4,11,5,0,5
1587,40,dublin,JERVIS STREET,Jervis Street,False,False,OPEN,2024-12-25 20:13:36,True,False,,,53.3483,-6.266651,21,10,10,8,2,0,2,21,10,10,8,2,0,2
1588,29,dublin,ORMOND QUAY UPPER,Ormond Quay Upper,False,False,OPEN,2024-12-25 20:21:40,True,False,,,53.346057,-6.268001,29,29,0,17,12,0,12,29,29,0,17,12,0,12
1589,103,dublin,GRANGEGORMAN LOWER (SOUTH),Grangegorman Lower (South),False,False,OPEN,2024-12-25 20:19:20,True,False,,,53.354663,-6.278681,40,0,40,0,0,0,0,40,0,40,0,0,0,0
1590,28,dublin,MOUNTJOY SQUARE WEST,Mountjoy Square West,False,False,OPEN,2024-12-25 20:17:15,True,False,,,53.356299,-6.258586,30,18,12,8,10,0,10,30,18,12,8,10,0,10
1591,39,dublin,WILTON TERRACE,Wilton Terrace,False,False,OPEN,2024-12-25 20:16:03,True,False,,,53.332383,-6.252717,20,10,10,6,4,0,4,20,10,10,6,4,0,4
1592,83,dublin,EMMET ROAD,Emmet Road,False,False,OPEN,2024-12-25 20:20:24,True,False,,,53.340714,-6.308191,40,22,18,16,6,0,6,40,22,18,16,6,0,6
1593,92,dublin,HEUSTON BRIDGE (NORTH),Heuston Bridge (North),False,False,OPEN,2024-12-25 20:14:07,True,False,,,53.347802,-6.292432,40,40,0,31,9,0,9,40,40,0,31,9,0,9
1594,21,dublin,LEINSTER STREET SOUTH,Leinster Street South,False,False,OPEN,2024-12-25 20:12:57,True,False,,,53.34218,-6.254485,30,10,20,4,6,0,6,30,10,20,4,6,0,6
1595,88,dublin,BLACKHALL PLACE,Blackhall Place,False,False,OPEN,2024-12-25 20:19:15,True,False,,,53.3488,-6.281637,30,3,27,3,0,0,0,30,3,27,3,0,0,0
1596,42,dublin,SMITHFIELD NORTH,Smithfield North,False,False,OPEN,2024-12-25 20:44:20,True,False,,,53.349562,-6.278198,30,1,29,1,0,0,0,30,1,29,1,0,0,0
1597,30,dublin,PARNELL SQUARE NORTH,Parnell Square North,False,False,OPEN,2024-12-25 20:49:01,True,False,,,53.3537415547453,-6.26530144781526,20,9,11,9,0,0,0,20,9,11,9,0,0,0
1598,54,dublin,CLONMEL STREET,Clonmel Street,False,False,OPEN,2024-12-25 20:46:35,True,False,,,53.336021,-6.26298,33,13,20,3,10,0,10,33,13,20,3,10,0,10
1599,108,dublin,AVONDALE ROAD,Avondale Road,False,False,OPEN,2024-12-25 20:47:21,True,False,,,53.359405,-6.276142,35,1,34,0,1,0,1,35,1,34,0,1,0,1
1600,20,dublin,JAMES STREET EAST,James Street East,False,False,OPEN,2024-12-25 20:47:23,True,False,,,53.336597,-6.248109,30,2,28,2,0,0,0,30,2,28,2,0,0,0
1601,56,dublin,MOUNT STREET LOWER,Mount Street Lower,False,False,OPEN,2024-12-25 20:42:46,True,False,,,53.33796,-6.24153,40,11,29,4,7,0,7,40,11,29,4,7,0,7
1602,6,dublin,CHRISTCHURCH PLACE,Christchurch Place,False,False,OPEN,2024-12-25 20:45:50,True,False,,,53.343368,-6.27012,20,12,8,9,3,0,3,20,12,8,9,3,0,3
1603,18,dublin,GRANTHAM STREET,Grantham Street,False,False,OPEN,2024-12-25 20:49:07,True,False,,,53.334123,-6.265436,30,18,12,11,7,0,7,30,18,12,11,7,0,7
1604,32,dublin,PEARSE STREET,Pearse Street,False,False,OPEN,2024-12-25 20:46:55,True,False,,,53.344304,-6.250427,30,17,13,13,4,0,4,30,17,13,13,4,0,4
1605,52,dublin,YORK STREET EAST,York Street East,False,False,OPEN,2024-12-25 20:46:18,True,False,,,53.338755,-6.262003,32,7,25,5,2,0,2,32,7,25,5,2,0,2
1606,48,dublin,EXCISE WALK,Excise Walk,False,False,OPEN,2024-12-25 20:45:04,True,False,,,53.347777,-6.244239,40,8,32,5,3,0,3,40,8,32,5,3,0,3
1607,13,dublin,FITZWILLIAM SQUARE WEST,Fitzwilliam Square West,False,False,OPEN,2024-12-25 20:44:13,True,False,,,53.336074,-6.252825,30,24,6,10,14,0,14,30,24,6,10,14,0,14
1608,43,dublin,PORTOBELLO ROAD,Portobello Road,False,False,OPEN,2024-12-25 20:48:06,True,False,,,53.330091,-6.268044,30,17,12,16,1,0,1,30,17,12,16,1,0,1
1609,31,dublin,PARNELL STREET,Parnell Street,False,False,OPEN,2024-12-25 20:44:36,True,False,,,53.350929,-6.265125,20,7,13,5,2,0,2,20,7,13,5,2,0,2
1610,98,dublin,FREDERICK STREET SOUTH,Frederick Street South,False,False,OPEN,2024-12-25 20:42:58,True,False,,,53.341515,-6.256853,40,14,26,10,4,0,4,40,14,26,10,4,0,4
1611,14,dublin,FOWNES STREET UPPER,Fownes Street Upper,False,False,OPEN,2024-12-25 20:47:01,True,False,,,53.344603,-6.263371,30,24,6,18,6,0,6,30,24,6,18,6,0,6
1612,1,dublin,CLARENDON ROW,Clarendon Row,False,False,OPEN,2024-12-25 20:46:38,True,False,,,53.340927,-6.262501,31,10,21,9,1,0,1,31,10,21,9,1,0,1
1613,23,dublin,CUSTOM HOUSE,Custom House,False,False,OPEN,2024-12-25 20:47:56,True,False,,,53.348279,-6.254662,30,18,12,17,1,0,1,30,18,12,17,1,0,1
1614,106,dublin,RATHDOWN ROAD,Rathdown Road,False,False,OPEN,2024-12-25 20:45:36,True,False,,,53.35893,-6.280337,40,16,24,1,15,0,15,40,16,24,1,15,0,15
1615,112,dublin,NORTH CIRCULAR ROAD (O'CONNELL'S),North Circular Road (O'Connell's),False,False,OPEN,2024-12-25 20:46:55,True,False,,,53.357841,-6.251557,30,8,22,5,3,0,3,30,8,22,5,3,0,3
1616,68,dublin,HANOVER QUAY,Hanover Quay,False,False,OPEN,2024-12-25 20:48:07,True,False,,,53.344115,-6.237153,40,13,27,5,8,0,8,40,13,27,5,8,0,8
1617,74,dublin,OLIVER BOND STREET,Oliver Bond Street,False,False,OPEN,2024-12-25 20:49:08,True,False,,,53.343893,-6.280531,30,24,6,16,8,0,8,30,24,6,16,8,0,8
1618,87,dublin,COLLINS BARRACKS MUSEUM,Collins Barracks Museum,False,False,OPEN,2024-12-25 20:47:46,True,False,,,53.347477,-6.28525,38,12,26,4,8,0,8,38,12,26,4,8,0,8
1619,84,dublin,BROOKFIELD ROAD,Brookfield Road,False,False,OPEN,2024-12-25 20:50:02,True,False,,,53.339005,-6.300217,30,19,11,11,8,0,8,30,19,11,11,8,0,8
1620,90,dublin,BENSON STREET,Benson Street,False,False,OPEN,2024-12-25 20:48:41,True,False,,,53.344153,-6.233451,40,5,35,3,2,0,2,40,5,35,3,2,0,2
1621,11,dublin,EARLSFORT TERRACE,Earlsfort Terrace,False,False,OPEN,2024-12-25 20:49:14,True,False,,,53.334295,-6.258503,30,17,13,11,6,0,6,30,17,13,11,6,0,6
1622,17,dublin,GOLDEN LANE,Golden Lane,False,False,OPEN,2024-12-25 20:49:05,True,False,,,53.340803,-6.267732,20,18,2,10,8,0,8,20,18,2,10,8,0,8
1623,45,dublin,DEVERELL PLACE,Deverell Place,False,False,OPEN,2024-12-25 20:48:48,True,False,,,53.351464,-6.255265,30,3,27,0,3,0,3,30,3,27,0,3,0,3
1624,114,dublin,WILTON TERRACE (PARK),Wilton Terrace (Park),False,False,OPEN,2024-12-25 20:45:52,True,False,,,53.333653,-6.248345,40,6,34,3,3,0,3,40,6,34,3,3,0,3
1625,72,dublin,JOHN STREET WEST,John Street West,False,False,OPEN,2024-12-25 20:45:11,True,False,,,53.343105,-6.277167,31,2,29,0,2,0,2,31,2,29,0,2,0,2
1626,63,dublin,FENIAN STREET,Fenian Street,False,False,OPEN,2024-12-25 20:45:31,True,False,,,53.341428,-6.24672,35,25,10,13,12,0,12,35,25,10,13,12,0,12
1627,113,dublin,MERRION SQUARE SOUTH,Merrion Square South,False,False,OPEN,2024-12-25 20:46:19,True,False,,,53.338614,-6.248606,40,10,19,7,3,0,3,40,10,19,7,3,0,3
1628,91,dublin,SOUTH DOCK ROAD,South Dock Road,False,False,OPEN,2024-12-25 20:45:46,True,False,,,53.341833,-6.231291,30,26,4,14,12,0,12,30,26,4,14,12,0,12
1629,99,dublin,CITY QUAY,City Quay,False,False,OPEN,2024-12-25 20:43:30,True,False,,,53.346637,-6.246154,30,22,8,9,13,0,13,30,22,8,9,13,0,13
1630,9,dublin,EXCHEQUER STREET,Exchequer Street,False,False,OPEN,2024-12-25 20:50:52,True,False,,,53.343034,-6.263578,24,7,17,6,1,0,1,24,7,17,6,1,0,1
1631,67,dublin,THE POINT,The Point,False,False,OPEN,2024-12-25 20:46:48,True,False,,,53.346867,-6.230852,40,24,16,14,10,0,10,40,24,16,14,10,0,10
1632,116,dublin,BROADSTONE,Broadstone,False,False,OPEN,2024-12-25 20:48:20,True,False,,,53.3547,-6.272314,30,20,10,9,11,0,11,30,20,10,9,11,0,11
1633,55,dublin,HATCH STREET,Hatch Street,False,False,OPEN,2024-12-25 20:49:19,True,False,,,53.33403,-6.260714,36,14,21,8,6,0,6,36,14,21,8,6,0,6
1634,62,dublin,LIME STREET,Lime Street,False,False,OPEN,2024-12-25 20:44:24,True,False,,,53.346026,-6.243576,40,15,25,7,8,0,8,40,15,25,7,8,0,8
1635,5,dublin,CHARLEMONT PLACE,Charlemont Street,False,False,OPEN,2024-12-25 20:49:30,True,False,,,53.330662,-6.260177,40,13,27,8,5,0,5,40,13,27,8,5,0,5
1636,97,dublin,KILMAINHAM GAOL,Kilmainham Gaol,False,False,OPEN,2024-12-25 20:50:13,True,False,,,53.342113,-6.310015,40,15,25,8,7,0,7,40,15,25,8,7,0,7
1637,61,dublin,HARDWICKE PLACE,Hardwicke Place,False,False,OPEN,2024-12-25 20:49:27,True,False,,,53.357043,-6.263232,25,9,16,8,1,0,1,25,9,16,8,1,0,1
1638,77,dublin,WOLFE TONE STREET,Wolfe Tone Street,False,False,OPEN,2024-12-25 20:46:17,True,False,,,53.348875,-6.267459,29,17,12,6,11,0,11,29,17,12,6,11,0,11
1639,73,dublin,FRANCIS STREET,Francis Street,False,False,OPEN,2024-12-25 20:46:12,True,False,,,53.342081,-6.275233,30,9,20,4,5,0,5,30,9,20,4,5,0,5
1640,4,dublin,GREEK STREET,Greek Street,False,False,OPEN,2024-12-25 20:50:42,True,False,,,53.346874,-6.272976,20,15,4,6,9,0,9,20,15,4,6,9,0,9
1641,49,dublin,GUILD STREET,Guild Street,False,False,OPEN,2024-12-25 20:50:24,True,False,,,53.347932,-6.240928,40,38,2,28,10,0,10,40,38,2,28,10,0,10
1642,19,dublin,HERBERT PLACE,Herbert Place,False,False,OPEN,2024-12-25 20:46:31,True,False,,,53.334432,-6.245575,30,0,30,0,0,0,0,30,0,30,0,0,0,0
1643,7,dublin,HIGH STREET,High Street,False,False,OPEN,2024-12-25 20:43:16,True,False,,,53.343565,-6.275071,29,0,29,0,0,0,0,29,0,29,0,0,0,0
1644,60,dublin,NORTH CIRCULAR ROAD,North Circular Road,False,False,OPEN,2024-12-25 20:47:26,True,False,,,53.359624,-6.260348,30,12,18,9,3,0,3,30,12,18,9,3,0,3
1645,102,dublin,WESTERN WAY,Western Way,False,False,OPEN,2024-12-25 20:45:35,True,False,,,53.354929,-6.269425,40,9,31,6,3,0,3,40,9,31,6,3,0,3
1646,38,dublin,TALBOT STREET,Talbot Street,False,False,OPEN,2024-12-25 20:50:48,True,False,,,53.350974,-6.25294,40,14,25,9,5,0,5,40,14,25,9,5,0,5
1647,53,dublin,NEWMAN HOUSE,Newman House,False,False,OPEN,2024-12-25 20:48:31,True,False,,,53.337132,-6.26059,40,12,28,11,1,0,1,40,12,28,11,1,0,1
1648,58,dublin,SIR PATRICK DUN'S,Sir Patrick's Dun,False,False,OPEN,2024-12-25 20:48:18,True,False,,,53.339218,-6.240642,40,35,5,26,9,0,9,40,35,5,26,9,0,9
1649,66,dublin,NEW CENTRAL BANK,New Central Bank,False,False,OPEN,2024-12-25 20:44:27,True,False,,,53.347122,-6.234749,40,4,36,2,2,0,2,40,4,36,2,2,0,2
1650,104,dublin,GRANGEGORMAN LOWER (CENTRAL),Grangegorman Lower (Central),False,False,OPEN,2024-12-25 20:48:10,True,False,,,53.355173,-6.278424,40,4,36,2,2,0,2,40,4,36,2,2,0,2
1651,101,dublin,KING STREET NORTH,King Street North,False,False,OPEN,2024-12-25 20:43:42,True,False,,,53.350291,-6.273507,30,13,17,9,4,0,4,30,13,17,9,4,0,4
1652,115,dublin,KILLARNEY STREET,Killarney Street,False,False,OPEN,2024-12-25 20:47:37,True,False,,,53.354845,-6.247579,30,28,2,21,7,0,7,30,28,2,21,7,0,7
1653,47,dublin,HERBERT STREET,Herbert Street,False,False,OPEN,2024-12-25 20:50:53,True,False,,,53.335742,-6.24551,40,1,39,1,0,0,0,40,1,39,1,0,0,0
1654,117,dublin,HANOVER QUAY EAST,Hanover Quay East,False,False,OPEN,2024-12-25 20:49:26,True,False,,,53.343653,-6.231755,40,0,40,0,0,0,0,40,0,40,0,0,0,0
1655,8,dublin,CUSTOM HOUSE QUAY,Custom House Quay,False,False,OPEN,2024-12-25 20:47:24,True,False,,,53.347884,-6.248048,30,18,12,11,7,0,7,30,18,12,11,7,0,7
1656,27,dublin,MOLESWORTH STREET,Molesworth Street,False,False,OPEN,2024-12-25 20:46:30,True,False,,,53.341288,-6.258117,20,1,19,1,0,0,0,20,1,19,1,0,0,0
1657,16,dublin,GEORGES QUAY,Georges Quay,False,False,OPEN,2024-12-25 20:42:49,True,False,,,53.347508,-6.252192,20,8,12,5,3,0,3,20,8,12,5,3,0,3
1658,96,dublin,KILMAINHAM LANE,Kilmainham Lane,False,False,OPEN,2024-12-25 20:44:00,True,False,,,53.341805,-6.305085,30,10,20,9,1,0,1,30,10,20,9,1,0,1
1659,82,dublin,MOUNT BROWN,Mount Brown,False,False,OPEN,2024-12-25 20:46:22,True,False,,,53.341645,-6.29719,22,9,13,2,7,0,7,22,9,13,2,7,0,7
1660,76,dublin,MARKET STREET SOUTH,Market Street South,False,False,OPEN,2024-12-25 20:45:23,True,False,,,53.342296,-6.287661,38,2,36,1,1,0,1,38,2,36,1,1,0,1
1661,71,dublin,KEVIN STREET,Kevin Street,False,False,OPEN,2024-12-25 20:49:19,True,False,,,53.337757,-6.267699,40,18,22,10,8,0,8,40,18,22,10,8,0,8
1662,79,dublin,ECCLES STREET EAST,Eccles Street East,False,False,OPEN,2024-12-25 20:50:13,True,False,,,53.358115,-6.265601,27,1,26,0,1,0,1,27,1,26,0,1,0,1
1663,69,dublin,GRAND CANAL DOCK,Grand Canal Dock,False,False,OPEN,2024-12-25 20:50:05,True,False,,,53.342638,-6.238695,40,26,14,16,10,0,10,40,26,14,16,10,0,10
1664,25,dublin,MERRION SQUARE EAST,Merrion Square East,False,False,OPEN,2024-12-25 20:49:15,True,False,,,53.339434,-6.246548,30,3,27,2,1,0,1,30,3,27,2,1,0,1
1665,51,dublin,YORK STREET WEST,York Street West,False,False,OPEN,2024-12-25 20:44:55,True,False,,,53.339334,-6.264699,40,0,0,0,0,0,0,40,0,0,0,0,0,0
1666,37,dublin,ST. STEPHEN'S GREEN SOUTH,St. Stephen's Green South,False,False,OPEN,2024-12-25 20:44:25,True,False,,,53.337494,-6.26199,30,14,16,8,6,0,6,30,14,16,8,6,0,6
1667,59,dublin,DENMARK STREET GREAT,Denmark Street Great,False,False,OPEN,2024-12-25 20:49:59,True,False,,,53.35561,-6.261397,20,0,20,0,0,0,0,20,0,20,0,0,0,0
1668,95,dublin,ROYAL HOSPITAL,Royal Hospital,False,False,OPEN,2024-12-25 20:50:28,True,False,,,53.343897,-6.29706,40,28,12,17,11,0,11,40,28,12,17,11,0,11
1669,94,dublin,HEUSTON STATION (CAR PARK),Heuston Station (Car Park),False,False,OPEN,2024-12-25 20:48:06,True,False,,,53.346985,-6.297804,40,13,27,10,3,0,3,40,13,27,10,3,0,3
1670,105,dublin,GRANGEGORMAN LOWER (NORTH),Grangegorman Lower (North),False,False,OPEN,2024-12-25 20:51:02,True,False,,,53.355954,-6.278378,36,1,35,1,0,0,0,36,1,35,1,0,0,0
1671,36,dublin,ST. STEPHEN'S GREEN EAST,St. Stephen's Green East,False,False,OPEN,2024-12-25 20:45:19,True,False,,,53.337824,-6.256035,40,9,31,4,5,0,5,40,9,31,4,5,0,5
1672,93,dublin,HEUSTON STATION (CENTRAL),Heuston Station (Central),False,False,OPEN,2024-12-25 20:46:50,True,False,,,53.346603,-6.296924,40,14,26,13,1,0,1,40,14,26,13,1,0,1
1673,22,dublin,TOWNSEND STREET,Townsend Street,False,False,OPEN,2024-12-25 20:45:26,True,False,,,53.345922,-6.254614,20,17,3,12,5,0,5,20,17,3,12,5,0,5
1674,50,dublin,GEORGES LANE,George's Lane,False,False,OPEN,2024-12-25 20:49:40,True,False,,,53.35023,-6.279696,40,3,37,2,1,0,1,40,3,37,2,1,0,1
1675,110,dublin,PHIBSBOROUGH ROAD,Phibsborough Road,False,False,OPEN,2024-12-25 20:48:15,True,False,,,53.356307,-6.273717,40,13,27,6,7,0,7,40,13,27,6,7,0,7
1676,12,dublin,ECCLES STREET,Eccles Street,False,False,OPEN,2024-12-25 20:44:42,True,False,,,53.359246,-6.269779,20,3,17,2,1,0,1,20,3,17,2,1,0,1
1677,34,dublin,PORTOBELLO HARBOUR,Portobello Harbour,False,False,OPEN,2024-12-25 20:45:53,True,False,,,53.330362,-6.265163,30,12,18,4,8,0,8,30,12,18,4,8,0,8
1678,78,dublin,MATER HOSPITAL,Mater Hospital,False,False,OPEN,2024-12-25 20:50:42,True,False,,,53.359967,-6.264828,40,2,38,2,0,0,0,40,2,38,2,0,0,0
1679,2,dublin,BLESSINGTON STREET,Blessington Street,False,False,OPEN,2024-12-25 20:47:10,True,False,,,53.356769,-6.26814,20,1,19,0,1,0,1,20,1,19,0,1,0,1
1680,75,dublin,JAMES STREET,James Street,False,False,OPEN,2024-12-25 20:51:01,True,False,,,53.343456,-6.287409,40,20,20,15,5,0,5,40,20,20,15,5,0,5
1681,111,dublin,MOUNTJOY SQUARE EAST,Mountjoy Square East,False,False,OPEN,2024-12-25 20:48:06,True,False,,,53.356717,-6.256359,40,5,35,3,2,0,2,40,5,35,3,2,0,2
1682,26,dublin,MERRION SQUARE WEST,Merrion Square West,False,False,OPEN,2024-12-25 20:45:58,True,False,,,53.339764,-6.251988,20,4,16,4,0,0,0,20,4,16,4,0,0,0
1683,65,dublin,CONVENTION CENTRE,Convention Centre,False,False,OPEN,2024-12-25 20:50:58,True,False,,,53.34744,-6.238523,40,8,32,5,3,0,3,40,8,32,5,3,0,3
1684,15,dublin,HARDWICKE STREET,Hardwicke Street,False,False,OPEN,2024-12-25 20:47:26,True,False,,,53.355473,-6.264423,16,1,15,1,0,0,0,16,1,15,1,0,0,0
1685,86,dublin,PARKGATE STREET,Parkgate Street,False,False,OPEN,2024-12-25 20:45:02,True,False,,,53.347972,-6.291804,38,28,10,5,23,0,23,38,28,10,5,23,0,23
1686,35,dublin,SMITHFIELD,Smithfield,False,False,OPEN,2024-12-25 20:45:51,True,False,,,53.347692,-6.278214,30,11,19,6,5,0,5,30,11,19,6,5,0,5
1687,10,dublin,DAME STREET,Dame Street,False,False,OPEN,2024-12-25 20:49:45,True,False,,,53.344007,-6.266802,16,16,0,12,4,0,4,16,16,0,12,4,0,4
1688,100,dublin,HEUSTON BRIDGE (SOUTH),Heuston Bridge (South),False,False,OPEN,2024-12-25 20:44:23,True,False,,,53.347106,-6.292041,25,23,2,16,7,0,7,25,23,2,16,7,0,7
1689,24,dublin,CATHAL BRUGHA STREET,Cathal Brugha Street,False,False,OPEN,2024-12-25 20:43:58,True,False,,,53.352149,-6.260533,20,11,9,7,4,0,4,20,11,9,7,4,0,4
1690,64,dublin,SANDWITH STREET,Sandwith Street,False,False,OPEN,2024-12-25 20:43:45,True,False,,,53.345203,-6.247163,40,8,32,7,1,0,1,40,8,32,7,1,0,1
1691,109,dublin,BUCKINGHAM STREET LOWER,Buckingham Street Lower,False,False,OPEN,2024-12-25 20:49:39,True,False,,,53.353331,-6.249319,29,23,6,9,14,0,14,29,23,6,9,14,0,14
1692,85,dublin,ROTHE ABBEY,Rothe Abbey,False,False,OPEN,2024-12-25 20:48:52,True,False,,,53.338776,-6.30395,35,28,7,11,17,0,17,35,28,7,11,17,0,17
1693,107,dublin,CHARLEVILLE ROAD,Charleville Road,False,False,OPEN,2024-12-25 20:47:27,True,False,,,53.359157,-6.281866,40,4,36,3,1,0,1,40,4,36,3,1,0,1
1694,33,dublin,PRINCES STREET / O'CONNELL STREET,Princes Street / O'Connell Street,False,False,OPEN,2024-12-25 20:49:43,True,False,,,53.349013,-6.260311,23,12,11,5,7,0,7,23,12,11,5,7,0,7
1695,44,dublin,UPPER SHERRARD STREET,Upper Sherrard Street,False,False,OPEN,2024-12-25 20:51:55,True,False,,,53.358437,-6.260641,30,8,22,3,5,0,5,30,8,22,3,5,0,5
1696,89,dublin,FITZWILLIAM SQUARE EAST,Fitzwilliam Square East,False,False,OPEN,2024-12-25 20:48:55,True,False,,,53.335211,-6.2509,40,21,19,10,11,0,11,40,21,19,10,11,0,11
1697,57,dublin,GRATTAN STREET,Grattan Street,False,False,OPEN,2024-12-25 20:44:30,True,False,,,53.339629,-6.243778,23,7,16,4,3,0,3,23,7,16,4,3,0,3
1698,80,dublin,ST JAMES HOSPITAL (LUAS),St James Hospital (Luas),False,False,OPEN,2024-12-25 20:47:49,True,False,,,53.341359,-6.292951,40,16,24,5,11,0,11,40,16,24,5,11,0,11
1699,41,dublin,HARCOURT TERRACE,Harcourt Terrace,False,False,OPEN,2024-12-25 20:43:42,True,False,,,53.332763,-6.257942,20,1,19,0,1,0,1,20,1,19,0,1,0,1
1700,3,dublin,BOLTON STREET,Bolton Street,False,False,OPEN,2024-12-25 20:46:51,True,False,,,53.351182,-6.269859,20,17,3,11,6,0,6,20,17,3,11,6,0,6
1701,40,dublin,JERVIS STREET,Jervis Street,False,False,OPEN,2024-12-25 20:43:53,True,False,,,53.3483,-6.266651,21,11,9,8,3,0,3,21,11,9,8,3,0,3
1702,29,dublin,ORMOND QUAY UPPER,Ormond Quay Upper,False,False,OPEN,2024-12-25 20:51:52,True,False,,,53.346057,-6.268001,29,29,0,17,12,0,12,29,29,0,17,12,0,12
1703,103,dublin,GRANGEGORMAN LOWER (SOUTH),Grangegorman Lower (South),False,False,OPEN,2024-12-25 20:49:28,True,False,,,53.354663,-6.278681,40,0,40,0,0,0,0,40,0,40,0,0,0,0
1704,28,dublin,MOUNTJOY SQUARE WEST,Mountjoy Square West,False,False,OPEN,2024-12-25 20:47:32,True,False,,,53.356299,-6.258586,30,18,12,8,10,0,10,30,18,12,8,10,0,10
1705,39,dublin,WILTON TERRACE,Wilton Terrace,False,False,OPEN,2024-12-25 20:46:16,True,False,,,53.332383,-6.252717,20,10,10,6,4,0,4,20,10,10,6,4,0,4
1706,83,dublin,EMMET ROAD,Emmet Road,False,False,OPEN,2024-12-25 20:50:37,True,False,,,53.340714,-6.308191,40,22,18,16,6,0,6,40,22,18,16,6,0,6
1707,92,dublin,HEUSTON BRIDGE (NORTH),Heuston Bridge (North),False,False,OPEN,2024-12-25 20:44:18,True,False,,,53.347802,-6.292432,40,40,0,31,9,0,9,40,40,0,31,9,0,9
1708,21,dublin,LEINSTER STREET SOUTH,Leinster Street South,False,False,OPEN,2024-12-25 20:43:10,True,False,,,53.34218,-6.254485,30,10,20,4,6,0,6,30,10,20,4,6,0,6
1709,88,dublin,BLACKHALL PLACE,Blackhall Place,False,False,OPEN,2024-12-25 20:49:27,True,False,,,53.3488,-6.281637,30,3,27,3,0,0,0,30,3,27,3,0,0,0
1710,42,dublin,SMITHFIELD NORTH,Smithfield North,False,False,OPEN,2024-12-26 10:01:42,True,False,,,53.349562,-6.278198,30,4,26,4,0,0,0,30,4,26,4,0,0,0
1711,30,dublin,PARNELL SQUARE NORTH,Parnell Square North,False,False,OPEN,2024-12-26 10:04:48,True,False,,,53.3537415547453,-6.26530144781526,20,8,12,8,0,0,0,20,8,12,8,0,0,0
1712,54,dublin,CLONMEL STREET,Clonmel Street,False,False,OPEN,2024-12-26 10:04:14,True,False,,,53.336021,-6.26298,33,13,20,3,10,0,10,33,13,20,3,10,0,10
1713,108,dublin,AVONDALE ROAD,Avondale Road,False,False,OPEN,2024-12-26 09:55:31,True,False,,,53.359405,-6.276142,35,0,35,0,0,0,0,35,0,35,0,0,0,0
1714,20,dublin,JAMES STREET EAST,James Street East,False,False,OPEN,2024-12-26 10:03:17,True,False,,,53.336597,-6.248109,30,3,27,3,0,0,0,30,3,27,3,0,0,0
1715,56,dublin,MOUNT STREET LOWER,Mount Street Lower,False,False,OPEN,2024-12-26 09:59:46,True,False,,,53.33796,-6.24153,40,16,24,6,10,0,10,40,16,24,6,10,0,10
1716,6,dublin,CHRISTCHURCH PLACE,Christchurch Place,False,False,OPEN,2024-12-26 09:59:13,True,False,,,53.343368,-6.27012,20,9,11,5,4,0,4,20,9,11,5,4,0,4
1717,18,dublin,GRANTHAM STREET,Grantham Street,False,False,OPEN,2024-12-26 10:01:36,True,False,,,53.334123,-6.265436,30,17,13,10,7,0,7,30,17,13,10,7,0,7
1718,32,dublin,PEARSE STREET,Pearse Street,False,False,OPEN,2024-12-26 09:59:18,True,False,,,53.344304,-6.250427,30,18,12,13,5,0,5,30,18,12,13,5,0,5
1719,52,dublin,YORK STREET EAST,York Street East,False,False,OPEN,2024-12-26 10:02:02,True,False,,,53.338755,-6.262003,32,9,23,5,4,0,4,32,9,23,5,4,0,4
1720,48,dublin,EXCISE WALK,Excise Walk,False,False,OPEN,2024-12-26 10:00:15,True,False,,,53.347777,-6.244239,40,7,33,5,2,0,2,40,7,33,5,2,0,2
1721,13,dublin,FITZWILLIAM SQUARE WEST,Fitzwilliam Square West,False,False,OPEN,2024-12-26 10:02:00,True,False,,,53.336074,-6.252825,30,24,6,10,14,0,14,30,24,6,10,14,0,14
1722,43,dublin,PORTOBELLO ROAD,Portobello Road,False,False,OPEN,2024-12-26 10:02:44,True,False,,,53.330091,-6.268044,30,15,14,12,3,0,3,30,15,14,12,3,0,3
1723,31,dublin,PARNELL STREET,Parnell Street,False,False,OPEN,2024-12-26 10:04:45,True,False,,,53.350929,-6.265125,20,12,8,10,2,0,2,20,12,8,10,2,0,2
1724,98,dublin,FREDERICK STREET SOUTH,Frederick Street South,False,False,OPEN,2024-12-26 09:59:32,True,False,,,53.341515,-6.256853,40,16,24,11,5,0,5,40,16,24,11,5,0,5
1725,14,dublin,FOWNES STREET UPPER,Fownes Street Upper,False,False,OPEN,2024-12-26 10:02:20,True,False,,,53.344603,-6.263371,30,26,4,17,9,0,9,30,26,4,17,9,0,9
1726,1,dublin,CLARENDON ROW,Clarendon Row,False,False,OPEN,2024-12-26 09:59:19,True,False,,,53.340927,-6.262501,31,16,15,13,3,0,3,31,16,15,13,3,0,3
1727,23,dublin,CUSTOM HOUSE,Custom House,False,False,OPEN,2024-12-26 09:55:57,True,False,,,53.348279,-6.254662,30,21,9,19,2,0,2,30,21,9,19,2,0,2
1728,106,dublin,RATHDOWN ROAD,Rathdown Road,False,False,OPEN,2024-12-26 10:03:57,True,False,,,53.35893,-6.280337,40,14,26,1,13,0,13,40,14,26,1,13,0,13
1729,112,dublin,NORTH CIRCULAR ROAD (O'CONNELL'S),North Circular Road (O'Connell's),False,False,OPEN,2024-12-26 09:59:23,True,False,,,53.357841,-6.251557,30,0,30,0,0,0,0,30,0,30,0,0,0,0
1730,68,dublin,HANOVER QUAY,Hanover Quay,False,False,OPEN,2024-12-26 09:55:24,True,False,,,53.344115,-6.237153,40,11,29,4,7,0,7,40,11,29,4,7,0,7
1731,74,dublin,OLIVER BOND STREET,Oliver Bond Street,False,False,OPEN,2024-12-26 10:00:34,True,False,,,53.343893,-6.280531,30,23,7,16,7,0,7,30,23,7,16,7,0,7
1732,87,dublin,COLLINS BARRACKS MUSEUM,Collins Barracks Museum,False,False,OPEN,2024-12-26 10:00:18,True,False,,,53.347477,-6.28525,38,16,22,8,8,0,8,38,16,22,8,8,0,8
1733,84,dublin,BROOKFIELD ROAD,Brookfield Road,False,False,OPEN,2024-12-26 10:02:39,True,False,,,53.339005,-6.300217,30,19,11,11,8,0,8,30,19,11,11,8,0,8
1734,90,dublin,BENSON STREET,Benson Street,False,False,OPEN,2024-12-26 10:02:33,True,False,,,53.344153,-6.233451,40,7,33,6,1,0,1,40,7,33,6,1,0,1
1735,11,dublin,EARLSFORT TERRACE,Earlsfort Terrace,False,False,OPEN,2024-12-26 10:00:27,True,False,,,53.334295,-6.258503,30,17,13,11,6,0,6,30,17,13,11,6,0,6
1736,17,dublin,GOLDEN LANE,Golden Lane,False,False,OPEN,2024-12-26 10:01:28,True,False,,,53.340803,-6.267732,20,20,0,11,9,0,9,20,20,0,11,9,0,9
1737,45,dublin,DEVERELL PLACE,Deverell Place,False,False,OPEN,2024-12-26 10:03:00,True,False,,,53.351464,-6.255265,30,1,29,1,0,0,0,30,1,29,1,0,0,0
1738,114,dublin,WILTON TERRACE (PARK),Wilton Terrace (Park),False,False,OPEN,2024-12-26 10:02:22,True,False,,,53.333653,-6.248345,40,4,36,1,3,0,3,40,4,36,1,3,0,3
1739,72,dublin,JOHN STREET WEST,John Street West,False,False,OPEN,2024-12-26 10:00:09,True,False,,,53.343105,-6.277167,31,1,30,1,0,0,0,31,1,30,1,0,0,0
1740,63,dublin,FENIAN STREET,Fenian Street,False,False,OPEN,2024-12-26 10:00:44,True,False,,,53.341428,-6.24672,35,23,12,12,11,0,11,35,23,12,12,11,0,11
1741,113,dublin,MERRION SQUARE SOUTH,Merrion Square South,False,False,OPEN,2024-12-26 10:04:05,True,False,,,53.338614,-6.248606,40,10,19,7,3,0,3,40,10,19,7,3,0,3
1742,91,dublin,SOUTH DOCK ROAD,South Dock Road,False,False,OPEN,2024-12-26 10:01:46,True,False,,,53.341833,-6.231291,30,17,13,9,8,0,8,30,17,13,9,8,0,8
1743,99,dublin,CITY QUAY,City Quay,False,False,OPEN,2024-12-26 10:02:38,True,False,,,53.346637,-6.246154,30,21,9,9,12,0,12,30,21,9,9,12,0,12
1744,9,dublin,EXCHEQUER STREET,Exchequer Street,False,False,OPEN,2024-12-26 10:04:39,True,False,,,53.343034,-6.263578,24,15,9,12,3,0,3,24,15,9,12,3,0,3
1745,67,dublin,THE POINT,The Point,False,False,OPEN,2024-12-26 10:04:20,True,False,,,53.346867,-6.230852,40,28,12,14,14,0,14,40,28,12,14,14,0,14
1746,116,dublin,BROADSTONE,Broadstone,False,False,OPEN,2024-12-26 09:58:22,True,False,,,53.3547,-6.272314,30,20,10,9,11,0,11,30,20,10,9,11,0,11
1747,55,dublin,HATCH STREET,Hatch Street,False,False,OPEN,2024-12-26 10:02:46,True,False,,,53.33403,-6.260714,36,16,19,9,7,0,7,36,16,19,9,7,0,7
1748,62,dublin,LIME STREET,Lime Street,False,False,OPEN,2024-12-26 10:01:39,True,False,,,53.346026,-6.243576,40,16,24,8,8,0,8,40,16,24,8,8,0,8
1749,5,dublin,CHARLEMONT PLACE,Charlemont Street,False,False,OPEN,2024-12-26 10:03:16,True,False,,,53.330662,-6.260177,40,11,29,8,3,0,3,40,11,29,8,3,0,3
1750,97,dublin,KILMAINHAM GAOL,Kilmainham Gaol,False,False,OPEN,2024-12-26 10:00:07,True,False,,,53.342113,-6.310015,40,13,27,10,3,0,3,40,13,27,10,3,0,3
1751,61,dublin,HARDWICKE PLACE,Hardwicke Place,False,False,OPEN,2024-12-26 10:04:05,True,False,,,53.357043,-6.263232,25,10,15,9,1,0,1,25,10,15,9,1,0,1
1752,77,dublin,WOLFE TONE STREET,Wolfe Tone Street,False,False,OPEN,2024-12-26 10:01:10,True,False,,,53.348875,-6.267459,29,20,9,5,15,0,15,29,20,9,5,15,0,15
1753,73,dublin,FRANCIS STREET,Francis Street,False,False,OPEN,2024-12-26 10:04:08,True,False,,,53.342081,-6.275233,30,7,22,5,2,0,2,30,7,22,5,2,0,2
1754,4,dublin,GREEK STREET,Greek Street,False,False,OPEN,2024-12-26 10:01:04,True,False,,,53.346874,-6.272976,20,16,3,5,11,0,11,20,16,3,5,11,0,11
1755,49,dublin,GUILD STREET,Guild Street,False,False,OPEN,2024-12-26 10:05:01,True,False,,,53.347932,-6.240928,40,39,1,31,8,0,8,40,39,1,31,8,0,8
1756,19,dublin,HERBERT PLACE,Herbert Place,False,False,OPEN,2024-12-26 10:03:38,True,False,,,53.334432,-6.245575,30,1,29,0,1,0,1,30,1,29,0,1,0,1
1757,7,dublin,HIGH STREET,High Street,False,False,OPEN,2024-12-26 10:01:08,True,False,,,53.343565,-6.275071,29,1,28,1,0,0,0,29,1,28,1,0,0,0
1758,60,dublin,NORTH CIRCULAR ROAD,North Circular Road,False,False,OPEN,2024-12-26 10:03:49,True,False,,,53.359624,-6.260348,30,7,23,4,3,0,3,30,7,23,4,3,0,3
1759,102,dublin,WESTERN WAY,Western Way,False,False,OPEN,2024-12-26 09:59:10,True,False,,,53.354929,-6.269425,40,10,30,7,3,0,3,40,10,30,7,3,0,3
1760,38,dublin,TALBOT STREET,Talbot Street,False,False,OPEN,2024-12-26 09:57:53,True,False,,,53.350974,-6.25294,40,15,24,12,3,0,3,40,15,24,12,3,0,3
1761,53,dublin,NEWMAN HOUSE,Newman House,False,False,OPEN,2024-12-26 09:55:32,True,False,,,53.337132,-6.26059,40,11,29,10,1,0,1,40,11,29,10,1,0,1
1762,58,dublin,SIR PATRICK DUN'S,Sir Patrick's Dun,False,False,OPEN,2024-12-26 10:03:13,True,False,,,53.339218,-6.240642,40,36,4,28,8,0,8,40,36,4,28,8,0,8
1763,66,dublin,NEW CENTRAL BANK,New Central Bank,False,False,OPEN,2024-12-26 09:56:51,True,False,,,53.347122,-6.234749,40,0,40,0,0,0,0,40,0,40,0,0,0,0
1764,104,dublin,GRANGEGORMAN LOWER (CENTRAL),Grangegorman Lower (Central),False,False,OPEN,2024-12-26 09:56:36,True,False,,,53.355173,-6.278424,40,4,36,2,2,0,2,40,4,36,2,2,0,2
1765,101,dublin,KING STREET NORTH,King Street North,False,False,OPEN,2024-12-26 10:02:14,True,False,,,53.350291,-6.273507,30,7,23,5,2,0,2,30,7,23,5,2,0,2
1766,115,dublin,KILLARNEY STREET,Killarney Street,False,False,OPEN,2024-12-26 10:02:55,True,False,,,53.354845,-6.247579,30,26,4,17,9,0,9,30,26,4,17,9,0,9
1767,47,dublin,HERBERT STREET,Herbert Street,False,False,OPEN,2024-12-26 10:04:07,True,False,,,53.335742,-6.24551,40,0,40,0,0,0,0,40,0,40,0,0,0,0
1768,117,dublin,HANOVER QUAY EAST,Hanover Quay East,False,False,OPEN,2024-12-26 10:01:06,True,False,,,53.343653,-6.231755,40,0,40,0,0,0,0,40,0,40,0,0,0,0
1769,8,dublin,CUSTOM HOUSE QUAY,Custom House Quay,False,False,OPEN,2024-12-26 10:00:19,True,False,,,53.347884,-6.248048,30,18,12,12,6,0,6,30,18,12,12,6,0,6
1770,27,dublin,MOLESWORTH STREET,Molesworth Street,False,False,OPEN,2024-12-26 10:01:07,True,False,,,53.341288,-6.258117,20,2,18,2,0,0,0,20,2,18,2,0,0,0
1771,16,dublin,GEORGES QUAY,Georges Quay,False,False,OPEN,2024-12-26 10:01:32,True,False,,,53.347508,-6.252192,20,11,9,8,3,0,3,20,11,9,8,3,0,3
1772,96,dublin,KILMAINHAM LANE,Kilmainham Lane,False,False,OPEN,2024-12-26 09:59:44,True,False,,,53.341805,-6.305085,30,9,21,8,1,0,1,30,9,21,8,1,0,1
1773,82,dublin,MOUNT BROWN,Mount Brown,False,False,OPEN,2024-12-26 10:00:11,True,False,,,53.341645,-6.29719,22,10,12,3,7,0,7,22,10,12,3,7,0,7
1774,76,dublin,MARKET STREET SOUTH,Market Street South,False,False,OPEN,2024-12-26 09:59:37,True,False,,,53.342296,-6.287661,38,3,35,3,0,0,0,38,3,35,3,0,0,0
1775,71,dublin,KEVIN STREET,Kevin Street,False,False,OPEN,2024-12-26 09:58:45,True,False,,,53.337757,-6.267699,40,19,21,10,9,0,9,40,19,21,10,9,0,9
1776,79,dublin,ECCLES STREET EAST,Eccles Street East,False,False,OPEN,2024-12-26 09:56:23,True,False,,,53.358115,-6.265601,27,0,27,0,0,0,0,27,0,27,0,0,0,0
1777,69,dublin,GRAND CANAL DOCK,Grand Canal Dock,False,False,OPEN,2024-12-26 10:04:56,True,False,,,53.342638,-6.238695,40,32,8,19,13,0,13,40,32,8,19,13,0,13
1778,25,dublin,MERRION SQUARE EAST,Merrion Square East,False,False,OPEN,2024-12-26 10:04:23,True,False,,,53.339434,-6.246548,30,4,26,3,1,0,1,30,4,26,3,1,0,1
1779,51,dublin,YORK STREET WEST,York Street West,False,False,OPEN,2024-12-26 10:00:59,True,False,,,53.339334,-6.264699,40,0,0,0,0,0,0,40,0,0,0,0,0,0
1780,37,dublin,ST. STEPHEN'S GREEN SOUTH,St. Stephen's Green South,False,False,OPEN,2024-12-26 10:04:30,True,False,,,53.337494,-6.26199,30,14,16,8,6,0,6,30,14,16,8,6,0,6
1781,59,dublin,DENMARK STREET GREAT,Denmark Street Great,False,False,OPEN,2024-12-26 10:04:21,True,False,,,53.35561,-6.261397,20,0,20,0,0,0,0,20,0,20,0,0,0,0
1782,95,dublin,ROYAL HOSPITAL,Royal Hospital,False,False,OPEN,2024-12-26 10:01:18,True,False,,,53.343897,-6.29706,40,30,10,19,11,0,11,40,30,10,19,11,0,11
1783,94,dublin,HEUSTON STATION (CAR PARK),Heuston Station (Car Park),False,False,OPEN,2024-12-26 09:55:24,True,False,,,53.346985,-6.297804,40,13,27,10,3,0,3,40,13,27,10,3,0,3
1784,105,dublin,GRANGEGORMAN LOWER (NORTH),Grangegorman Lower (North),False,False,OPEN,2024-12-26 10:02:57,True,False,,,53.355954,-6.278378,36,0,36,0,0,0,0,36,0,36,0,0,0,0
1785,36,dublin,ST. STEPHEN'S GREEN EAST,St. Stephen's Green East,False,False,OPEN,2024-12-26 10:04:02,True,False,,,53.337824,-6.256035,40,9,31,5,4,0,4,40,9,31,5,4,0,4
1786,93,dublin,HEUSTON STATION (CENTRAL),Heuston Station (Central),False,False,OPEN,2024-12-26 10:01:57,True,False,,,53.346603,-6.296924,40,14,26,13,1,0,1,40,14,26,13,1,0,1
1787,22,dublin,TOWNSEND STREET,Townsend Street,False,False,OPEN,2024-12-26 10:01:03,True,False,,,53.345922,-6.254614,20,20,0,13,7,0,7,20,20,0,13,7,0,7
1788,50,dublin,GEORGES LANE,George's Lane,False,False,OPEN,2024-12-26 09:56:40,True,False,,,53.35023,-6.279696,40,2,38,2,0,0,0,40,2,38,2,0,0,0
1789,110,dublin,PHIBSBOROUGH ROAD,Phibsborough Road,False,False,OPEN,2024-12-26 09:55:55,True,False,,,53.356307,-6.273717,40,9,31,3,6,0,6,40,9,31,3,6,0,6
1790,12,dublin,ECCLES STREET,Eccles Street,False,False,OPEN,2024-12-26 10:01:17,True,False,,,53.359246,-6.269779,20,4,16,1,3,0,3,20,4,16,1,3,0,3
1791,34,dublin,PORTOBELLO HARBOUR,Portobello Harbour,False,False,OPEN,2024-12-26 10:01:33,True,False,,,53.330362,-6.265163,30,4,26,2,2,0,2,30,4,26,2,2,0,2
1792,78,dublin,MATER HOSPITAL,Mater Hospital,False,False,OPEN,2024-12-26 10:01:34,True,False,,,53.359967,-6.264828,40,1,39,1,0,0,0,40,1,39,1,0,0,0
1793,2,dublin,BLESSINGTON STREET,Blessington Street,False,False,OPEN,2024-12-26 10:02:05,True,False,,,53.356769,-6.26814,20,2,18,1,1,0,1,20,2,18,1,1,0,1
1794,75,dublin,JAMES STREET,James Street,False,False,OPEN,2024-12-26 10:03:10,True,False,,,53.343456,-6.287409,40,21,19,16,5,0,5,40,21,19,16,5,0,5
1795,111,dublin,MOUNTJOY SQUARE EAST,Mountjoy Square East,False,False,OPEN,2024-12-26 09:55:05,True,False,,,53.356717,-6.256359,40,2,38,0,2,0,2,40,2,38,0,2,0,2
1796,26,dublin,MERRION SQUARE WEST,Merrion Square West,False,False,OPEN,2024-12-26 10:00:36,True,False,,,53.339764,-6.251988,20,5,15,4,1,0,1,20,5,15,4,1,0,1
1797,65,dublin,CONVENTION CENTRE,Convention Centre,False,False,OPEN,2024-12-26 10:03:11,True,False,,,53.34744,-6.238523,40,7,33,4,3,0,3,40,7,33,4,3,0,3
1798,15,dublin,HARDWICKE STREET,Hardwicke Street,False,False,OPEN,2024-12-26 10:03:08,True,False,,,53.355473,-6.264423,16,1,15,0,1,0,1,16,1,15,0,1,0,1
1799,86,dublin,PARKGATE STREET,Parkgate Street,False,False,OPEN,2024-12-26 09:58:35,True,False,,,53.347972,-6.291804,38,29,9,5,24,0,24,38,29,9,5,24,0,24
1800,35,dublin,SMITHFIELD,Smithfield,False,False,OPEN,2024-12-26 10:03:19,True,False,,,53.347692,-6.278214,30,14,16,6,8,0,8,30,14,16,6,8,0,8
1801,10,dublin,DAME STREET,Dame Street,False,False,OPEN,2024-12-26 10:03:35,True,False,,,53.344007,-6.266802,16,13,3,9,4,0,4,16,13,3,9,4,0,4
1802,100,dublin,HEUSTON BRIDGE (SOUTH),Heuston Bridge (South),False,False,OPEN,2024-12-26 10:02:09,True,False,,,53.347106,-6.292041,25,25,0,16,9,0,9,25,25,0,16,9,0,9
1803,24,dublin,CATHAL BRUGHA STREET,Cathal Brugha Street,False,False,OPEN,2024-12-26 10:04:04,True,False,,,53.352149,-6.260533,20,9,11,5,4,0,4,20,9,11,5,4,0,4
1804,64,dublin,SANDWITH STREET,Sandwith Street,False,False,OPEN,2024-12-26 10:03:00,True,False,,,53.345203,-6.247163,40,7,33,6,1,0,1,40,7,33,6,1,0,1
1805,109,dublin,BUCKINGHAM STREET LOWER,Buckingham Street Lower,False,False,OPEN,2024-12-26 10:04:42,True,False,,,53.353331,-6.249319,29,26,3,12,14,0,14,29,26,3,12,14,0,14
1806,85,dublin,ROTHE ABBEY,Rothe Abbey,False,False,OPEN,2024-12-26 09:56:07,True,False,,,53.338776,-6.30395,35,27,8,10,17,0,17,35,27,8,10,17,0,17
1807,107,dublin,CHARLEVILLE ROAD,Charleville Road,False,False,OPEN,2024-12-26 10:03:44,True,False,,,53.359157,-6.281866,40,4,36,3,1,0,1,40,4,36,3,1,0,1
1808,33,dublin,PRINCES STREET / O'CONNELL STREET,Princes Street / O'Connell Street,False,False,OPEN,2024-12-26 10:00:58,True,False,,,53.349013,-6.260311,23,15,8,2,13,0,13,23,15,8,2,13,0,13
1809,44,dublin,UPPER SHERRARD STREET,Upper Sherrard Street,False,False,OPEN,2024-12-26 09:56:57,True,False,,,53.358437,-6.260641,30,7,23,2,5,0,5,30,7,23,2,5,0,5
1810,89,dublin,FITZWILLIAM SQUARE EAST,Fitzwilliam Square East,False,False,OPEN,2024-12-26 10:03:09,True,False,,,53.335211,-6.2509,40,21,19,10,11,0,11,40,21,19,10,11,0,11
1811,57,dublin,GRATTAN STREET,Grattan Street,False,False,OPEN,2024-12-26 10:01:01,True,False,,,53.339629,-6.243778,23,8,15,5,3,0,3,23,8,15,5,3,0,3
1812,80,dublin,ST JAMES HOSPITAL (LUAS),St James Hospital (Luas),False,False,OPEN,2024-12-26 09:57:23,True,False,,,53.341359,-6.292951,40,12,28,3,9,0,9,40,12,28,3,9,0,9
1813,41,dublin,HARCOURT TERRACE,Harcourt Terrace,False,False,OPEN,2024-12-26 09:59:02,True,False,,,53.332763,-6.257942,20,0,20,0,0,0,0,20,0,20,0,0,0,0
1814,3,dublin,BOLTON STREET,Bolton Street,False,False,OPEN,2024-12-26 10:02:36,True,False,,,53.351182,-6.269859,20,17,3,13,4,0,4,20,17,3,13,4,0,4
1815,40,dublin,JERVIS STREET,Jervis Street,False,False,OPEN,2024-12-26 10:03:37,True,False,,,53.3483,-6.266651,21,14,6,9,5,0,5,21,14,6,9,5,0,5
1816,29,dublin,ORMOND QUAY UPPER,Ormond Quay Upper,False,False,OPEN,2024-12-26 10:04:05,True,False,,,53.346057,-6.268001,29,28,1,17,11,0,11,29,28,1,17,11,0,11
1817,103,dublin,GRANGEGORMAN LOWER (SOUTH),Grangegorman Lower (South),False,False,OPEN,2024-12-26 10:00:56,True,False,,,53.354663,-6.278681,40,0,40,0,0,0,0,40,0,40,0,0,0,0
1818,28,dublin,MOUNTJOY SQUARE WEST,Mountjoy Square West,False,False,OPEN,2024-12-26 10:04:29,True,False,,,53.356299,-6.258586,30,21,9,10,11,0,11,30,21,9,10,11,0,11
1819,39,dublin,WILTON TERRACE,Wilton Terrace,False,False,OPEN,2024-12-26 10:04:35,True,False,,,53.332383,-6.252717,20,8,12,3,5,0,5,20,8,12,3,5,0,5
1820,83,dublin,EMMET ROAD,Emmet Road,False,False,OPEN,2024-12-26 10:03:06,True,False,,,53.340714,-6.308191,40,21,19,14,7,0,7,40,21,19,14,7,0,7
1821,92,dublin,HEUSTON BRIDGE (NORTH),Heuston Bridge (North),False,False,OPEN,2024-12-26 10:01:05,True,False,,,53.347802,-6.292432,40,40,0,31,9,0,9,40,40,0,31,9,0,9
1822,21,dublin,LEINSTER STREET SOUTH,Leinster Street South,False,False,OPEN,2024-12-26 09:59:12,True,False,,,53.34218,-6.254485,30,9,21,3,6,0,6,30,9,21,3,6,0,6
1823,88,dublin,BLACKHALL PLACE,Blackhall Place,False,False,OPEN,2024-12-26 10:00:58,True,False,,,53.3488,-6.281637,30,1,29,1,0,0,0,30,1,29,1,0,0,0
1824,42,dublin,SMITHFIELD NORTH,Smithfield North,False,False,OPEN,2024-12-26 10:31:56,True,False,,,53.349562,-6.278198,30,3,27,3,0,0,0,30,3,27,3,0,0,0
1825,30,dublin,PARNELL SQUARE NORTH,Parnell Square North,False,False,OPEN,2024-12-26 10:35:01,True,False,,,53.3537415547453,-6.26530144781526,20,8,12,8,0,0,0,20,8,12,8,0,0,0
1826,54,dublin,CLONMEL STREET,Clonmel Street,False,False,OPEN,2024-12-26 10:34:30,True,False,,,53.336021,-6.26298,33,13,20,3,10,0,10,33,13,20,3,10,0,10
1827,108,dublin,AVONDALE ROAD,Avondale Road,False,False,OPEN,2024-12-26 10:25:43,True,False,,,53.359405,-6.276142,35,0,35,0,0,0,0,35,0,35,0,0,0,0
1828,20,dublin,JAMES STREET EAST,James Street East,False,False,OPEN,2024-12-26 10:33:29,True,False,,,53.336597,-6.248109,30,3,27,3,0,0,0,30,3,27,3,0,0,0
1829,56,dublin,MOUNT STREET LOWER,Mount Street Lower,False,False,OPEN,2024-12-26 10:29:59,True,False,,,53.33796,-6.24153,40,16,24,6,10,0,10,40,16,24,6,10,0,10
1830,6,dublin,CHRISTCHURCH PLACE,Christchurch Place,False,False,OPEN,2024-12-26 10:29:25,True,False,,,53.343368,-6.27012,20,9,11,5,4,0,4,20,9,11,5,4,0,4
1831,18,dublin,GRANTHAM STREET,Grantham Street,False,False,OPEN,2024-12-26 10:31:55,True,False,,,53.334123,-6.265436,30,16,14,9,7,0,7,30,16,14,9,7,0,7
1832,32,dublin,PEARSE STREET,Pearse Street,False,False,OPEN,2024-12-26 10:31:06,True,False,,,53.344304,-6.250427,30,17,13,12,5,0,5,30,17,13,12,5,0,5
1833,52,dublin,YORK STREET EAST,York Street East,False,False,OPEN,2024-12-26 10:32:18,True,False,,,53.338755,-6.262003,32,9,23,5,4,0,4,32,9,23,5,4,0,4
1834,48,dublin,EXCISE WALK,Excise Walk,False,False,OPEN,2024-12-26 10:30:27,True,False,,,53.347777,-6.244239,40,7,33,5,2,0,2,40,7,33,5,2,0,2
1835,13,dublin,FITZWILLIAM SQUARE WEST,Fitzwilliam Square West,False,False,OPEN,2024-12-26 10:32:16,True,False,,,53.336074,-6.252825,30,24,6,10,14,0,14,30,24,6,10,14,0,14
1836,43,dublin,PORTOBELLO ROAD,Portobello Road,False,False,OPEN,2024-12-26 10:32:56,True,False,,,53.330091,-6.268044,30,14,15,11,3,0,3,30,14,15,11,3,0,3
1837,31,dublin,PARNELL STREET,Parnell Street,False,False,OPEN,2024-12-26 10:35:01,True,False,,,53.350929,-6.265125,20,12,8,10,2,0,2,20,12,8,10,2,0,2
1838,98,dublin,FREDERICK STREET SOUTH,Frederick Street South,False,False,OPEN,2024-12-26 10:29:43,True,False,,,53.341515,-6.256853,40,16,24,11,5,0,5,40,16,24,11,5,0,5
1839,14,dublin,FOWNES STREET UPPER,Fownes Street Upper,False,False,OPEN,2024-12-26 10:32:32,True,False,,,53.344603,-6.263371,30,26,4,17,9,0,9,30,26,4,17,9,0,9
1840,1,dublin,CLARENDON ROW,Clarendon Row,False,False,OPEN,2024-12-26 10:29:33,True,False,,,53.340927,-6.262501,31,17,14,14,3,0,3,31,17,14,14,3,0,3
1841,23,dublin,CUSTOM HOUSE,Custom House,False,False,OPEN,2024-12-26 10:26:09,True,False,,,53.348279,-6.254662,30,22,8,19,3,0,3,30,22,8,19,3,0,3
1842,106,dublin,RATHDOWN ROAD,Rathdown Road,False,False,OPEN,2024-12-26 10:34:09,True,False,,,53.35893,-6.280337,40,14,26,1,13,0,13,40,14,26,1,13,0,13
1843,112,dublin,NORTH CIRCULAR ROAD (O'CONNELL'S),North Circular Road (O'Connell's),False,False,OPEN,2024-12-26 10:29:40,True,False,,,53.357841,-6.251557,30,0,30,0,0,0,0,30,0,30,0,0,0,0
1844,68,dublin,HANOVER QUAY,Hanover Quay,False,False,OPEN,2024-12-26 10:25:35,True,False,,,53.344115,-6.237153,40,10,30,4,6,0,6,40,10,30,4,6,0,6
1845,74,dublin,OLIVER BOND STREET,Oliver Bond Street,False,False,OPEN,2024-12-26 10:30:50,True,False,,,53.343893,-6.280531,30,23,7,16,7,0,7,30,23,7,16,7,0,7
1846,87,dublin,COLLINS BARRACKS MUSEUM,Collins Barracks Museum,False,False,OPEN,2024-12-26 10:30:30,True,False,,,53.347477,-6.28525,38,16,22,8,8,0,8,38,16,22,8,8,0,8
1847,84,dublin,BROOKFIELD ROAD,Brookfield Road,False,False,OPEN,2024-12-26 10:32:55,True,False,,,53.339005,-6.300217,30,19,11,11,8,0,8,30,19,11,11,8,0,8
1848,90,dublin,BENSON STREET,Benson Street,False,False,OPEN,2024-12-26 10:32:48,True,False,,,53.344153,-6.233451,40,7,33,7,0,0,0,40,7,33,7,0,0,0
1849,11,dublin,EARLSFORT TERRACE,Earlsfort Terrace,False,False,OPEN,2024-12-26 10:30:38,True,False,,,53.334295,-6.258503,30,17,13,11,6,0,6,30,17,13,11,6,0,6
1850,17,dublin,GOLDEN LANE,Golden Lane,False,False,OPEN,2024-12-26 10:31:44,True,False,,,53.340803,-6.267732,20,20,0,11,9,0,9,20,20,0,11,9,0,9
1851,45,dublin,DEVERELL PLACE,Deverell Place,False,False,OPEN,2024-12-26 10:33:11,True,False,,,53.351464,-6.255265,30,1,29,1,0,0,0,30,1,29,1,0,0,0
1852,114,dublin,WILTON TERRACE (PARK),Wilton Terrace (Park),False,False,OPEN,2024-12-26 10:32:34,True,False,,,53.333653,-6.248345,40,4,36,1,3,0,3,40,4,36,1,3,0,3
1853,72,dublin,JOHN STREET WEST,John Street West,False,False,OPEN,2024-12-26 10:30:20,True,False,,,53.343105,-6.277167,31,1,30,1,0,0,0,31,1,30,1,0,0,0
1854,63,dublin,FENIAN STREET,Fenian Street,False,False,OPEN,2024-12-26 10:30:57,True,False,,,53.341428,-6.24672,35,23,12,12,11,0,11,35,23,12,12,11,0,11
1855,113,dublin,MERRION SQUARE SOUTH,Merrion Square South,False,False,OPEN,2024-12-26 10:31:22,True,False,,,53.338614,-6.248606,40,10,19,7,3,0,3,40,10,19,7,3,0,3
1856,91,dublin,SOUTH DOCK ROAD,South Dock Road,False,False,OPEN,2024-12-26 10:32:04,True,False,,,53.341833,-6.231291,30,18,12,9,9,0,9,30,18,12,9,9,0,9
1857,99,dublin,CITY QUAY,City Quay,False,False,OPEN,2024-12-26 10:32:22,True,False,,,53.346637,-6.246154,30,21,9,9,12,0,12,30,21,9,9,12,0,12
1858,9,dublin,EXCHEQUER STREET,Exchequer Street,False,False,OPEN,2024-12-26 10:34:52,True,False,,,53.343034,-6.263578,24,17,7,14,3,0,3,24,17,7,14,3,0,3
1859,67,dublin,THE POINT,The Point,False,False,OPEN,2024-12-26 10:34:33,True,False,,,53.346867,-6.230852,40,28,12,14,14,0,14,40,28,12,14,14,0,14
1860,116,dublin,BROADSTONE,Broadstone,False,False,OPEN,2024-12-26 10:28:34,True,False,,,53.3547,-6.272314,30,20,10,9,11,0,11,30,20,10,9,11,0,11
1861,55,dublin,HATCH STREET,Hatch Street,False,False,OPEN,2024-12-26 10:32:58,True,False,,,53.33403,-6.260714,36,16,19,9,7,0,7,36,16,19,9,7,0,7
1862,62,dublin,LIME STREET,Lime Street,False,False,OPEN,2024-12-26 10:31:51,True,False,,,53.346026,-6.243576,40,16,24,8,8,0,8,40,16,24,8,8,0,8
1863,5,dublin,CHARLEMONT PLACE,Charlemont Street,False,False,OPEN,2024-12-26 10:33:31,True,False,,,53.330662,-6.260177,40,11,29,8,3,0,3,40,11,29,8,3,0,3
1864,97,dublin,KILMAINHAM GAOL,Kilmainham Gaol,False,False,OPEN,2024-12-26 10:34:04,True,False,,,53.342113,-6.310015,40,13,27,10,3,0,3,40,13,27,10,3,0,3
1865,61,dublin,HARDWICKE PLACE,Hardwicke Place,False,False,OPEN,2024-12-26 10:34:21,True,False,,,53.357043,-6.263232,25,10,15,9,1,0,1,25,10,15,9,1,0,1
1866,77,dublin,WOLFE TONE STREET,Wolfe Tone Street,False,False,OPEN,2024-12-26 10:34:43,True,False,,,53.348875,-6.267459,29,22,7,7,15,0,15,29,22,7,7,15,0,15
1867,73,dublin,FRANCIS STREET,Francis Street,False,False,OPEN,2024-12-26 10:34:21,True,False,,,53.342081,-6.275233,30,7,22,5,2,0,2,30,7,22,5,2,0,2
1868,4,dublin,GREEK STREET,Greek Street,False,False,OPEN,2024-12-26 10:31:32,True,False,,,53.346874,-6.272976,20,15,4,5,10,0,10,20,15,4,5,10,0,10
1869,49,dublin,GUILD STREET,Guild Street,False,False,OPEN,2024-12-26 10:32:07,True,False,,,53.347932,-6.240928,40,37,3,31,6,0,6,40,37,3,31,6,0,6
1870,19,dublin,HERBERT PLACE,Herbert Place,False,False,OPEN,2024-12-26 10:33:49,True,False,,,53.334432,-6.245575,30,1,29,0,1,0,1,30,1,29,0,1,0,1
1871,7,dublin,HIGH STREET,High Street,False,False,OPEN,2024-12-26 10:31:24,True,False,,,53.343565,-6.275071,29,1,28,1,0,0,0,29,1,28,1,0,0,0
1872,60,dublin,NORTH CIRCULAR ROAD,North Circular Road,False,False,OPEN,2024-12-26 10:33:30,True,False,,,53.359624,-6.260348,30,7,23,4,3,0,3,30,7,23,4,3,0,3
1873,102,dublin,WESTERN WAY,Western Way,False,False,OPEN,2024-12-26 10:29:22,True,False,,,53.354929,-6.269425,40,10,30,7,3,0,3,40,10,30,7,3,0,3
1874,38,dublin,TALBOT STREET,Talbot Street,False,False,OPEN,2024-12-26 10:28:11,True,False,,,53.350974,-6.25294,40,14,25,11,3,0,3,40,14,25,11,3,0,3
1875,53,dublin,NEWMAN HOUSE,Newman House,False,False,OPEN,2024-12-26 10:25:45,True,False,,,53.337132,-6.26059,40,11,29,10,1,0,1,40,11,29,10,1,0,1
1876,58,dublin,SIR PATRICK DUN'S,Sir Patrick's Dun,False,False,OPEN,2024-12-26 10:33:30,True,False,,,53.339218,-6.240642,40,36,4,28,8,0,8,40,36,4,28,8,0,8
1877,66,dublin,NEW CENTRAL BANK,New Central Bank,False,False,OPEN,2024-12-26 10:27:03,True,False,,,53.347122,-6.234749,40,0,40,0,0,0,0,40,0,40,0,0,0,0
1878,104,dublin,GRANGEGORMAN LOWER (CENTRAL),Grangegorman Lower (Central),False,False,OPEN,2024-12-26 10:26:52,True,False,,,53.355173,-6.278424,40,4,36,2,2,0,2,40,4,36,2,2,0,2
1879,101,dublin,KING STREET NORTH,King Street North,False,False,OPEN,2024-12-26 10:32:29,True,False,,,53.350291,-6.273507,30,7,23,5,2,0,2,30,7,23,5,2,0,2
1880,115,dublin,KILLARNEY STREET,Killarney Street,False,False,OPEN,2024-12-26 10:33:45,True,False,,,53.354845,-6.247579,30,23,7,14,9,0,9,30,23,7,14,9,0,9
1881,47,dublin,HERBERT STREET,Herbert Street,False,False,OPEN,2024-12-26 10:34:19,True,False,,,53.335742,-6.24551,40,0,40,0,0,0,0,40,0,40,0,0,0,0
1882,117,dublin,HANOVER QUAY EAST,Hanover Quay East,False,False,OPEN,2024-12-26 10:31:18,True,False,,,53.343653,-6.231755,40,0,40,0,0,0,0,40,0,40,0,0,0,0
1883,8,dublin,CUSTOM HOUSE QUAY,Custom House Quay,False,False,OPEN,2024-12-26 10:30:34,True,False,,,53.347884,-6.248048,30,19,11,12,7,0,7,30,19,11,12,7,0,7
1884,27,dublin,MOLESWORTH STREET,Molesworth Street,False,False,OPEN,2024-12-26 10:31:18,True,False,,,53.341288,-6.258117,20,2,18,2,0,0,0,20,2,18,2,0,0,0
1885,16,dublin,GEORGES QUAY,Georges Quay,False,False,OPEN,2024-12-26 10:31:43,True,False,,,53.347508,-6.252192,20,11,9,8,3,0,3,20,11,9,8,3,0,3
1886,96,dublin,KILMAINHAM LANE,Kilmainham Lane,False,False,OPEN,2024-12-26 10:29:57,True,False,,,53.341805,-6.305085,30,9,21,8,1,0,1,30,9,21,8,1,0,1
1887,82,dublin,MOUNT BROWN,Mount Brown,False,False,OPEN,2024-12-26 10:30:41,True,False,,,53.341645,-6.29719,22,9,13,3,6,0,6,22,9,13,3,6,0,6
1888,76,dublin,MARKET STREET SOUTH,Market Street South,False,False,OPEN,2024-12-26 10:29:48,True,False,,,53.342296,-6.287661,38,3,35,3,0,0,0,38,3,35,3,0,0,0
1889,71,dublin,KEVIN STREET,Kevin Street,False,False,OPEN,2024-12-26 10:28:58,True,False,,,53.337757,-6.267699,40,19,21,10,9,0,9,40,19,21,10,9,0,9
1890,79,dublin,ECCLES STREET EAST,Eccles Street East,False,False,OPEN,2024-12-26 10:26:33,True,False,,,53.358115,-6.265601,27,0,27,0,0,0,0,27,0,27,0,0,0,0
1891,69,dublin,GRAND CANAL DOCK,Grand Canal Dock,False,False,OPEN,2024-12-26 10:27:08,True,False,,,53.342638,-6.238695,40,34,6,20,14,0,14,40,34,6,20,14,0,14
1892,25,dublin,MERRION SQUARE EAST,Merrion Square East,False,False,OPEN,2024-12-26 10:34:35,True,False,,,53.339434,-6.246548,30,3,27,2,1,0,1,30,3,27,2,1,0,1
1893,51,dublin,YORK STREET WEST,York Street West,False,False,OPEN,2024-12-26 10:31:10,True,False,,,53.339334,-6.264699,40,0,0,0,0,0,0,40,0,0,0,0,0,0
1894,37,dublin,ST. STEPHEN'S GREEN SOUTH,St. Stephen's Green South,False,False,OPEN,2024-12-26 10:34:47,True,False,,,53.337494,-6.26199,30,14,16,8,6,0,6,30,14,16,8,6,0,6
1895,59,dublin,DENMARK STREET GREAT,Denmark Street Great,False,False,OPEN,2024-12-26 10:34:37,True,False,,,53.35561,-6.261397,20,0,20,0,0,0,0,20,0,20,0,0,0,0
1896,95,dublin,ROYAL HOSPITAL,Royal Hospital,False,False,OPEN,2024-12-26 10:34:09,True,False,,,53.343897,-6.29706,40,30,10,19,11,0,11,40,30,10,19,11,0,11
1897,94,dublin,HEUSTON STATION (CAR PARK),Heuston Station (Car Park),False,False,OPEN,2024-12-26 10:25:40,True,False,,,53.346985,-6.297804,40,13,27,10,3,0,3,40,13,27,10,3,0,3
1898,105,dublin,GRANGEGORMAN LOWER (NORTH),Grangegorman Lower (North),False,False,OPEN,2024-12-26 10:33:13,True,False,,,53.355954,-6.278378,36,0,36,0,0,0,0,36,0,36,0,0,0,0
1899,36,dublin,ST. STEPHEN'S GREEN EAST,St. Stephen's Green East,False,False,OPEN,2024-12-26 10:34:19,True,False,,,53.337824,-6.256035,40,10,30,6,4,0,4,40,10,30,6,4,0,4
1900,93,dublin,HEUSTON STATION (CENTRAL),Heuston Station (Central),False,False,OPEN,2024-12-26 10:32:09,True,False,,,53.346603,-6.296924,40,14,26,13,1,0,1,40,14,26,13,1,0,1
1901,22,dublin,TOWNSEND STREET,Townsend Street,False,False,OPEN,2024-12-26 10:31:19,True,False,,,53.345922,-6.254614,20,20,0,13,7,0,7,20,20,0,13,7,0,7
1902,50,dublin,GEORGES LANE,George's Lane,False,False,OPEN,2024-12-26 10:26:54,True,False,,,53.35023,-6.279696,40,0,40,0,0,0,0,40,0,40,0,0,0,0
1903,110,dublin,PHIBSBOROUGH ROAD,Phibsborough Road,False,False,OPEN,2024-12-26 10:26:05,True,False,,,53.356307,-6.273717,40,9,31,3,6,0,6,40,9,31,3,6,0,6
1904,12,dublin,ECCLES STREET,Eccles Street,False,False,OPEN,2024-12-26 10:31:37,True,False,,,53.359246,-6.269779,20,3,17,1,2,0,2,20,3,17,1,2,0,2
1905,34,dublin,PORTOBELLO HARBOUR,Portobello Harbour,False,False,OPEN,2024-12-26 10:31:49,True,False,,,53.330362,-6.265163,30,4,26,2,2,0,2,30,4,26,2,2,0,2
1906,78,dublin,MATER HOSPITAL,Mater Hospital,False,False,OPEN,2024-12-26 10:31:48,True,False,,,53.359967,-6.264828,40,1,39,1,0,0,0,40,1,39,1,0,0,0
1907,2,dublin,BLESSINGTON STREET,Blessington Street,False,False,OPEN,2024-12-26 10:32:16,True,False,,,53.356769,-6.26814,20,2,18,1,1,0,1,20,2,18,1,1,0,1
1908,75,dublin,JAMES STREET,James Street,False,False,OPEN,2024-12-26 10:33:28,True,False,,,53.343456,-6.287409,40,20,20,15,5,0,5,40,20,20,15,5,0,5
1909,111,dublin,MOUNTJOY SQUARE EAST,Mountjoy Square East,False,False,OPEN,2024-12-26 10:33:35,True,False,,,53.356717,-6.256359,40,0,40,0,0,0,0,40,0,40,0,0,0,0
1910,26,dublin,MERRION SQUARE WEST,Merrion Square West,False,False,OPEN,2024-12-26 10:30:48,True,False,,,53.339764,-6.251988,20,5,15,4,1,0,1,20,5,15,4,1,0,1
1911,65,dublin,CONVENTION CENTRE,Convention Centre,False,False,OPEN,2024-12-26 10:33:27,True,False,,,53.34744,-6.238523,40,7,33,4,3,0,3,40,7,33,4,3,0,3
1912,15,dublin,HARDWICKE STREET,Hardwicke Street,False,False,OPEN,2024-12-26 10:33:24,True,False,,,53.355473,-6.264423,16,1,15,0,1,0,1,16,1,15,0,1,0,1
1913,86,dublin,PARKGATE STREET,Parkgate Street,False,False,OPEN,2024-12-26 10:28:48,True,False,,,53.347972,-6.291804,38,30,8,6,24,0,24,38,30,8,6,24,0,24
1914,35,dublin,SMITHFIELD,Smithfield,False,False,OPEN,2024-12-26 10:33:34,True,False,,,53.347692,-6.278214,30,10,20,4,6,0,6,30,10,20,4,6,0,6
1915,10,dublin,DAME STREET,Dame Street,False,False,OPEN,2024-12-26 10:33:48,True,False,,,53.344007,-6.266802,16,15,1,9,6,0,6,16,15,1,9,6,0,6
1916,100,dublin,HEUSTON BRIDGE (SOUTH),Heuston Bridge (South),False,False,OPEN,2024-12-26 10:24:40,True,False,,,53.347106,-6.292041,25,25,0,16,9,0,9,25,25,0,16,9,0,9
1917,24,dublin,CATHAL BRUGHA STREET,Cathal Brugha Street,False,False,OPEN,2024-12-26 10:34:15,True,False,,,53.352149,-6.260533,20,9,11,5,4,0,4,20,9,11,5,4,0,4
1918,64,dublin,SANDWITH STREET,Sandwith Street,False,False,OPEN,2024-12-26 10:33:13,True,False,,,53.345203,-6.247163,40,7,33,7,0,0,0,40,7,33,7,0,0,0
1919,109,dublin,BUCKINGHAM STREET LOWER,Buckingham Street Lower,False,False,OPEN,2024-12-26 10:35:00,True,False,,,53.353331,-6.249319,29,23,6,9,14,0,14,29,23,6,9,14,0,14
1920,85,dublin,ROTHE ABBEY,Rothe Abbey,False,False,OPEN,2024-12-26 10:26:19,True,False,,,53.338776,-6.30395,35,27,8,10,17,0,17,35,27,8,10,17,0,17
1921,107,dublin,CHARLEVILLE ROAD,Charleville Road,False,False,OPEN,2024-12-26 10:33:57,True,False,,,53.359157,-6.281866,40,5,35,3,2,0,2,40,5,35,3,2,0,2
1922,33,dublin,PRINCES STREET / O'CONNELL STREET,Princes Street / O'Connell Street,False,False,OPEN,2024-12-26 10:31:10,True,False,,,53.349013,-6.260311,23,18,5,5,13,0,13,23,18,5,5,13,0,13
1923,44,dublin,UPPER SHERRARD STREET,Upper Sherrard Street,False,False,OPEN,2024-12-26 10:27:14,True,False,,,53.358437,-6.260641,30,7,23,2,5,0,5,30,7,23,2,5,0,5
1924,89,dublin,FITZWILLIAM SQUARE EAST,Fitzwilliam Square East,False,False,OPEN,2024-12-26 10:33:21,True,False,,,53.335211,-6.2509,40,21,19,10,11,0,11,40,21,19,10,11,0,11
1925,57,dublin,GRATTAN STREET,Grattan Street,False,False,OPEN,2024-12-26 10:31:17,True,False,,,53.339629,-6.243778,23,8,15,5,3,0,3,23,8,15,5,3,0,3
1926,80,dublin,ST JAMES HOSPITAL (LUAS),St James Hospital (Luas),False,False,OPEN,2024-12-26 10:27:36,True,False,,,53.341359,-6.292951,40,11,29,2,9,0,9,40,11,29,2,9,0,9
1927,41,dublin,HARCOURT TERRACE,Harcourt Terrace,False,False,OPEN,2024-12-26 10:29:18,True,False,,,53.332763,-6.257942,20,0,20,0,0,0,0,20,0,20,0,0,0,0
1928,3,dublin,BOLTON STREET,Bolton Street,False,False,OPEN,2024-12-26 10:32:47,True,False,,,53.351182,-6.269859,20,17,3,13,4,0,4,20,17,3,13,4,0,4
1929,40,dublin,JERVIS STREET,Jervis Street,False,False,OPEN,2024-12-26 10:33:53,True,False,,,53.3483,-6.266651,21,15,5,10,5,0,5,21,15,5,10,5,0,5
1930,29,dublin,ORMOND QUAY UPPER,Ormond Quay Upper,False,False,OPEN,2024-12-26 10:34:21,True,False,,,53.346057,-6.268001,29,28,1,17,11,0,11,29,28,1,17,11,0,11
1931,103,dublin,GRANGEGORMAN LOWER (SOUTH),Grangegorman Lower (South),False,False,OPEN,2024-12-26 10:31:06,True,False,,,53.354663,-6.278681,40,0,40,0,0,0,0,40,0,40,0,0,0,0
1932,28,dublin,MOUNTJOY SQUARE WEST,Mountjoy Square West,False,False,OPEN,2024-12-26 10:34:49,True,False,,,53.356299,-6.258586,30,20,10,9,11,0,11,30,20,10,9,11,0,11
1933,39,dublin,WILTON TERRACE,Wilton Terrace,False,False,OPEN,2024-12-26 10:34:52,True,False,,,53.332383,-6.252717,20,8,12,3,5,0,5,20,8,12,3,5,0,5
1934,83,dublin,EMMET ROAD,Emmet Road,False,False,OPEN,2024-12-26 10:33:16,True,False,,,53.340714,-6.308191,40,21,19,14,7,0,7,40,21,19,14,7,0,7
1935,92,dublin,HEUSTON BRIDGE (NORTH),Heuston Bridge (North),False,False,OPEN,2024-12-26 10:31:24,True,False,,,53.347802,-6.292432,40,38,2,31,7,0,7,40,38,2,31,7,0,7
1936,21,dublin,LEINSTER STREET SOUTH,Leinster Street South,False,False,OPEN,2024-12-26 10:29:28,True,False,,,53.34218,-6.254485,30,9,21,3,6,0,6,30,9,21,3,6,0,6
1937,88,dublin,BLACKHALL PLACE,Blackhall Place,False,False,OPEN,2024-12-26 10:31:10,True,False,,,53.3488,-6.281637,30,0,30,0,0,0,0,30,0,30,0,0,0,0
1938,42,dublin,SMITHFIELD NORTH,Smithfield North,False,False,OPEN,2024-12-26 11:02:11,True,False,,,53.349562,-6.278198,30,1,29,1,0,0,0,30,1,29,1,0,0,0
1939,30,dublin,PARNELL SQUARE NORTH,Parnell Square North,False,False,OPEN,2024-12-26 11:02:15,True,False,,,53.3537415547453,-6.26530144781526,20,7,13,7,0,0,0,20,7,13,7,0,0,0
1940,54,dublin,CLONMEL STREET,Clonmel Street,False,False,OPEN,2024-12-26 11:04:47,True,False,,,53.336021,-6.26298,33,12,21,3,9,0,9,33,12,21,3,9,0,9
1941,108,dublin,AVONDALE ROAD,Avondale Road,False,False,OPEN,2024-12-26 10:55:55,True,False,,,53.359405,-6.276142,35,0,35,0,0,0,0,35,0,35,0,0,0,0
1942,20,dublin,JAMES STREET EAST,James Street East,False,False,OPEN,2024-12-26 11:03:41,True,False,,,53.336597,-6.248109,30,3,27,3,0,0,0,30,3,27,3,0,0,0
1943,56,dublin,MOUNT STREET LOWER,Mount Street Lower,False,False,OPEN,2024-12-26 11:00:32,True,False,,,53.33796,-6.24153,40,15,25,5,10,0,10,40,15,25,5,10,0,10
1944,6,dublin,CHRISTCHURCH PLACE,Christchurch Place,False,False,OPEN,2024-12-26 10:59:37,True,False,,,53.343368,-6.27012,20,9,11,5,4,0,4,20,9,11,5,4,0,4
1945,18,dublin,GRANTHAM STREET,Grantham Street,False,False,OPEN,2024-12-26 11:02:11,True,False,,,53.334123,-6.265436,30,16,14,9,7,0,7,30,16,14,9,7,0,7
1946,32,dublin,PEARSE STREET,Pearse Street,False,False,OPEN,2024-12-26 10:59:44,True,False,,,53.344304,-6.250427,30,17,13,12,5,0,5,30,17,13,12,5,0,5
1947,52,dublin,YORK STREET EAST,York Street East,False,False,OPEN,2024-12-26 11:02:38,True,False,,,53.338755,-6.262003,32,9,23,5,4,0,4,32,9,23,5,4,0,4
1948,48,dublin,EXCISE WALK,Excise Walk,False,False,OPEN,2024-12-26 11:00:41,True,False,,,53.347777,-6.244239,40,7,33,5,2,0,2,40,7,33,5,2,0,2
1949,13,dublin,FITZWILLIAM SQUARE WEST,Fitzwilliam Square West,False,False,OPEN,2024-12-26 11:02:32,True,False,,,53.336074,-6.252825,30,24,6,10,14,0,14,30,24,6,10,14,0,14
1950,43,dublin,PORTOBELLO ROAD,Portobello Road,False,False,OPEN,2024-12-26 11:03:08,True,False,,,53.330091,-6.268044,30,14,15,11,3,0,3,30,14,15,11,3,0,3
1951,31,dublin,PARNELL STREET,Parnell Street,False,False,OPEN,2024-12-26 10:55:12,True,False,,,53.350929,-6.265125,20,12,8,10,2,0,2,20,12,8,10,2,0,2
1952,98,dublin,FREDERICK STREET SOUTH,Frederick Street South,False,False,OPEN,2024-12-26 10:59:54,True,False,,,53.341515,-6.256853,40,16,24,11,5,0,5,40,16,24,11,5,0,5
1953,14,dublin,FOWNES STREET UPPER,Fownes Street Upper,False,False,OPEN,2024-12-26 11:02:46,True,False,,,53.344603,-6.263371,30,28,2,18,10,0,10,30,28,2,18,10,0,10
1954,1,dublin,CLARENDON ROW,Clarendon Row,False,False,OPEN,2024-12-26 11:04:36,True,False,,,53.340927,-6.262501,31,21,10,16,5,0,5,31,21,10,16,5,0,5
1955,23,dublin,CUSTOM HOUSE,Custom House,False,False,OPEN,2024-12-26 10:56:19,True,False,,,53.348279,-6.254662,30,22,8,19,3,0,3,30,22,8,19,3,0,3
1956,106,dublin,RATHDOWN ROAD,Rathdown Road,False,False,OPEN,2024-12-26 11:04:22,True,False,,,53.35893,-6.280337,40,14,26,1,13,0,13,40,14,26,1,13,0,13
1957,112,dublin,NORTH CIRCULAR ROAD (O'CONNELL'S),North Circular Road (O'Connell's),False,False,OPEN,2024-12-26 10:59:56,True,False,,,53.357841,-6.251557,30,0,30,0,0,0,0,30,0,30,0,0,0,0
1958,68,dublin,HANOVER QUAY,Hanover Quay,False,False,OPEN,2024-12-26 10:55:47,True,False,,,53.344115,-6.237153,40,10,30,4,6,0,6,40,10,30,4,6,0,6
1959,74,dublin,OLIVER BOND STREET,Oliver Bond Street,False,False,OPEN,2024-12-26 11:03:34,True,False,,,53.343893,-6.280531,30,22,8,15,7,0,7,30,22,8,15,7,0,7
1960,87,dublin,COLLINS BARRACKS MUSEUM,Collins Barracks Museum,False,False,OPEN,2024-12-26 11:00:43,True,False,,,53.347477,-6.28525,38,15,23,7,8,0,8,38,15,23,7,8,0,8
1961,84,dublin,BROOKFIELD ROAD,Brookfield Road,False,False,OPEN,2024-12-26 11:03:10,True,False,,,53.339005,-6.300217,30,19,11,11,8,0,8,30,19,11,11,8,0,8
1962,90,dublin,BENSON STREET,Benson Street,False,False,OPEN,2024-12-26 11:02:58,True,False,,,53.344153,-6.233451,40,7,33,7,0,0,0,40,7,33,7,0,0,0
1963,11,dublin,EARLSFORT TERRACE,Earlsfort Terrace,False,False,OPEN,2024-12-26 11:00:49,True,False,,,53.334295,-6.258503,30,17,13,11,6,0,6,30,17,13,11,6,0,6
1964,17,dublin,GOLDEN LANE,Golden Lane,False,False,OPEN,2024-12-26 11:02:00,True,False,,,53.340803,-6.267732,20,20,0,11,9,0,9,20,20,0,11,9,0,9
1965,45,dublin,DEVERELL PLACE,Deverell Place,False,False,OPEN,2024-12-26 11:03:21,True,False,,,53.351464,-6.255265,30,1,29,1,0,0,0,30,1,29,1,0,0,0
1966,114,dublin,WILTON TERRACE (PARK),Wilton Terrace (Park),False,False,OPEN,2024-12-26 11:02:47,True,False,,,53.333653,-6.248345,40,5,35,2,3,0,3,40,5,35,2,3,0,3
1967,72,dublin,JOHN STREET WEST,John Street West,False,False,OPEN,2024-12-26 11:00:33,True,False,,,53.343105,-6.277167,31,2,29,2,0,0,0,31,2,29,2,0,0,0
1968,63,dublin,FENIAN STREET,Fenian Street,False,False,OPEN,2024-12-26 11:04:32,True,False,,,53.341428,-6.24672,35,25,10,14,11,0,11,35,25,10,14,11,0,11
1969,113,dublin,MERRION SQUARE SOUTH,Merrion Square South,False,False,OPEN,2024-12-26 11:01:37,True,False,,,53.338614,-6.248606,40,10,19,7,3,0,3,40,10,19,7,3,0,3
1970,91,dublin,SOUTH DOCK ROAD,South Dock Road,False,False,OPEN,2024-12-26 11:02:23,True,False,,,53.341833,-6.231291,30,17,13,8,9,0,9,30,17,13,8,9,0,9
1971,99,dublin,CITY QUAY,City Quay,False,False,OPEN,2024-12-26 11:02:38,True,False,,,53.346637,-6.246154,30,21,9,9,12,0,12,30,21,9,9,12,0,12
1972,9,dublin,EXCHEQUER STREET,Exchequer Street,False,False,OPEN,2024-12-26 10:55:02,True,False,,,53.343034,-6.263578,24,20,4,15,5,0,5,24,20,4,15,5,0,5
1973,67,dublin,THE POINT,The Point,False,False,OPEN,2024-12-26 11:04:48,True,False,,,53.346867,-6.230852,40,28,12,14,14,0,14,40,28,12,14,14,0,14
1974,116,dublin,BROADSTONE,Broadstone,False,False,OPEN,2024-12-26 10:58:46,True,False,,,53.3547,-6.272314,30,20,10,9,11,0,11,30,20,10,9,11,0,11
1975,55,dublin,HATCH STREET,Hatch Street,False,False,OPEN,2024-12-26 11:03:11,True,False,,,53.33403,-6.260714,36,16,19,9,7,0,7,36,16,19,9,7,0,7
1976,62,dublin,LIME STREET,Lime Street,False,False,OPEN,2024-12-26 11:02:03,True,False,,,53.346026,-6.243576,40,16,24,8,8,0,8,40,16,24,8,8,0,8
1977,5,dublin,CHARLEMONT PLACE,Charlemont Street,False,False,OPEN,2024-12-26 11:03:48,True,False,,,53.330662,-6.260177,40,11,29,8,3,0,3,40,11,29,8,3,0,3
1978,97,dublin,KILMAINHAM GAOL,Kilmainham Gaol,False,False,OPEN,2024-12-26 11:00:44,True,False,,,53.342113,-6.310015,40,12,28,10,2,0,2,40,12,28,10,2,0,2
1979,61,dublin,HARDWICKE PLACE,Hardwicke Place,False,False,OPEN,2024-12-26 11:04:38,True,False,,,53.357043,-6.263232,25,9,16,8,1,0,1,25,9,16,8,1,0,1
1980,77,dublin,WOLFE TONE STREET,Wolfe Tone Street,False,False,OPEN,2024-12-26 11:01:44,True,False,,,53.348875,-6.267459,29,24,5,7,17,0,17,29,24,5,7,17,0,17
1981,73,dublin,FRANCIS STREET,Francis Street,False,False,OPEN,2024-12-26 11:04:33,True,False,,,53.342081,-6.275233,30,7,22,5,2,0,2,30,7,22,5,2,0,2
1982,4,dublin,GREEK STREET,Greek Street,False,False,OPEN,2024-12-26 11:01:47,True,False,,,53.346874,-6.272976,20,16,3,6,10,0,10,20,16,3,6,10,0,10
1983,49,dublin,GUILD STREET,Guild Street,False,False,OPEN,2024-12-26 11:02:20,True,False,,,53.347932,-6.240928,40,36,4,30,6,0,6,40,36,4,30,6,0,6
1984,19,dublin,HERBERT PLACE,Herbert Place,False,False,OPEN,2024-12-26 11:03:59,True,False,,,53.334432,-6.245575,30,1,29,0,1,0,1,30,1,29,0,1,0,1
1985,7,dublin,HIGH STREET,High Street,False,False,OPEN,2024-12-26 11:01:40,True,False,,,53.343565,-6.275071,29,1,28,1,0,0,0,29,1,28,1,0,0,0
1986,60,dublin,NORTH CIRCULAR ROAD,North Circular Road,False,False,OPEN,2024-12-26 11:03:42,True,False,,,53.359624,-6.260348,30,7,23,4,3,0,3,30,7,23,4,3,0,3
1987,102,dublin,WESTERN WAY,Western Way,False,False,OPEN,2024-12-26 10:59:40,True,False,,,53.354929,-6.269425,40,8,32,5,3,0,3,40,8,32,5,3,0,3
1988,38,dublin,TALBOT STREET,Talbot Street,False,False,OPEN,2024-12-26 10:58:27,True,False,,,53.350974,-6.25294,40,14,25,11,3,0,3,40,14,25,11,3,0,3
1989,53,dublin,NEWMAN HOUSE,Newman House,False,False,OPEN,2024-12-26 10:55:56,True,False,,,53.337132,-6.26059,40,11,29,10,1,0,1,40,11,29,10,1,0,1
1990,58,dublin,SIR PATRICK DUN'S,Sir Patrick's Dun,False,False,OPEN,2024-12-26 11:03:45,True,False,,,53.339218,-6.240642,40,36,4,28,8,0,8,40,36,4,28,8,0,8
1991,66,dublin,NEW CENTRAL BANK,New Central Bank,False,False,OPEN,2024-12-26 10:57:14,True,False,,,53.347122,-6.234749,40,0,40,0,0,0,0,40,0,40,0,0,0,0
1992,104,dublin,GRANGEGORMAN LOWER (CENTRAL),Grangegorman Lower (Central),False,False,OPEN,2024-12-26 10:57:07,True,False,,,53.355173,-6.278424,40,4,36,2,2,0,2,40,4,36,2,2,0,2
1993,101,dublin,KING STREET NORTH,King Street North,False,False,OPEN,2024-12-26 11:02:45,True,False,,,53.350291,-6.273507,30,7,23,5,2,0,2,30,7,23,5,2,0,2
1994,115,dublin,KILLARNEY STREET,Killarney Street,False,False,OPEN,2024-12-26 11:03:26,True,False,,,53.354845,-6.247579,30,24,6,14,10,0,10,30,24,6,14,10,0,10
1995,47,dublin,HERBERT STREET,Herbert Street,False,False,OPEN,2024-12-26 11:04:31,True,False,,,53.335742,-6.24551,40,0,40,0,0,0,0,40,0,40,0,0,0,0
1996,117,dublin,HANOVER QUAY EAST,Hanover Quay East,False,False,OPEN,2024-12-26 11:01:30,True,False,,,53.343653,-6.231755,40,0,40,0,0,0,0,40,0,40,0,0,0,0
1997,8,dublin,CUSTOM HOUSE QUAY,Custom House Quay,False,False,OPEN,2024-12-26 11:00:46,True,False,,,53.347884,-6.248048,30,19,11,12,7,0,7,30,19,11,12,7,0,7
1998,27,dublin,MOLESWORTH STREET,Molesworth Street,False,False,OPEN,2024-12-26 11:01:28,True,False,,,53.341288,-6.258117,20,2,18,2,0,0,0,20,2,18,2,0,0,0
1999,16,dublin,GEORGES QUAY,Georges Quay,False,False,OPEN,2024-12-26 11:01:55,True,False,,,53.347508,-6.252192,20,11,9,8,3,0,3,20,11,9,8,3,0,3
2000,96,dublin,KILMAINHAM LANE,Kilmainham Lane,False,False,OPEN,2024-12-26 11:00:09,True,False,,,53.341805,-6.305085,30,9,21,8,1,0,1,30,9,21,8,1,0,1
2001,82,dublin,MOUNT BROWN,Mount Brown,False,False,OPEN,2024-12-26 11:00:38,True,False,,,53.341645,-6.29719,22,9,13,3,6,0,6,22,9,13,3,6,0,6
2002,76,dublin,MARKET STREET SOUTH,Market Street South,False,False,OPEN,2024-12-26 11:00:00,True,False,,,53.342296,-6.287661,38,3,35,3,0,0,0,38,3,35,3,0,0,0
2003,71,dublin,KEVIN STREET,Kevin Street,False,False,OPEN,2024-12-26 10:59:11,True,False,,,53.337757,-6.267699,40,19,21,10,9,0,9,40,19,21,10,9,0,9
2004,79,dublin,ECCLES STREET EAST,Eccles Street East,False,False,OPEN,2024-12-26 10:56:45,True,False,,,53.358115,-6.265601,27,0,27,0,0,0,0,27,0,27,0,0,0,0
2005,69,dublin,GRAND CANAL DOCK,Grand Canal Dock,False,False,OPEN,2024-12-26 10:57:59,True,False,,,53.342638,-6.238695,40,31,9,18,13,0,13,40,31,9,18,13,0,13
2006,25,dublin,MERRION SQUARE EAST,Merrion Square East,False,False,OPEN,2024-12-26 11:04:46,True,False,,,53.339434,-6.246548,30,3,27,2,1,0,1,30,3,27,2,1,0,1
2007,51,dublin,YORK STREET WEST,York Street West,False,False,OPEN,2024-12-26 11:01:20,True,False,,,53.339334,-6.264699,40,0,0,0,0,0,0,40,0,0,0,0,0,0
2008,37,dublin,ST. STEPHEN'S GREEN SOUTH,St. Stephen's Green South,False,False,OPEN,2024-12-26 10:54:58,True,False,,,53.337494,-6.26199,30,14,16,8,6,0,6,30,14,16,8,6,0,6
2009,59,dublin,DENMARK STREET GREAT,Denmark Street Great,False,False,OPEN,2024-12-26 10:54:47,True,False,,,53.35561,-6.261397,20,0,20,0,0,0,0,20,0,20,0,0,0,0
2010,95,dublin,ROYAL HOSPITAL,Royal Hospital,False,False,OPEN,2024-12-26 11:01:45,True,False,,,53.343897,-6.29706,40,30,10,19,11,0,11,40,30,10,19,11,0,11
2011,94,dublin,HEUSTON STATION (CAR PARK),Heuston Station (Car Park),False,False,OPEN,2024-12-26 10:55:56,True,False,,,53.346985,-6.297804,40,13,27,10,3,0,3,40,13,27,10,3,0,3
2012,105,dublin,GRANGEGORMAN LOWER (NORTH),Grangegorman Lower (North),False,False,OPEN,2024-12-26 11:03:28,True,False,,,53.355954,-6.278378,36,0,36,0,0,0,0,36,0,36,0,0,0,0
2013,36,dublin,ST. STEPHEN'S GREEN EAST,St. Stephen's Green East,False,False,OPEN,2024-12-26 11:04:35,True,False,,,53.337824,-6.256035,40,11,29,7,4,0,4,40,11,29,7,4,0,4
2014,93,dublin,HEUSTON STATION (CENTRAL),Heuston Station (Central),False,False,OPEN,2024-12-26 11:02:22,True,False,,,53.346603,-6.296924,40,14,26,13,1,0,1,40,14,26,13,1,0,1
2015,22,dublin,TOWNSEND STREET,Townsend Street,False,False,OPEN,2024-12-26 11:01:35,True,False,,,53.345922,-6.254614,20,20,0,13,7,0,7,20,20,0,13,7,0,7
2016,50,dublin,GEORGES LANE,George's Lane,False,False,OPEN,2024-12-26 10:57:07,True,False,,,53.35023,-6.279696,40,0,40,0,0,0,0,40,0,40,0,0,0,0
2017,110,dublin,PHIBSBOROUGH ROAD,Phibsborough Road,False,False,OPEN,2024-12-26 10:56:15,True,False,,,53.356307,-6.273717,40,9,31,3,6,0,6,40,9,31,3,6,0,6
2018,12,dublin,ECCLES STREET,Eccles Street,False,False,OPEN,2024-12-26 11:01:54,True,False,,,53.359246,-6.269779,20,2,18,1,1,0,1,20,2,18,1,1,0,1
2019,34,dublin,PORTOBELLO HARBOUR,Portobello Harbour,False,False,OPEN,2024-12-26 11:02:08,True,False,,,53.330362,-6.265163,30,4,26,3,1,0,1,30,4,26,3,1,0,1
2020,78,dublin,MATER HOSPITAL,Mater Hospital,False,False,OPEN,2024-12-26 11:02:03,True,False,,,53.359967,-6.264828,40,2,38,2,0,0,0,40,2,38,2,0,0,0
2021,2,dublin,BLESSINGTON STREET,Blessington Street,False,False,OPEN,2024-12-26 11:02:30,True,False,,,53.356769,-6.26814,20,4,16,2,2,0,2,20,4,16,2,2,0,2
2022,75,dublin,JAMES STREET,James Street,False,False,OPEN,2024-12-26 11:03:47,True,False,,,53.343456,-6.287409,40,20,20,15,5,0,5,40,20,20,15,5,0,5
2023,111,dublin,MOUNTJOY SQUARE EAST,Mountjoy Square East,False,False,OPEN,2024-12-26 10:55:32,True,False,,,53.356717,-6.256359,40,0,40,0,0,0,0,40,0,40,0,0,0,0
2024,26,dublin,MERRION SQUARE WEST,Merrion Square West,False,False,OPEN,2024-12-26 11:01:00,True,False,,,53.339764,-6.251988,20,5,15,4,1,0,1,20,5,15,4,1,0,1
2025,65,dublin,CONVENTION CENTRE,Convention Centre,False,False,OPEN,2024-12-26 11:03:43,True,False,,,53.34744,-6.238523,40,7,33,4,3,0,3,40,7,33,4,3,0,3
2026,15,dublin,HARDWICKE STREET,Hardwicke Street,False,False,OPEN,2024-12-26 11:03:41,True,False,,,53.355473,-6.264423,16,0,16,0,0,0,0,16,0,16,0,0,0,0
2027,86,dublin,PARKGATE STREET,Parkgate Street,False,False,OPEN,2024-12-26 10:58:58,True,False,,,53.347972,-6.291804,38,30,8,6,24,0,24,38,30,8,6,24,0,24
2028,35,dublin,SMITHFIELD,Smithfield,False,False,OPEN,2024-12-26 11:03:47,True,False,,,53.347692,-6.278214,30,10,20,4,6,0,6,30,10,20,4,6,0,6
2029,10,dublin,DAME STREET,Dame Street,False,False,OPEN,2024-12-26 11:04:00,True,False,,,53.344007,-6.266802,16,15,1,9,6,0,6,16,15,1,9,6,0,6
2030,100,dublin,HEUSTON BRIDGE (SOUTH),Heuston Bridge (South),False,False,OPEN,2024-12-26 10:58:55,True,False,,,53.347106,-6.292041,25,25,0,16,9,0,9,25,25,0,16,9,0,9
2031,24,dublin,CATHAL BRUGHA STREET,Cathal Brugha Street,False,False,OPEN,2024-12-26 11:04:28,True,False,,,53.352149,-6.260533,20,10,10,5,5,0,5,20,10,10,5,5,0,5
2032,64,dublin,SANDWITH STREET,Sandwith Street,False,False,OPEN,2024-12-26 11:03:25,True,False,,,53.345203,-6.247163,40,8,32,8,0,0,0,40,8,32,8,0,0,0
2033,109,dublin,BUCKINGHAM STREET LOWER,Buckingham Street Lower,False,False,OPEN,2024-12-26 10:55:09,True,False,,,53.353331,-6.249319,29,23,6,9,14,0,14,29,23,6,9,14,0,14
2034,85,dublin,ROTHE ABBEY,Rothe Abbey,False,False,OPEN,2024-12-26 10:56:32,True,False,,,53.338776,-6.30395,35,27,8,10,17,0,17,35,27,8,10,17,0,17
2035,107,dublin,CHARLEVILLE ROAD,Charleville Road,False,False,OPEN,2024-12-26 11:04:09,True,False,,,53.359157,-6.281866,40,5,35,3,2,0,2,40,5,35,3,2,0,2
2036,33,dublin,PRINCES STREET / O'CONNELL STREET,Princes Street / O'Connell Street,False,False,OPEN,2024-12-26 11:01:32,True,False,,,53.349013,-6.260311,23,19,4,8,11,0,11,23,19,4,8,11,0,11
2037,44,dublin,UPPER SHERRARD STREET,Upper Sherrard Street,False,False,OPEN,2024-12-26 10:57:33,True,False,,,53.358437,-6.260641,30,6,24,1,5,0,5,30,6,24,1,5,0,5
2038,89,dublin,FITZWILLIAM SQUARE EAST,Fitzwilliam Square East,False,False,OPEN,2024-12-26 11:03:33,True,False,,,53.335211,-6.2509,40,21,19,10,11,0,11,40,21,19,10,11,0,11
2039,57,dublin,GRATTAN STREET,Grattan Street,False,False,OPEN,2024-12-26 11:01:32,True,False,,,53.339629,-6.243778,23,8,15,5,3,0,3,23,8,15,5,3,0,3
2040,80,dublin,ST JAMES HOSPITAL (LUAS),St James Hospital (Luas),False,False,OPEN,2024-12-26 10:57:48,True,False,,,53.341359,-6.292951,40,11,29,2,9,0,9,40,11,29,2,9,0,9
2041,41,dublin,HARCOURT TERRACE,Harcourt Terrace,False,False,OPEN,2024-12-26 10:59:34,True,False,,,53.332763,-6.257942,20,1,19,0,1,0,1,20,1,19,0,1,0,1
2042,3,dublin,BOLTON STREET,Bolton Street,False,False,OPEN,2024-12-26 11:03:06,True,False,,,53.351182,-6.269859,20,16,4,12,4,0,4,20,16,4,12,4,0,4
2043,40,dublin,JERVIS STREET,Jervis Street,False,False,OPEN,2024-12-26 11:04:11,True,False,,,53.3483,-6.266651,21,14,6,9,5,0,5,21,14,6,9,5,0,5
2044,29,dublin,ORMOND QUAY UPPER,Ormond Quay Upper,False,False,OPEN,2024-12-26 11:04:42,True,False,,,53.346057,-6.268001,29,27,2,18,9,0,9,29,27,2,18,9,0,9
2045,103,dublin,GRANGEGORMAN LOWER (SOUTH),Grangegorman Lower (South),False,False,OPEN,2024-12-26 11:01:16,True,False,,,53.354663,-6.278681,40,0,40,0,0,0,0,40,0,40,0,0,0,0
2046,28,dublin,MOUNTJOY SQUARE WEST,Mountjoy Square West,False,False,OPEN,2024-12-26 10:55:00,True,False,,,53.356299,-6.258586,30,20,10,9,11,0,11,30,20,10,9,11,0,11
2047,39,dublin,WILTON TERRACE,Wilton Terrace,False,False,OPEN,2024-12-26 10:55:02,True,False,,,53.332383,-6.252717,20,8,12,3,5,0,5,20,8,12,3,5,0,5
2048,83,dublin,EMMET ROAD,Emmet Road,False,False,OPEN,2024-12-26 11:03:27,True,False,,,53.340714,-6.308191,40,21,19,14,7,0,7,40,21,19,14,7,0,7
2049,92,dublin,HEUSTON BRIDGE (NORTH),Heuston Bridge (North),False,False,OPEN,2024-12-26 11:01:40,True,False,,,53.347802,-6.292432,40,38,2,31,7,0,7,40,38,2,31,7,0,7
2050,21,dublin,LEINSTER STREET SOUTH,Leinster Street South,False,False,OPEN,2024-12-26 10:59:43,True,False,,,53.34218,-6.254485,30,9,21,3,6,0,6,30,9,21,3,6,0,6
2051,88,dublin,BLACKHALL PLACE,Blackhall Place,False,False,OPEN,2024-12-26 11:01:20,True,False,,,53.3488,-6.281637,30,0,30,0,0,0,0,30,0,30,0,0,0,0
2052,42,dublin,SMITHFIELD NORTH,Smithfield North,False,False,OPEN,2024-12-26 11:32:25,True,False,,,53.349562,-6.278198,30,2,28,1,1,0,1,30,2,28,1,1,0,1
2053,30,dublin,PARNELL SQUARE NORTH,Parnell Square North,False,False,OPEN,2024-12-26 11:25:26,True,False,,,53.3537415547453,-6.26530144781526,20,7,13,7,0,0,0,20,7,13,7,0,0,0
2054,54,dublin,CLONMEL STREET,Clonmel Street,False,False,OPEN,2024-12-26 11:24:59,True,False,,,53.336021,-6.26298,33,12,21,3,9,0,9,33,12,21,3,9,0,9
2055,108,dublin,AVONDALE ROAD,Avondale Road,False,False,OPEN,2024-12-26 11:26:07,True,False,,,53.359405,-6.276142,35,0,35,0,0,0,0,35,0,35,0,0,0,0
2056,20,dublin,JAMES STREET EAST,James Street East,False,False,OPEN,2024-12-26 11:33:55,True,False,,,53.336597,-6.248109,30,2,28,2,0,0,0,30,2,28,2,0,0,0
2057,56,dublin,MOUNT STREET LOWER,Mount Street Lower,False,False,OPEN,2024-12-26 11:30:33,True,False,,,53.33796,-6.24153,40,12,28,4,8,0,8,40,12,28,4,8,0,8
2058,6,dublin,CHRISTCHURCH PLACE,Christchurch Place,False,False,OPEN,2024-12-26 11:29:49,True,False,,,53.343368,-6.27012,20,9,11,5,4,0,4,20,9,11,5,4,0,4
2059,18,dublin,GRANTHAM STREET,Grantham Street,False,False,OPEN,2024-12-26 11:32:28,True,False,,,53.334123,-6.265436,30,16,14,9,7,0,7,30,16,14,9,7,0,7
2060,32,dublin,PEARSE STREET,Pearse Street,False,False,OPEN,2024-12-26 11:29:56,True,False,,,53.344304,-6.250427,30,17,13,12,5,0,5,30,17,13,12,5,0,5
2061,52,dublin,YORK STREET EAST,York Street East,False,False,OPEN,2024-12-26 11:32:58,True,False,,,53.338755,-6.262003,32,9,23,4,5,0,5,32,9,23,4,5,0,5
2062,48,dublin,EXCISE WALK,Excise Walk,False,False,OPEN,2024-12-26 11:30:54,True,False,,,53.347777,-6.244239,40,8,32,6,2,0,2,40,8,32,6,2,0,2
2063,13,dublin,FITZWILLIAM SQUARE WEST,Fitzwilliam Square West,False,False,OPEN,2024-12-26 11:32:49,True,False,,,53.336074,-6.252825,30,24,6,10,14,0,14,30,24,6,10,14,0,14
2064,43,dublin,PORTOBELLO ROAD,Portobello Road,False,False,OPEN,2024-12-26 11:33:19,True,False,,,53.330091,-6.268044,30,14,15,11,3,0,3,30,14,15,11,3,0,3
2065,31,dublin,PARNELL STREET,Parnell Street,False,False,OPEN,2024-12-26 11:25:28,True,False,,,53.350929,-6.265125,20,12,8,10,2,0,2,20,12,8,10,2,0,2
2066,98,dublin,FREDERICK STREET SOUTH,Frederick Street South,False,False,OPEN,2024-12-26 11:30:05,True,False,,,53.341515,-6.256853,40,16,24,11,5,0,5,40,16,24,11,5,0,5
2067,14,dublin,FOWNES STREET UPPER,Fownes Street Upper,False,False,OPEN,2024-12-26 11:33:14,True,False,,,53.344603,-6.263371,30,30,0,19,11,0,11,30,30,0,19,11,0,11
2068,1,dublin,CLARENDON ROW,Clarendon Row,False,False,OPEN,2024-12-26 11:30:02,True,False,,,53.340927,-6.262501,31,24,7,18,6,0,6,31,24,7,18,6,0,6
2069,23,dublin,CUSTOM HOUSE,Custom House,False,False,OPEN,2024-12-26 11:26:32,True,False,,,53.348279,-6.254662,30,22,8,18,4,0,4,30,22,8,18,4,0,4
2070,106,dublin,RATHDOWN ROAD,Rathdown Road,False,False,OPEN,2024-12-26 11:34:36,True,False,,,53.35893,-6.280337,40,14,26,1,13,0,13,40,14,26,1,13,0,13
2071,112,dublin,NORTH CIRCULAR ROAD (O'CONNELL'S),North Circular Road (O'Connell's),False,False,OPEN,2024-12-26 11:33:39,True,False,,,53.357841,-6.251557,30,1,29,1,0,0,0,30,1,29,1,0,0,0
2072,68,dublin,HANOVER QUAY,Hanover Quay,False,False,OPEN,2024-12-26 11:25:58,True,False,,,53.344115,-6.237153,40,10,30,4,6,0,6,40,10,30,4,6,0,6
2073,74,dublin,OLIVER BOND STREET,Oliver Bond Street,False,False,OPEN,2024-12-26 11:31:25,True,False,,,53.343893,-6.280531,30,22,8,15,7,0,7,30,22,8,15,7,0,7
2074,87,dublin,COLLINS BARRACKS MUSEUM,Collins Barracks Museum,False,False,OPEN,2024-12-26 11:30:56,True,False,,,53.347477,-6.28525,38,16,22,8,8,0,8,38,16,22,8,8,0,8
2075,84,dublin,BROOKFIELD ROAD,Brookfield Road,False,False,OPEN,2024-12-26 11:33:27,True,False,,,53.339005,-6.300217,30,19,11,11,8,0,8,30,19,11,11,8,0,8
2076,90,dublin,BENSON STREET,Benson Street,False,False,OPEN,2024-12-26 11:33:10,True,False,,,53.344153,-6.233451,40,8,32,7,1,0,1,40,8,32,7,1,0,1
2077,11,dublin,EARLSFORT TERRACE,Earlsfort Terrace,False,False,OPEN,2024-12-26 11:31:00,True,False,,,53.334295,-6.258503,30,17,13,11,6,0,6,30,17,13,11,6,0,6
2078,17,dublin,GOLDEN LANE,Golden Lane,False,False,OPEN,2024-12-26 11:32:16,True,False,,,53.340803,-6.267732,20,20,0,11,9,0,9,20,20,0,11,9,0,9
2079,45,dublin,DEVERELL PLACE,Deverell Place,False,False,OPEN,2024-12-26 11:33:32,True,False,,,53.351464,-6.255265,30,1,29,1,0,0,0,30,1,29,1,0,0,0
2080,114,dublin,WILTON TERRACE (PARK),Wilton Terrace (Park),False,False,OPEN,2024-12-26 11:33:00,True,False,,,53.333653,-6.248345,40,7,33,2,5,0,5,40,7,33,2,5,0,5
2081,72,dublin,JOHN STREET WEST,John Street West,False,False,OPEN,2024-12-26 11:30:48,True,False,,,53.343105,-6.277167,31,1,30,1,0,0,0,31,1,30,1,0,0,0
2082,63,dublin,FENIAN STREET,Fenian Street,False,False,OPEN,2024-12-26 11:31:25,True,False,,,53.341428,-6.24672,35,25,10,14,11,0,11,35,25,10,14,11,0,11
2083,113,dublin,MERRION SQUARE SOUTH,Merrion Square South,False,False,OPEN,2024-12-26 11:31:54,True,False,,,53.338614,-6.248606,40,9,20,6,3,0,3,40,9,20,6,3,0,3
2084,91,dublin,SOUTH DOCK ROAD,South Dock Road,False,False,OPEN,2024-12-26 11:32:41,True,False,,,53.341833,-6.231291,30,16,14,8,8,0,8,30,16,14,8,8,0,8
2085,99,dublin,CITY QUAY,City Quay,False,False,OPEN,2024-12-26 11:32:54,True,False,,,53.346637,-6.246154,30,22,8,9,13,0,13,30,22,8,9,13,0,13
2086,9,dublin,EXCHEQUER STREET,Exchequer Street,False,False,OPEN,2024-12-26 11:25:16,True,False,,,53.343034,-6.263578,24,18,6,15,3,0,3,24,18,6,15,3,0,3
2087,67,dublin,THE POINT,The Point,False,False,OPEN,2024-12-26 11:25:00,True,False,,,53.346867,-6.230852,40,28,12,13,15,0,15,40,28,12,13,15,0,15
2088,116,dublin,BROADSTONE,Broadstone,False,False,OPEN,2024-12-26 11:28:59,True,False,,,53.3547,-6.272314,30,20,10,9,11,0,11,30,20,10,9,11,0,11
2089,55,dublin,HATCH STREET,Hatch Street,False,False,OPEN,2024-12-26 11:33:24,True,False,,,53.33403,-6.260714,36,16,19,9,7,0,7,36,16,19,9,7,0,7
2090,62,dublin,LIME STREET,Lime Street,False,False,OPEN,2024-12-26 11:32:22,True,False,,,53.346026,-6.243576,40,14,26,6,8,0,8,40,14,26,6,8,0,8
2091,5,dublin,CHARLEMONT PLACE,Charlemont Street,False,False,OPEN,2024-12-26 11:34:06,True,False,,,53.330662,-6.260177,40,14,26,9,5,0,5,40,14,26,9,5,0,5
2092,97,dublin,KILMAINHAM GAOL,Kilmainham Gaol,False,False,OPEN,2024-12-26 11:31:01,True,False,,,53.342113,-6.310015,40,11,29,9,2,0,2,40,11,29,9,2,0,2
2093,61,dublin,HARDWICKE PLACE,Hardwicke Place,False,False,OPEN,2024-12-26 11:34:54,True,False,,,53.357043,-6.263232,25,9,16,8,1,0,1,25,9,16,8,1,0,1
2094,77,dublin,WOLFE TONE STREET,Wolfe Tone Street,False,False,OPEN,2024-12-26 11:32:05,True,False,,,53.348875,-6.267459,29,23,6,7,16,0,16,29,23,6,7,16,0,16
2095,73,dublin,FRANCIS STREET,Francis Street,False,False,OPEN,2024-12-26 11:34:47,True,False,,,53.342081,-6.275233,30,8,21,6,2,0,2,30,8,21,6,2,0,2
2096,4,dublin,GREEK STREET,Greek Street,False,False,OPEN,2024-12-26 11:32:03,True,False,,,53.346874,-6.272976,20,16,3,6,10,0,10,20,16,3,6,10,0,10
2097,49,dublin,GUILD STREET,Guild Street,False,False,OPEN,2024-12-26 11:32:33,True,False,,,53.347932,-6.240928,40,36,4,30,6,0,6,40,36,4,30,6,0,6
2098,19,dublin,HERBERT PLACE,Herbert Place,False,False,OPEN,2024-12-26 11:34:11,True,False,,,53.334432,-6.245575,30,0,30,0,0,0,0,30,0,30,0,0,0,0
2099,7,dublin,HIGH STREET,High Street,False,False,OPEN,2024-12-26 11:31:56,True,False,,,53.343565,-6.275071,29,1,28,1,0,0,0,29,1,28,1,0,0,0
2100,60,dublin,NORTH CIRCULAR ROAD,North Circular Road,False,False,OPEN,2024-12-26 11:34:51,True,False,,,53.359624,-6.260348,30,6,24,3,3,0,3,30,6,24,3,3,0,3
2101,102,dublin,WESTERN WAY,Western Way,False,False,OPEN,2024-12-26 11:29:57,True,False,,,53.354929,-6.269425,40,6,34,3,3,0,3,40,6,34,3,3,0,3
2102,38,dublin,TALBOT STREET,Talbot Street,False,False,OPEN,2024-12-26 11:28:43,True,False,,,53.350974,-6.25294,40,14,25,11,3,0,3,40,14,25,11,3,0,3
2103,53,dublin,NEWMAN HOUSE,Newman House,False,False,OPEN,2024-12-26 11:26:07,True,False,,,53.337132,-6.26059,40,11,29,10,1,0,1,40,11,29,10,1,0,1
2104,58,dublin,SIR PATRICK DUN'S,Sir Patrick's Dun,False,False,OPEN,2024-12-26 11:34:34,True,False,,,53.339218,-6.240642,40,35,5,27,8,0,8,40,35,5,27,8,0,8
2105,66,dublin,NEW CENTRAL BANK,New Central Bank,False,False,OPEN,2024-12-26 11:27:25,True,False,,,53.347122,-6.234749,40,1,39,1,0,0,0,40,1,39,1,0,0,0
2106,104,dublin,GRANGEGORMAN LOWER (CENTRAL),Grangegorman Lower (Central),False,False,OPEN,2024-12-26 11:27:23,True,False,,,53.355173,-6.278424,40,4,36,2,2,0,2,40,4,36,2,2,0,2
2107,101,dublin,KING STREET NORTH,King Street North,False,False,OPEN,2024-12-26 11:33:00,True,False,,,53.350291,-6.273507,30,7,23,5,2,0,2,30,7,23,5,2,0,2
2108,115,dublin,KILLARNEY STREET,Killarney Street,False,False,OPEN,2024-12-26 11:33:41,True,False,,,53.354845,-6.247579,30,23,7,13,10,0,10,30,23,7,13,10,0,10
2109,47,dublin,HERBERT STREET,Herbert Street,False,False,OPEN,2024-12-26 11:34:43,True,False,,,53.335742,-6.24551,40,0,40,0,0,0,0,40,0,40,0,0,0,0
2110,117,dublin,HANOVER QUAY EAST,Hanover Quay East,False,False,OPEN,2024-12-26 11:31:42,True,False,,,53.343653,-6.231755,40,0,40,0,0,0,0,40,0,40,0,0,0,0
2111,8,dublin,CUSTOM HOUSE QUAY,Custom House Quay,False,False,OPEN,2024-12-26 11:30:59,True,False,,,53.347884,-6.248048,30,19,11,12,7,0,7,30,19,11,12,7,0,7
2112,27,dublin,MOLESWORTH STREET,Molesworth Street,False,False,OPEN,2024-12-26 11:31:39,True,False,,,53.341288,-6.258117,20,2,18,2,0,0,0,20,2,18,2,0,0,0
2113,16,dublin,GEORGES QUAY,Georges Quay,False,False,OPEN,2024-12-26 11:32:07,True,False,,,53.347508,-6.252192,20,11,9,8,3,0,3,20,11,9,8,3,0,3
2114,96,dublin,KILMAINHAM LANE,Kilmainham Lane,False,False,OPEN,2024-12-26 11:30:21,True,False,,,53.341805,-6.305085,30,9,21,8,1,0,1,30,9,21,8,1,0,1
2115,82,dublin,MOUNT BROWN,Mount Brown,False,False,OPEN,2024-12-26 11:30:52,True,False,,,53.341645,-6.29719,22,8,14,3,5,0,5,22,8,14,3,5,0,5
2116,76,dublin,MARKET STREET SOUTH,Market Street South,False,False,OPEN,2024-12-26 11:30:12,True,False,,,53.342296,-6.287661,38,3,35,3,0,0,0,38,3,35,3,0,0,0
2117,71,dublin,KEVIN STREET,Kevin Street,False,False,OPEN,2024-12-26 11:29:23,True,False,,,53.337757,-6.267699,40,19,21,10,9,0,9,40,19,21,10,9,0,9
2118,79,dublin,ECCLES STREET EAST,Eccles Street East,False,False,OPEN,2024-12-26 11:26:56,True,False,,,53.358115,-6.265601,27,0,27,0,0,0,0,27,0,27,0,0,0,0
2119,69,dublin,GRAND CANAL DOCK,Grand Canal Dock,False,False,OPEN,2024-12-26 11:26:27,True,False,,,53.342638,-6.238695,40,30,10,18,12,0,12,40,30,10,18,12,0,12
2120,25,dublin,MERRION SQUARE EAST,Merrion Square East,False,False,OPEN,2024-12-26 11:34:57,True,False,,,53.339434,-6.246548,30,3,27,2,1,0,1,30,3,27,2,1,0,1
2121,51,dublin,YORK STREET WEST,York Street West,False,False,OPEN,2024-12-26 11:31:32,True,False,,,53.339334,-6.264699,40,0,0,0,0,0,0,40,0,0,0,0,0,0
2122,37,dublin,ST. STEPHEN'S GREEN SOUTH,St. Stephen's Green South,False,False,OPEN,2024-12-26 11:25:15,True,False,,,53.337494,-6.26199,30,14,16,8,6,0,6,30,14,16,8,6,0,6
2123,59,dublin,DENMARK STREET GREAT,Denmark Street Great,False,False,OPEN,2024-12-26 11:25:28,True,False,,,53.35561,-6.261397,20,0,20,0,0,0,0,20,0,20,0,0,0,0
2124,95,dublin,ROYAL HOSPITAL,Royal Hospital,False,False,OPEN,2024-12-26 11:31:57,True,False,,,53.343897,-6.29706,40,30,10,19,11,0,11,40,30,10,19,11,0,11
2125,94,dublin,HEUSTON STATION (CAR PARK),Heuston Station (Car Park),False,False,OPEN,2024-12-26 11:26:12,True,False,,,53.346985,-6.297804,40,13,27,10,3,0,3,40,13,27,10,3,0,3
2126,105,dublin,GRANGEGORMAN LOWER (NORTH),Grangegorman Lower (North),False,False,OPEN,2024-12-26 11:33:44,True,False,,,53.355954,-6.278378,36,0,36,0,0,0,0,36,0,36,0,0,0,0
2127,36,dublin,ST. STEPHEN'S GREEN EAST,St. Stephen's Green East,False,False,OPEN,2024-12-26 11:34:51,True,False,,,53.337824,-6.256035,40,11,29,7,4,0,4,40,11,29,7,4,0,4
2128,93,dublin,HEUSTON STATION (CENTRAL),Heuston Station (Central),False,False,OPEN,2024-12-26 11:32:34,True,False,,,53.346603,-6.296924,40,14,26,13,1,0,1,40,14,26,13,1,0,1
2129,22,dublin,TOWNSEND STREET,Townsend Street,False,False,OPEN,2024-12-26 11:32:26,True,False,,,53.345922,-6.254614,20,19,1,12,7,0,7,20,19,1,12,7,0,7
2130,50,dublin,GEORGES LANE,George's Lane,False,False,OPEN,2024-12-26 11:27:19,True,False,,,53.35023,-6.279696,40,1,39,1,0,0,0,40,1,39,1,0,0,0
2131,110,dublin,PHIBSBOROUGH ROAD,Phibsborough Road,False,False,OPEN,2024-12-26 11:26:26,True,False,,,53.356307,-6.273717,40,9,31,3,6,0,6,40,9,31,3,6,0,6
2132,12,dublin,ECCLES STREET,Eccles Street,False,False,OPEN,2024-12-26 11:32:09,True,False,,,53.359246,-6.269779,20,2,18,1,1,0,1,20,2,18,1,1,0,1
2133,34,dublin,PORTOBELLO HARBOUR,Portobello Harbour,False,False,OPEN,2024-12-26 11:32:26,True,False,,,53.330362,-6.265163,30,3,27,3,0,0,0,30,3,27,3,0,0,0
2134,78,dublin,MATER HOSPITAL,Mater Hospital,False,False,OPEN,2024-12-26 11:32:14,True,False,,,53.359967,-6.264828,40,2,38,2,0,0,0,40,2,38,2,0,0,0
2135,2,dublin,BLESSINGTON STREET,Blessington Street,False,False,OPEN,2024-12-26 11:32:42,True,False,,,53.356769,-6.26814,20,4,16,2,2,0,2,20,4,16,2,2,0,2
2136,75,dublin,JAMES STREET,James Street,False,False,OPEN,2024-12-26 11:34:03,True,False,,,53.343456,-6.287409,40,20,20,15,5,0,5,40,20,20,15,5,0,5
2137,111,dublin,MOUNTJOY SQUARE EAST,Mountjoy Square East,False,False,OPEN,2024-12-26 11:25:44,True,False,,,53.356717,-6.256359,40,0,40,0,0,0,0,40,0,40,0,0,0,0
2138,26,dublin,MERRION SQUARE WEST,Merrion Square West,False,False,OPEN,2024-12-26 11:31:11,True,False,,,53.339764,-6.251988,20,5,15,4,1,0,1,20,5,15,4,1,0,1
2139,65,dublin,CONVENTION CENTRE,Convention Centre,False,False,OPEN,2024-12-26 11:34:02,True,False,,,53.34744,-6.238523,40,5,35,4,1,0,1,40,5,35,4,1,0,1
2140,15,dublin,HARDWICKE STREET,Hardwicke Street,False,False,OPEN,2024-12-26 11:33:57,True,False,,,53.355473,-6.264423,16,0,16,0,0,0,0,16,0,16,0,0,0,0
2141,86,dublin,PARKGATE STREET,Parkgate Street,False,False,OPEN,2024-12-26 11:30:41,True,False,,,53.347972,-6.291804,38,31,7,7,24,0,24,38,31,7,7,24,0,24
2142,35,dublin,SMITHFIELD,Smithfield,False,False,OPEN,2024-12-26 11:34:00,True,False,,,53.347692,-6.278214,30,11,19,4,7,0,7,30,11,19,4,7,0,7
2143,10,dublin,DAME STREET,Dame Street,False,False,OPEN,2024-12-26 11:34:13,True,False,,,53.344007,-6.266802,16,15,1,9,6,0,6,16,15,1,9,6,0,6
2144,100,dublin,HEUSTON BRIDGE (SOUTH),Heuston Bridge (South),False,False,OPEN,2024-12-26 11:33:04,True,False,,,53.347106,-6.292041,25,25,0,16,9,0,9,25,25,0,16,9,0,9
2145,24,dublin,CATHAL BRUGHA STREET,Cathal Brugha Street,False,False,OPEN,2024-12-26 11:34:40,True,False,,,53.352149,-6.260533,20,12,8,7,5,0,5,20,12,8,7,5,0,5
2146,64,dublin,SANDWITH STREET,Sandwith Street,False,False,OPEN,2024-12-26 11:33:36,True,False,,,53.345203,-6.247163,40,8,32,8,0,0,0,40,8,32,8,0,0,0
2147,109,dublin,BUCKINGHAM STREET LOWER,Buckingham Street Lower,False,False,OPEN,2024-12-26 11:25:22,True,False,,,53.353331,-6.249319,29,24,5,10,14,0,14,29,24,5,10,14,0,14
2148,85,dublin,ROTHE ABBEY,Rothe Abbey,False,False,OPEN,2024-12-26 11:26:44,True,False,,,53.338776,-6.30395,35,27,8,10,17,0,17,35,27,8,10,17,0,17
2149,107,dublin,CHARLEVILLE ROAD,Charleville Road,False,False,OPEN,2024-12-26 11:34:22,True,False,,,53.359157,-6.281866,40,5,35,3,2,0,2,40,5,35,3,2,0,2
2150,33,dublin,PRINCES STREET / O'CONNELL STREET,Princes Street / O'Connell Street,False,False,OPEN,2024-12-26 11:31:47,True,False,,,53.349013,-6.260311,23,20,3,8,12,0,12,23,20,3,8,12,0,12
2151,44,dublin,UPPER SHERRARD STREET,Upper Sherrard Street,False,False,OPEN,2024-12-26 11:27:49,True,False,,,53.358437,-6.260641,30,6,24,1,5,0,5,30,6,24,1,5,0,5
2152,89,dublin,FITZWILLIAM SQUARE EAST,Fitzwilliam Square East,False,False,OPEN,2024-12-26 11:33:44,True,False,,,53.335211,-6.2509,40,21,19,10,11,0,11,40,21,19,10,11,0,11
2153,57,dublin,GRATTAN STREET,Grattan Street,False,False,OPEN,2024-12-26 11:31:47,True,False,,,53.339629,-6.243778,23,8,15,5,3,0,3,23,8,15,5,3,0,3
2154,80,dublin,ST JAMES HOSPITAL (LUAS),St James Hospital (Luas),False,False,OPEN,2024-12-26 11:32:35,True,False,,,53.341359,-6.292951,40,11,29,2,9,0,9,40,11,29,2,9,0,9
2155,41,dublin,HARCOURT TERRACE,Harcourt Terrace,False,False,OPEN,2024-12-26 11:29:50,True,False,,,53.332763,-6.257942,20,1,19,0,1,0,1,20,1,19,0,1,0,1
2156,3,dublin,BOLTON STREET,Bolton Street,False,False,OPEN,2024-12-26 11:33:19,True,False,,,53.351182,-6.269859,20,16,4,12,4,0,4,20,16,4,12,4,0,4
2157,40,dublin,JERVIS STREET,Jervis Street,False,False,OPEN,2024-12-26 11:34:34,True,False,,,53.3483,-6.266651,21,14,7,10,4,0,4,21,14,7,10,4,0,4
2158,29,dublin,ORMOND QUAY UPPER,Ormond Quay Upper,False,False,OPEN,2024-12-26 11:34:59,True,False,,,53.346057,-6.268001,29,28,1,19,9,0,9,29,28,1,19,9,0,9
2159,103,dublin,GRANGEGORMAN LOWER (SOUTH),Grangegorman Lower (South),False,False,OPEN,2024-12-26 11:31:27,True,False,,,53.354663,-6.278681,40,0,40,0,0,0,0,40,0,40,0,0,0,0
2160,28,dublin,MOUNTJOY SQUARE WEST,Mountjoy Square West,False,False,OPEN,2024-12-26 11:32:36,True,False,,,53.356299,-6.258586,30,18,12,9,9,0,9,30,18,12,9,9,0,9
2161,39,dublin,WILTON TERRACE,Wilton Terrace,False,False,OPEN,2024-12-26 11:32:09,True,False,,,53.332383,-6.252717,20,9,11,4,5,0,5,20,9,11,4,5,0,5
2162,83,dublin,EMMET ROAD,Emmet Road,False,False,OPEN,2024-12-26 11:33:43,True,False,,,53.340714,-6.308191,40,20,20,14,6,0,6,40,20,20,14,6,0,6
2163,92,dublin,HEUSTON BRIDGE (NORTH),Heuston Bridge (North),False,False,OPEN,2024-12-26 11:31:57,True,False,,,53.347802,-6.292432,40,38,2,31,7,0,7,40,38,2,31,7,0,7
2164,21,dublin,LEINSTER STREET SOUTH,Leinster Street South,False,False,OPEN,2024-12-26 11:30:00,True,False,,,53.34218,-6.254485,30,11,19,4,7,0,7,30,11,19,4,7,0,7
2165,88,dublin,BLACKHALL PLACE,Blackhall Place,False,False,OPEN,2024-12-26 11:31:30,True,False,,,53.3488,-6.281637,30,1,29,1,0,0,0,30,1,29,1,0,0,0
2166,42,dublin,SMITHFIELD NORTH,Smithfield North,False,False,OPEN,2024-12-26 12:02:37,True,False,,,53.349562,-6.278198,30,2,28,1,1,0,1,30,2,28,1,1,0,1
2167,30,dublin,PARNELL SQUARE NORTH,Parnell Square North,False,False,OPEN,2024-12-26 11:55:38,True,False,,,53.3537415547453,-6.26530144781526,20,7,13,7,0,0,0,20,7,13,7,0,0,0
2168,54,dublin,CLONMEL STREET,Clonmel Street,False,False,OPEN,2024-12-26 11:55:14,True,False,,,53.336021,-6.26298,33,12,21,3,9,0,9,33,12,21,3,9,0,9
2169,108,dublin,AVONDALE ROAD,Avondale Road,False,False,OPEN,2024-12-26 11:56:19,True,False,,,53.359405,-6.276142,35,0,35,0,0,0,0,35,0,35,0,0,0,0
2170,20,dublin,JAMES STREET EAST,James Street East,False,False,OPEN,2024-12-26 12:04:07,True,False,,,53.336597,-6.248109,30,2,28,2,0,0,0,30,2,28,2,0,0,0
2171,56,dublin,MOUNT STREET LOWER,Mount Street Lower,False,False,OPEN,2024-12-26 12:00:47,True,False,,,53.33796,-6.24153,40,12,28,4,8,0,8,40,12,28,4,8,0,8
2172,6,dublin,CHRISTCHURCH PLACE,Christchurch Place,False,False,OPEN,2024-12-26 12:00:01,True,False,,,53.343368,-6.27012,20,9,11,5,4,0,4,20,9,11,5,4,0,4
2173,18,dublin,GRANTHAM STREET,Grantham Street,False,False,OPEN,2024-12-26 12:02:46,True,False,,,53.334123,-6.265436,30,15,15,8,7,0,7,30,15,15,8,7,0,7
2174,32,dublin,PEARSE STREET,Pearse Street,False,False,OPEN,2024-12-26 12:03:46,True,False,,,53.344304,-6.250427,30,18,12,13,5,0,5,30,18,12,13,5,0,5
2175,52,dublin,YORK STREET EAST,York Street East,False,False,OPEN,2024-12-26 12:03:51,True,False,,,53.338755,-6.262003,32,10,22,5,5,0,5,32,10,22,5,5,0,5
2176,48,dublin,EXCISE WALK,Excise Walk,False,False,OPEN,2024-12-26 12:01:08,True,False,,,53.347777,-6.244239,40,7,33,5,2,0,2,40,7,33,5,2,0,2
2177,13,dublin,FITZWILLIAM SQUARE WEST,Fitzwilliam Square West,False,False,OPEN,2024-12-26 12:03:04,True,False,,,53.336074,-6.252825,30,24,6,10,14,0,14,30,24,6,10,14,0,14
2178,43,dublin,PORTOBELLO ROAD,Portobello Road,False,False,OPEN,2024-12-26 12:03:35,True,False,,,53.330091,-6.268044,30,12,18,9,3,0,3,30,12,18,9,3,0,3
2179,31,dublin,PARNELL STREET,Parnell Street,False,False,OPEN,2024-12-26 12:00:23,True,False,,,53.350929,-6.265125,20,14,6,11,3,0,3,20,14,6,11,3,0,3
2180,98,dublin,FREDERICK STREET SOUTH,Frederick Street South,False,False,OPEN,2024-12-26 12:00:15,True,False,,,53.341515,-6.256853,40,16,24,11,5,0,5,40,16,24,11,5,0,5
2181,14,dublin,FOWNES STREET UPPER,Fownes Street Upper,False,False,OPEN,2024-12-26 12:03:10,True,False,,,53.344603,-6.263371,30,30,0,19,11,0,11,30,30,0,19,11,0,11
2182,1,dublin,CLARENDON ROW,Clarendon Row,False,False,OPEN,2024-12-26 12:00:14,True,False,,,53.340927,-6.262501,31,24,7,17,7,0,7,31,24,7,17,7,0,7
2183,23,dublin,CUSTOM HOUSE,Custom House,False,False,OPEN,2024-12-26 11:56:43,True,False,,,53.348279,-6.254662,30,22,8,18,4,0,4,30,22,8,18,4,0,4
2184,106,dublin,RATHDOWN ROAD,Rathdown Road,False,False,OPEN,2024-12-26 12:04:51,True,False,,,53.35893,-6.280337,40,13,27,0,13,0,13,40,13,27,0,13,0,13
2185,112,dublin,NORTH CIRCULAR ROAD (O'CONNELL'S),North Circular Road (O'Connell's),False,False,OPEN,2024-12-26 12:00:29,True,False,,,53.357841,-6.251557,30,0,30,0,0,0,0,30,0,30,0,0,0,0
2186,68,dublin,HANOVER QUAY,Hanover Quay,False,False,OPEN,2024-12-26 11:56:12,True,False,,,53.344115,-6.237153,40,10,30,5,5,0,5,40,10,30,5,5,0,5
2187,74,dublin,OLIVER BOND STREET,Oliver Bond Street,False,False,OPEN,2024-12-26 12:01:41,True,False,,,53.343893,-6.280531,30,22,8,15,7,0,7,30,22,8,15,7,0,7
2188,87,dublin,COLLINS BARRACKS MUSEUM,Collins Barracks Museum,False,False,OPEN,2024-12-26 12:01:08,True,False,,,53.347477,-6.28525,38,16,22,8,8,0,8,38,16,22,8,8,0,8
2189,84,dublin,BROOKFIELD ROAD,Brookfield Road,False,False,OPEN,2024-12-26 12:03:43,True,False,,,53.339005,-6.300217,30,19,11,11,8,0,8,30,19,11,11,8,0,8
2190,90,dublin,BENSON STREET,Benson Street,False,False,OPEN,2024-12-26 12:03:23,True,False,,,53.344153,-6.233451,40,7,33,6,1,0,1,40,7,33,6,1,0,1
2191,11,dublin,EARLSFORT TERRACE,Earlsfort Terrace,False,False,OPEN,2024-12-26 12:01:11,True,False,,,53.334295,-6.258503,30,17,13,11,6,0,6,30,17,13,11,6,0,6
2192,17,dublin,GOLDEN LANE,Golden Lane,False,False,OPEN,2024-12-26 12:02:34,True,False,,,53.340803,-6.267732,20,20,0,11,9,0,9,20,20,0,11,9,0,9
2193,45,dublin,DEVERELL PLACE,Deverell Place,False,False,OPEN,2024-12-26 12:03:43,True,False,,,53.351464,-6.255265,30,1,29,1,0,0,0,30,1,29,1,0,0,0
2194,114,dublin,WILTON TERRACE (PARK),Wilton Terrace (Park),False,False,OPEN,2024-12-26 12:03:12,True,False,,,53.333653,-6.248345,40,7,33,2,5,0,5,40,7,33,2,5,0,5
2195,72,dublin,JOHN STREET WEST,John Street West,False,False,OPEN,2024-12-26 12:01:00,True,False,,,53.343105,-6.277167,31,1,30,1,0,0,0,31,1,30,1,0,0,0
2196,63,dublin,FENIAN STREET,Fenian Street,False,False,OPEN,2024-12-26 12:01:37,True,False,,,53.341428,-6.24672,35,25,10,14,11,0,11,35,25,10,14,11,0,11
2197,113,dublin,MERRION SQUARE SOUTH,Merrion Square South,False,False,OPEN,2024-12-26 12:02:10,True,False,,,53.338614,-6.248606,40,9,20,6,3,0,3,40,9,20,6,3,0,3
2198,91,dublin,SOUTH DOCK ROAD,South Dock Road,False,False,OPEN,2024-12-26 12:02:58,True,False,,,53.341833,-6.231291,30,17,13,9,8,0,8,30,17,13,9,8,0,8
2199,99,dublin,CITY QUAY,City Quay,False,False,OPEN,2024-12-26 12:03:10,True,False,,,53.346637,-6.246154,30,22,8,9,13,0,13,30,22,8,9,13,0,13
2200,9,dublin,EXCHEQUER STREET,Exchequer Street,False,False,OPEN,2024-12-26 11:59:40,True,False,,,53.343034,-6.263578,24,21,3,16,5,0,5,24,21,3,16,5,0,5
2201,67,dublin,THE POINT,The Point,False,False,OPEN,2024-12-26 11:55:14,True,False,,,53.346867,-6.230852,40,28,12,13,15,0,15,40,28,12,13,15,0,15
2202,116,dublin,BROADSTONE,Broadstone,False,False,OPEN,2024-12-26 12:00:12,True,False,,,53.3547,-6.272314,30,20,10,9,11,0,11,30,20,10,9,11,0,11
2203,55,dublin,HATCH STREET,Hatch Street,False,False,OPEN,2024-12-26 12:03:36,True,False,,,53.33403,-6.260714,36,16,19,9,7,0,7,36,16,19,9,7,0,7
2204,62,dublin,LIME STREET,Lime Street,False,False,OPEN,2024-12-26 12:02:34,True,False,,,53.346026,-6.243576,40,14,26,6,8,0,8,40,14,26,6,8,0,8
2205,5,dublin,CHARLEMONT PLACE,Charlemont Street,False,False,OPEN,2024-12-26 12:04:22,True,False,,,53.330662,-6.260177,40,14,26,9,5,0,5,40,14,26,9,5,0,5
2206,97,dublin,KILMAINHAM GAOL,Kilmainham Gaol,False,False,OPEN,2024-12-26 12:01:18,True,False,,,53.342113,-6.310015,40,11,29,9,2,0,2,40,11,29,9,2,0,2
2207,61,dublin,HARDWICKE PLACE,Hardwicke Place,False,False,OPEN,2024-12-26 11:55:05,True,False,,,53.357043,-6.263232,25,10,15,9,1,0,1,25,10,15,9,1,0,1
2208,77,dublin,WOLFE TONE STREET,Wolfe Tone Street,False,False,OPEN,2024-12-26 12:02:20,True,False,,,53.348875,-6.267459,29,23,6,7,16,0,16,29,23,6,7,16,0,16
2209,73,dublin,FRANCIS STREET,Francis Street,False,False,OPEN,2024-12-26 12:05:01,True,False,,,53.342081,-6.275233,30,7,22,5,2,0,2,30,7,22,5,2,0,2
2210,4,dublin,GREEK STREET,Greek Street,False,False,OPEN,2024-12-26 12:02:20,True,False,,,53.346874,-6.272976,20,15,4,6,9,0,9,20,15,4,6,9,0,9
2211,49,dublin,GUILD STREET,Guild Street,False,False,OPEN,2024-12-26 12:03:30,True,False,,,53.347932,-6.240928,40,37,3,32,5,0,5,40,37,3,32,5,0,5
2212,19,dublin,HERBERT PLACE,Herbert Place,False,False,OPEN,2024-12-26 12:04:22,True,False,,,53.334432,-6.245575,30,0,30,0,0,0,0,30,0,30,0,0,0,0
2213,7,dublin,HIGH STREET,High Street,False,False,OPEN,2024-12-26 12:02:11,True,False,,,53.343565,-6.275071,29,1,28,1,0,0,0,29,1,28,1,0,0,0
2214,60,dublin,NORTH CIRCULAR ROAD,North Circular Road,False,False,OPEN,2024-12-26 12:04:10,True,False,,,53.359624,-6.260348,30,4,26,1,3,0,3,30,4,26,1,3,0,3
2215,102,dublin,WESTERN WAY,Western Way,False,False,OPEN,2024-12-26 12:00:08,True,False,,,53.354929,-6.269425,40,6,34,3,3,0,3,40,6,34,3,3,0,3
2216,38,dublin,TALBOT STREET,Talbot Street,False,False,OPEN,2024-12-26 12:04:57,True,False,,,53.350974,-6.25294,40,15,24,12,3,0,3,40,15,24,12,3,0,3
2217,53,dublin,NEWMAN HOUSE,Newman House,False,False,OPEN,2024-12-26 11:56:19,True,False,,,53.337132,-6.26059,40,11,29,10,1,0,1,40,11,29,10,1,0,1
2218,58,dublin,SIR PATRICK DUN'S,Sir Patrick's Dun,False,False,OPEN,2024-12-26 12:04:22,True,False,,,53.339218,-6.240642,40,36,4,28,8,0,8,40,36,4,28,8,0,8
2219,66,dublin,NEW CENTRAL BANK,New Central Bank,False,False,OPEN,2024-12-26 11:57:36,True,False,,,53.347122,-6.234749,40,2,38,2,0,0,0,40,2,38,2,0,0,0
2220,104,dublin,GRANGEGORMAN LOWER (CENTRAL),Grangegorman Lower (Central),False,False,OPEN,2024-12-26 11:57:40,True,False,,,53.355173,-6.278424,40,4,36,2,2,0,2,40,4,36,2,2,0,2
2221,101,dublin,KING STREET NORTH,King Street North,False,False,OPEN,2024-12-26 12:03:17,True,False,,,53.350291,-6.273507,30,7,23,5,2,0,2,30,7,23,5,2,0,2
2222,115,dublin,KILLARNEY STREET,Killarney Street,False,False,OPEN,2024-12-26 12:03:55,True,False,,,53.354845,-6.247579,30,23,7,13,10,0,10,30,23,7,13,10,0,10
2223,47,dublin,HERBERT STREET,Herbert Street,False,False,OPEN,2024-12-26 12:04:54,True,False,,,53.335742,-6.24551,40,0,40,0,0,0,0,40,0,40,0,0,0,0
2224,117,dublin,HANOVER QUAY EAST,Hanover Quay East,False,False,OPEN,2024-12-26 12:01:54,True,False,,,53.343653,-6.231755,40,0,40,0,0,0,0,40,0,40,0,0,0,0
2225,8,dublin,CUSTOM HOUSE QUAY,Custom House Quay,False,False,OPEN,2024-12-26 12:02:27,True,False,,,53.347884,-6.248048,30,19,11,12,7,0,7,30,19,11,12,7,0,7
2226,27,dublin,MOLESWORTH STREET,Molesworth Street,False,False,OPEN,2024-12-26 12:01:50,True,False,,,53.341288,-6.258117,20,2,18,2,0,0,0,20,2,18,2,0,0,0
2227,16,dublin,GEORGES QUAY,Georges Quay,False,False,OPEN,2024-12-26 12:02:26,True,False,,,53.347508,-6.252192,20,13,7,9,4,0,4,20,13,7,9,4,0,4
2228,96,dublin,KILMAINHAM LANE,Kilmainham Lane,False,False,OPEN,2024-12-26 12:00:33,True,False,,,53.341805,-6.305085,30,9,21,8,1,0,1,30,9,21,8,1,0,1
2229,82,dublin,MOUNT BROWN,Mount Brown,False,False,OPEN,2024-12-26 12:01:04,True,False,,,53.341645,-6.29719,22,8,14,3,5,0,5,22,8,14,3,5,0,5
2230,76,dublin,MARKET STREET SOUTH,Market Street South,False,False,OPEN,2024-12-26 12:00:24,True,False,,,53.342296,-6.287661,38,3,35,3,0,0,0,38,3,35,3,0,0,0
2231,71,dublin,KEVIN STREET,Kevin Street,False,False,OPEN,2024-12-26 11:59:37,True,False,,,53.337757,-6.267699,40,18,22,9,9,0,9,40,18,22,9,9,0,9
2232,79,dublin,ECCLES STREET EAST,Eccles Street East,False,False,OPEN,2024-12-26 11:57:06,True,False,,,53.358115,-6.265601,27,0,27,0,0,0,0,27,0,27,0,0,0,0
2233,69,dublin,GRAND CANAL DOCK,Grand Canal Dock,False,False,OPEN,2024-12-26 12:02:46,True,False,,,53.342638,-6.238695,40,29,11,17,12,0,12,40,29,11,17,12,0,12
2234,25,dublin,MERRION SQUARE EAST,Merrion Square East,False,False,OPEN,2024-12-26 11:55:03,True,False,,,53.339434,-6.246548,30,3,27,2,1,0,1,30,3,27,2,1,0,1
2235,51,dublin,YORK STREET WEST,York Street West,False,False,OPEN,2024-12-26 12:01:42,True,False,,,53.339334,-6.264699,40,0,0,0,0,0,0,40,0,0,0,0,0,0
2236,37,dublin,ST. STEPHEN'S GREEN SOUTH,St. Stephen's Green South,False,False,OPEN,2024-12-26 11:55:32,True,False,,,53.337494,-6.26199,30,15,15,8,7,0,7,30,15,15,8,7,0,7
2237,59,dublin,DENMARK STREET GREAT,Denmark Street Great,False,False,OPEN,2024-12-26 11:55:44,True,False,,,53.35561,-6.261397,20,0,20,0,0,0,0,20,0,20,0,0,0,0
2238,95,dublin,ROYAL HOSPITAL,Royal Hospital,False,False,OPEN,2024-12-26 12:02:09,True,False,,,53.343897,-6.29706,40,30,10,19,11,0,11,40,30,10,19,11,0,11
2239,94,dublin,HEUSTON STATION (CAR PARK),Heuston Station (Car Park),False,False,OPEN,2024-12-26 11:56:28,True,False,,,53.346985,-6.297804,40,13,27,10,3,0,3,40,13,27,10,3,0,3
2240,105,dublin,GRANGEGORMAN LOWER (NORTH),Grangegorman Lower (North),False,False,OPEN,2024-12-26 12:04:00,True,False,,,53.355954,-6.278378,36,0,36,0,0,0,0,36,0,36,0,0,0,0
2241,36,dublin,ST. STEPHEN'S GREEN EAST,St. Stephen's Green East,False,False,OPEN,2024-12-26 11:55:02,True,False,,,53.337824,-6.256035,40,11,29,7,4,0,4,40,11,29,7,4,0,4
2242,93,dublin,HEUSTON STATION (CENTRAL),Heuston Station (Central),False,False,OPEN,2024-12-26 12:02:46,True,False,,,53.346603,-6.296924,40,14,26,13,1,0,1,40,14,26,13,1,0,1
2243,22,dublin,TOWNSEND STREET,Townsend Street,False,False,OPEN,2024-12-26 12:02:08,True,False,,,53.345922,-6.254614,20,19,1,12,7,0,7,20,19,1,12,7,0,7
2244,50,dublin,GEORGES LANE,George's Lane,False,False,OPEN,2024-12-26 11:57:30,True,False,,,53.35023,-6.279696,40,0,40,0,0,0,0,40,0,40,0,0,0,0
2245,110,dublin,PHIBSBOROUGH ROAD,Phibsborough Road,False,False,OPEN,2024-12-26 11:57:19,True,False,,,53.356307,-6.273717,40,8,32,2,6,0,6,40,8,32,2,6,0,6
2246,12,dublin,ECCLES STREET,Eccles Street,False,False,OPEN,2024-12-26 12:02:28,True,False,,,53.359246,-6.269779,20,1,19,0,1,0,1,20,1,19,0,1,0,1
2247,34,dublin,PORTOBELLO HARBOUR,Portobello Harbour,False,False,OPEN,2024-12-26 12:02:42,True,False,,,53.330362,-6.265163,30,2,28,2,0,0,0,30,2,28,2,0,0,0
2248,78,dublin,MATER HOSPITAL,Mater Hospital,False,False,OPEN,2024-12-26 12:02:27,True,False,,,53.359967,-6.264828,40,2,38,2,0,0,0,40,2,38,2,0,0,0
2249,2,dublin,BLESSINGTON STREET,Blessington Street,False,False,OPEN,2024-12-26 12:02:55,True,False,,,53.356769,-6.26814,20,4,16,2,2,0,2,20,4,16,2,2,0,2
2250,75,dublin,JAMES STREET,James Street,False,False,OPEN,2024-12-26 12:04:21,True,False,,,53.343456,-6.287409,40,19,21,15,4,0,4,40,19,21,15,4,0,4
2251,111,dublin,MOUNTJOY SQUARE EAST,Mountjoy Square East,False,False,OPEN,2024-12-26 11:55:56,True,False,,,53.356717,-6.256359,40,0,40,0,0,0,0,40,0,40,0,0,0,0
2252,26,dublin,MERRION SQUARE WEST,Merrion Square West,False,False,OPEN,2024-12-26 12:01:23,True,False,,,53.339764,-6.251988,20,5,15,4,1,0,1,20,5,15,4,1,0,1
2253,65,dublin,CONVENTION CENTRE,Convention Centre,False,False,OPEN,2024-12-26 12:04:18,True,False,,,53.34744,-6.238523,40,5,35,4,1,0,1,40,5,35,4,1,0,1
2254,15,dublin,HARDWICKE STREET,Hardwicke Street,False,False,OPEN,2024-12-26 12:04:13,True,False,,,53.355473,-6.264423,16,0,16,0,0,0,0,16,0,16,0,0,0,0
2255,86,dublin,PARKGATE STREET,Parkgate Street,False,False,OPEN,2024-12-26 11:59:22,True,False,,,53.347972,-6.291804,38,31,7,7,24,0,24,38,31,7,7,24,0,24
2256,35,dublin,SMITHFIELD,Smithfield,False,False,OPEN,2024-12-26 12:04:13,True,False,,,53.347692,-6.278214,30,11,19,4,7,0,7,30,11,19,4,7,0,7
2257,10,dublin,DAME STREET,Dame Street,False,False,OPEN,2024-12-26 12:04:27,True,False,,,53.344007,-6.266802,16,16,0,9,7,0,7,16,16,0,9,7,0,7
2258,100,dublin,HEUSTON BRIDGE (SOUTH),Heuston Bridge (South),False,False,OPEN,2024-12-26 11:56:26,True,False,,,53.347106,-6.292041,25,22,3,15,7,0,7,25,22,3,15,7,0,7
2259,24,dublin,CATHAL BRUGHA STREET,Cathal Brugha Street,False,False,OPEN,2024-12-26 12:04:54,True,False,,,53.352149,-6.260533,20,10,10,5,5,0,5,20,10,10,5,5,0,5
2260,64,dublin,SANDWITH STREET,Sandwith Street,False,False,OPEN,2024-12-26 12:03:47,True,False,,,53.345203,-6.247163,40,8,32,8,0,0,0,40,8,32,8,0,0,0
2261,109,dublin,BUCKINGHAM STREET LOWER,Buckingham Street Lower,False,False,OPEN,2024-12-26 12:03:29,True,False,,,53.353331,-6.249319,29,26,3,12,14,0,14,29,26,3,12,14,0,14
2262,85,dublin,ROTHE ABBEY,Rothe Abbey,False,False,OPEN,2024-12-26 11:56:57,True,False,,,53.338776,-6.30395,35,27,8,10,17,0,17,35,27,8,10,17,0,17
2263,107,dublin,CHARLEVILLE ROAD,Charleville Road,False,False,OPEN,2024-12-26 12:04:34,True,False,,,53.359157,-6.281866,40,5,35,3,2,0,2,40,5,35,3,2,0,2
2264,33,dublin,PRINCES STREET / O'CONNELL STREET,Princes Street / O'Connell Street,False,False,OPEN,2024-12-26 12:04:30,True,False,,,53.349013,-6.260311,23,21,2,9,12,0,12,23,21,2,9,12,0,12
2265,44,dublin,UPPER SHERRARD STREET,Upper Sherrard Street,False,False,OPEN,2024-12-26 11:58:05,True,False,,,53.358437,-6.260641,30,6,24,1,5,0,5,30,6,24,1,5,0,5
2266,89,dublin,FITZWILLIAM SQUARE EAST,Fitzwilliam Square East,False,False,OPEN,2024-12-26 12:03:58,True,False,,,53.335211,-6.2509,40,20,20,9,11,0,11,40,20,20,9,11,0,11
2267,57,dublin,GRATTAN STREET,Grattan Street,False,False,OPEN,2024-12-26 12:02:03,True,False,,,53.339629,-6.243778,23,8,15,5,3,0,3,23,8,15,5,3,0,3
2268,80,dublin,ST JAMES HOSPITAL (LUAS),St James Hospital (Luas),False,False,OPEN,2024-12-26 11:58:14,True,False,,,53.341359,-6.292951,40,11,29,2,9,0,9,40,11,29,2,9,0,9
2269,41,dublin,HARCOURT TERRACE,Harcourt Terrace,False,False,OPEN,2024-12-26 12:00:05,True,False,,,53.332763,-6.257942,20,1,19,0,1,0,1,20,1,19,0,1,0,1
2270,3,dublin,BOLTON STREET,Bolton Street,False,False,OPEN,2024-12-26 12:03:33,True,False,,,53.351182,-6.269859,20,15,5,11,4,0,4,20,15,5,11,4,0,4
2271,40,dublin,JERVIS STREET,Jervis Street,False,False,OPEN,2024-12-26 12:04:51,True,False,,,53.3483,-6.266651,21,16,5,12,4,0,4,21,16,5,12,4,0,4
2272,29,dublin,ORMOND QUAY UPPER,Ormond Quay Upper,False,False,OPEN,2024-12-26 12:00:15,True,False,,,53.346057,-6.268001,29,29,0,20,9,0,9,29,29,0,20,9,0,9
2273,103,dublin,GRANGEGORMAN LOWER (SOUTH),Grangegorman Lower (South),False,False,OPEN,2024-12-26 12:01:38,True,False,,,53.354663,-6.278681,40,0,40,0,0,0,0,40,0,40,0,0,0,0
2274,28,dublin,MOUNTJOY SQUARE WEST,Mountjoy Square West,False,False,OPEN,2024-12-26 11:55:37,True,False,,,53.356299,-6.258586,30,18,12,9,9,0,9,30,18,12,9,9,0,9
2275,39,dublin,WILTON TERRACE,Wilton Terrace,False,False,OPEN,2024-12-26 12:00:32,True,False,,,53.332383,-6.252717,20,8,12,3,5,0,5,20,8,12,3,5,0,5
2276,83,dublin,EMMET ROAD,Emmet Road,False,False,OPEN,2024-12-26 12:03:54,True,False,,,53.340714,-6.308191,40,20,20,14,6,0,6,40,20,20,14,6,0,6
2277,92,dublin,HEUSTON BRIDGE (NORTH),Heuston Bridge (North),False,False,OPEN,2024-12-26 12:02:13,True,False,,,53.347802,-6.292432,40,38,2,31,7,0,7,40,38,2,31,7,0,7
2278,21,dublin,LEINSTER STREET SOUTH,Leinster Street South,False,False,OPEN,2024-12-26 12:00:16,True,False,,,53.34218,-6.254485,30,11,19,4,7,0,7,30,11,19,4,7,0,7
2279,88,dublin,BLACKHALL PLACE,Blackhall Place,False,False,OPEN,2024-12-26 12:01:41,True,False,,,53.3488,-6.281637,30,1,29,1,0,0,0,30,1,29,1,0,0,0
2280,42,dublin,SMITHFIELD NORTH,Smithfield North,False,False,OPEN,2024-12-26 12:32:52,True,False,,,53.349562,-6.278198,30,1,29,1,0,0,0,30,1,29,1,0,0,0
2281,30,dublin,PARNELL SQUARE NORTH,Parnell Square North,False,False,OPEN,2024-12-26 12:25:50,True,False,,,53.3537415547453,-6.26530144781526,20,7,13,7,0,0,0,20,7,13,7,0,0,0
2282,54,dublin,CLONMEL STREET,Clonmel Street,False,False,OPEN,2024-12-26 12:25:30,True,False,,,53.336021,-6.26298,33,12,21,3,9,0,9,33,12,21,3,9,0,9
2283,108,dublin,AVONDALE ROAD,Avondale Road,False,False,OPEN,2024-12-26 12:26:31,True,False,,,53.359405,-6.276142,35,0,35,0,0,0,0,35,0,35,0,0,0,0
2284,20,dublin,JAMES STREET EAST,James Street East,False,False,OPEN,2024-12-26 12:34:19,True,False,,,53.336597,-6.248109,30,2,28,2,0,0,0,30,2,28,2,0,0,0
2285,56,dublin,MOUNT STREET LOWER,Mount Street Lower,False,False,OPEN,2024-12-26 12:30:59,True,False,,,53.33796,-6.24153,40,12,28,4,8,0,8,40,12,28,4,8,0,8
2286,6,dublin,CHRISTCHURCH PLACE,Christchurch Place,False,False,OPEN,2024-12-26 12:30:13,True,False,,,53.343368,-6.27012,20,9,11,5,4,0,4,20,9,11,5,4,0,4
2287,18,dublin,GRANTHAM STREET,Grantham Street,False,False,OPEN,2024-12-26 12:33:02,True,False,,,53.334123,-6.265436,30,15,15,8,7,0,7,30,15,15,8,7,0,7
2288,32,dublin,PEARSE STREET,Pearse Street,False,False,OPEN,2024-12-26 12:30:21,True,False,,,53.344304,-6.250427,30,18,12,13,5,0,5,30,18,12,13,5,0,5
2289,52,dublin,YORK STREET EAST,York Street East,False,False,OPEN,2024-12-26 12:33:32,True,False,,,53.338755,-6.262003,32,11,21,6,5,0,5,32,11,21,6,5,0,5
2290,48,dublin,EXCISE WALK,Excise Walk,False,False,OPEN,2024-12-26 12:31:20,True,False,,,53.347777,-6.244239,40,7,33,5,2,0,2,40,7,33,5,2,0,2
2291,13,dublin,FITZWILLIAM SQUARE WEST,Fitzwilliam Square West,False,False,OPEN,2024-12-26 12:33:20,True,False,,,53.336074,-6.252825,30,24,6,10,14,0,14,30,24,6,10,14,0,14
2292,43,dublin,PORTOBELLO ROAD,Portobello Road,False,False,OPEN,2024-12-26 12:33:51,True,False,,,53.330091,-6.268044,30,10,20,8,2,0,2,30,10,20,8,2,0,2
2293,31,dublin,PARNELL STREET,Parnell Street,False,False,OPEN,2024-12-26 12:26:02,True,False,,,53.350929,-6.265125,20,14,6,11,3,0,3,20,14,6,11,3,0,3
2294,98,dublin,FREDERICK STREET SOUTH,Frederick Street South,False,False,OPEN,2024-12-26 12:30:26,True,False,,,53.341515,-6.256853,40,16,24,11,5,0,5,40,16,24,11,5,0,5
2295,14,dublin,FOWNES STREET UPPER,Fownes Street Upper,False,False,OPEN,2024-12-26 12:33:22,True,False,,,53.344603,-6.263371,30,30,0,19,11,0,11,30,30,0,19,11,0,11
2296,1,dublin,CLARENDON ROW,Clarendon Row,False,False,OPEN,2024-12-26 12:30:29,True,False,,,53.340927,-6.262501,31,24,7,17,7,0,7,31,24,7,17,7,0,7
2297,23,dublin,CUSTOM HOUSE,Custom House,False,False,OPEN,2024-12-26 12:26:54,True,False,,,53.348279,-6.254662,30,22,8,18,4,0,4,30,22,8,18,4,0,4
2298,106,dublin,RATHDOWN ROAD,Rathdown Road,False,False,OPEN,2024-12-26 12:24:59,True,False,,,53.35893,-6.280337,40,13,27,0,13,0,13,40,13,27,0,13,0,13
2299,112,dublin,NORTH CIRCULAR ROAD (O'CONNELL'S),North Circular Road (O'Connell's),False,False,OPEN,2024-12-26 12:30:45,True,False,,,53.357841,-6.251557,30,0,30,0,0,0,0,30,0,30,0,0,0,0
2300,68,dublin,HANOVER QUAY,Hanover Quay,False,False,OPEN,2024-12-26 12:26:23,True,False,,,53.344115,-6.237153,40,11,29,5,6,0,6,40,11,29,5,6,0,6
2301,74,dublin,OLIVER BOND STREET,Oliver Bond Street,False,False,OPEN,2024-12-26 12:31:59,True,False,,,53.343893,-6.280531,30,21,9,15,6,0,6,30,21,9,15,6,0,6
2302,87,dublin,COLLINS BARRACKS MUSEUM,Collins Barracks Museum,False,False,OPEN,2024-12-26 12:31:21,True,False,,,53.347477,-6.28525,38,16,22,8,8,0,8,38,16,22,8,8,0,8
2303,84,dublin,BROOKFIELD ROAD,Brookfield Road,False,False,OPEN,2024-12-26 12:34:00,True,False,,,53.339005,-6.300217,30,20,10,11,9,0,9,30,20,10,11,9,0,9
2304,90,dublin,BENSON STREET,Benson Street,False,False,OPEN,2024-12-26 12:33:35,True,False,,,53.344153,-6.233451,40,7,33,6,1,0,1,40,7,33,6,1,0,1
2305,11,dublin,EARLSFORT TERRACE,Earlsfort Terrace,False,False,OPEN,2024-12-26 12:31:23,True,False,,,53.334295,-6.258503,30,17,13,11,6,0,6,30,17,13,11,6,0,6
2306,17,dublin,GOLDEN LANE,Golden Lane,False,False,OPEN,2024-12-26 12:32:51,True,False,,,53.340803,-6.267732,20,19,1,10,9,0,9,20,19,1,10,9,0,9
2307,45,dublin,DEVERELL PLACE,Deverell Place,False,False,OPEN,2024-12-26 12:33:57,True,False,,,53.351464,-6.255265,30,1,29,1,0,0,0,30,1,29,1,0,0,0
2308,114,dublin,WILTON TERRACE (PARK),Wilton Terrace (Park),False,False,OPEN,2024-12-26 12:33:25,True,False,,,53.333653,-6.248345,40,7,33,2,5,0,5,40,7,33,2,5,0,5
2309,72,dublin,JOHN STREET WEST,John Street West,False,False,OPEN,2024-12-26 12:31:40,True,False,,,53.343105,-6.277167,31,0,31,0,0,0,0,31,0,31,0,0,0,0
2310,63,dublin,FENIAN STREET,Fenian Street,False,False,OPEN,2024-12-26 12:31:49,True,False,,,53.341428,-6.24672,35,25,10,14,11,0,11,35,25,10,14,11,0,11
2311,113,dublin,MERRION SQUARE SOUTH,Merrion Square South,False,False,OPEN,2024-12-26 12:32:26,True,False,,,53.338614,-6.248606,40,9,20,6,3,0,3,40,9,20,6,3,0,3
2312,91,dublin,SOUTH DOCK ROAD,South Dock Road,False,False,OPEN,2024-12-26 12:33:14,True,False,,,53.341833,-6.231291,30,17,13,9,8,0,8,30,17,13,9,8,0,8
2313,99,dublin,CITY QUAY,City Quay,False,False,OPEN,2024-12-26 12:33:27,True,False,,,53.346637,-6.246154,30,22,8,9,13,0,13,30,22,8,9,13,0,13
2314,9,dublin,EXCHEQUER STREET,Exchequer Street,False,False,OPEN,2024-12-26 12:33:18,True,False,,,53.343034,-6.263578,24,23,1,18,5,0,5,24,23,1,18,5,0,5
2315,67,dublin,THE POINT,The Point,False,False,OPEN,2024-12-26 12:32:52,True,False,,,53.346867,-6.230852,40,29,11,14,15,0,15,40,29,11,14,15,0,15
2316,116,dublin,BROADSTONE,Broadstone,False,False,OPEN,2024-12-26 12:29:24,True,False,,,53.3547,-6.272314,30,20,10,9,11,0,11,30,20,10,9,11,0,11
2317,55,dublin,HATCH STREET,Hatch Street,False,False,OPEN,2024-12-26 12:34:14,True,False,,,53.33403,-6.260714,36,16,19,9,7,0,7,36,16,19,9,7,0,7
2318,62,dublin,LIME STREET,Lime Street,False,False,OPEN,2024-12-26 12:32:46,True,False,,,53.346026,-6.243576,40,15,25,7,8,0,8,40,15,25,7,8,0,8
2319,5,dublin,CHARLEMONT PLACE,Charlemont Street,False,False,OPEN,2024-12-26 12:34:38,True,False,,,53.330662,-6.260177,40,15,25,10,5,0,5,40,15,25,10,5,0,5
2320,97,dublin,KILMAINHAM GAOL,Kilmainham Gaol,False,False,OPEN,2024-12-26 12:31:34,True,False,,,53.342113,-6.310015,40,11,29,9,2,0,2,40,11,29,9,2,0,2
2321,61,dublin,HARDWICKE PLACE,Hardwicke Place,False,False,OPEN,2024-12-26 12:25:21,True,False,,,53.357043,-6.263232,25,10,15,9,1,0,1,25,10,15,9,1,0,1
2322,77,dublin,WOLFE TONE STREET,Wolfe Tone Street,False,False,OPEN,2024-12-26 12:32:39,True,False,,,53.348875,-6.267459,29,26,3,9,17,0,17,29,26,3,9,17,0,17
2323,73,dublin,FRANCIS STREET,Francis Street,False,False,OPEN,2024-12-26 12:29:20,True,False,,,53.342081,-6.275233,30,3,26,2,1,0,1,30,3,26,2,1,0,1
2324,4,dublin,GREEK STREET,Greek Street,False,False,OPEN,2024-12-26 12:32:36,True,False,,,53.346874,-6.272976,20,15,4,6,9,0,9,20,15,4,6,9,0,9
2325,49,dublin,GUILD STREET,Guild Street,False,False,OPEN,2024-12-26 12:33:01,True,False,,,53.347932,-6.240928,40,36,4,31,5,0,5,40,36,4,31,5,0,5
2326,19,dublin,HERBERT PLACE,Herbert Place,False,False,OPEN,2024-12-26 12:34:33,True,False,,,53.334432,-6.245575,30,0,30,0,0,0,0,30,0,30,0,0,0,0
2327,7,dublin,HIGH STREET,High Street,False,False,OPEN,2024-12-26 12:32:27,True,False,,,53.343565,-6.275071,29,1,28,1,0,0,0,29,1,28,1,0,0,0
2328,60,dublin,NORTH CIRCULAR ROAD,North Circular Road,False,False,OPEN,2024-12-26 12:34:21,True,False,,,53.359624,-6.260348,30,4,26,1,3,0,3,30,4,26,1,3,0,3
2329,102,dublin,WESTERN WAY,Western Way,False,False,OPEN,2024-12-26 12:30:20,True,False,,,53.354929,-6.269425,40,6,34,3,3,0,3,40,6,34,3,3,0,3
2330,38,dublin,TALBOT STREET,Talbot Street,False,False,OPEN,2024-12-26 12:29:17,True,False,,,53.350974,-6.25294,40,16,23,13,3,0,3,40,16,23,13,3,0,3
2331,53,dublin,NEWMAN HOUSE,Newman House,False,False,OPEN,2024-12-26 12:26:30,True,False,,,53.337132,-6.26059,40,11,29,10,1,0,1,40,11,29,10,1,0,1
2332,58,dublin,SIR PATRICK DUN'S,Sir Patrick's Dun,False,False,OPEN,2024-12-26 12:34:37,True,False,,,53.339218,-6.240642,40,36,4,28,8,0,8,40,36,4,28,8,0,8
2333,66,dublin,NEW CENTRAL BANK,New Central Bank,False,False,OPEN,2024-12-26 12:28:41,True,False,,,53.347122,-6.234749,40,1,39,1,0,0,0,40,1,39,1,0,0,0
2334,104,dublin,GRANGEGORMAN LOWER (CENTRAL),Grangegorman Lower (Central),False,False,OPEN,2024-12-26 12:27:55,True,False,,,53.355173,-6.278424,40,4,36,2,2,0,2,40,4,36,2,2,0,2
2335,101,dublin,KING STREET NORTH,King Street North,False,False,OPEN,2024-12-26 12:33:32,True,False,,,53.350291,-6.273507,30,7,23,5,2,0,2,30,7,23,5,2,0,2
2336,115,dublin,KILLARNEY STREET,Killarney Street,False,False,OPEN,2024-12-26 12:34:09,True,False,,,53.354845,-6.247579,30,24,6,14,10,0,10,30,24,6,14,10,0,10
2337,47,dublin,HERBERT STREET,Herbert Street,False,False,OPEN,2024-12-26 12:25:02,True,False,,,53.335742,-6.24551,40,0,40,0,0,0,0,40,0,40,0,0,0,0
2338,117,dublin,HANOVER QUAY EAST,Hanover Quay East,False,False,OPEN,2024-12-26 12:32:07,True,False,,,53.343653,-6.231755,40,0,40,0,0,0,0,40,0,40,0,0,0,0
2339,8,dublin,CUSTOM HOUSE QUAY,Custom House Quay,False,False,OPEN,2024-12-26 12:31:24,True,False,,,53.347884,-6.248048,30,20,10,13,7,0,7,30,20,10,13,7,0,7
2340,27,dublin,MOLESWORTH STREET,Molesworth Street,False,False,OPEN,2024-12-26 12:32:01,True,False,,,53.341288,-6.258117,20,3,17,3,0,0,0,20,3,17,3,0,0,0
2341,16,dublin,GEORGES QUAY,Georges Quay,False,False,OPEN,2024-12-26 12:32:37,True,False,,,53.347508,-6.252192,20,13,7,9,4,0,4,20,13,7,9,4,0,4
2342,96,dublin,KILMAINHAM LANE,Kilmainham Lane,False,False,OPEN,2024-12-26 12:30:45,True,False,,,53.341805,-6.305085,30,9,21,8,1,0,1,30,9,21,8,1,0,1
2343,82,dublin,MOUNT BROWN,Mount Brown,False,False,OPEN,2024-12-26 12:34:50,True,False,,,53.341645,-6.29719,22,7,15,2,5,0,5,22,7,15,2,5,0,5
2344,76,dublin,MARKET STREET SOUTH,Market Street South,False,False,OPEN,2024-12-26 12:30:37,True,False,,,53.342296,-6.287661,38,3,35,3,0,0,0,38,3,35,3,0,0,0
2345,71,dublin,KEVIN STREET,Kevin Street,False,False,OPEN,2024-12-26 12:29:48,True,False,,,53.337757,-6.267699,40,18,22,9,9,0,9,40,18,22,9,9,0,9
2346,79,dublin,ECCLES STREET EAST,Eccles Street East,False,False,OPEN,2024-12-26 12:27:17,True,False,,,53.358115,-6.265601,27,0,27,0,0,0,0,27,0,27,0,0,0,0
2347,69,dublin,GRAND CANAL DOCK,Grand Canal Dock,False,False,OPEN,2024-12-26 12:34:40,True,False,,,53.342638,-6.238695,40,28,12,16,12,0,12,40,28,12,16,12,0,12
2348,25,dublin,MERRION SQUARE EAST,Merrion Square East,False,False,OPEN,2024-12-26 12:25:14,True,False,,,53.339434,-6.246548,30,3,27,2,1,0,1,30,3,27,2,1,0,1
2349,51,dublin,YORK STREET WEST,York Street West,False,False,OPEN,2024-12-26 12:31:54,True,False,,,53.339334,-6.264699,40,0,0,0,0,0,0,40,0,0,0,0,0,0
2350,37,dublin,ST. STEPHEN'S GREEN SOUTH,St. Stephen's Green South,False,False,OPEN,2024-12-26 12:25:48,True,False,,,53.337494,-6.26199,30,15,15,8,7,0,7,30,15,15,8,7,0,7
2351,59,dublin,DENMARK STREET GREAT,Denmark Street Great,False,False,OPEN,2024-12-26 12:26:00,True,False,,,53.35561,-6.261397,20,0,20,0,0,0,0,20,0,20,0,0,0,0
2352,95,dublin,ROYAL HOSPITAL,Royal Hospital,False,False,OPEN,2024-12-26 12:32:22,True,False,,,53.343897,-6.29706,40,30,10,19,11,0,11,40,30,10,19,11,0,11
2353,94,dublin,HEUSTON STATION (CAR PARK),Heuston Station (Car Park),False,False,OPEN,2024-12-26 12:26:45,True,False,,,53.346985,-6.297804,40,13,27,10,3,0,3,40,13,27,10,3,0,3
2354,105,dublin,GRANGEGORMAN LOWER (NORTH),Grangegorman Lower (North),False,False,OPEN,2024-12-26 12:34:16,True,False,,,53.355954,-6.278378,36,0,36,0,0,0,0,36,0,36,0,0,0,0
2355,36,dublin,ST. STEPHEN'S GREEN EAST,St. Stephen's Green East,False,False,OPEN,2024-12-26 12:25:17,True,False,,,53.337824,-6.256035,40,11,29,7,4,0,4,40,11,29,7,4,0,4
2356,93,dublin,HEUSTON STATION (CENTRAL),Heuston Station (Central),False,False,OPEN,2024-12-26 12:32:58,True,False,,,53.346603,-6.296924,40,14,26,13,1,0,1,40,14,26,13,1,0,1
2357,22,dublin,TOWNSEND STREET,Townsend Street,False,False,OPEN,2024-12-26 12:32:23,True,False,,,53.345922,-6.254614,20,19,1,12,7,0,7,20,19,1,12,7,0,7
2358,50,dublin,GEORGES LANE,George's Lane,False,False,OPEN,2024-12-26 12:27:42,True,False,,,53.35023,-6.279696,40,0,40,0,0,0,0,40,0,40,0,0,0,0
2359,110,dublin,PHIBSBOROUGH ROAD,Phibsborough Road,False,False,OPEN,2024-12-26 12:26:53,True,False,,,53.356307,-6.273717,40,7,33,1,6,0,6,40,7,33,1,6,0,6
2360,12,dublin,ECCLES STREET,Eccles Street,False,False,OPEN,2024-12-26 12:32:43,True,False,,,53.359246,-6.269779,20,1,19,0,1,0,1,20,1,19,0,1,0,1
2361,34,dublin,PORTOBELLO HARBOUR,Portobello Harbour,False,False,OPEN,2024-12-26 12:33:01,True,False,,,53.330362,-6.265163,30,1,29,1,0,0,0,30,1,29,1,0,0,0
2362,78,dublin,MATER HOSPITAL,Mater Hospital,False,False,OPEN,2024-12-26 12:32:40,True,False,,,53.359967,-6.264828,40,1,39,1,0,0,0,40,1,39,1,0,0,0
2363,2,dublin,BLESSINGTON STREET,Blessington Street,False,False,OPEN,2024-12-26 12:33:08,True,False,,,53.356769,-6.26814,20,4,16,2,2,0,2,20,4,16,2,2,0,2
2364,75,dublin,JAMES STREET,James Street,False,False,OPEN,2024-12-26 12:34:37,True,False,,,53.343456,-6.287409,40,20,20,16,4,0,4,40,20,20,16,4,0,4
2365,111,dublin,MOUNTJOY SQUARE EAST,Mountjoy Square East,False,False,OPEN,2024-12-26 12:26:08,True,False,,,53.356717,-6.256359,40,0,40,0,0,0,0,40,0,40,0,0,0,0
2366,26,dublin,MERRION SQUARE WEST,Merrion Square West,False,False,OPEN,2024-12-26 12:31:34,True,False,,,53.339764,-6.251988,20,5,15,4,1,0,1,20,5,15,4,1,0,1
2367,65,dublin,CONVENTION CENTRE,Convention Centre,False,False,OPEN,2024-12-26 12:34:34,True,False,,,53.34744,-6.238523,40,5,35,4,1,0,1,40,5,35,4,1,0,1
2368,15,dublin,HARDWICKE STREET,Hardwicke Street,False,False,OPEN,2024-12-26 12:34:28,True,False,,,53.355473,-6.264423,16,1,15,0,1,0,1,16,1,15,0,1,0,1
2369,86,dublin,PARKGATE STREET,Parkgate Street,False,False,OPEN,2024-12-26 12:29:34,True,False,,,53.347972,-6.291804,38,31,7,7,24,0,24,38,31,7,7,24,0,24
2370,35,dublin,SMITHFIELD,Smithfield,False,False,OPEN,2024-12-26 12:34:24,True,False,,,53.347692,-6.278214,30,12,18,4,8,0,8,30,12,18,4,8,0,8
2371,10,dublin,DAME STREET,Dame Street,False,False,OPEN,2024-12-26 12:34:40,True,False,,,53.344007,-6.266802,16,16,0,9,7,0,7,16,16,0,9,7,0,7
2372,100,dublin,HEUSTON BRIDGE (SOUTH),Heuston Bridge (South),False,False,OPEN,2024-12-26 12:29:15,True,False,,,53.347106,-6.292041,25,22,3,15,7,0,7,25,22,3,15,7,0,7
2373,24,dublin,CATHAL BRUGHA STREET,Cathal Brugha Street,False,False,OPEN,2024-12-26 12:25:02,True,False,,,53.352149,-6.260533,20,10,10,5,5,0,5,20,10,10,5,5,0,5
2374,64,dublin,SANDWITH STREET,Sandwith Street,False,False,OPEN,2024-12-26 12:33:59,True,False,,,53.345203,-6.247163,40,7,33,7,0,0,0,40,7,33,7,0,0,0
2375,109,dublin,BUCKINGHAM STREET LOWER,Buckingham Street Lower,False,False,OPEN,2024-12-26 12:25:49,True,False,,,53.353331,-6.249319,29,26,3,12,14,0,14,29,26,3,12,14,0,14
2376,85,dublin,ROTHE ABBEY,Rothe Abbey,False,False,OPEN,2024-12-26 12:31:49,True,False,,,53.338776,-6.30395,35,27,8,10,17,0,17,35,27,8,10,17,0,17
2377,107,dublin,CHARLEVILLE ROAD,Charleville Road,False,False,OPEN,2024-12-26 12:34:46,True,False,,,53.359157,-6.281866,40,5,35,3,2,0,2,40,5,35,3,2,0,2
2378,33,dublin,PRINCES STREET / O'CONNELL STREET,Princes Street / O'Connell Street,False,False,OPEN,2024-12-26 12:32:16,True,False,,,53.349013,-6.260311,23,21,2,9,12,0,12,23,21,2,9,12,0,12
2379,44,dublin,UPPER SHERRARD STREET,Upper Sherrard Street,False,False,OPEN,2024-12-26 12:28:55,True,False,,,53.358437,-6.260641,30,4,26,0,4,0,4,30,4,26,0,4,0,4
2380,89,dublin,FITZWILLIAM SQUARE EAST,Fitzwilliam Square East,False,False,OPEN,2024-12-26 12:34:10,True,False,,,53.335211,-6.2509,40,21,19,10,11,0,11,40,21,19,10,11,0,11
2381,57,dublin,GRATTAN STREET,Grattan Street,False,False,OPEN,2024-12-26 12:32:21,True,False,,,53.339629,-6.243778,23,7,16,4,3,0,3,23,7,16,4,3,0,3
2382,80,dublin,ST JAMES HOSPITAL (LUAS),St James Hospital (Luas),False,False,OPEN,2024-12-26 12:28:27,True,False,,,53.341359,-6.292951,40,11,29,2,9,0,9,40,11,29,2,9,0,9
2383,41,dublin,HARCOURT TERRACE,Harcourt Terrace,False,False,OPEN,2024-12-26 12:30:22,True,False,,,53.332763,-6.257942,20,1,19,0,1,0,1,20,1,19,0,1,0,1
2384,3,dublin,BOLTON STREET,Bolton Street,False,False,OPEN,2024-12-26 12:34:31,True,False,,,53.351182,-6.269859,20,15,5,11,4,0,4,20,15,5,11,4,0,4
2385,40,dublin,JERVIS STREET,Jervis Street,False,False,OPEN,2024-12-26 12:25:04,True,False,,,53.3483,-6.266651,21,17,4,13,4,0,4,21,17,4,13,4,0,4
2386,29,dublin,ORMOND QUAY UPPER,Ormond Quay Upper,False,False,OPEN,2024-12-26 12:25:32,True,False,,,53.346057,-6.268001,29,28,1,19,9,0,9,29,28,1,19,9,0,9
2387,103,dublin,GRANGEGORMAN LOWER (SOUTH),Grangegorman Lower (South),False,False,OPEN,2024-12-26 12:31:49,True,False,,,53.354663,-6.278681,40,0,40,0,0,0,0,40,0,40,0,0,0,0
2388,28,dublin,MOUNTJOY SQUARE WEST,Mountjoy Square West,False,False,OPEN,2024-12-26 12:31:07,True,False,,,53.356299,-6.258586,30,15,15,6,9,0,9,30,15,15,6,9,0,9
2389,39,dublin,WILTON TERRACE,Wilton Terrace,False,False,OPEN,2024-12-26 12:25:55,True,False,,,53.332383,-6.252717,20,8,12,3,5,0,5,20,8,12,3,5,0,5
2390,83,dublin,EMMET ROAD,Emmet Road,False,False,OPEN,2024-12-26 12:34:09,True,False,,,53.340714,-6.308191,40,18,22,14,4,0,4,40,18,22,14,4,0,4
2391,92,dublin,HEUSTON BRIDGE (NORTH),Heuston Bridge (North),False,False,OPEN,2024-12-26 12:32:29,True,False,,,53.347802,-6.292432,40,38,2,31,7,0,7,40,38,2,31,7,0,7
2392,21,dublin,LEINSTER STREET SOUTH,Leinster Street South,False,False,OPEN,2024-12-26 12:30:32,True,False,,,53.34218,-6.254485,30,11,19,4,7,0,7,30,11,19,4,7,0,7
2393,88,dublin,BLACKHALL PLACE,Blackhall Place,False,False,OPEN,2024-12-26 12:31:52,True,False,,,53.3488,-6.281637,30,1,29,1,0,0,0,30,1,29,1,0,0,0
2394,42,dublin,SMITHFIELD NORTH,Smithfield North,False,False,OPEN,2024-12-26 13:03:06,True,False,,,53.349562,-6.278198,30,0,30,0,0,0,0,30,0,30,0,0,0,0
2395,30,dublin,PARNELL SQUARE NORTH,Parnell Square North,False,False,OPEN,2024-12-26 12:56:03,True,False,,,53.3537415547453,-6.26530144781526,20,7,13,7,0,0,0,20,7,13,7,0,0,0
2396,54,dublin,CLONMEL STREET,Clonmel Street,False,False,OPEN,2024-12-26 12:55:47,True,False,,,53.336021,-6.26298,33,12,21,3,9,0,9,33,12,21,3,9,0,9
2397,108,dublin,AVONDALE ROAD,Avondale Road,False,False,OPEN,2024-12-26 12:56:45,True,False,,,53.359405,-6.276142,35,0,35,0,0,0,0,35,0,35,0,0,0,0
2398,20,dublin,JAMES STREET EAST,James Street East,False,False,OPEN,2024-12-26 13:04:31,True,False,,,53.336597,-6.248109,30,2,28,2,0,0,0,30,2,28,2,0,0,0
2399,56,dublin,MOUNT STREET LOWER,Mount Street Lower,False,False,OPEN,2024-12-26 13:02:02,True,False,,,53.33796,-6.24153,40,13,27,6,7,0,7,40,13,27,6,7,0,7
2400,6,dublin,CHRISTCHURCH PLACE,Christchurch Place,False,False,OPEN,2024-12-26 13:00:25,True,False,,,53.343368,-6.27012,20,9,11,5,4,0,4,20,9,11,5,4,0,4
2401,18,dublin,GRANTHAM STREET,Grantham Street,False,False,OPEN,2024-12-26 13:03:18,True,False,,,53.334123,-6.265436,30,16,14,9,7,0,7,30,16,14,9,7,0,7
2402,32,dublin,PEARSE STREET,Pearse Street,False,False,OPEN,2024-12-26 13:00:35,True,False,,,53.344304,-6.250427,30,18,12,13,5,0,5,30,18,12,13,5,0,5
2403,52,dublin,YORK STREET EAST,York Street East,False,False,OPEN,2024-12-26 13:03:49,True,False,,,53.338755,-6.262003,32,10,22,5,5,0,5,32,10,22,5,5,0,5
2404,48,dublin,EXCISE WALK,Excise Walk,False,False,OPEN,2024-12-26 13:01:32,True,False,,,53.347777,-6.244239,40,7,33,5,2,0,2,40,7,33,5,2,0,2
2405,13,dublin,FITZWILLIAM SQUARE WEST,Fitzwilliam Square West,False,False,OPEN,2024-12-26 13:03:36,True,False,,,53.336074,-6.252825,30,24,6,10,14,0,14,30,24,6,10,14,0,14
2406,43,dublin,PORTOBELLO ROAD,Portobello Road,False,False,OPEN,2024-12-26 13:04:02,True,False,,,53.330091,-6.268044,30,10,20,8,2,0,2,30,10,20,8,2,0,2
2407,31,dublin,PARNELL STREET,Parnell Street,False,False,OPEN,2024-12-26 12:56:17,True,False,,,53.350929,-6.265125,20,15,5,11,4,0,4,20,15,5,11,4,0,4
2408,98,dublin,FREDERICK STREET SOUTH,Frederick Street South,False,False,OPEN,2024-12-26 13:00:37,True,False,,,53.341515,-6.256853,40,16,24,11,5,0,5,40,16,24,11,5,0,5
2409,14,dublin,FOWNES STREET UPPER,Fownes Street Upper,False,False,OPEN,2024-12-26 13:03:34,True,False,,,53.344603,-6.263371,30,30,0,19,11,0,11,30,30,0,19,11,0,11
2410,1,dublin,CLARENDON ROW,Clarendon Row,False,False,OPEN,2024-12-26 13:03:26,True,False,,,53.340927,-6.262501,31,25,6,19,6,0,6,31,25,6,19,6,0,6
2411,23,dublin,CUSTOM HOUSE,Custom House,False,False,OPEN,2024-12-26 13:00:00,True,False,,,53.348279,-6.254662,30,24,6,18,6,0,6,30,24,6,18,6,0,6
2412,106,dublin,RATHDOWN ROAD,Rathdown Road,False,False,OPEN,2024-12-26 12:55:12,True,False,,,53.35893,-6.280337,40,13,27,0,13,0,13,40,13,27,0,13,0,13
2413,112,dublin,NORTH CIRCULAR ROAD (O'CONNELL'S),North Circular Road (O'Connell's),False,False,OPEN,2024-12-26 13:01:01,True,False,,,53.357841,-6.251557,30,1,29,1,0,0,0,30,1,29,1,0,0,0
2414,68,dublin,HANOVER QUAY,Hanover Quay,False,False,OPEN,2024-12-26 12:56:36,True,False,,,53.344115,-6.237153,40,11,29,5,6,0,6,40,11,29,5,6,0,6
2415,74,dublin,OLIVER BOND STREET,Oliver Bond Street,False,False,OPEN,2024-12-26 13:02:15,True,False,,,53.343893,-6.280531,30,21,9,15,6,0,6,30,21,9,15,6,0,6
2416,87,dublin,COLLINS BARRACKS MUSEUM,Collins Barracks Museum,False,False,OPEN,2024-12-26 13:01:35,True,False,,,53.347477,-6.28525,38,14,24,6,8,0,8,38,14,24,6,8,0,8
2417,84,dublin,BROOKFIELD ROAD,Brookfield Road,False,False,OPEN,2024-12-26 13:04:17,True,False,,,53.339005,-6.300217,30,20,10,11,9,0,9,30,20,10,11,9,0,9
2418,90,dublin,BENSON STREET,Benson Street,False,False,OPEN,2024-12-26 13:03:50,True,False,,,53.344153,-6.233451,40,6,34,6,0,0,0,40,6,34,6,0,0,0
2419,11,dublin,EARLSFORT TERRACE,Earlsfort Terrace,False,False,OPEN,2024-12-26 13:01:34,True,False,,,53.334295,-6.258503,30,17,13,11,6,0,6,30,17,13,11,6,0,6
2420,17,dublin,GOLDEN LANE,Golden Lane,False,False,OPEN,2024-12-26 13:03:07,True,False,,,53.340803,-6.267732,20,19,1,10,9,0,9,20,19,1,10,9,0,9
2421,45,dublin,DEVERELL PLACE,Deverell Place,False,False,OPEN,2024-12-26 13:04:08,True,False,,,53.351464,-6.255265,30,1,29,1,0,0,0,30,1,29,1,0,0,0
2422,114,dublin,WILTON TERRACE (PARK),Wilton Terrace (Park),False,False,OPEN,2024-12-26 13:05:01,True,False,,,53.333653,-6.248345,40,7,33,2,5,0,5,40,7,33,2,5,0,5
2423,72,dublin,JOHN STREET WEST,John Street West,False,False,OPEN,2024-12-26 13:01:54,True,False,,,53.343105,-6.277167,31,1,30,0,1,0,1,31,1,30,0,1,0,1
2424,63,dublin,FENIAN STREET,Fenian Street,False,False,OPEN,2024-12-26 13:02:01,True,False,,,53.341428,-6.24672,35,25,10,14,11,0,11,35,25,10,14,11,0,11
2425,113,dublin,MERRION SQUARE SOUTH,Merrion Square South,False,False,OPEN,2024-12-26 13:02:42,True,False,,,53.338614,-6.248606,40,9,20,6,3,0,3,40,9,20,6,3,0,3
2426,91,dublin,SOUTH DOCK ROAD,South Dock Road,False,False,OPEN,2024-12-26 13:03:32,True,False,,,53.341833,-6.231291,30,17,13,9,8,0,8,30,17,13,9,8,0,8
2427,99,dublin,CITY QUAY,City Quay,False,False,OPEN,2024-12-26 13:03:43,True,False,,,53.346637,-6.246154,30,22,8,9,13,0,13,30,22,8,9,13,0,13
2428,9,dublin,EXCHEQUER STREET,Exchequer Street,False,False,OPEN,2024-12-26 12:57:17,True,False,,,53.343034,-6.263578,24,24,0,19,5,0,5,24,24,0,19,5,0,5
2429,67,dublin,THE POINT,The Point,False,False,OPEN,2024-12-26 12:56:48,True,False,,,53.346867,-6.230852,40,27,13,13,14,0,14,40,27,13,13,14,0,14
2430,116,dublin,BROADSTONE,Broadstone,False,False,OPEN,2024-12-26 12:59:37,True,False,,,53.3547,-6.272314,30,21,9,10,11,0,11,30,21,9,10,11,0,11
2431,55,dublin,HATCH STREET,Hatch Street,False,False,OPEN,2024-12-26 13:04:01,True,False,,,53.33403,-6.260714,36,16,19,9,7,0,7,36,16,19,9,7,0,7
2432,62,dublin,LIME STREET,Lime Street,False,False,OPEN,2024-12-26 13:03:12,True,False,,,53.346026,-6.243576,40,16,24,8,8,0,8,40,16,24,8,8,0,8
2433,5,dublin,CHARLEMONT PLACE,Charlemont Street,False,False,OPEN,2024-12-26 13:04:55,True,False,,,53.330662,-6.260177,40,16,24,11,5,0,5,40,16,24,11,5,0,5
2434,97,dublin,KILMAINHAM GAOL,Kilmainham Gaol,False,False,OPEN,2024-12-26 13:01:50,True,False,,,53.342113,-6.310015,40,11,29,9,2,0,2,40,11,29,9,2,0,2
2435,61,dublin,HARDWICKE PLACE,Hardwicke Place,False,False,OPEN,2024-12-26 12:55:36,True,False,,,53.357043,-6.263232,25,10,15,9,1,0,1,25,10,15,9,1,0,1
2436,77,dublin,WOLFE TONE STREET,Wolfe Tone Street,False,False,OPEN,2024-12-26 13:02:57,True,False,,,53.348875,-6.267459,29,27,2,10,17,0,17,29,27,2,10,17,0,17
2437,73,dublin,FRANCIS STREET,Francis Street,False,False,OPEN,2024-12-26 12:55:32,True,False,,,53.342081,-6.275233,30,2,27,1,1,0,1,30,2,27,1,1,0,1
2438,4,dublin,GREEK STREET,Greek Street,False,False,OPEN,2024-12-26 13:02:53,True,False,,,53.346874,-6.272976,20,15,4,6,9,0,9,20,15,4,6,9,0,9
2439,49,dublin,GUILD STREET,Guild Street,False,False,OPEN,2024-12-26 13:03:14,True,False,,,53.347932,-6.240928,40,36,4,31,5,0,5,40,36,4,31,5,0,5
2440,19,dublin,HERBERT PLACE,Herbert Place,False,False,OPEN,2024-12-26 13:04:44,True,False,,,53.334432,-6.245575,30,0,30,0,0,0,0,30,0,30,0,0,0,0
2441,7,dublin,HIGH STREET,High Street,False,False,OPEN,2024-12-26 13:02:43,True,False,,,53.343565,-6.275071,29,1,28,1,0,0,0,29,1,28,1,0,0,0
2442,60,dublin,NORTH CIRCULAR ROAD,North Circular Road,False,False,OPEN,2024-12-26 13:04:32,True,False,,,53.359624,-6.260348,30,5,25,2,3,0,3,30,5,25,2,3,0,3
2443,102,dublin,WESTERN WAY,Western Way,False,False,OPEN,2024-12-26 13:00:32,True,False,,,53.354929,-6.269425,40,6,34,3,3,0,3,40,6,34,3,3,0,3
2444,38,dublin,TALBOT STREET,Talbot Street,False,False,OPEN,2024-12-26 12:59:35,True,False,,,53.350974,-6.25294,40,16,23,13,3,0,3,40,16,23,13,3,0,3
2445,53,dublin,NEWMAN HOUSE,Newman House,False,False,OPEN,2024-12-26 12:56:42,True,False,,,53.337132,-6.26059,40,11,29,10,1,0,1,40,11,29,10,1,0,1
2446,58,dublin,SIR PATRICK DUN'S,Sir Patrick's Dun,False,False,OPEN,2024-12-26 13:04:53,True,False,,,53.339218,-6.240642,40,35,5,27,8,0,8,40,35,5,27,8,0,8
2447,66,dublin,NEW CENTRAL BANK,New Central Bank,False,False,OPEN,2024-12-26 12:58:04,True,False,,,53.347122,-6.234749,40,2,38,1,1,0,1,40,2,38,1,1,0,1
2448,104,dublin,GRANGEGORMAN LOWER (CENTRAL),Grangegorman Lower (Central),False,False,OPEN,2024-12-26 12:58:11,True,False,,,53.355173,-6.278424,40,4,36,2,2,0,2,40,4,36,2,2,0,2
2449,101,dublin,KING STREET NORTH,King Street North,False,False,OPEN,2024-12-26 13:03:50,True,False,,,53.350291,-6.273507,30,6,24,5,1,0,1,30,6,24,5,1,0,1
2450,115,dublin,KILLARNEY STREET,Killarney Street,False,False,OPEN,2024-12-26 13:04:30,True,False,,,53.354845,-6.247579,30,22,8,13,9,0,9,30,22,8,13,9,0,9
2451,47,dublin,HERBERT STREET,Herbert Street,False,False,OPEN,2024-12-26 12:55:14,True,False,,,53.335742,-6.24551,40,0,40,0,0,0,0,40,0,40,0,0,0,0
2452,117,dublin,HANOVER QUAY EAST,Hanover Quay East,False,False,OPEN,2024-12-26 13:02:18,True,False,,,53.343653,-6.231755,40,0,40,0,0,0,0,40,0,40,0,0,0,0
2453,8,dublin,CUSTOM HOUSE QUAY,Custom House Quay,False,False,OPEN,2024-12-26 13:02:10,True,False,,,53.347884,-6.248048,30,20,10,13,7,0,7,30,20,10,13,7,0,7
2454,27,dublin,MOLESWORTH STREET,Molesworth Street,False,False,OPEN,2024-12-26 13:02:15,True,False,,,53.341288,-6.258117,20,6,14,4,2,0,2,20,6,14,4,2,0,2
2455,16,dublin,GEORGES QUAY,Georges Quay,False,False,OPEN,2024-12-26 13:02:50,True,False,,,53.347508,-6.252192,20,13,7,9,4,0,4,20,13,7,9,4,0,4
2456,96,dublin,KILMAINHAM LANE,Kilmainham Lane,False,False,OPEN,2024-12-26 13:00:58,True,False,,,53.341805,-6.305085,30,9,21,8,1,0,1,30,9,21,8,1,0,1
2457,82,dublin,MOUNT BROWN,Mount Brown,False,False,OPEN,2024-12-26 13:01:31,True,False,,,53.341645,-6.29719,22,7,15,2,5,0,5,22,7,15,2,5,0,5
2458,76,dublin,MARKET STREET SOUTH,Market Street South,False,False,OPEN,2024-12-26 13:01:53,True,False,,,53.342296,-6.287661,38,2,36,2,0,0,0,38,2,36,2,0,0,0
2459,71,dublin,KEVIN STREET,Kevin Street,False,False,OPEN,2024-12-26 13:01:59,True,False,,,53.337757,-6.267699,40,18,22,9,9,0,9,40,18,22,9,9,0,9
2460,79,dublin,ECCLES STREET EAST,Eccles Street East,False,False,OPEN,2024-12-26 12:57:28,True,False,,,53.358115,-6.265601,27,0,27,0,0,0,0,27,0,27,0,0,0,0
2461,69,dublin,GRAND CANAL DOCK,Grand Canal Dock,False,False,OPEN,2024-12-26 12:56:18,True,False,,,53.342638,-6.238695,40,29,11,17,12,0,12,40,29,11,17,12,0,12
2462,25,dublin,MERRION SQUARE EAST,Merrion Square East,False,False,OPEN,2024-12-26 12:55:25,True,False,,,53.339434,-6.246548,30,3,27,2,1,0,1,30,3,27,2,1,0,1
2463,51,dublin,YORK STREET WEST,York Street West,False,False,OPEN,2024-12-26 13:02:05,True,False,,,53.339334,-6.264699,40,0,0,0,0,0,0,40,0,0,0,0,0,0
2464,37,dublin,ST. STEPHEN'S GREEN SOUTH,St. Stephen's Green South,False,False,OPEN,2024-12-26 12:56:04,True,False,,,53.337494,-6.26199,30,15,15,8,7,0,7,30,15,15,8,7,0,7
2465,59,dublin,DENMARK STREET GREAT,Denmark Street Great,False,False,OPEN,2024-12-26 12:56:15,True,False,,,53.35561,-6.261397,20,0,20,0,0,0,0,20,0,20,0,0,0,0
2466,95,dublin,ROYAL HOSPITAL,Royal Hospital,False,False,OPEN,2024-12-26 13:02:37,True,False,,,53.343897,-6.29706,40,28,12,18,10,0,10,40,28,12,18,10,0,10
2467,94,dublin,HEUSTON STATION (CAR PARK),Heuston Station (Car Park),False,False,OPEN,2024-12-26 12:57:01,True,False,,,53.346985,-6.297804,40,13,27,10,3,0,3,40,13,27,10,3,0,3
2468,105,dublin,GRANGEGORMAN LOWER (NORTH),Grangegorman Lower (North),False,False,OPEN,2024-12-26 13:04:32,True,False,,,53.355954,-6.278378,36,0,36,0,0,0,0,36,0,36,0,0,0,0
2469,36,dublin,ST. STEPHEN'S GREEN EAST,St. Stephen's Green East,False,False,OPEN,2024-12-26 12:55:34,True,False,,,53.337824,-6.256035,40,11,29,7,4,0,4,40,11,29,7,4,0,4
2470,93,dublin,HEUSTON STATION (CENTRAL),Heuston Station (Central),False,False,OPEN,2024-12-26 13:03:10,True,False,,,53.346603,-6.296924,40,14,26,13,1,0,1,40,14,26,13,1,0,1
2471,22,dublin,TOWNSEND STREET,Townsend Street,False,False,OPEN,2024-12-26 13:02:39,True,False,,,53.345922,-6.254614,20,19,1,12,7,0,7,20,19,1,12,7,0,7
2472,50,dublin,GEORGES LANE,George's Lane,False,False,OPEN,2024-12-26 12:57:55,True,False,,,53.35023,-6.279696,40,1,39,0,1,0,1,40,1,39,0,1,0,1
2473,110,dublin,PHIBSBOROUGH ROAD,Phibsborough Road,False,False,OPEN,2024-12-26 12:57:05,True,False,,,53.356307,-6.273717,40,7,33,1,6,0,6,40,7,33,1,6,0,6
2474,12,dublin,ECCLES STREET,Eccles Street,False,False,OPEN,2024-12-26 13:02:59,True,False,,,53.359246,-6.269779,20,1,19,0,1,0,1,20,1,19,0,1,0,1
2475,34,dublin,PORTOBELLO HARBOUR,Portobello Harbour,False,False,OPEN,2024-12-26 13:03:17,True,False,,,53.330362,-6.265163,30,2,28,2,0,0,0,30,2,28,2,0,0,0
2476,78,dublin,MATER HOSPITAL,Mater Hospital,False,False,OPEN,2024-12-26 13:02:52,True,False,,,53.359967,-6.264828,40,1,39,1,0,0,0,40,1,39,1,0,0,0
2477,2,dublin,BLESSINGTON STREET,Blessington Street,False,False,OPEN,2024-12-26 13:03:20,True,False,,,53.356769,-6.26814,20,4,16,2,2,0,2,20,4,16,2,2,0,2
2478,75,dublin,JAMES STREET,James Street,False,False,OPEN,2024-12-26 13:04:58,True,False,,,53.343456,-6.287409,40,18,22,15,3,0,3,40,18,22,15,3,0,3
2479,111,dublin,MOUNTJOY SQUARE EAST,Mountjoy Square East,False,False,OPEN,2024-12-26 12:56:20,True,False,,,53.356717,-6.256359,40,0,40,0,0,0,0,40,0,40,0,0,0,0
2480,26,dublin,MERRION SQUARE WEST,Merrion Square West,False,False,OPEN,2024-12-26 13:01:46,True,False,,,53.339764,-6.251988,20,5,15,4,1,0,1,20,5,15,4,1,0,1
2481,65,dublin,CONVENTION CENTRE,Convention Centre,False,False,OPEN,2024-12-26 13:04:52,True,False,,,53.34744,-6.238523,40,4,36,3,1,0,1,40,4,36,3,1,0,1
2482,15,dublin,HARDWICKE STREET,Hardwicke Street,False,False,OPEN,2024-12-26 13:04:44,True,False,,,53.355473,-6.264423,16,0,16,0,0,0,0,16,0,16,0,0,0,0
2483,86,dublin,PARKGATE STREET,Parkgate Street,False,False,OPEN,2024-12-26 12:59:45,True,False,,,53.347972,-6.291804,38,31,7,7,24,0,24,38,31,7,7,24,0,24
2484,35,dublin,SMITHFIELD,Smithfield,False,False,OPEN,2024-12-26 13:04:39,True,False,,,53.347692,-6.278214,30,11,19,3,8,0,8,30,11,19,3,8,0,8
2485,10,dublin,DAME STREET,Dame Street,False,False,OPEN,2024-12-26 13:04:52,True,False,,,53.344007,-6.266802,16,16,0,9,7,0,7,16,16,0,9,7,0,7
2486,100,dublin,HEUSTON BRIDGE (SOUTH),Heuston Bridge (South),False,False,OPEN,2024-12-26 13:02:06,True,False,,,53.347106,-6.292041,25,22,3,15,7,0,7,25,22,3,15,7,0,7
2487,24,dublin,CATHAL BRUGHA STREET,Cathal Brugha Street,False,False,OPEN,2024-12-26 12:55:15,True,False,,,53.352149,-6.260533,20,12,8,6,6,0,6,20,12,8,6,6,0,6
2488,64,dublin,SANDWITH STREET,Sandwith Street,False,False,OPEN,2024-12-26 13:04:11,True,False,,,53.345203,-6.247163,40,7,33,7,0,0,0,40,7,33,7,0,0,0
2489,109,dublin,BUCKINGHAM STREET LOWER,Buckingham Street Lower,False,False,OPEN,2024-12-26 13:00:37,True,False,,,53.353331,-6.249319,29,25,4,11,14,0,14,29,25,4,11,14,0,14
2490,85,dublin,ROTHE ABBEY,Rothe Abbey,False,False,OPEN,2024-12-26 13:03:24,True,False,,,53.338776,-6.30395,35,26,9,9,17,0,17,35,26,9,9,17,0,17
2491,107,dublin,CHARLEVILLE ROAD,Charleville Road,False,False,OPEN,2024-12-26 13:04:58,True,False,,,53.359157,-6.281866,40,5,35,3,2,0,2,40,5,35,3,2,0,2
2492,33,dublin,PRINCES STREET / O'CONNELL STREET,Princes Street / O'Connell Street,False,False,OPEN,2024-12-26 13:02:47,True,False,,,53.349013,-6.260311,23,23,0,10,13,0,13,23,23,0,10,13,0,13
2493,44,dublin,UPPER SHERRARD STREET,Upper Sherrard Street,False,False,OPEN,2024-12-26 12:58:43,True,False,,,53.358437,-6.260641,30,2,28,0,2,0,2,30,2,28,0,2,0,2
2494,89,dublin,FITZWILLIAM SQUARE EAST,Fitzwilliam Square East,False,False,OPEN,2024-12-26 13:04:22,True,False,,,53.335211,-6.2509,40,21,19,10,11,0,11,40,21,19,10,11,0,11
2495,57,dublin,GRATTAN STREET,Grattan Street,False,False,OPEN,2024-12-26 13:02:38,True,False,,,53.339629,-6.243778,23,6,17,4,2,0,2,23,6,17,4,2,0,2
2496,80,dublin,ST JAMES HOSPITAL (LUAS),St James Hospital (Luas),False,False,OPEN,2024-12-26 12:58:40,True,False,,,53.341359,-6.292951,40,12,28,3,9,0,9,40,12,28,3,9,0,9
2497,41,dublin,HARCOURT TERRACE,Harcourt Terrace,False,False,OPEN,2024-12-26 13:00:45,True,False,,,53.332763,-6.257942,20,0,20,0,0,0,0,20,0,20,0,0,0,0
2498,3,dublin,BOLTON STREET,Bolton Street,False,False,OPEN,2024-12-26 13:04:04,True,False,,,53.351182,-6.269859,20,14,6,10,4,0,4,20,14,6,10,4,0,4
2499,40,dublin,JERVIS STREET,Jervis Street,False,False,OPEN,2024-12-26 13:02:29,True,False,,,53.3483,-6.266651,21,19,2,14,5,0,5,21,19,2,14,5,0,5
2500,29,dublin,ORMOND QUAY UPPER,Ormond Quay Upper,False,False,OPEN,2024-12-26 12:56:21,True,False,,,53.346057,-6.268001,29,29,0,19,10,0,10,29,29,0,19,10,0,10
2501,103,dublin,GRANGEGORMAN LOWER (SOUTH),Grangegorman Lower (South),False,False,OPEN,2024-12-26 13:02:00,True,False,,,53.354663,-6.278681,40,0,40,0,0,0,0,40,0,40,0,0,0,0
2502,28,dublin,MOUNTJOY SQUARE WEST,Mountjoy Square West,False,False,OPEN,2024-12-26 12:56:20,True,False,,,53.356299,-6.258586,30,14,16,6,8,0,8,30,14,16,6,8,0,8
2503,39,dublin,WILTON TERRACE,Wilton Terrace,False,False,OPEN,2024-12-26 12:56:12,True,False,,,53.332383,-6.252717,20,8,12,3,5,0,5,20,8,12,3,5,0,5
2504,83,dublin,EMMET ROAD,Emmet Road,False,False,OPEN,2024-12-26 13:04:21,True,False,,,53.340714,-6.308191,40,18,22,14,4,0,4,40,18,22,14,4,0,4
2505,92,dublin,HEUSTON BRIDGE (NORTH),Heuston Bridge (North),False,False,OPEN,2024-12-26 13:02:45,True,False,,,53.347802,-6.292432,40,38,2,31,7,0,7,40,38,2,31,7,0,7
2506,21,dublin,LEINSTER STREET SOUTH,Leinster Street South,False,False,OPEN,2024-12-26 13:00:51,True,False,,,53.34218,-6.254485,30,9,21,2,7,0,7,30,9,21,2,7,0,7
2507,88,dublin,BLACKHALL PLACE,Blackhall Place,False,False,OPEN,2024-12-26 13:02:06,True,False,,,53.3488,-6.281637,30,1,29,1,0,0,0,30,1,29,1,0,0,0
2508,42,dublin,SMITHFIELD NORTH,Smithfield North,False,False,OPEN,2024-12-26 13:33:19,True,False,,,53.349562,-6.278198,30,1,29,1,0,0,0,30,1,29,1,0,0,0
2509,30,dublin,PARNELL SQUARE NORTH,Parnell Square North,False,False,OPEN,2024-12-26 13:26:15,True,False,,,53.3537415547453,-6.26530144781526,20,7,13,7,0,0,0,20,7,13,7,0,0,0
2510,54,dublin,CLONMEL STREET,Clonmel Street,False,False,OPEN,2024-12-26 13:26:03,True,False,,,53.336021,-6.26298,33,12,21,3,9,0,9,33,12,21,3,9,0,9
2511,108,dublin,AVONDALE ROAD,Avondale Road,False,False,OPEN,2024-12-26 13:31:08,True,False,,,53.359405,-6.276142,35,0,35,0,0,0,0,35,0,35,0,0,0,0
2512,20,dublin,JAMES STREET EAST,James Street East,False,False,OPEN,2024-12-26 13:34:46,True,False,,,53.336597,-6.248109,30,1,29,1,0,0,0,30,1,29,1,0,0,0
2513,56,dublin,MOUNT STREET LOWER,Mount Street Lower,False,False,OPEN,2024-12-26 13:31:28,True,False,,,53.33796,-6.24153,40,12,28,5,7,0,7,40,12,28,5,7,0,7
2514,6,dublin,CHRISTCHURCH PLACE,Christchurch Place,False,False,OPEN,2024-12-26 13:30:37,True,False,,,53.343368,-6.27012,20,9,11,5,4,0,4,20,9,11,5,4,0,4
2515,18,dublin,GRANTHAM STREET,Grantham Street,False,False,OPEN,2024-12-26 13:33:36,True,False,,,53.334123,-6.265436,30,14,16,8,6,0,6,30,14,16,8,6,0,6
2516,32,dublin,PEARSE STREET,Pearse Street,False,False,OPEN,2024-12-26 13:30:51,True,False,,,53.344304,-6.250427,30,15,15,11,4,0,4,30,15,15,11,4,0,4
2517,52,dublin,YORK STREET EAST,York Street East,False,False,OPEN,2024-12-26 13:34:07,True,False,,,53.338755,-6.262003,32,9,23,4,5,0,5,32,9,23,4,5,0,5
2518,48,dublin,EXCISE WALK,Excise Walk,False,False,OPEN,2024-12-26 13:31:45,True,False,,,53.347777,-6.244239,40,7,33,5,2,0,2,40,7,33,5,2,0,2
2519,13,dublin,FITZWILLIAM SQUARE WEST,Fitzwilliam Square West,False,False,OPEN,2024-12-26 13:33:52,True,False,,,53.336074,-6.252825,30,24,6,10,14,0,14,30,24,6,10,14,0,14
2520,43,dublin,PORTOBELLO ROAD,Portobello Road,False,False,OPEN,2024-12-26 13:34:13,True,False,,,53.330091,-6.268044,30,10,20,8,2,0,2,30,10,20,8,2,0,2
2521,31,dublin,PARNELL STREET,Parnell Street,False,False,OPEN,2024-12-26 13:26:33,True,False,,,53.350929,-6.265125,20,15,5,11,4,0,4,20,15,5,11,4,0,4
2522,98,dublin,FREDERICK STREET SOUTH,Frederick Street South,False,False,OPEN,2024-12-26 13:30:49,True,False,,,53.341515,-6.256853,40,16,24,11,5,0,5,40,16,24,11,5,0,5
2523,14,dublin,FOWNES STREET UPPER,Fownes Street Upper,False,False,OPEN,2024-12-26 13:33:46,True,False,,,53.344603,-6.263371,30,30,0,19,11,0,11,30,30,0,19,11,0,11
2524,1,dublin,CLARENDON ROW,Clarendon Row,False,False,OPEN,2024-12-26 13:34:44,True,False,,,53.340927,-6.262501,31,25,6,19,6,0,6,31,25,6,19,6,0,6
2525,23,dublin,CUSTOM HOUSE,Custom House,False,False,OPEN,2024-12-26 13:27:23,True,False,,,53.348279,-6.254662,30,23,7,19,4,0,4,30,23,7,19,4,0,4
2526,106,dublin,RATHDOWN ROAD,Rathdown Road,False,False,OPEN,2024-12-26 13:25:27,True,False,,,53.35893,-6.280337,40,12,28,0,12,0,12,40,12,28,0,12,0,12
2527,112,dublin,NORTH CIRCULAR ROAD (O'CONNELL'S),North Circular Road (O'Connell's),False,False,OPEN,2024-12-26 13:31:18,True,False,,,53.357841,-6.251557,30,0,30,0,0,0,0,30,0,30,0,0,0,0
2528,68,dublin,HANOVER QUAY,Hanover Quay,False,False,OPEN,2024-12-26 13:26:47,True,False,,,53.344115,-6.237153,40,11,29,5,6,0,6,40,11,29,5,6,0,6
2529,74,dublin,OLIVER BOND STREET,Oliver Bond Street,False,False,OPEN,2024-12-26 13:32:31,True,False,,,53.343893,-6.280531,30,22,8,15,7,0,7,30,22,8,15,7,0,7
2530,87,dublin,COLLINS BARRACKS MUSEUM,Collins Barracks Museum,False,False,OPEN,2024-12-26 13:31:48,True,False,,,53.347477,-6.28525,38,14,24,6,8,0,8,38,14,24,6,8,0,8
2531,84,dublin,BROOKFIELD ROAD,Brookfield Road,False,False,OPEN,2024-12-26 13:34:33,True,False,,,53.339005,-6.300217,30,20,10,11,9,0,9,30,20,10,11,9,0,9
2532,90,dublin,BENSON STREET,Benson Street,False,False,OPEN,2024-12-26 13:34:43,True,False,,,53.344153,-6.233451,40,8,32,7,1,0,1,40,8,32,7,1,0,1
2533,11,dublin,EARLSFORT TERRACE,Earlsfort Terrace,False,False,OPEN,2024-12-26 13:31:45,True,False,,,53.334295,-6.258503,30,17,13,11,6,0,6,30,17,13,11,6,0,6
2534,17,dublin,GOLDEN LANE,Golden Lane,False,False,OPEN,2024-12-26 13:33:24,True,False,,,53.340803,-6.267732,20,19,1,10,9,0,9,20,19,1,10,9,0,9
2535,45,dublin,DEVERELL PLACE,Deverell Place,False,False,OPEN,2024-12-26 13:34:20,True,False,,,53.351464,-6.255265,30,3,27,2,1,0,1,30,3,27,2,1,0,1
2536,114,dublin,WILTON TERRACE (PARK),Wilton Terrace (Park),False,False,OPEN,2024-12-26 13:33:51,True,False,,,53.333653,-6.248345,40,6,34,1,5,0,5,40,6,34,1,5,0,5
2537,72,dublin,JOHN STREET WEST,John Street West,False,False,OPEN,2024-12-26 13:32:06,True,False,,,53.343105,-6.277167,31,1,30,0,1,0,1,31,1,30,0,1,0,1
2538,63,dublin,FENIAN STREET,Fenian Street,False,False,OPEN,2024-12-26 13:32:13,True,False,,,53.341428,-6.24672,35,25,10,14,11,0,11,35,25,10,14,11,0,11
2539,113,dublin,MERRION SQUARE SOUTH,Merrion Square South,False,False,OPEN,2024-12-26 13:32:58,True,False,,,53.338614,-6.248606,40,9,20,6,3,0,3,40,9,20,6,3,0,3
2540,91,dublin,SOUTH DOCK ROAD,South Dock Road,False,False,OPEN,2024-12-26 13:33:54,True,False,,,53.341833,-6.231291,30,19,11,11,8,0,8,30,19,11,11,8,0,8
2541,99,dublin,CITY QUAY,City Quay,False,False,OPEN,2024-12-26 13:33:59,True,False,,,53.346637,-6.246154,30,22,8,9,13,0,13,30,22,8,9,13,0,13
2542,9,dublin,EXCHEQUER STREET,Exchequer Street,False,False,OPEN,2024-12-26 13:26:25,True,False,,,53.343034,-6.263578,24,24,0,19,5,0,5,24,24,0,19,5,0,5
2543,67,dublin,THE POINT,The Point,False,False,OPEN,2024-12-26 13:26:55,True,False,,,53.346867,-6.230852,40,27,13,13,14,0,14,40,27,13,13,14,0,14
2544,116,dublin,BROADSTONE,Broadstone,False,False,OPEN,2024-12-26 13:29:50,True,False,,,53.3547,-6.272314,30,21,9,10,11,0,11,30,21,9,10,11,0,11
2545,55,dublin,HATCH STREET,Hatch Street,False,False,OPEN,2024-12-26 13:34:13,True,False,,,53.33403,-6.260714,36,16,19,9,7,0,7,36,16,19,9,7,0,7
2546,62,dublin,LIME STREET,Lime Street,False,False,OPEN,2024-12-26 13:33:13,True,False,,,53.346026,-6.243576,40,16,24,8,8,0,8,40,16,24,8,8,0,8
2547,5,dublin,CHARLEMONT PLACE,Charlemont Street,False,False,OPEN,2024-12-26 13:25:09,True,False,,,53.330662,-6.260177,40,15,25,10,5,0,5,40,15,25,10,5,0,5
2548,97,dublin,KILMAINHAM GAOL,Kilmainham Gaol,False,False,OPEN,2024-12-26 13:32:08,True,False,,,53.342113,-6.310015,40,11,29,10,1,0,1,40,11,29,10,1,0,1
2549,61,dublin,HARDWICKE PLACE,Hardwicke Place,False,False,OPEN,2024-12-26 13:25:54,True,False,,,53.357043,-6.263232,25,10,15,9,1,0,1,25,10,15,9,1,0,1
2550,77,dublin,WOLFE TONE STREET,Wolfe Tone Street,False,False,OPEN,2024-12-26 13:33:34,True,False,,,53.348875,-6.267459,29,28,1,10,18,0,18,29,28,1,10,18,0,18
2551,73,dublin,FRANCIS STREET,Francis Street,False,False,OPEN,2024-12-26 13:25:44,True,False,,,53.342081,-6.275233,30,2,27,1,1,0,1,30,2,27,1,1,0,1
2552,4,dublin,GREEK STREET,Greek Street,False,False,OPEN,2024-12-26 13:33:09,True,False,,,53.346874,-6.272976,20,15,4,6,9,0,9,20,15,4,6,9,0,9
2553,49,dublin,GUILD STREET,Guild Street,False,False,OPEN,2024-12-26 13:33:27,True,False,,,53.347932,-6.240928,40,36,4,31,5,0,5,40,36,4,31,5,0,5
2554,19,dublin,HERBERT PLACE,Herbert Place,False,False,OPEN,2024-12-26 13:34:54,True,False,,,53.334432,-6.245575,30,3,27,2,1,0,1,30,3,27,2,1,0,1
2555,7,dublin,HIGH STREET,High Street,False,False,OPEN,2024-12-26 13:32:59,True,False,,,53.343565,-6.275071,29,1,28,1,0,0,0,29,1,28,1,0,0,0
2556,60,dublin,NORTH CIRCULAR ROAD,North Circular Road,False,False,OPEN,2024-12-26 13:34:45,True,False,,,53.359624,-6.260348,30,4,26,1,3,0,3,30,4,26,1,3,0,3
2557,102,dublin,WESTERN WAY,Western Way,False,False,OPEN,2024-12-26 13:30:44,True,False,,,53.354929,-6.269425,40,6,34,3,3,0,3,40,6,34,3,3,0,3
2558,38,dublin,TALBOT STREET,Talbot Street,False,False,OPEN,2024-12-26 13:29:52,True,False,,,53.350974,-6.25294,40,15,24,12,3,0,3,40,15,24,12,3,0,3
2559,53,dublin,NEWMAN HOUSE,Newman House,False,False,OPEN,2024-12-26 13:26:54,True,False,,,53.337132,-6.26059,40,11,29,10,1,0,1,40,11,29,10,1,0,1
2560,58,dublin,SIR PATRICK DUN'S,Sir Patrick's Dun,False,False,OPEN,2024-12-26 13:25:04,True,False,,,53.339218,-6.240642,40,35,5,27,8,0,8,40,35,5,27,8,0,8
2561,66,dublin,NEW CENTRAL BANK,New Central Bank,False,False,OPEN,2024-12-26 13:28:17,True,False,,,53.347122,-6.234749,40,1,39,0,1,0,1,40,1,39,0,1,0,1
2562,104,dublin,GRANGEGORMAN LOWER (CENTRAL),Grangegorman Lower (Central),False,False,OPEN,2024-12-26 13:28:27,True,False,,,53.355173,-6.278424,40,4,36,2,2,0,2,40,4,36,2,2,0,2
2563,101,dublin,KING STREET NORTH,King Street North,False,False,OPEN,2024-12-26 13:34:05,True,False,,,53.350291,-6.273507,30,6,24,5,1,0,1,30,6,24,5,1,0,1
2564,115,dublin,KILLARNEY STREET,Killarney Street,False,False,OPEN,2024-12-26 13:34:43,True,False,,,53.354845,-6.247579,30,22,8,13,9,0,9,30,22,8,13,9,0,9
2565,47,dublin,HERBERT STREET,Herbert Street,False,False,OPEN,2024-12-26 13:25:26,True,False,,,53.335742,-6.24551,40,0,40,0,0,0,0,40,0,40,0,0,0,0
2566,117,dublin,HANOVER QUAY EAST,Hanover Quay East,False,False,OPEN,2024-12-26 13:32:31,True,False,,,53.343653,-6.231755,40,0,40,0,0,0,0,40,0,40,0,0,0,0
2567,8,dublin,CUSTOM HOUSE QUAY,Custom House Quay,False,False,OPEN,2024-12-26 13:31:49,True,False,,,53.347884,-6.248048,30,20,10,13,7,0,7,30,20,10,13,7,0,7
2568,27,dublin,MOLESWORTH STREET,Molesworth Street,False,False,OPEN,2024-12-26 13:32:26,True,False,,,53.341288,-6.258117,20,7,13,4,3,0,3,20,7,13,4,3,0,3
2569,16,dublin,GEORGES QUAY,Georges Quay,False,False,OPEN,2024-12-26 13:33:02,True,False,,,53.347508,-6.252192,20,14,6,10,4,0,4,20,14,6,10,4,0,4
2570,96,dublin,KILMAINHAM LANE,Kilmainham Lane,False,False,OPEN,2024-12-26 13:31:09,True,False,,,53.341805,-6.305085,30,9,21,8,1,0,1,30,9,21,8,1,0,1
2571,82,dublin,MOUNT BROWN,Mount Brown,False,False,OPEN,2024-12-26 13:31:43,True,False,,,53.341645,-6.29719,22,7,15,2,5,0,5,22,7,15,2,5,0,5
2572,76,dublin,MARKET STREET SOUTH,Market Street South,False,False,OPEN,2024-12-26 13:31:07,True,False,,,53.342296,-6.287661,38,2,36,1,1,0,1,38,2,36,1,1,0,1
2573,71,dublin,KEVIN STREET,Kevin Street,False,False,OPEN,2024-12-26 13:31:03,True,False,,,53.337757,-6.267699,40,18,22,9,9,0,9,40,18,22,9,9,0,9
2574,79,dublin,ECCLES STREET EAST,Eccles Street East,False,False,OPEN,2024-12-26 13:27:40,True,False,,,53.358115,-6.265601,27,0,27,0,0,0,0,27,0,27,0,0,0,0
2575,69,dublin,GRAND CANAL DOCK,Grand Canal Dock,False,False,OPEN,2024-12-26 13:26:30,True,False,,,53.342638,-6.238695,40,31,9,18,13,0,13,40,31,9,18,13,0,13
2576,25,dublin,MERRION SQUARE EAST,Merrion Square East,False,False,OPEN,2024-12-26 13:25:36,True,False,,,53.339434,-6.246548,30,3,27,2,1,0,1,30,3,27,2,1,0,1
2577,51,dublin,YORK STREET WEST,York Street West,False,False,OPEN,2024-12-26 13:32:17,True,False,,,53.339334,-6.264699,40,0,0,0,0,0,0,40,0,0,0,0,0,0
2578,37,dublin,ST. STEPHEN'S GREEN SOUTH,St. Stephen's Green South,False,False,OPEN,2024-12-26 13:26:21,True,False,,,53.337494,-6.26199,30,15,15,8,7,0,7,30,15,15,8,7,0,7
2579,59,dublin,DENMARK STREET GREAT,Denmark Street Great,False,False,OPEN,2024-12-26 13:26:31,True,False,,,53.35561,-6.261397,20,0,20,0,0,0,0,20,0,20,0,0,0,0
2580,95,dublin,ROYAL HOSPITAL,Royal Hospital,False,False,OPEN,2024-12-26 13:32:50,True,False,,,53.343897,-6.29706,40,28,12,18,10,0,10,40,28,12,18,10,0,10
2581,94,dublin,HEUSTON STATION (CAR PARK),Heuston Station (Car Park),False,False,OPEN,2024-12-26 13:27:16,True,False,,,53.346985,-6.297804,40,13,27,10,3,0,3,40,13,27,10,3,0,3
2582,105,dublin,GRANGEGORMAN LOWER (NORTH),Grangegorman Lower (North),False,False,OPEN,2024-12-26 13:34:48,True,False,,,53.355954,-6.278378,36,0,36,0,0,0,0,36,0,36,0,0,0,0
2583,36,dublin,ST. STEPHEN'S GREEN EAST,St. Stephen's Green East,False,False,OPEN,2024-12-26 13:25:52,True,False,,,53.337824,-6.256035,40,11,29,7,4,0,4,40,11,29,7,4,0,4
2584,93,dublin,HEUSTON STATION (CENTRAL),Heuston Station (Central),False,False,OPEN,2024-12-26 13:33:22,True,False,,,53.346603,-6.296924,40,14,26,13,1,0,1,40,14,26,13,1,0,1
2585,22,dublin,TOWNSEND STREET,Townsend Street,False,False,OPEN,2024-12-26 13:32:56,True,False,,,53.345922,-6.254614,20,20,0,13,7,0,7,20,20,0,13,7,0,7
2586,50,dublin,GEORGES LANE,George's Lane,False,False,OPEN,2024-12-26 13:32:48,True,False,,,53.35023,-6.279696,40,0,40,0,0,0,0,40,0,40,0,0,0,0
2587,110,dublin,PHIBSBOROUGH ROAD,Phibsborough Road,False,False,OPEN,2024-12-26 13:27:16,True,False,,,53.356307,-6.273717,40,7,33,1,6,0,6,40,7,33,1,6,0,6
2588,12,dublin,ECCLES STREET,Eccles Street,False,False,OPEN,2024-12-26 13:33:17,True,False,,,53.359246,-6.269779,20,0,20,0,0,0,0,20,0,20,0,0,0,0
2589,34,dublin,PORTOBELLO HARBOUR,Portobello Harbour,False,False,OPEN,2024-12-26 13:33:35,True,False,,,53.330362,-6.265163,30,1,29,1,0,0,0,30,1,29,1,0,0,0
2590,78,dublin,MATER HOSPITAL,Mater Hospital,False,False,OPEN,2024-12-26 13:33:05,True,False,,,53.359967,-6.264828,40,0,40,0,0,0,0,40,0,40,0,0,0,0
2591,2,dublin,BLESSINGTON STREET,Blessington Street,False,False,OPEN,2024-12-26 13:33:32,True,False,,,53.356769,-6.26814,20,4,16,2,2,0,2,20,4,16,2,2,0,2
2592,75,dublin,JAMES STREET,James Street,False,False,OPEN,2024-12-26 13:25:08,True,False,,,53.343456,-6.287409,40,18,22,15,3,0,3,40,18,22,15,3,0,3
2593,111,dublin,MOUNTJOY SQUARE EAST,Mountjoy Square East,False,False,OPEN,2024-12-26 13:26:33,True,False,,,53.356717,-6.256359,40,0,40,0,0,0,0,40,0,40,0,0,0,0
2594,26,dublin,MERRION SQUARE WEST,Merrion Square West,False,False,OPEN,2024-12-26 13:31:58,True,False,,,53.339764,-6.251988,20,5,15,4,1,0,1,20,5,15,4,1,0,1
2595,65,dublin,CONVENTION CENTRE,Convention Centre,False,False,OPEN,2024-12-26 13:25:03,True,False,,,53.34744,-6.238523,40,3,37,2,1,0,1,40,3,37,2,1,0,1
2596,15,dublin,HARDWICKE STREET,Hardwicke Street,False,False,OPEN,2024-12-26 13:34:59,True,False,,,53.355473,-6.264423,16,1,15,0,1,0,1,16,1,15,0,1,0,1
2597,86,dublin,PARKGATE STREET,Parkgate Street,False,False,OPEN,2024-12-26 13:30:03,True,False,,,53.347972,-6.291804,38,32,6,8,24,0,24,38,32,6,8,24,0,24
2598,35,dublin,SMITHFIELD,Smithfield,False,False,OPEN,2024-12-26 13:34:53,True,False,,,53.347692,-6.278214,30,10,20,3,7,0,7,30,10,20,3,7,0,7
2599,10,dublin,DAME STREET,Dame Street,False,False,OPEN,2024-12-26 13:25:00,True,False,,,53.344007,-6.266802,16,16,0,9,7,0,7,16,16,0,9,7,0,7
2600,100,dublin,HEUSTON BRIDGE (SOUTH),Heuston Bridge (South),False,False,OPEN,2024-12-26 13:34:56,True,False,,,53.347106,-6.292041,25,23,2,14,9,0,9,25,23,2,14,9,0,9
2601,24,dublin,CATHAL BRUGHA STREET,Cathal Brugha Street,False,False,OPEN,2024-12-26 13:25:29,True,False,,,53.352149,-6.260533,20,13,6,7,6,0,6,20,13,6,7,6,0,6
2602,64,dublin,SANDWITH STREET,Sandwith Street,False,False,OPEN,2024-12-26 13:34:24,True,False,,,53.345203,-6.247163,40,8,32,8,0,0,0,40,8,32,8,0,0,0
2603,109,dublin,BUCKINGHAM STREET LOWER,Buckingham Street Lower,False,False,OPEN,2024-12-26 13:26:15,True,False,,,53.353331,-6.249319,29,25,4,11,14,0,14,29,25,4,11,14,0,14
2604,85,dublin,ROTHE ABBEY,Rothe Abbey,False,False,OPEN,2024-12-26 13:27:37,True,False,,,53.338776,-6.30395,35,26,9,9,17,0,17,35,26,9,9,17,0,17
2605,107,dublin,CHARLEVILLE ROAD,Charleville Road,False,False,OPEN,2024-12-26 13:25:06,True,False,,,53.359157,-6.281866,40,5,35,3,2,0,2,40,5,35,3,2,0,2
2606,33,dublin,PRINCES STREET / O'CONNELL STREET,Princes Street / O'Connell Street,False,False,OPEN,2024-12-26 13:32:45,True,False,,,53.349013,-6.260311,23,23,0,10,13,0,13,23,23,0,10,13,0,13
2607,44,dublin,UPPER SHERRARD STREET,Upper Sherrard Street,False,False,OPEN,2024-12-26 13:31:35,True,False,,,53.358437,-6.260641,30,2,28,1,1,0,1,30,2,28,1,1,0,1
2608,89,dublin,FITZWILLIAM SQUARE EAST,Fitzwilliam Square East,False,False,OPEN,2024-12-26 13:34:34,True,False,,,53.335211,-6.2509,40,21,19,10,11,0,11,40,21,19,10,11,0,11
2609,57,dublin,GRATTAN STREET,Grattan Street,False,False,OPEN,2024-12-26 13:32:53,True,False,,,53.339629,-6.243778,23,6,17,4,2,0,2,23,6,17,4,2,0,2
2610,80,dublin,ST JAMES HOSPITAL (LUAS),St James Hospital (Luas),False,False,OPEN,2024-12-26 13:28:52,True,False,,,53.341359,-6.292951,40,12,28,3,9,0,9,40,12,28,3,9,0,9
2611,41,dublin,HARCOURT TERRACE,Harcourt Terrace,False,False,OPEN,2024-12-26 13:31:01,True,False,,,53.332763,-6.257942,20,0,20,0,0,0,0,20,0,20,0,0,0,0
2612,3,dublin,BOLTON STREET,Bolton Street,False,False,OPEN,2024-12-26 13:34:16,True,False,,,53.351182,-6.269859,20,14,6,10,4,0,4,20,14,6,10,4,0,4
2613,40,dublin,JERVIS STREET,Jervis Street,False,False,OPEN,2024-12-26 13:25:43,True,False,,,53.3483,-6.266651,21,20,1,15,5,0,5,21,20,1,15,5,0,5
2614,29,dublin,ORMOND QUAY UPPER,Ormond Quay Upper,False,False,OPEN,2024-12-26 13:26:04,True,False,,,53.346057,-6.268001,29,29,0,19,10,0,10,29,29,0,19,10,0,10
2615,103,dublin,GRANGEGORMAN LOWER (SOUTH),Grangegorman Lower (South),False,False,OPEN,2024-12-26 13:32:11,True,False,,,53.354663,-6.278681,40,0,40,0,0,0,0,40,0,40,0,0,0,0
2616,28,dublin,MOUNTJOY SQUARE WEST,Mountjoy Square West,False,False,OPEN,2024-12-26 13:26:38,True,False,,,53.356299,-6.258586,30,13,17,6,7,0,7,30,13,17,6,7,0,7
2617,39,dublin,WILTON TERRACE,Wilton Terrace,False,False,OPEN,2024-12-26 13:26:29,True,False,,,53.332383,-6.252717,20,6,14,2,4,0,4,20,6,14,2,4,0,4
2618,83,dublin,EMMET ROAD,Emmet Road,False,False,OPEN,2024-12-26 13:34:36,True,False,,,53.340714,-6.308191,40,16,24,12,4,0,4,40,16,24,12,4,0,4
2619,92,dublin,HEUSTON BRIDGE (NORTH),Heuston Bridge (North),False,False,OPEN,2024-12-26 13:33:00,True,False,,,53.347802,-6.292432,40,38,2,31,7,0,7,40,38,2,31,7,0,7
2620,21,dublin,LEINSTER STREET SOUTH,Leinster Street South,False,False,OPEN,2024-12-26 13:31:21,True,False,,,53.34218,-6.254485,30,10,20,2,8,0,8,30,10,20,2,8,0,8
2621,88,dublin,BLACKHALL PLACE,Blackhall Place,False,False,OPEN,2024-12-26 13:32:18,True,False,,,53.3488,-6.281637,30,1,29,1,0,0,0,30,1,29,1,0,0,0
2622,42,dublin,SMITHFIELD NORTH,Smithfield North,False,False,OPEN,2024-12-26 14:03:33,True,False,,,53.349562,-6.278198,30,6,24,3,3,0,3,30,6,24,3,3,0,3
2623,30,dublin,PARNELL SQUARE NORTH,Parnell Square North,False,False,OPEN,2024-12-26 13:56:27,True,False,,,53.3537415547453,-6.26530144781526,20,7,13,7,0,0,0,20,7,13,7,0,0,0
2624,54,dublin,CLONMEL STREET,Clonmel Street,False,False,OPEN,2024-12-26 13:56:18,True,False,,,53.336021,-6.26298,33,12,21,3,9,0,9,33,12,21,3,9,0,9
2625,108,dublin,AVONDALE ROAD,Avondale Road,False,False,OPEN,2024-12-26 13:57:11,True,False,,,53.359405,-6.276142,35,0,35,0,0,0,0,35,0,35,0,0,0,0
2626,20,dublin,JAMES STREET EAST,James Street East,False,False,OPEN,2024-12-26 14:04:57,True,False,,,53.336597,-6.248109,30,1,29,1,0,0,0,30,1,29,1,0,0,0
2627,56,dublin,MOUNT STREET LOWER,Mount Street Lower,False,False,OPEN,2024-12-26 14:01:43,True,False,,,53.33796,-6.24153,40,11,29,4,7,0,7,40,11,29,4,7,0,7
2628,6,dublin,CHRISTCHURCH PLACE,Christchurch Place,False,False,OPEN,2024-12-26 14:04:32,True,False,,,53.343368,-6.27012,20,9,11,4,5,0,5,20,9,11,4,5,0,5
2629,18,dublin,GRANTHAM STREET,Grantham Street,False,False,OPEN,2024-12-26 14:03:52,True,False,,,53.334123,-6.265436,30,15,15,9,6,0,6,30,15,15,9,6,0,6
2630,32,dublin,PEARSE STREET,Pearse Street,False,False,OPEN,2024-12-26 14:01:03,True,False,,,53.344304,-6.250427,30,15,15,11,4,0,4,30,15,15,11,4,0,4
2631,52,dublin,YORK STREET EAST,York Street East,False,False,OPEN,2024-12-26 14:04:23,True,False,,,53.338755,-6.262003,32,9,23,4,5,0,5,32,9,23,4,5,0,5
2632,48,dublin,EXCISE WALK,Excise Walk,False,False,OPEN,2024-12-26 14:04:22,True,False,,,53.347777,-6.244239,40,8,32,6,2,0,2,40,8,32,6,2,0,2
2633,13,dublin,FITZWILLIAM SQUARE WEST,Fitzwilliam Square West,False,False,OPEN,2024-12-26 14:04:08,True,False,,,53.336074,-6.252825,30,24,6,10,14,0,14,30,24,6,10,14,0,14
2634,43,dublin,PORTOBELLO ROAD,Portobello Road,False,False,OPEN,2024-12-26 14:04:24,True,False,,,53.330091,-6.268044,30,12,18,10,2,0,2,30,12,18,10,2,0,2
2635,31,dublin,PARNELL STREET,Parnell Street,False,False,OPEN,2024-12-26 13:56:50,True,False,,,53.350929,-6.265125,20,14,6,10,4,0,4,20,14,6,10,4,0,4
2636,98,dublin,FREDERICK STREET SOUTH,Frederick Street South,False,False,OPEN,2024-12-26 14:01:01,True,False,,,53.341515,-6.256853,40,16,24,11,5,0,5,40,16,24,11,5,0,5
2637,14,dublin,FOWNES STREET UPPER,Fownes Street Upper,False,False,OPEN,2024-12-26 14:03:58,True,False,,,53.344603,-6.263371,30,30,0,20,10,0,10,30,30,0,20,10,0,10
2638,1,dublin,CLARENDON ROW,Clarendon Row,False,False,OPEN,2024-12-26 14:01:14,True,False,,,53.340927,-6.262501,31,25,6,19,6,0,6,31,25,6,19,6,0,6
2639,23,dublin,CUSTOM HOUSE,Custom House,False,False,OPEN,2024-12-26 13:57:43,True,False,,,53.348279,-6.254662,30,26,4,20,6,0,6,30,26,4,20,6,0,6
2640,106,dublin,RATHDOWN ROAD,Rathdown Road,False,False,OPEN,2024-12-26 13:55:41,True,False,,,53.35893,-6.280337,40,12,28,0,12,0,12,40,12,28,0,12,0,12
2641,112,dublin,NORTH CIRCULAR ROAD (O'CONNELL'S),North Circular Road (O'Connell's),False,False,OPEN,2024-12-26 14:01:34,True,False,,,53.357841,-6.251557,30,0,30,0,0,0,0,30,0,30,0,0,0,0
2642,68,dublin,HANOVER QUAY,Hanover Quay,False,False,OPEN,2024-12-26 13:57:00,True,False,,,53.344115,-6.237153,40,10,30,5,5,0,5,40,10,30,5,5,0,5
2643,74,dublin,OLIVER BOND STREET,Oliver Bond Street,False,False,OPEN,2024-12-26 14:02:47,True,False,,,53.343893,-6.280531,30,22,8,15,7,0,7,30,22,8,15,7,0,7
2644,87,dublin,COLLINS BARRACKS MUSEUM,Collins Barracks Museum,False,False,OPEN,2024-12-26 14:02:01,True,False,,,53.347477,-6.28525,38,13,25,5,8,0,8,38,13,25,5,8,0,8
2645,84,dublin,BROOKFIELD ROAD,Brookfield Road,False,False,OPEN,2024-12-26 14:04:49,True,False,,,53.339005,-6.300217,30,20,10,11,9,0,9,30,20,10,11,9,0,9
2646,90,dublin,BENSON STREET,Benson Street,False,False,OPEN,2024-12-26 14:04:12,True,False,,,53.344153,-6.233451,40,8,32,7,1,0,1,40,8,32,7,1,0,1
2647,11,dublin,EARLSFORT TERRACE,Earlsfort Terrace,False,False,OPEN,2024-12-26 14:01:57,True,False,,,53.334295,-6.258503,30,18,12,12,6,0,6,30,18,12,12,6,0,6
2648,17,dublin,GOLDEN LANE,Golden Lane,False,False,OPEN,2024-12-26 14:03:43,True,False,,,53.340803,-6.267732,20,19,1,10,9,0,9,20,19,1,10,9,0,9
2649,45,dublin,DEVERELL PLACE,Deverell Place,False,False,OPEN,2024-12-26 14:04:31,True,False,,,53.351464,-6.255265,30,4,26,2,2,0,2,30,4,26,2,2,0,2
2650,114,dublin,WILTON TERRACE (PARK),Wilton Terrace (Park),False,False,OPEN,2024-12-26 14:04:03,True,False,,,53.333653,-6.248345,40,6,34,1,5,0,5,40,6,34,1,5,0,5
2651,72,dublin,JOHN STREET WEST,John Street West,False,False,OPEN,2024-12-26 14:02:19,True,False,,,53.343105,-6.277167,31,1,30,0,1,0,1,31,1,30,0,1,0,1
2652,63,dublin,FENIAN STREET,Fenian Street,False,False,OPEN,2024-12-26 14:02:25,True,False,,,53.341428,-6.24672,35,25,10,14,11,0,11,35,25,10,14,11,0,11
2653,113,dublin,MERRION SQUARE SOUTH,Merrion Square South,False,False,OPEN,2024-12-26 14:03:13,True,False,,,53.338614,-6.248606,40,9,20,6,3,0,3,40,9,20,6,3,0,3
2654,91,dublin,SOUTH DOCK ROAD,South Dock Road,False,False,OPEN,2024-12-26 14:04:10,True,False,,,53.341833,-6.231291,30,21,9,12,9,0,9,30,21,9,12,9,0,9
2655,99,dublin,CITY QUAY,City Quay,False,False,OPEN,2024-12-26 14:04:19,True,False,,,53.346637,-6.246154,30,20,10,8,12,0,12,30,20,10,8,12,0,12
2656,9,dublin,EXCHEQUER STREET,Exchequer Street,False,False,OPEN,2024-12-26 13:56:20,True,False,,,53.343034,-6.263578,24,24,0,19,5,0,5,24,24,0,19,5,0,5
2657,67,dublin,THE POINT,The Point,False,False,OPEN,2024-12-26 13:56:18,True,False,,,53.346867,-6.230852,40,24,16,12,12,0,12,40,24,16,12,12,0,12
2658,116,dublin,BROADSTONE,Broadstone,False,False,OPEN,2024-12-26 14:03:05,True,False,,,53.3547,-6.272314,30,19,11,8,11,0,11,30,19,11,8,11,0,11
2659,55,dublin,HATCH STREET,Hatch Street,False,False,OPEN,2024-12-26 14:04:25,True,False,,,53.33403,-6.260714,36,16,19,9,7,0,7,36,16,19,9,7,0,7
2660,62,dublin,LIME STREET,Lime Street,False,False,OPEN,2024-12-26 14:03:25,True,False,,,53.346026,-6.243576,40,17,23,8,9,0,9,40,17,23,8,9,0,9
2661,5,dublin,CHARLEMONT PLACE,Charlemont Street,False,False,OPEN,2024-12-26 13:55:24,True,False,,,53.330662,-6.260177,40,15,25,10,5,0,5,40,15,25,10,5,0,5
2662,97,dublin,KILMAINHAM GAOL,Kilmainham Gaol,False,False,OPEN,2024-12-26 14:02:29,True,False,,,53.342113,-6.310015,40,9,31,8,1,0,1,40,9,31,8,1,0,1
2663,61,dublin,HARDWICKE PLACE,Hardwicke Place,False,False,OPEN,2024-12-26 13:56:09,True,False,,,53.357043,-6.263232,25,10,15,9,1,0,1,25,10,15,9,1,0,1
2664,77,dublin,WOLFE TONE STREET,Wolfe Tone Street,False,False,OPEN,2024-12-26 14:03:36,True,False,,,53.348875,-6.267459,29,28,1,11,17,0,17,29,28,1,11,17,0,17
2665,73,dublin,FRANCIS STREET,Francis Street,False,False,OPEN,2024-12-26 13:55:56,True,False,,,53.342081,-6.275233,30,2,27,1,1,0,1,30,2,27,1,1,0,1
2666,4,dublin,GREEK STREET,Greek Street,False,False,OPEN,2024-12-26 14:03:26,True,False,,,53.346874,-6.272976,20,14,5,5,9,0,9,20,14,5,5,9,0,9
2667,49,dublin,GUILD STREET,Guild Street,False,False,OPEN,2024-12-26 14:03:44,True,False,,,53.347932,-6.240928,40,35,5,30,5,0,5,40,35,5,30,5,0,5
2668,19,dublin,HERBERT PLACE,Herbert Place,False,False,OPEN,2024-12-26 13:55:02,True,False,,,53.334432,-6.245575,30,3,27,2,1,0,1,30,3,27,2,1,0,1
2669,7,dublin,HIGH STREET,High Street,False,False,OPEN,2024-12-26 14:03:16,True,False,,,53.343565,-6.275071,29,0,29,0,0,0,0,29,0,29,0,0,0,0
2670,60,dublin,NORTH CIRCULAR ROAD,North Circular Road,False,False,OPEN,2024-12-26 14:04:57,True,False,,,53.359624,-6.260348,30,4,26,1,3,0,3,30,4,26,1,3,0,3
2671,102,dublin,WESTERN WAY,Western Way,False,False,OPEN,2024-12-26 14:03:48,True,False,,,53.354929,-6.269425,40,3,37,2,1,0,1,40,3,37,2,1,0,1
2672,38,dublin,TALBOT STREET,Talbot Street,False,False,OPEN,2024-12-26 14:00:07,True,False,,,53.350974,-6.25294,40,15,24,12,3,0,3,40,15,24,12,3,0,3
2673,53,dublin,NEWMAN HOUSE,Newman House,False,False,OPEN,2024-12-26 13:57:05,True,False,,,53.337132,-6.26059,40,11,29,10,1,0,1,40,11,29,10,1,0,1
2674,58,dublin,SIR PATRICK DUN'S,Sir Patrick's Dun,False,False,OPEN,2024-12-26 13:56:40,True,False,,,53.339218,-6.240642,40,36,4,28,8,0,8,40,36,4,28,8,0,8
2675,66,dublin,NEW CENTRAL BANK,New Central Bank,False,False,OPEN,2024-12-26 13:58:30,True,False,,,53.347122,-6.234749,40,2,38,0,2,0,2,40,2,38,0,2,0,2
2676,104,dublin,GRANGEGORMAN LOWER (CENTRAL),Grangegorman Lower (Central),False,False,OPEN,2024-12-26 13:58:43,True,False,,,53.355173,-6.278424,40,4,36,2,2,0,2,40,4,36,2,2,0,2
2677,101,dublin,KING STREET NORTH,King Street North,False,False,OPEN,2024-12-26 14:04:21,True,False,,,53.350291,-6.273507,30,6,24,5,1,0,1,30,6,24,5,1,0,1
2678,115,dublin,KILLARNEY STREET,Killarney Street,False,False,OPEN,2024-12-26 14:04:59,True,False,,,53.354845,-6.247579,30,20,10,11,9,0,9,30,20,10,11,9,0,9
2679,47,dublin,HERBERT STREET,Herbert Street,False,False,OPEN,2024-12-26 13:55:38,True,False,,,53.335742,-6.24551,40,0,40,0,0,0,0,40,0,40,0,0,0,0
2680,117,dublin,HANOVER QUAY EAST,Hanover Quay East,False,False,OPEN,2024-12-26 14:02:41,True,False,,,53.343653,-6.231755,40,0,40,0,0,0,0,40,0,40,0,0,0,0
2681,8,dublin,CUSTOM HOUSE QUAY,Custom House Quay,False,False,OPEN,2024-12-26 14:02:48,True,False,,,53.347884,-6.248048,30,21,9,14,7,0,7,30,21,9,14,7,0,7
2682,27,dublin,MOLESWORTH STREET,Molesworth Street,False,False,OPEN,2024-12-26 14:02:37,True,False,,,53.341288,-6.258117,20,7,13,4,3,0,3,20,7,13,4,3,0,3
2683,16,dublin,GEORGES QUAY,Georges Quay,False,False,OPEN,2024-12-26 14:03:16,True,False,,,53.347508,-6.252192,20,15,5,11,4,0,4,20,15,5,11,4,0,4
2684,96,dublin,KILMAINHAM LANE,Kilmainham Lane,False,False,OPEN,2024-12-26 14:01:21,True,False,,,53.341805,-6.305085,30,9,21,8,1,0,1,30,9,21,8,1,0,1
2685,82,dublin,MOUNT BROWN,Mount Brown,False,False,OPEN,2024-12-26 14:02:56,True,False,,,53.341645,-6.29719,22,8,14,3,5,0,5,22,8,14,3,5,0,5
2686,76,dublin,MARKET STREET SOUTH,Market Street South,False,False,OPEN,2024-12-26 14:01:20,True,False,,,53.342296,-6.287661,38,3,35,1,2,0,2,38,3,35,1,2,0,2
2687,71,dublin,KEVIN STREET,Kevin Street,False,False,OPEN,2024-12-26 14:00:25,True,False,,,53.337757,-6.267699,40,18,22,9,9,0,9,40,18,22,9,9,0,9
2688,79,dublin,ECCLES STREET EAST,Eccles Street East,False,False,OPEN,2024-12-26 13:57:51,True,False,,,53.358115,-6.265601,27,0,27,0,0,0,0,27,0,27,0,0,0,0
2689,69,dublin,GRAND CANAL DOCK,Grand Canal Dock,False,False,OPEN,2024-12-26 14:03:05,True,False,,,53.342638,-6.238695,40,31,9,17,14,0,14,40,31,9,17,14,0,14
2690,25,dublin,MERRION SQUARE EAST,Merrion Square East,False,False,OPEN,2024-12-26 13:55:48,True,False,,,53.339434,-6.246548,30,3,27,2,1,0,1,30,3,27,2,1,0,1
2691,51,dublin,YORK STREET WEST,York Street West,False,False,OPEN,2024-12-26 14:02:28,True,False,,,53.339334,-6.264699,40,0,0,0,0,0,0,40,0,0,0,0,0,0
2692,37,dublin,ST. STEPHEN'S GREEN SOUTH,St. Stephen's Green South,False,False,OPEN,2024-12-26 13:56:36,True,False,,,53.337494,-6.26199,30,15,15,8,7,0,7,30,15,15,8,7,0,7
2693,59,dublin,DENMARK STREET GREAT,Denmark Street Great,False,False,OPEN,2024-12-26 13:57:11,True,False,,,53.35561,-6.261397,20,0,20,0,0,0,0,20,0,20,0,0,0,0
2694,95,dublin,ROYAL HOSPITAL,Royal Hospital,False,False,OPEN,2024-12-26 14:03:03,True,False,,,53.343897,-6.29706,40,28,12,18,10,0,10,40,28,12,18,10,0,10
2695,94,dublin,HEUSTON STATION (CAR PARK),Heuston Station (Car Park),False,False,OPEN,2024-12-26 13:57:33,True,False,,,53.346985,-6.297804,40,13,27,10,3,0,3,40,13,27,10,3,0,3
2696,105,dublin,GRANGEGORMAN LOWER (NORTH),Grangegorman Lower (North),False,False,OPEN,2024-12-26 13:54:58,True,False,,,53.355954,-6.278378,36,0,36,0,0,0,0,36,0,36,0,0,0,0
2697,36,dublin,ST. STEPHEN'S GREEN EAST,St. Stephen's Green East,False,False,OPEN,2024-12-26 13:56:09,True,False,,,53.337824,-6.256035,40,11,29,7,4,0,4,40,11,29,7,4,0,4
2698,93,dublin,HEUSTON STATION (CENTRAL),Heuston Station (Central),False,False,OPEN,2024-12-26 14:03:33,True,False,,,53.346603,-6.296924,40,14,26,13,1,0,1,40,14,26,13,1,0,1
2699,22,dublin,TOWNSEND STREET,Townsend Street,False,False,OPEN,2024-12-26 14:03:12,True,False,,,53.345922,-6.254614,20,20,0,13,7,0,7,20,20,0,13,7,0,7
2700,50,dublin,GEORGES LANE,George's Lane,False,False,OPEN,2024-12-26 13:58:20,True,False,,,53.35023,-6.279696,40,0,40,0,0,0,0,40,0,40,0,0,0,0
2701,110,dublin,PHIBSBOROUGH ROAD,Phibsborough Road,False,False,OPEN,2024-12-26 13:57:28,True,False,,,53.356307,-6.273717,40,7,33,1,6,0,6,40,7,33,1,6,0,6
2702,12,dublin,ECCLES STREET,Eccles Street,False,False,OPEN,2024-12-26 14:03:33,True,False,,,53.359246,-6.269779,20,0,20,0,0,0,0,20,0,20,0,0,0,0
2703,34,dublin,PORTOBELLO HARBOUR,Portobello Harbour,False,False,OPEN,2024-12-26 14:03:51,True,False,,,53.330362,-6.265163,30,3,27,2,1,0,1,30,3,27,2,1,0,1
2704,78,dublin,MATER HOSPITAL,Mater Hospital,False,False,OPEN,2024-12-26 14:03:17,True,False,,,53.359967,-6.264828,40,0,40,0,0,0,0,40,0,40,0,0,0,0
2705,2,dublin,BLESSINGTON STREET,Blessington Street,False,False,OPEN,2024-12-26 14:03:46,True,False,,,53.356769,-6.26814,20,3,17,1,2,0,2,20,3,17,1,2,0,2
2706,75,dublin,JAMES STREET,James Street,False,False,OPEN,2024-12-26 13:55:24,True,False,,,53.343456,-6.287409,40,18,22,15,3,0,3,40,18,22,15,3,0,3
2707,111,dublin,MOUNTJOY SQUARE EAST,Mountjoy Square East,False,False,OPEN,2024-12-26 13:56:46,True,False,,,53.356717,-6.256359,40,0,40,0,0,0,0,40,0,40,0,0,0,0
2708,26,dublin,MERRION SQUARE WEST,Merrion Square West,False,False,OPEN,2024-12-26 14:02:10,True,False,,,53.339764,-6.251988,20,6,14,5,1,0,1,20,6,14,5,1,0,1
2709,65,dublin,CONVENTION CENTRE,Convention Centre,False,False,OPEN,2024-12-26 13:55:19,True,False,,,53.34744,-6.238523,40,3,37,2,1,0,1,40,3,37,2,1,0,1
2710,15,dublin,HARDWICKE STREET,Hardwicke Street,False,False,OPEN,2024-12-26 13:55:10,True,False,,,53.355473,-6.264423,16,1,15,0,1,0,1,16,1,15,0,1,0,1
2711,86,dublin,PARKGATE STREET,Parkgate Street,False,False,OPEN,2024-12-26 14:00:19,True,False,,,53.347972,-6.291804,38,28,10,4,24,0,24,38,28,10,4,24,0,24
2712,35,dublin,SMITHFIELD,Smithfield,False,False,OPEN,2024-12-26 14:00:51,True,False,,,53.347692,-6.278214,30,7,23,2,5,0,5,30,7,23,2,5,0,5
2713,10,dublin,DAME STREET,Dame Street,False,False,OPEN,2024-12-26 13:58:39,True,False,,,53.344007,-6.266802,16,16,0,10,6,0,6,16,16,0,10,6,0,6
2714,100,dublin,HEUSTON BRIDGE (SOUTH),Heuston Bridge (South),False,False,OPEN,2024-12-26 13:56:51,True,False,,,53.347106,-6.292041,25,20,5,14,6,0,6,25,20,5,14,6,0,6
2715,24,dublin,CATHAL BRUGHA STREET,Cathal Brugha Street,False,False,OPEN,2024-12-26 13:55:41,True,False,,,53.352149,-6.260533,20,14,5,8,6,0,6,20,14,5,8,6,0,6
2716,64,dublin,SANDWITH STREET,Sandwith Street,False,False,OPEN,2024-12-26 14:04:37,True,False,,,53.345203,-6.247163,40,9,31,8,1,0,1,40,9,31,8,1,0,1
2717,109,dublin,BUCKINGHAM STREET LOWER,Buckingham Street Lower,False,False,OPEN,2024-12-26 13:56:27,True,False,,,53.353331,-6.249319,29,25,4,11,14,0,14,29,25,4,11,14,0,14
2718,85,dublin,ROTHE ABBEY,Rothe Abbey,False,False,OPEN,2024-12-26 13:57:48,True,False,,,53.338776,-6.30395,35,26,9,9,17,0,17,35,26,9,9,17,0,17
2719,107,dublin,CHARLEVILLE ROAD,Charleville Road,False,False,OPEN,2024-12-26 13:55:21,True,False,,,53.359157,-6.281866,40,5,35,3,2,0,2,40,5,35,3,2,0,2
2720,33,dublin,PRINCES STREET / O'CONNELL STREET,Princes Street / O'Connell Street,False,False,OPEN,2024-12-26 14:03:01,True,False,,,53.349013,-6.260311,23,20,3,10,10,0,10,23,20,3,10,10,0,10
2721,44,dublin,UPPER SHERRARD STREET,Upper Sherrard Street,False,False,OPEN,2024-12-26 13:59:17,True,False,,,53.358437,-6.260641,30,2,28,1,1,0,1,30,2,28,1,1,0,1
2722,89,dublin,FITZWILLIAM SQUARE EAST,Fitzwilliam Square East,False,False,OPEN,2024-12-26 14:04:46,True,False,,,53.335211,-6.2509,40,21,19,10,11,0,11,40,21,19,10,11,0,11
2723,57,dublin,GRATTAN STREET,Grattan Street,False,False,OPEN,2024-12-26 14:03:10,True,False,,,53.339629,-6.243778,23,6,17,4,2,0,2,23,6,17,4,2,0,2
2724,80,dublin,ST JAMES HOSPITAL (LUAS),St James Hospital (Luas),False,False,OPEN,2024-12-26 13:59:03,True,False,,,53.341359,-6.292951,40,12,28,3,9,0,9,40,12,28,3,9,0,9
2725,41,dublin,HARCOURT TERRACE,Harcourt Terrace,False,False,OPEN,2024-12-26 14:01:17,True,False,,,53.332763,-6.257942,20,0,20,0,0,0,0,20,0,20,0,0,0,0
2726,3,dublin,BOLTON STREET,Bolton Street,False,False,OPEN,2024-12-26 14:04:29,True,False,,,53.351182,-6.269859,20,15,5,10,5,0,5,20,15,5,10,5,0,5
2727,40,dublin,JERVIS STREET,Jervis Street,False,False,OPEN,2024-12-26 14:03:03,True,False,,,53.3483,-6.266651,21,21,0,15,6,0,6,21,21,0,15,6,0,6
2728,29,dublin,ORMOND QUAY UPPER,Ormond Quay Upper,False,False,OPEN,2024-12-26 13:56:20,True,False,,,53.346057,-6.268001,29,29,0,19,10,0,10,29,29,0,19,10,0,10
2729,103,dublin,GRANGEGORMAN LOWER (SOUTH),Grangegorman Lower (South),False,False,OPEN,2024-12-26 14:02:21,True,False,,,53.354663,-6.278681,40,0,40,0,0,0,0,40,0,40,0,0,0,0
2730,28,dublin,MOUNTJOY SQUARE WEST,Mountjoy Square West,False,False,OPEN,2024-12-26 13:56:54,True,False,,,53.356299,-6.258586,30,13,17,6,7,0,7,30,13,17,6,7,0,7
2731,39,dublin,WILTON TERRACE,Wilton Terrace,False,False,OPEN,2024-12-26 13:56:46,True,False,,,53.332383,-6.252717,20,5,15,2,3,0,3,20,5,15,2,3,0,3
2732,83,dublin,EMMET ROAD,Emmet Road,False,False,OPEN,2024-12-26 14:04:49,True,False,,,53.340714,-6.308191,40,15,25,12,3,0,3,40,15,25,12,3,0,3
2733,92,dublin,HEUSTON BRIDGE (NORTH),Heuston Bridge (North),False,False,OPEN,2024-12-26 14:03:17,True,False,,,53.347802,-6.292432,40,40,0,31,9,0,9,40,40,0,31,9,0,9
2734,21,dublin,LEINSTER STREET SOUTH,Leinster Street South,False,False,OPEN,2024-12-26 14:01:29,True,False,,,53.34218,-6.254485,30,10,20,1,9,0,9,30,10,20,1,9,0,9
2735,88,dublin,BLACKHALL PLACE,Blackhall Place,False,False,OPEN,2024-12-26 14:02:30,True,False,,,53.3488,-6.281637,30,1,29,1,0,0,0,30,1,29,1,0,0,0
2736,42,dublin,SMITHFIELD NORTH,Smithfield North,False,False,OPEN,2024-12-26 14:33:56,True,False,,,53.349562,-6.278198,30,3,27,1,2,0,2,30,3,27,1,2,0,2
2737,30,dublin,PARNELL SQUARE NORTH,Parnell Square North,False,False,OPEN,2024-12-26 14:26:40,True,False,,,53.3537415547453,-6.26530144781526,20,8,12,8,0,0,0,20,8,12,8,0,0,0
2738,54,dublin,CLONMEL STREET,Clonmel Street,False,False,OPEN,2024-12-26 14:26:34,True,False,,,53.336021,-6.26298,33,12,21,3,9,0,9,33,12,21,3,9,0,9
2739,108,dublin,AVONDALE ROAD,Avondale Road,False,False,OPEN,2024-12-26 14:27:23,True,False,,,53.359405,-6.276142,35,0,35,0,0,0,0,35,0,35,0,0,0,0
2740,20,dublin,JAMES STREET EAST,James Street East,False,False,OPEN,2024-12-26 14:25:05,True,False,,,53.336597,-6.248109,30,1,29,1,0,0,0,30,1,29,1,0,0,0
2741,56,dublin,MOUNT STREET LOWER,Mount Street Lower,False,False,OPEN,2024-12-26 14:31:56,True,False,,,53.33796,-6.24153,40,12,28,4,8,0,8,40,12,28,4,8,0,8
2742,6,dublin,CHRISTCHURCH PLACE,Christchurch Place,False,False,OPEN,2024-12-26 14:31:05,True,False,,,53.343368,-6.27012,20,10,10,6,4,0,4,20,10,10,6,4,0,4
2743,18,dublin,GRANTHAM STREET,Grantham Street,False,False,OPEN,2024-12-26 14:34:08,True,False,,,53.334123,-6.265436,30,15,15,9,6,0,6,30,15,15,9,6,0,6
2744,32,dublin,PEARSE STREET,Pearse Street,False,False,OPEN,2024-12-26 14:31:58,True,False,,,53.344304,-6.250427,30,15,15,11,4,0,4,30,15,15,11,4,0,4
2745,52,dublin,YORK STREET EAST,York Street East,False,False,OPEN,2024-12-26 14:34:39,True,False,,,53.338755,-6.262003,32,9,23,4,5,0,5,32,9,23,4,5,0,5
2746,48,dublin,EXCISE WALK,Excise Walk,False,False,OPEN,2024-12-26 14:32:10,True,False,,,53.347777,-6.244239,40,8,32,6,2,0,2,40,8,32,6,2,0,2
2747,13,dublin,FITZWILLIAM SQUARE WEST,Fitzwilliam Square West,False,False,OPEN,2024-12-26 14:34:23,True,False,,,53.336074,-6.252825,30,24,6,10,14,0,14,30,24,6,10,14,0,14
2748,43,dublin,PORTOBELLO ROAD,Portobello Road,False,False,OPEN,2024-12-26 14:34:38,True,False,,,53.330091,-6.268044,30,12,18,10,2,0,2,30,12,18,10,2,0,2
2749,31,dublin,PARNELL STREET,Parnell Street,False,False,OPEN,2024-12-26 14:27:08,True,False,,,53.350929,-6.265125,20,15,5,10,5,0,5,20,15,5,10,5,0,5
2750,98,dublin,FREDERICK STREET SOUTH,Frederick Street South,False,False,OPEN,2024-12-26 14:31:12,True,False,,,53.341515,-6.256853,40,16,24,11,5,0,5,40,16,24,11,5,0,5
2751,14,dublin,FOWNES STREET UPPER,Fownes Street Upper,False,False,OPEN,2024-12-26 14:34:10,True,False,,,53.344603,-6.263371,30,30,0,20,10,0,10,30,30,0,20,10,0,10
2752,1,dublin,CLARENDON ROW,Clarendon Row,False,False,OPEN,2024-12-26 14:31:30,True,False,,,53.340927,-6.262501,31,25,6,19,6,0,6,31,25,6,19,6,0,6
2753,23,dublin,CUSTOM HOUSE,Custom House,False,False,OPEN,2024-12-26 14:27:48,True,False,,,53.348279,-6.254662,30,26,4,20,6,0,6,30,26,4,20,6,0,6
2754,106,dublin,RATHDOWN ROAD,Rathdown Road,False,False,OPEN,2024-12-26 14:25:56,True,False,,,53.35893,-6.280337,40,9,31,0,9,0,9,40,9,31,0,9,0,9
2755,112,dublin,NORTH CIRCULAR ROAD (O'CONNELL'S),North Circular Road (O'Connell's),False,False,OPEN,2024-12-26 14:32:36,True,False,,,53.357841,-6.251557,30,2,28,2,0,0,0,30,2,28,2,0,0,0
2756,68,dublin,HANOVER QUAY,Hanover Quay,False,False,OPEN,2024-12-26 14:27:11,True,False,,,53.344115,-6.237153,40,10,30,5,5,0,5,40,10,30,5,5,0,5
2757,74,dublin,OLIVER BOND STREET,Oliver Bond Street,False,False,OPEN,2024-12-26 14:33:10,True,False,,,53.343893,-6.280531,30,21,9,15,6,0,6,30,21,9,15,6,0,6
2758,87,dublin,COLLINS BARRACKS MUSEUM,Collins Barracks Museum,False,False,OPEN,2024-12-26 14:32:38,True,False,,,53.347477,-6.28525,38,14,24,5,9,0,9,38,14,24,5,9,0,9
2759,84,dublin,BROOKFIELD ROAD,Brookfield Road,False,False,OPEN,2024-12-26 14:25:00,True,False,,,53.339005,-6.300217,30,20,10,11,9,0,9,30,20,10,11,9,0,9
2760,90,dublin,BENSON STREET,Benson Street,False,False,OPEN,2024-12-26 14:34:26,True,False,,,53.344153,-6.233451,40,7,33,6,1,0,1,40,7,33,6,1,0,1
2761,11,dublin,EARLSFORT TERRACE,Earlsfort Terrace,False,False,OPEN,2024-12-26 14:32:08,True,False,,,53.334295,-6.258503,30,18,12,12,6,0,6,30,18,12,12,6,0,6
2762,17,dublin,GOLDEN LANE,Golden Lane,False,False,OPEN,2024-12-26 14:33:59,True,False,,,53.340803,-6.267732,20,19,1,10,9,0,9,20,19,1,10,9,0,9
2763,45,dublin,DEVERELL PLACE,Deverell Place,False,False,OPEN,2024-12-26 14:34:45,True,False,,,53.351464,-6.255265,30,3,27,2,1,0,1,30,3,27,2,1,0,1
2764,114,dublin,WILTON TERRACE (PARK),Wilton Terrace (Park),False,False,OPEN,2024-12-26 14:34:18,True,False,,,53.333653,-6.248345,40,5,35,0,5,0,5,40,5,35,0,5,0,5
2765,72,dublin,JOHN STREET WEST,John Street West,False,False,OPEN,2024-12-26 14:32:30,True,False,,,53.343105,-6.277167,31,1,30,0,1,0,1,31,1,30,0,1,0,1
2766,63,dublin,FENIAN STREET,Fenian Street,False,False,OPEN,2024-12-26 14:32:37,True,False,,,53.341428,-6.24672,35,25,10,14,11,0,11,35,25,10,14,11,0,11
2767,113,dublin,MERRION SQUARE SOUTH,Merrion Square South,False,False,OPEN,2024-12-26 14:33:29,True,False,,,53.338614,-6.248606,40,9,20,6,3,0,3,40,9,20,6,3,0,3
2768,91,dublin,SOUTH DOCK ROAD,South Dock Road,False,False,OPEN,2024-12-26 14:34:28,True,False,,,53.341833,-6.231291,30,19,11,10,9,0,9,30,19,11,10,9,0,9
2769,99,dublin,CITY QUAY,City Quay,False,False,OPEN,2024-12-26 14:34:35,True,False,,,53.346637,-6.246154,30,20,10,8,12,0,12,30,20,10,8,12,0,12
2770,9,dublin,EXCHEQUER STREET,Exchequer Street,False,False,OPEN,2024-12-26 14:26:33,True,False,,,53.343034,-6.263578,24,24,0,20,4,0,4,24,24,0,20,4,0,4
2771,67,dublin,THE POINT,The Point,False,False,OPEN,2024-12-26 14:30:44,True,False,,,53.346867,-6.230852,40,23,17,11,12,0,12,40,23,17,11,12,0,12
2772,116,dublin,BROADSTONE,Broadstone,False,False,OPEN,2024-12-26 14:30:20,True,False,,,53.3547,-6.272314,30,21,9,10,11,0,11,30,21,9,10,11,0,11
2773,55,dublin,HATCH STREET,Hatch Street,False,False,OPEN,2024-12-26 14:34:37,True,False,,,53.33403,-6.260714,36,16,19,9,7,0,7,36,16,19,9,7,0,7
2774,62,dublin,LIME STREET,Lime Street,False,False,OPEN,2024-12-26 14:33:43,True,False,,,53.346026,-6.243576,40,15,25,6,9,0,9,40,15,25,6,9,0,9
2775,5,dublin,CHARLEMONT PLACE,Charlemont Street,False,False,OPEN,2024-12-26 14:25:40,True,False,,,53.330662,-6.260177,40,15,25,10,5,0,5,40,15,25,10,5,0,5
2776,97,dublin,KILMAINHAM GAOL,Kilmainham Gaol,False,False,OPEN,2024-12-26 14:32:45,True,False,,,53.342113,-6.310015,40,9,31,8,1,0,1,40,9,31,8,1,0,1
2777,61,dublin,HARDWICKE PLACE,Hardwicke Place,False,False,OPEN,2024-12-26 14:26:27,True,False,,,53.357043,-6.263232,25,9,16,8,1,0,1,25,9,16,8,1,0,1
2778,77,dublin,WOLFE TONE STREET,Wolfe Tone Street,False,False,OPEN,2024-12-26 14:33:53,True,False,,,53.348875,-6.267459,29,29,0,12,17,0,17,29,29,0,12,17,0,17
2779,73,dublin,FRANCIS STREET,Francis Street,False,False,OPEN,2024-12-26 14:33:22,True,False,,,53.342081,-6.275233,30,2,27,1,1,0,1,30,2,27,1,1,0,1
2780,4,dublin,GREEK STREET,Greek Street,False,False,OPEN,2024-12-26 14:33:44,True,False,,,53.346874,-6.272976,20,15,4,6,9,0,9,20,15,4,6,9,0,9
2781,49,dublin,GUILD STREET,Guild Street,False,False,OPEN,2024-12-26 14:33:59,True,False,,,53.347932,-6.240928,40,33,7,28,5,0,5,40,33,7,28,5,0,5
2782,19,dublin,HERBERT PLACE,Herbert Place,False,False,OPEN,2024-12-26 14:25:14,True,False,,,53.334432,-6.245575,30,2,28,1,1,0,1,30,2,28,1,1,0,1
2783,7,dublin,HIGH STREET,High Street,False,False,OPEN,2024-12-26 14:33:32,True,False,,,53.343565,-6.275071,29,0,29,0,0,0,0,29,0,29,0,0,0,0
2784,60,dublin,NORTH CIRCULAR ROAD,North Circular Road,False,False,OPEN,2024-12-26 14:25:05,True,False,,,53.359624,-6.260348,30,6,24,3,3,0,3,30,6,24,3,3,0,3
2785,102,dublin,WESTERN WAY,Western Way,False,False,OPEN,2024-12-26 14:31:13,True,False,,,53.354929,-6.269425,40,3,37,2,1,0,1,40,3,37,2,1,0,1
2786,38,dublin,TALBOT STREET,Talbot Street,False,False,OPEN,2024-12-26 14:31:16,True,False,,,53.350974,-6.25294,40,14,25,11,3,0,3,40,14,25,11,3,0,3
2787,53,dublin,NEWMAN HOUSE,Newman House,False,False,OPEN,2024-12-26 14:27:17,True,False,,,53.337132,-6.26059,40,11,29,10,1,0,1,40,11,29,10,1,0,1
2788,58,dublin,SIR PATRICK DUN'S,Sir Patrick's Dun,False,False,OPEN,2024-12-26 14:25:38,True,False,,,53.339218,-6.240642,40,36,4,28,8,0,8,40,36,4,28,8,0,8
2789,66,dublin,NEW CENTRAL BANK,New Central Bank,False,False,OPEN,2024-12-26 14:32:33,True,False,,,53.347122,-6.234749,40,1,39,0,1,0,1,40,1,39,0,1,0,1
2790,104,dublin,GRANGEGORMAN LOWER (CENTRAL),Grangegorman Lower (Central),False,False,OPEN,2024-12-26 14:28:59,True,False,,,53.355173,-6.278424,40,4,36,2,2,0,2,40,4,36,2,2,0,2
2791,101,dublin,KING STREET NORTH,King Street North,False,False,OPEN,2024-12-26 14:34:39,True,False,,,53.350291,-6.273507,30,6,24,5,1,0,1,30,6,24,5,1,0,1
2792,115,dublin,KILLARNEY STREET,Killarney Street,False,False,OPEN,2024-12-26 14:34:51,True,False,,,53.354845,-6.247579,30,17,13,10,7,0,7,30,17,13,10,7,0,7
2793,47,dublin,HERBERT STREET,Herbert Street,False,False,OPEN,2024-12-26 14:25:50,True,False,,,53.335742,-6.24551,40,0,40,0,0,0,0,40,0,40,0,0,0,0
2794,117,dublin,HANOVER QUAY EAST,Hanover Quay East,False,False,OPEN,2024-12-26 14:32:54,True,False,,,53.343653,-6.231755,40,0,40,0,0,0,0,40,0,40,0,0,0,0
2795,8,dublin,CUSTOM HOUSE QUAY,Custom House Quay,False,False,OPEN,2024-12-26 14:32:15,True,False,,,53.347884,-6.248048,30,20,10,14,6,0,6,30,20,10,14,6,0,6
2796,27,dublin,MOLESWORTH STREET,Molesworth Street,False,False,OPEN,2024-12-26 14:32:51,True,False,,,53.341288,-6.258117,20,12,8,8,4,0,4,20,12,8,8,4,0,4
2797,16,dublin,GEORGES QUAY,Georges Quay,False,False,OPEN,2024-12-26 14:33:30,True,False,,,53.347508,-6.252192,20,16,4,11,5,0,5,20,16,4,11,5,0,5
2798,96,dublin,KILMAINHAM LANE,Kilmainham Lane,False,False,OPEN,2024-12-26 14:31:32,True,False,,,53.341805,-6.305085,30,9,21,8,1,0,1,30,9,21,8,1,0,1
2799,82,dublin,MOUNT BROWN,Mount Brown,False,False,OPEN,2024-12-26 14:32:06,True,False,,,53.341645,-6.29719,22,8,14,3,5,0,5,22,8,14,3,5,0,5
2800,76,dublin,MARKET STREET SOUTH,Market Street South,False,False,OPEN,2024-12-26 14:31:34,True,False,,,53.342296,-6.287661,38,2,36,1,1,0,1,38,2,36,1,1,0,1
2801,71,dublin,KEVIN STREET,Kevin Street,False,False,OPEN,2024-12-26 14:30:44,True,False,,,53.337757,-6.267699,40,17,23,7,10,0,10,40,17,23,7,10,0,10
2802,79,dublin,ECCLES STREET EAST,Eccles Street East,False,False,OPEN,2024-12-26 14:28:02,True,False,,,53.358115,-6.265601,27,0,27,0,0,0,0,27,0,27,0,0,0,0
2803,69,dublin,GRAND CANAL DOCK,Grand Canal Dock,False,False,OPEN,2024-12-26 14:27:02,True,False,,,53.342638,-6.238695,40,32,8,17,15,0,15,40,32,8,17,15,0,15
2804,25,dublin,MERRION SQUARE EAST,Merrion Square East,False,False,OPEN,2024-12-26 14:26:00,True,False,,,53.339434,-6.246548,30,3,27,2,1,0,1,30,3,27,2,1,0,1
2805,51,dublin,YORK STREET WEST,York Street West,False,False,OPEN,2024-12-26 14:32:39,True,False,,,53.339334,-6.264699,40,0,0,0,0,0,0,40,0,0,0,0,0,0
2806,37,dublin,ST. STEPHEN'S GREEN SOUTH,St. Stephen's Green South,False,False,OPEN,2024-12-26 14:26:51,True,False,,,53.337494,-6.26199,30,15,15,8,7,0,7,30,15,15,8,7,0,7
2807,59,dublin,DENMARK STREET GREAT,Denmark Street Great,False,False,OPEN,2024-12-26 14:27:26,True,False,,,53.35561,-6.261397,20,0,20,0,0,0,0,20,0,20,0,0,0,0
2808,95,dublin,ROYAL HOSPITAL,Royal Hospital,False,False,OPEN,2024-12-26 14:33:15,True,False,,,53.343897,-6.29706,40,28,12,18,10,0,10,40,28,12,18,10,0,10
2809,94,dublin,HEUSTON STATION (CAR PARK),Heuston Station (Car Park),False,False,OPEN,2024-12-26 14:27:48,True,False,,,53.346985,-6.297804,40,13,27,10,3,0,3,40,13,27,10,3,0,3
2810,105,dublin,GRANGEGORMAN LOWER (NORTH),Grangegorman Lower (North),False,False,OPEN,2024-12-26 14:25:14,True,False,,,53.355954,-6.278378,36,0,36,0,0,0,0,36,0,36,0,0,0,0
2811,36,dublin,ST. STEPHEN'S GREEN EAST,St. Stephen's Green East,False,False,OPEN,2024-12-26 14:26:24,True,False,,,53.337824,-6.256035,40,11,29,7,4,0,4,40,11,29,7,4,0,4
2812,93,dublin,HEUSTON STATION (CENTRAL),Heuston Station (Central),False,False,OPEN,2024-12-26 14:33:45,True,False,,,53.346603,-6.296924,40,14,26,13,1,0,1,40,14,26,13,1,0,1
2813,22,dublin,TOWNSEND STREET,Townsend Street,False,False,OPEN,2024-12-26 14:33:28,True,False,,,53.345922,-6.254614,20,20,0,13,7,0,7,20,20,0,13,7,0,7
2814,50,dublin,GEORGES LANE,George's Lane,False,False,OPEN,2024-12-26 14:28:33,True,False,,,53.35023,-6.279696,40,1,39,0,1,0,1,40,1,39,0,1,0,1
2815,110,dublin,PHIBSBOROUGH ROAD,Phibsborough Road,False,False,OPEN,2024-12-26 14:27:43,True,False,,,53.356307,-6.273717,40,5,35,0,5,0,5,40,5,35,0,5,0,5
2816,12,dublin,ECCLES STREET,Eccles Street,False,False,OPEN,2024-12-26 14:33:49,True,False,,,53.359246,-6.269779,20,1,19,0,1,0,1,20,1,19,0,1,0,1
2817,34,dublin,PORTOBELLO HARBOUR,Portobello Harbour,False,False,OPEN,2024-12-26 14:34:06,True,False,,,53.330362,-6.265163,30,3,27,2,1,0,1,30,3,27,2,1,0,1
2818,78,dublin,MATER HOSPITAL,Mater Hospital,False,False,OPEN,2024-12-26 14:33:28,True,False,,,53.359967,-6.264828,40,0,40,0,0,0,0,40,0,40,0,0,0,0
2819,2,dublin,BLESSINGTON STREET,Blessington Street,False,False,OPEN,2024-12-26 14:34:01,True,False,,,53.356769,-6.26814,20,2,18,1,1,0,1,20,2,18,1,1,0,1
2820,75,dublin,JAMES STREET,James Street,False,False,OPEN,2024-12-26 14:25:40,True,False,,,53.343456,-6.287409,40,18,22,15,3,0,3,40,18,22,15,3,0,3
2821,111,dublin,MOUNTJOY SQUARE EAST,Mountjoy Square East,False,False,OPEN,2024-12-26 14:26:59,True,False,,,53.356717,-6.256359,40,2,38,2,0,0,0,40,2,38,2,0,0,0
2822,26,dublin,MERRION SQUARE WEST,Merrion Square West,False,False,OPEN,2024-12-26 14:32:24,True,False,,,53.339764,-6.251988,20,5,15,4,1,0,1,20,5,15,4,1,0,1
2823,65,dublin,CONVENTION CENTRE,Convention Centre,False,False,OPEN,2024-12-26 14:25:35,True,False,,,53.34744,-6.238523,40,3,37,2,1,0,1,40,3,37,2,1,0,1
2824,15,dublin,HARDWICKE STREET,Hardwicke Street,False,False,OPEN,2024-12-26 14:25:27,True,False,,,53.355473,-6.264423,16,0,16,0,0,0,0,16,0,16,0,0,0,0
2825,86,dublin,PARKGATE STREET,Parkgate Street,False,False,OPEN,2024-12-26 14:34:41,True,False,,,53.347972,-6.291804,38,29,9,5,24,0,24,38,29,9,5,24,0,24
2826,35,dublin,SMITHFIELD,Smithfield,False,False,OPEN,2024-12-26 14:27:58,True,False,,,53.347692,-6.278214,30,8,22,3,5,0,5,30,8,22,3,5,0,5
2827,10,dublin,DAME STREET,Dame Street,False,False,OPEN,2024-12-26 14:25:24,True,False,,,53.344007,-6.266802,16,16,0,10,6,0,6,16,16,0,10,6,0,6
2828,100,dublin,HEUSTON BRIDGE (SOUTH),Heuston Bridge (South),False,False,OPEN,2024-12-26 14:29:40,True,False,,,53.347106,-6.292041,25,20,5,14,6,0,6,25,20,5,14,6,0,6
2829,24,dublin,CATHAL BRUGHA STREET,Cathal Brugha Street,False,False,OPEN,2024-12-26 14:25:55,True,False,,,53.352149,-6.260533,20,13,6,7,6,0,6,20,13,6,7,6,0,6
2830,64,dublin,SANDWITH STREET,Sandwith Street,False,False,OPEN,2024-12-26 14:34:48,True,False,,,53.345203,-6.247163,40,9,31,8,1,0,1,40,9,31,8,1,0,1
2831,109,dublin,BUCKINGHAM STREET LOWER,Buckingham Street Lower,False,False,OPEN,2024-12-26 14:26:40,True,False,,,53.353331,-6.249319,29,25,4,11,14,0,14,29,25,4,11,14,0,14
2832,85,dublin,ROTHE ABBEY,Rothe Abbey,False,False,OPEN,2024-12-26 14:28:01,True,False,,,53.338776,-6.30395,35,26,9,9,17,0,17,35,26,9,9,17,0,17
2833,107,dublin,CHARLEVILLE ROAD,Charleville Road,False,False,OPEN,2024-12-26 14:31:14,True,False,,,53.359157,-6.281866,40,4,36,2,2,0,2,40,4,36,2,2,0,2
2834,33,dublin,PRINCES STREET / O'CONNELL STREET,Princes Street / O'Connell Street,False,False,OPEN,2024-12-26 14:33:17,True,False,,,53.349013,-6.260311,23,22,1,12,10,0,10,23,22,1,12,10,0,10
2835,44,dublin,UPPER SHERRARD STREET,Upper Sherrard Street,False,False,OPEN,2024-12-26 14:29:36,True,False,,,53.358437,-6.260641,30,1,29,0,1,0,1,30,1,29,0,1,0,1
2836,89,dublin,FITZWILLIAM SQUARE EAST,Fitzwilliam Square East,False,False,OPEN,2024-12-26 14:34:58,True,False,,,53.335211,-6.2509,40,21,19,10,11,0,11,40,21,19,10,11,0,11
2837,57,dublin,GRATTAN STREET,Grattan Street,False,False,OPEN,2024-12-26 14:33:25,True,False,,,53.339629,-6.243778,23,6,17,4,2,0,2,23,6,17,4,2,0,2
2838,80,dublin,ST JAMES HOSPITAL (LUAS),St James Hospital (Luas),False,False,OPEN,2024-12-26 14:30:23,True,False,,,53.341359,-6.292951,40,12,28,3,9,0,9,40,12,28,3,9,0,9
2839,41,dublin,HARCOURT TERRACE,Harcourt Terrace,False,False,OPEN,2024-12-26 14:31:33,True,False,,,53.332763,-6.257942,20,0,20,0,0,0,0,20,0,20,0,0,0,0
2840,3,dublin,BOLTON STREET,Bolton Street,False,False,OPEN,2024-12-26 14:34:46,True,False,,,53.351182,-6.269859,20,15,5,10,5,0,5,20,15,5,10,5,0,5
2841,40,dublin,JERVIS STREET,Jervis Street,False,False,OPEN,2024-12-26 14:30:39,True,False,,,53.3483,-6.266651,21,21,0,15,6,0,6,21,21,0,15,6,0,6
2842,29,dublin,ORMOND QUAY UPPER,Ormond Quay Upper,False,False,OPEN,2024-12-26 14:26:37,True,False,,,53.346057,-6.268001,29,29,0,18,11,0,11,29,29,0,18,11,0,11
2843,103,dublin,GRANGEGORMAN LOWER (SOUTH),Grangegorman Lower (South),False,False,OPEN,2024-12-26 14:32:32,True,False,,,53.354663,-6.278681,40,0,40,0,0,0,0,40,0,40,0,0,0,0
2844,28,dublin,MOUNTJOY SQUARE WEST,Mountjoy Square West,False,False,OPEN,2024-12-26 14:31:14,True,False,,,53.356299,-6.258586,30,12,18,5,7,0,7,30,12,18,5,7,0,7
2845,39,dublin,WILTON TERRACE,Wilton Terrace,False,False,OPEN,2024-12-26 14:33:44,True,False,,,53.332383,-6.252717,20,3,17,1,2,0,2,20,3,17,1,2,0,2
2846,83,dublin,EMMET ROAD,Emmet Road,False,False,OPEN,2024-12-26 14:35:00,True,False,,,53.340714,-6.308191,40,15,25,12,3,0,3,40,15,25,12,3,0,3
2847,92,dublin,HEUSTON BRIDGE (NORTH),Heuston Bridge (North),False,False,OPEN,2024-12-26 14:33:34,True,False,,,53.347802,-6.292432,40,40,0,31,9,0,9,40,40,0,31,9,0,9
2848,21,dublin,LEINSTER STREET SOUTH,Leinster Street South,False,False,OPEN,2024-12-26 14:31:46,True,False,,,53.34218,-6.254485,30,11,19,1,10,0,10,30,11,19,1,10,0,10
2849,88,dublin,BLACKHALL PLACE,Blackhall Place,False,False,OPEN,2024-12-26 14:32:41,True,False,,,53.3488,-6.281637,30,1,29,1,0,0,0,30,1,29,1,0,0,0
2850,42,dublin,SMITHFIELD NORTH,Smithfield North,False,False,OPEN,2024-12-26 15:04:05,True,False,,,53.349562,-6.278198,30,2,28,1,1,0,1,30,2,28,1,1,0,1
2851,30,dublin,PARNELL SQUARE NORTH,Parnell Square North,False,False,OPEN,2024-12-26 14:56:52,True,False,,,53.3537415547453,-6.26530144781526,20,8,12,8,0,0,0,20,8,12,8,0,0,0
2852,54,dublin,CLONMEL STREET,Clonmel Street,False,False,OPEN,2024-12-26 14:56:49,True,False,,,53.336021,-6.26298,33,12,21,3,9,0,9,33,12,21,3,9,0,9
2853,108,dublin,AVONDALE ROAD,Avondale Road,False,False,OPEN,2024-12-26 14:57:36,True,False,,,53.359405,-6.276142,35,0,35,0,0,0,0,35,0,35,0,0,0,0
2854,20,dublin,JAMES STREET EAST,James Street East,False,False,OPEN,2024-12-26 14:55:17,True,False,,,53.336597,-6.248109,30,1,29,1,0,0,0,30,1,29,1,0,0,0
2855,56,dublin,MOUNT STREET LOWER,Mount Street Lower,False,False,OPEN,2024-12-26 15:03:04,True,False,,,53.33796,-6.24153,40,14,26,5,9,0,9,40,14,26,5,9,0,9
2856,6,dublin,CHRISTCHURCH PLACE,Christchurch Place,False,False,OPEN,2024-12-26 15:01:18,True,False,,,53.343368,-6.27012,20,14,6,9,5,0,5,20,14,6,9,5,0,5
2857,18,dublin,GRANTHAM STREET,Grantham Street,False,False,OPEN,2024-12-26 15:04:24,True,False,,,53.334123,-6.265436,30,15,15,9,6,0,6,30,15,15,9,6,0,6
2858,32,dublin,PEARSE STREET,Pearse Street,False,False,OPEN,2024-12-26 15:01:28,True,False,,,53.344304,-6.250427,30,15,15,11,4,0,4,30,15,15,11,4,0,4
2859,52,dublin,YORK STREET EAST,York Street East,False,False,OPEN,2024-12-26 15:04:55,True,False,,,53.338755,-6.262003,32,9,23,4,5,0,5,32,9,23,4,5,0,5
2860,48,dublin,EXCISE WALK,Excise Walk,False,False,OPEN,2024-12-26 15:02:25,True,False,,,53.347777,-6.244239,40,6,34,4,2,0,2,40,6,34,4,2,0,2
2861,13,dublin,FITZWILLIAM SQUARE WEST,Fitzwilliam Square West,False,False,OPEN,2024-12-26 15:04:39,True,False,,,53.336074,-6.252825,30,24,6,10,14,0,14,30,24,6,10,14,0,14
2862,43,dublin,PORTOBELLO ROAD,Portobello Road,False,False,OPEN,2024-12-26 15:04:49,True,False,,,53.330091,-6.268044,30,11,19,9,2,0,2,30,11,19,9,2,0,2
2863,31,dublin,PARNELL STREET,Parnell Street,False,False,OPEN,2024-12-26 15:03:33,True,False,,,53.350929,-6.265125,20,16,4,10,6,0,6,20,16,4,10,6,0,6
2864,98,dublin,FREDERICK STREET SOUTH,Frederick Street South,False,False,OPEN,2024-12-26 15:01:26,True,False,,,53.341515,-6.256853,40,15,25,10,5,0,5,40,15,25,10,5,0,5
2865,14,dublin,FOWNES STREET UPPER,Fownes Street Upper,False,False,OPEN,2024-12-26 15:04:22,True,False,,,53.344603,-6.263371,30,30,0,20,10,0,10,30,30,0,20,10,0,10
2866,1,dublin,CLARENDON ROW,Clarendon Row,False,False,OPEN,2024-12-26 15:01:44,True,False,,,53.340927,-6.262501,31,29,2,23,6,0,6,31,29,2,23,6,0,6
2867,23,dublin,CUSTOM HOUSE,Custom House,False,False,OPEN,2024-12-26 15:00:27,True,False,,,53.348279,-6.254662,30,28,2,21,7,0,7,30,28,2,21,7,0,7
2868,106,dublin,RATHDOWN ROAD,Rathdown Road,False,False,OPEN,2024-12-26 14:56:09,True,False,,,53.35893,-6.280337,40,9,31,0,9,0,9,40,9,31,0,9,0,9
2869,112,dublin,NORTH CIRCULAR ROAD (O'CONNELL'S),North Circular Road (O'Connell's),False,False,OPEN,2024-12-26 15:02:13,True,False,,,53.357841,-6.251557,30,2,28,2,0,0,0,30,2,28,2,0,0,0
2870,68,dublin,HANOVER QUAY,Hanover Quay,False,False,OPEN,2024-12-26 14:57:25,True,False,,,53.344115,-6.237153,40,9,31,4,5,0,5,40,9,31,4,5,0,5
2871,74,dublin,OLIVER BOND STREET,Oliver Bond Street,False,False,OPEN,2024-12-26 15:03:26,True,False,,,53.343893,-6.280531,30,21,9,15,6,0,6,30,21,9,15,6,0,6
2872,87,dublin,COLLINS BARRACKS MUSEUM,Collins Barracks Museum,False,False,OPEN,2024-12-26 15:02:26,True,False,,,53.347477,-6.28525,38,15,23,6,9,0,9,38,15,23,6,9,0,9
2873,84,dublin,BROOKFIELD ROAD,Brookfield Road,False,False,OPEN,2024-12-26 14:55:18,True,False,,,53.339005,-6.300217,30,19,11,11,8,0,8,30,19,11,11,8,0,8
2874,90,dublin,BENSON STREET,Benson Street,False,False,OPEN,2024-12-26 15:04:36,True,False,,,53.344153,-6.233451,40,8,32,7,1,0,1,40,8,32,7,1,0,1
2875,11,dublin,EARLSFORT TERRACE,Earlsfort Terrace,False,False,OPEN,2024-12-26 15:02:18,True,False,,,53.334295,-6.258503,30,18,12,12,6,0,6,30,18,12,12,6,0,6
2876,17,dublin,GOLDEN LANE,Golden Lane,False,False,OPEN,2024-12-26 15:04:15,True,False,,,53.340803,-6.267732,20,19,1,10,9,0,9,20,19,1,10,9,0,9
2877,45,dublin,DEVERELL PLACE,Deverell Place,False,False,OPEN,2024-12-26 15:04:55,True,False,,,53.351464,-6.255265,30,4,26,3,1,0,1,30,4,26,3,1,0,1
2878,114,dublin,WILTON TERRACE (PARK),Wilton Terrace (Park),False,False,OPEN,2024-12-26 15:04:30,True,False,,,53.333653,-6.248345,40,5,35,0,5,0,5,40,5,35,0,5,0,5
2879,72,dublin,JOHN STREET WEST,John Street West,False,False,OPEN,2024-12-26 15:02:45,True,False,,,53.343105,-6.277167,31,2,29,0,2,0,2,31,2,29,0,2,0,2
2880,63,dublin,FENIAN STREET,Fenian Street,False,False,OPEN,2024-12-26 15:02:49,True,False,,,53.341428,-6.24672,35,25,10,14,11,0,11,35,25,10,14,11,0,11
2881,113,dublin,MERRION SQUARE SOUTH,Merrion Square South,False,False,OPEN,2024-12-26 15:03:45,True,False,,,53.338614,-6.248606,40,9,20,6,3,0,3,40,9,20,6,3,0,3
2882,91,dublin,SOUTH DOCK ROAD,South Dock Road,False,False,OPEN,2024-12-26 15:04:46,True,False,,,53.341833,-6.231291,30,19,11,10,9,0,9,30,19,11,10,9,0,9
2883,99,dublin,CITY QUAY,City Quay,False,False,OPEN,2024-12-26 15:04:54,True,False,,,53.346637,-6.246154,30,23,7,9,14,0,14,30,23,7,9,14,0,14
2884,9,dublin,EXCHEQUER STREET,Exchequer Street,False,False,OPEN,2024-12-26 14:56:45,True,False,,,53.343034,-6.263578,24,24,0,19,5,0,5,24,24,0,19,5,0,5
2885,67,dublin,THE POINT,The Point,False,False,OPEN,2024-12-26 15:04:46,True,False,,,53.346867,-6.230852,40,22,18,12,10,0,10,40,22,18,12,10,0,10
2886,116,dublin,BROADSTONE,Broadstone,False,False,OPEN,2024-12-26 15:00:32,True,False,,,53.3547,-6.272314,30,21,9,10,11,0,11,30,21,9,10,11,0,11
2887,55,dublin,HATCH STREET,Hatch Street,False,False,OPEN,2024-12-26 15:04:49,True,False,,,53.33403,-6.260714,36,16,19,9,7,0,7,36,16,19,9,7,0,7
2888,62,dublin,LIME STREET,Lime Street,False,False,OPEN,2024-12-26 15:03:58,True,False,,,53.346026,-6.243576,40,14,26,5,9,0,9,40,14,26,5,9,0,9
2889,5,dublin,CHARLEMONT PLACE,Charlemont Street,False,False,OPEN,2024-12-26 14:55:56,True,False,,,53.330662,-6.260177,40,15,25,10,5,0,5,40,15,25,10,5,0,5
2890,97,dublin,KILMAINHAM GAOL,Kilmainham Gaol,False,False,OPEN,2024-12-26 15:03:02,True,False,,,53.342113,-6.310015,40,10,30,9,1,0,1,40,10,30,9,1,0,1
2891,61,dublin,HARDWICKE PLACE,Hardwicke Place,False,False,OPEN,2024-12-26 14:56:43,True,False,,,53.357043,-6.263232,25,9,16,8,1,0,1,25,9,16,8,1,0,1
2892,77,dublin,WOLFE TONE STREET,Wolfe Tone Street,False,False,OPEN,2024-12-26 15:04:10,True,False,,,53.348875,-6.267459,29,29,0,12,17,0,17,29,29,0,12,17,0,17
2893,73,dublin,FRANCIS STREET,Francis Street,False,False,OPEN,2024-12-26 15:02:02,True,False,,,53.342081,-6.275233,30,1,28,1,0,0,0,30,1,28,1,0,0,0
2894,4,dublin,GREEK STREET,Greek Street,False,False,OPEN,2024-12-26 15:04:05,True,False,,,53.346874,-6.272976,20,13,6,5,8,0,8,20,13,6,5,8,0,8
2895,49,dublin,GUILD STREET,Guild Street,False,False,OPEN,2024-12-26 15:04:12,True,False,,,53.347932,-6.240928,40,34,6,29,5,0,5,40,34,6,29,5,0,5
2896,19,dublin,HERBERT PLACE,Herbert Place,False,False,OPEN,2024-12-26 14:55:28,True,False,,,53.334432,-6.245575,30,1,29,0,1,0,1,30,1,29,0,1,0,1
2897,7,dublin,HIGH STREET,High Street,False,False,OPEN,2024-12-26 15:03:48,True,False,,,53.343565,-6.275071,29,0,29,0,0,0,0,29,0,29,0,0,0,0
2898,60,dublin,NORTH CIRCULAR ROAD,North Circular Road,False,False,OPEN,2024-12-26 14:55:20,True,False,,,53.359624,-6.260348,30,3,27,1,2,0,2,30,3,27,1,2,0,2
2899,102,dublin,WESTERN WAY,Western Way,False,False,OPEN,2024-12-26 15:01:25,True,False,,,53.354929,-6.269425,40,3,37,2,1,0,1,40,3,37,2,1,0,1
2900,38,dublin,TALBOT STREET,Talbot Street,False,False,OPEN,2024-12-26 15:00:41,True,False,,,53.350974,-6.25294,40,14,25,10,4,0,4,40,14,25,10,4,0,4
2901,53,dublin,NEWMAN HOUSE,Newman House,False,False,OPEN,2024-12-26 14:57:29,True,False,,,53.337132,-6.26059,40,11,29,10,1,0,1,40,11,29,10,1,0,1
2902,58,dublin,SIR PATRICK DUN'S,Sir Patrick's Dun,False,False,OPEN,2024-12-26 15:04:43,True,False,,,53.339218,-6.240642,40,35,5,27,8,0,8,40,35,5,27,8,0,8
2903,66,dublin,NEW CENTRAL BANK,New Central Bank,False,False,OPEN,2024-12-26 14:58:54,True,False,,,53.347122,-6.234749,40,1,39,0,1,0,1,40,1,39,0,1,0,1
2904,104,dublin,GRANGEGORMAN LOWER (CENTRAL),Grangegorman Lower (Central),False,False,OPEN,2024-12-26 14:59:16,True,False,,,53.355173,-6.278424,40,4,36,2,2,0,2,40,4,36,2,2,0,2
2905,101,dublin,KING STREET NORTH,King Street North,False,False,OPEN,2024-12-26 15:04:54,True,False,,,53.350291,-6.273507,30,6,24,5,1,0,1,30,6,24,5,1,0,1
2906,115,dublin,KILLARNEY STREET,Killarney Street,False,False,OPEN,2024-12-26 15:03:48,True,False,,,53.354845,-6.247579,30,16,14,9,7,0,7,30,16,14,9,7,0,7
2907,47,dublin,HERBERT STREET,Herbert Street,False,False,OPEN,2024-12-26 14:56:01,True,False,,,53.335742,-6.24551,40,0,40,0,0,0,0,40,0,40,0,0,0,0
2908,117,dublin,HANOVER QUAY EAST,Hanover Quay East,False,False,OPEN,2024-12-26 15:03:07,True,False,,,53.343653,-6.231755,40,0,40,0,0,0,0,40,0,40,0,0,0,0
2909,8,dublin,CUSTOM HOUSE QUAY,Custom House Quay,False,False,OPEN,2024-12-26 15:02:31,True,False,,,53.347884,-6.248048,30,19,11,13,6,0,6,30,19,11,13,6,0,6
2910,27,dublin,MOLESWORTH STREET,Molesworth Street,False,False,OPEN,2024-12-26 15:03:01,True,False,,,53.341288,-6.258117,20,12,8,8,4,0,4,20,12,8,8,4,0,4
2911,16,dublin,GEORGES QUAY,Georges Quay,False,False,OPEN,2024-12-26 15:03:44,True,False,,,53.347508,-6.252192,20,15,5,11,4,0,4,20,15,5,11,4,0,4
2912,96,dublin,KILMAINHAM LANE,Kilmainham Lane,False,False,OPEN,2024-12-26 15:01:46,True,False,,,53.341805,-6.305085,30,8,22,7,1,0,1,30,8,22,7,1,0,1
2913,82,dublin,MOUNT BROWN,Mount Brown,False,False,OPEN,2024-12-26 15:02:19,True,False,,,53.341645,-6.29719,22,8,14,3,5,0,5,22,8,14,3,5,0,5
2914,76,dublin,MARKET STREET SOUTH,Market Street South,False,False,OPEN,2024-12-26 15:01:47,True,False,,,53.342296,-6.287661,38,2,36,1,1,0,1,38,2,36,1,1,0,1
2915,71,dublin,KEVIN STREET,Kevin Street,False,False,OPEN,2024-12-26 15:00:56,True,False,,,53.337757,-6.267699,40,17,23,7,10,0,10,40,17,23,7,10,0,10
2916,79,dublin,ECCLES STREET EAST,Eccles Street East,False,False,OPEN,2024-12-26 14:58:13,True,False,,,53.358115,-6.265601,27,0,27,0,0,0,0,27,0,27,0,0,0,0
2917,69,dublin,GRAND CANAL DOCK,Grand Canal Dock,False,False,OPEN,2024-12-26 14:57:16,True,False,,,53.342638,-6.238695,40,34,6,18,16,0,16,40,34,6,18,16,0,16
2918,25,dublin,MERRION SQUARE EAST,Merrion Square East,False,False,OPEN,2024-12-26 14:56:11,True,False,,,53.339434,-6.246548,30,3,27,2,1,0,1,30,3,27,2,1,0,1
2919,51,dublin,YORK STREET WEST,York Street West,False,False,OPEN,2024-12-26 15:02:49,True,False,,,53.339334,-6.264699,40,0,0,0,0,0,0,40,0,0,0,0,0,0
2920,37,dublin,ST. STEPHEN'S GREEN SOUTH,St. Stephen's Green South,False,False,OPEN,2024-12-26 14:57:07,True,False,,,53.337494,-6.26199,30,15,15,8,7,0,7,30,15,15,8,7,0,7
2921,59,dublin,DENMARK STREET GREAT,Denmark Street Great,False,False,OPEN,2024-12-26 14:57:41,True,False,,,53.35561,-6.261397,20,0,20,0,0,0,0,20,0,20,0,0,0,0
2922,95,dublin,ROYAL HOSPITAL,Royal Hospital,False,False,OPEN,2024-12-26 15:03:26,True,False,,,53.343897,-6.29706,40,28,12,18,10,0,10,40,28,12,18,10,0,10
2923,94,dublin,HEUSTON STATION (CAR PARK),Heuston Station (Car Park),False,False,OPEN,2024-12-26 14:58:04,True,False,,,53.346985,-6.297804,40,13,27,10,3,0,3,40,13,27,10,3,0,3
2924,105,dublin,GRANGEGORMAN LOWER (NORTH),Grangegorman Lower (North),False,False,OPEN,2024-12-26 14:55:30,True,False,,,53.355954,-6.278378,36,0,36,0,0,0,0,36,0,36,0,0,0,0
2925,36,dublin,ST. STEPHEN'S GREEN EAST,St. Stephen's Green East,False,False,OPEN,2024-12-26 14:56:40,True,False,,,53.337824,-6.256035,40,11,29,7,4,0,4,40,11,29,7,4,0,4
2926,93,dublin,HEUSTON STATION (CENTRAL),Heuston Station (Central),False,False,OPEN,2024-12-26 15:03:58,True,False,,,53.346603,-6.296924,40,14,26,13,1,0,1,40,14,26,13,1,0,1
2927,22,dublin,TOWNSEND STREET,Townsend Street,False,False,OPEN,2024-12-26 15:03:44,True,False,,,53.345922,-6.254614,20,20,0,13,7,0,7,20,20,0,13,7,0,7
2928,50,dublin,GEORGES LANE,George's Lane,False,False,OPEN,2024-12-26 15:00:35,True,False,,,53.35023,-6.279696,40,0,40,0,0,0,0,40,0,40,0,0,0,0
2929,110,dublin,PHIBSBOROUGH ROAD,Phibsborough Road,False,False,OPEN,2024-12-26 14:59:59,True,False,,,53.356307,-6.273717,40,6,34,1,5,0,5,40,6,34,1,5,0,5
2930,12,dublin,ECCLES STREET,Eccles Street,False,False,OPEN,2024-12-26 15:04:05,True,False,,,53.359246,-6.269779,20,1,19,0,1,0,1,20,1,19,0,1,0,1
2931,34,dublin,PORTOBELLO HARBOUR,Portobello Harbour,False,False,OPEN,2024-12-26 15:04:25,True,False,,,53.330362,-6.265163,30,2,28,2,0,0,0,30,2,28,2,0,0,0
2932,78,dublin,MATER HOSPITAL,Mater Hospital,False,False,OPEN,2024-12-26 15:03:39,True,False,,,53.359967,-6.264828,40,0,40,0,0,0,0,40,0,40,0,0,0,0
2933,2,dublin,BLESSINGTON STREET,Blessington Street,False,False,OPEN,2024-12-26 15:04:15,True,False,,,53.356769,-6.26814,20,1,19,0,1,0,1,20,1,19,0,1,0,1
2934,75,dublin,JAMES STREET,James Street,False,False,OPEN,2024-12-26 14:55:56,True,False,,,53.343456,-6.287409,40,18,22,15,3,0,3,40,18,22,15,3,0,3
2935,111,dublin,MOUNTJOY SQUARE EAST,Mountjoy Square East,False,False,OPEN,2024-12-26 15:04:24,True,False,,,53.356717,-6.256359,40,1,39,1,0,0,0,40,1,39,1,0,0,0
2936,26,dublin,MERRION SQUARE WEST,Merrion Square West,False,False,OPEN,2024-12-26 15:02:36,True,False,,,53.339764,-6.251988,20,6,14,4,2,0,2,20,6,14,4,2,0,2
2937,65,dublin,CONVENTION CENTRE,Convention Centre,False,False,OPEN,2024-12-26 14:55:52,True,False,,,53.34744,-6.238523,40,2,38,1,1,0,1,40,2,38,1,1,0,1
2938,15,dublin,HARDWICKE STREET,Hardwicke Street,False,False,OPEN,2024-12-26 14:55:42,True,False,,,53.355473,-6.264423,16,0,16,0,0,0,0,16,0,16,0,0,0,0
2939,86,dublin,PARKGATE STREET,Parkgate Street,False,False,OPEN,2024-12-26 15:04:33,True,False,,,53.347972,-6.291804,38,28,10,6,22,0,22,38,28,10,6,22,0,22
2940,35,dublin,SMITHFIELD,Smithfield,False,False,OPEN,2024-12-26 15:04:59,True,False,,,53.347692,-6.278214,30,10,20,4,6,0,6,30,10,20,4,6,0,6
2941,10,dublin,DAME STREET,Dame Street,False,False,OPEN,2024-12-26 14:55:36,True,False,,,53.344007,-6.266802,16,16,0,10,6,0,6,16,16,0,10,6,0,6
2942,100,dublin,HEUSTON BRIDGE (SOUTH),Heuston Bridge (South),False,False,OPEN,2024-12-26 15:05:01,True,False,,,53.347106,-6.292041,25,20,5,14,6,0,6,25,20,5,14,6,0,6
2943,24,dublin,CATHAL BRUGHA STREET,Cathal Brugha Street,False,False,OPEN,2024-12-26 15:00:59,True,False,,,53.352149,-6.260533,20,17,2,9,8,0,8,20,17,2,9,8,0,8
2944,64,dublin,SANDWITH STREET,Sandwith Street,False,False,OPEN,2024-12-26 15:04:59,True,False,,,53.345203,-6.247163,40,11,29,10,1,0,1,40,11,29,10,1,0,1
2945,109,dublin,BUCKINGHAM STREET LOWER,Buckingham Street Lower,False,False,OPEN,2024-12-26 14:56:52,True,False,,,53.353331,-6.249319,29,25,4,11,14,0,14,29,25,4,11,14,0,14
2946,85,dublin,ROTHE ABBEY,Rothe Abbey,False,False,OPEN,2024-12-26 15:01:52,True,False,,,53.338776,-6.30395,35,26,9,9,17,0,17,35,26,9,9,17,0,17
2947,107,dublin,CHARLEVILLE ROAD,Charleville Road,False,False,OPEN,2024-12-26 14:55:46,True,False,,,53.359157,-6.281866,40,4,36,2,2,0,2,40,4,36,2,2,0,2
2948,33,dublin,PRINCES STREET / O'CONNELL STREET,Princes Street / O'Connell Street,False,False,OPEN,2024-12-26 15:03:32,True,False,,,53.349013,-6.260311,23,22,1,12,10,0,10,23,22,1,12,10,0,10
2949,44,dublin,UPPER SHERRARD STREET,Upper Sherrard Street,False,False,OPEN,2024-12-26 14:59:52,True,False,,,53.358437,-6.260641,30,2,28,1,1,0,1,30,2,28,1,1,0,1
2950,89,dublin,FITZWILLIAM SQUARE EAST,Fitzwilliam Square East,False,False,OPEN,2024-12-26 14:55:05,True,False,,,53.335211,-6.2509,40,21,19,10,11,0,11,40,21,19,10,11,0,11
2951,57,dublin,GRATTAN STREET,Grattan Street,False,False,OPEN,2024-12-26 15:03:41,True,False,,,53.339629,-6.243778,23,6,17,4,2,0,2,23,6,17,4,2,0,2
2952,80,dublin,ST JAMES HOSPITAL (LUAS),St James Hospital (Luas),False,False,OPEN,2024-12-26 14:59:30,True,False,,,53.341359,-6.292951,40,12,28,2,10,0,10,40,12,28,2,10,0,10
2953,41,dublin,HARCOURT TERRACE,Harcourt Terrace,False,False,OPEN,2024-12-26 15:01:48,True,False,,,53.332763,-6.257942,20,0,20,0,0,0,0,20,0,20,0,0,0,0
2954,3,dublin,BOLTON STREET,Bolton Street,False,False,OPEN,2024-12-26 15:05:00,True,False,,,53.351182,-6.269859,20,16,4,10,6,0,6,20,16,4,10,6,0,6
2955,40,dublin,JERVIS STREET,Jervis Street,False,False,OPEN,2024-12-26 15:02:10,True,False,,,53.3483,-6.266651,21,20,1,14,6,0,6,21,20,1,14,6,0,6
2956,29,dublin,ORMOND QUAY UPPER,Ormond Quay Upper,False,False,OPEN,2024-12-26 14:56:54,True,False,,,53.346057,-6.268001,29,29,0,18,11,0,11,29,29,0,18,11,0,11
2957,103,dublin,GRANGEGORMAN LOWER (SOUTH),Grangegorman Lower (South),False,False,OPEN,2024-12-26 15:02:43,True,False,,,53.354663,-6.278681,40,0,40,0,0,0,0,40,0,40,0,0,0,0
2958,28,dublin,MOUNTJOY SQUARE WEST,Mountjoy Square West,False,False,OPEN,2024-12-26 14:59:47,True,False,,,53.356299,-6.258586,30,12,18,5,7,0,7,30,12,18,5,7,0,7
2959,39,dublin,WILTON TERRACE,Wilton Terrace,False,False,OPEN,2024-12-26 14:57:21,True,False,,,53.332383,-6.252717,20,3,17,1,2,0,2,20,3,17,1,2,0,2
2960,83,dublin,EMMET ROAD,Emmet Road,False,False,OPEN,2024-12-26 14:55:10,True,False,,,53.340714,-6.308191,40,14,26,12,2,0,2,40,14,26,12,2,0,2
2961,92,dublin,HEUSTON BRIDGE (NORTH),Heuston Bridge (North),False,False,OPEN,2024-12-26 15:03:54,True,False,,,53.347802,-6.292432,40,39,1,30,9,0,9,40,39,1,30,9,0,9
2962,21,dublin,LEINSTER STREET SOUTH,Leinster Street South,False,False,OPEN,2024-12-26 15:03:24,True,False,,,53.34218,-6.254485,30,7,23,1,6,0,6,30,7,23,1,6,0,6
2963,88,dublin,BLACKHALL PLACE,Blackhall Place,False,False,OPEN,2024-12-26 15:02:52,True,False,,,53.3488,-6.281637,30,2,28,2,0,0,0,30,2,28,2,0,0,0
2964,42,dublin,SMITHFIELD NORTH,Smithfield North,False,False,OPEN,2024-12-26 15:34:20,True,False,,,53.349562,-6.278198,30,0,30,0,0,0,0,30,0,30,0,0,0,0
2965,30,dublin,PARNELL SQUARE NORTH,Parnell Square North,False,False,OPEN,2024-12-26 15:27:05,True,False,,,53.3537415547453,-6.26530144781526,20,8,12,8,0,0,0,20,8,12,8,0,0,0
2966,54,dublin,CLONMEL STREET,Clonmel Street,False,False,OPEN,2024-12-26 15:27:06,True,False,,,53.336021,-6.26298,33,12,21,3,9,0,9,33,12,21,3,9,0,9
2967,108,dublin,AVONDALE ROAD,Avondale Road,False,False,OPEN,2024-12-26 15:27:48,True,False,,,53.359405,-6.276142,35,2,33,2,0,0,0,35,2,33,2,0,0,0
2968,20,dublin,JAMES STREET EAST,James Street East,False,False,OPEN,2024-12-26 15:25:27,True,False,,,53.336597,-6.248109,30,1,29,1,0,0,0,30,1,29,1,0,0,0
2969,56,dublin,MOUNT STREET LOWER,Mount Street Lower,False,False,OPEN,2024-12-26 15:32:24,True,False,,,53.33796,-6.24153,40,15,25,5,10,0,10,40,15,25,5,10,0,10
2970,6,dublin,CHRISTCHURCH PLACE,Christchurch Place,False,False,OPEN,2024-12-26 15:31:29,True,False,,,53.343368,-6.27012,20,15,5,9,6,0,6,20,15,5,9,6,0,6
2971,18,dublin,GRANTHAM STREET,Grantham Street,False,False,OPEN,2024-12-26 15:34:41,True,False,,,53.334123,-6.265436,30,16,14,9,7,0,7,30,16,14,9,7,0,7
2972,32,dublin,PEARSE STREET,Pearse Street,False,False,OPEN,2024-12-26 15:31:40,True,False,,,53.344304,-6.250427,30,15,15,11,4,0,4,30,15,15,11,4,0,4
2973,52,dublin,YORK STREET EAST,York Street East,False,False,OPEN,2024-12-26 15:28:46,True,False,,,53.338755,-6.262003,32,11,21,4,7,0,7,32,11,21,4,7,0,7
2974,48,dublin,EXCISE WALK,Excise Walk,False,False,OPEN,2024-12-26 15:32:37,True,False,,,53.347777,-6.244239,40,6,34,4,2,0,2,40,6,34,4,2,0,2
2975,13,dublin,FITZWILLIAM SQUARE WEST,Fitzwilliam Square West,False,False,OPEN,2024-12-26 15:34:55,True,False,,,53.336074,-6.252825,30,24,6,10,14,0,14,30,24,6,10,14,0,14
2976,43,dublin,PORTOBELLO ROAD,Portobello Road,False,False,OPEN,2024-12-26 15:35:00,True,False,,,53.330091,-6.268044,30,11,19,9,2,0,2,30,11,19,9,2,0,2
2977,31,dublin,PARNELL STREET,Parnell Street,False,False,OPEN,2024-12-26 15:34:26,True,False,,,53.350929,-6.265125,20,20,0,13,7,0,7,20,20,0,13,7,0,7
2978,98,dublin,FREDERICK STREET SOUTH,Frederick Street South,False,False,OPEN,2024-12-26 15:32:34,True,False,,,53.341515,-6.256853,40,15,25,10,5,0,5,40,15,25,10,5,0,5
2979,14,dublin,FOWNES STREET UPPER,Fownes Street Upper,False,False,OPEN,2024-12-26 15:34:34,True,False,,,53.344603,-6.263371,30,30,0,20,10,0,10,30,30,0,20,10,0,10
2980,1,dublin,CLARENDON ROW,Clarendon Row,False,False,OPEN,2024-12-26 15:32:03,True,False,,,53.340927,-6.262501,31,25,6,21,4,0,4,31,25,6,21,4,0,4
2981,23,dublin,CUSTOM HOUSE,Custom House,False,False,OPEN,2024-12-26 15:28:13,True,False,,,53.348279,-6.254662,30,28,2,21,7,0,7,30,28,2,21,7,0,7
2982,106,dublin,RATHDOWN ROAD,Rathdown Road,False,False,OPEN,2024-12-26 15:32:18,True,False,,,53.35893,-6.280337,40,12,28,0,12,0,12,40,12,28,0,12,0,12
2983,112,dublin,NORTH CIRCULAR ROAD (O'CONNELL'S),North Circular Road (O'Connell's),False,False,OPEN,2024-12-26 15:32:31,True,False,,,53.357841,-6.251557,30,0,30,0,0,0,0,30,0,30,0,0,0,0
2984,68,dublin,HANOVER QUAY,Hanover Quay,False,False,OPEN,2024-12-26 15:27:38,True,False,,,53.344115,-6.237153,40,11,29,6,5,0,5,40,11,29,6,5,0,5
2985,74,dublin,OLIVER BOND STREET,Oliver Bond Street,False,False,OPEN,2024-12-26 15:33:49,True,False,,,53.343893,-6.280531,30,16,14,10,6,0,6,30,16,14,10,6,0,6
2986,87,dublin,COLLINS BARRACKS MUSEUM,Collins Barracks Museum,False,False,OPEN,2024-12-26 15:32:39,True,False,,,53.347477,-6.28525,38,15,23,7,8,0,8,38,15,23,7,8,0,8
2987,84,dublin,BROOKFIELD ROAD,Brookfield Road,False,False,OPEN,2024-12-26 15:25:34,True,False,,,53.339005,-6.300217,30,19,11,11,8,0,8,30,19,11,11,8,0,8
2988,90,dublin,BENSON STREET,Benson Street,False,False,OPEN,2024-12-26 15:34:47,True,False,,,53.344153,-6.233451,40,8,32,7,1,0,1,40,8,32,7,1,0,1
2989,11,dublin,EARLSFORT TERRACE,Earlsfort Terrace,False,False,OPEN,2024-12-26 15:32:29,True,False,,,53.334295,-6.258503,30,18,12,12,6,0,6,30,18,12,12,6,0,6
2990,17,dublin,GOLDEN LANE,Golden Lane,False,False,OPEN,2024-12-26 15:34:31,True,False,,,53.340803,-6.267732,20,19,1,10,9,0,9,20,19,1,10,9,0,9
2991,45,dublin,DEVERELL PLACE,Deverell Place,False,False,OPEN,2024-12-26 15:25:57,True,False,,,53.351464,-6.255265,30,4,26,2,2,0,2,30,4,26,2,2,0,2
2992,114,dublin,WILTON TERRACE (PARK),Wilton Terrace (Park),False,False,OPEN,2024-12-26 15:34:46,True,False,,,53.333653,-6.248345,40,4,36,0,4,0,4,40,4,36,0,4,0,4
2993,72,dublin,JOHN STREET WEST,John Street West,False,False,OPEN,2024-12-26 15:32:56,True,False,,,53.343105,-6.277167,31,2,29,0,2,0,2,31,2,29,0,2,0,2
2994,63,dublin,FENIAN STREET,Fenian Street,False,False,OPEN,2024-12-26 15:33:04,True,False,,,53.341428,-6.24672,35,26,9,15,11,0,11,35,26,9,15,11,0,11
2995,113,dublin,MERRION SQUARE SOUTH,Merrion Square South,False,False,OPEN,2024-12-26 15:34:01,True,False,,,53.338614,-6.248606,40,9,20,6,3,0,3,40,9,20,6,3,0,3
2996,91,dublin,SOUTH DOCK ROAD,South Dock Road,False,False,OPEN,2024-12-26 15:29:19,True,False,,,53.341833,-6.231291,30,19,11,10,9,0,9,30,19,11,10,9,0,9
2997,99,dublin,CITY QUAY,City Quay,False,False,OPEN,2024-12-26 15:26:30,True,False,,,53.346637,-6.246154,30,23,7,9,14,0,14,30,23,7,9,14,0,14
2998,9,dublin,EXCHEQUER STREET,Exchequer Street,False,False,OPEN,2024-12-26 15:32:02,True,False,,,53.343034,-6.263578,24,22,2,17,5,0,5,24,22,2,17,5,0,5
2999,67,dublin,THE POINT,The Point,False,False,OPEN,2024-12-26 15:32:02,True,False,,,53.346867,-6.230852,40,22,18,12,10,0,10,40,22,18,12,10,0,10
3000,116,dublin,BROADSTONE,Broadstone,False,False,OPEN,2024-12-26 15:30:44,True,False,,,53.3547,-6.272314,30,21,9,10,11,0,11,30,21,9,10,11,0,11
3001,55,dublin,HATCH STREET,Hatch Street,False,False,OPEN,2024-12-26 15:35:01,True,False,,,53.33403,-6.260714,36,16,19,9,7,0,7,36,16,19,9,7,0,7
3002,62,dublin,LIME STREET,Lime Street,False,False,OPEN,2024-12-26 15:34:11,True,False,,,53.346026,-6.243576,40,14,26,5,9,0,9,40,14,26,5,9,0,9
3003,5,dublin,CHARLEMONT PLACE,Charlemont Street,False,False,OPEN,2024-12-26 15:28:31,True,False,,,53.330662,-6.260177,40,16,24,11,5,0,5,40,16,24,11,5,0,5
3004,97,dublin,KILMAINHAM GAOL,Kilmainham Gaol,False,False,OPEN,2024-12-26 15:33:18,True,False,,,53.342113,-6.310015,40,10,30,9,1,0,1,40,10,30,9,1,0,1
3005,61,dublin,HARDWICKE PLACE,Hardwicke Place,False,False,OPEN,2024-12-26 15:26:59,True,False,,,53.357043,-6.263232,25,9,16,8,1,0,1,25,9,16,8,1,0,1
3006,77,dublin,WOLFE TONE STREET,Wolfe Tone Street,False,False,OPEN,2024-12-26 15:34:27,True,False,,,53.348875,-6.267459,29,29,0,11,18,0,18,29,29,0,11,18,0,18
3007,73,dublin,FRANCIS STREET,Francis Street,False,False,OPEN,2024-12-26 15:32:21,True,False,,,53.342081,-6.275233,30,1,28,0,1,0,1,30,1,28,0,1,0,1
3008,4,dublin,GREEK STREET,Greek Street,False,False,OPEN,2024-12-26 15:34:26,True,False,,,53.346874,-6.272976,20,14,5,5,9,0,9,20,14,5,5,9,0,9
3009,49,dublin,GUILD STREET,Guild Street,False,False,OPEN,2024-12-26 15:34:25,True,False,,,53.347932,-6.240928,40,34,6,29,5,0,5,40,34,6,29,5,0,5
3010,19,dublin,HERBERT PLACE,Herbert Place,False,False,OPEN,2024-12-26 15:25:38,True,False,,,53.334432,-6.245575,30,1,29,0,1,0,1,30,1,29,0,1,0,1
3011,7,dublin,HIGH STREET,High Street,False,False,OPEN,2024-12-26 15:34:04,True,False,,,53.343565,-6.275071,29,0,29,0,0,0,0,29,0,29,0,0,0,0
3012,60,dublin,NORTH CIRCULAR ROAD,North Circular Road,False,False,OPEN,2024-12-26 15:33:04,True,False,,,53.359624,-6.260348,30,4,26,1,3,0,3,30,4,26,1,3,0,3
3013,102,dublin,WESTERN WAY,Western Way,False,False,OPEN,2024-12-26 15:33:38,True,False,,,53.354929,-6.269425,40,2,38,1,1,0,1,40,2,38,1,1,0,1
3014,38,dublin,TALBOT STREET,Talbot Street,False,False,OPEN,2024-12-26 15:30:57,True,False,,,53.350974,-6.25294,40,15,24,11,4,0,4,40,15,24,11,4,0,4
3015,53,dublin,NEWMAN HOUSE,Newman House,False,False,OPEN,2024-12-26 15:27:39,True,False,,,53.337132,-6.26059,40,11,29,10,1,0,1,40,11,29,10,1,0,1
3016,58,dublin,SIR PATRICK DUN'S,Sir Patrick's Dun,False,False,OPEN,2024-12-26 15:26:14,True,False,,,53.339218,-6.240642,40,33,7,26,7,0,7,40,33,7,26,7,0,7
3017,66,dublin,NEW CENTRAL BANK,New Central Bank,False,False,OPEN,2024-12-26 15:29:05,True,False,,,53.347122,-6.234749,40,1,39,0,1,0,1,40,1,39,0,1,0,1
3018,104,dublin,GRANGEGORMAN LOWER (CENTRAL),Grangegorman Lower (Central),False,False,OPEN,2024-12-26 15:29:32,True,False,,,53.355173,-6.278424,40,4,36,2,2,0,2,40,4,36,2,2,0,2
3019,101,dublin,KING STREET NORTH,King Street North,False,False,OPEN,2024-12-26 15:25:04,True,False,,,53.350291,-6.273507,30,6,24,5,1,0,1,30,6,24,5,1,0,1
3020,115,dublin,KILLARNEY STREET,Killarney Street,False,False,OPEN,2024-12-26 15:30:47,True,False,,,53.354845,-6.247579,30,17,13,9,8,0,8,30,17,13,9,8,0,8
3021,47,dublin,HERBERT STREET,Herbert Street,False,False,OPEN,2024-12-26 15:26:13,True,False,,,53.335742,-6.24551,40,0,40,0,0,0,0,40,0,40,0,0,0,0
3022,117,dublin,HANOVER QUAY EAST,Hanover Quay East,False,False,OPEN,2024-12-26 15:33:19,True,False,,,53.343653,-6.231755,40,0,40,0,0,0,0,40,0,40,0,0,0,0
3023,8,dublin,CUSTOM HOUSE QUAY,Custom House Quay,False,False,OPEN,2024-12-26 15:32:45,True,False,,,53.347884,-6.248048,30,20,10,14,6,0,6,30,20,10,14,6,0,6
3024,27,dublin,MOLESWORTH STREET,Molesworth Street,False,False,OPEN,2024-12-26 15:33:13,True,False,,,53.341288,-6.258117,20,14,6,9,5,0,5,20,14,6,9,5,0,5
3025,16,dublin,GEORGES QUAY,Georges Quay,False,False,OPEN,2024-12-26 15:33:58,True,False,,,53.347508,-6.252192,20,13,7,9,4,0,4,20,13,7,9,4,0,4
3026,96,dublin,KILMAINHAM LANE,Kilmainham Lane,False,False,OPEN,2024-12-26 15:31:57,True,False,,,53.341805,-6.305085,30,8,22,7,1,0,1,30,8,22,7,1,0,1
3027,82,dublin,MOUNT BROWN,Mount Brown,False,False,OPEN,2024-12-26 15:32:32,True,False,,,53.341645,-6.29719,22,8,14,3,5,0,5,22,8,14,3,5,0,5
3028,76,dublin,MARKET STREET SOUTH,Market Street South,False,False,OPEN,2024-12-26 15:31:59,True,False,,,53.342296,-6.287661,38,3,35,1,2,0,2,38,3,35,1,2,0,2
3029,71,dublin,KEVIN STREET,Kevin Street,False,False,OPEN,2024-12-26 15:31:10,True,False,,,53.337757,-6.267699,40,15,25,7,8,0,8,40,15,25,7,8,0,8
3030,79,dublin,ECCLES STREET EAST,Eccles Street East,False,False,OPEN,2024-12-26 15:28:24,True,False,,,53.358115,-6.265601,27,0,27,0,0,0,0,27,0,27,0,0,0,0
3031,69,dublin,GRAND CANAL DOCK,Grand Canal Dock,False,False,OPEN,2024-12-26 15:29:26,True,False,,,53.342638,-6.238695,40,33,7,18,15,0,15,40,33,7,18,15,0,15
3032,25,dublin,MERRION SQUARE EAST,Merrion Square East,False,False,OPEN,2024-12-26 15:26:22,True,False,,,53.339434,-6.246548,30,3,27,2,1,0,1,30,3,27,2,1,0,1
3033,51,dublin,YORK STREET WEST,York Street West,False,False,OPEN,2024-12-26 15:33:00,True,False,,,53.339334,-6.264699,40,0,0,0,0,0,0,40,0,0,0,0,0,0
3034,37,dublin,ST. STEPHEN'S GREEN SOUTH,St. Stephen's Green South,False,False,OPEN,2024-12-26 15:27:23,True,False,,,53.337494,-6.26199,30,15,15,8,7,0,7,30,15,15,8,7,0,7
3035,59,dublin,DENMARK STREET GREAT,Denmark Street Great,False,False,OPEN,2024-12-26 15:27:57,True,False,,,53.35561,-6.261397,20,0,20,0,0,0,0,20,0,20,0,0,0,0
3036,95,dublin,ROYAL HOSPITAL,Royal Hospital,False,False,OPEN,2024-12-26 15:33:37,True,False,,,53.343897,-6.29706,40,28,12,18,10,0,10,40,28,12,18,10,0,10
3037,94,dublin,HEUSTON STATION (CAR PARK),Heuston Station (Car Park),False,False,OPEN,2024-12-26 15:28:20,True,False,,,53.346985,-6.297804,40,13,27,10,3,0,3,40,13,27,10,3,0,3
3038,105,dublin,GRANGEGORMAN LOWER (NORTH),Grangegorman Lower (North),False,False,OPEN,2024-12-26 15:25:45,True,False,,,53.355954,-6.278378,36,0,36,0,0,0,0,36,0,36,0,0,0,0
3039,36,dublin,ST. STEPHEN'S GREEN EAST,St. Stephen's Green East,False,False,OPEN,2024-12-26 15:26:56,True,False,,,53.337824,-6.256035,40,11,29,7,4,0,4,40,11,29,7,4,0,4
3040,93,dublin,HEUSTON STATION (CENTRAL),Heuston Station (Central),False,False,OPEN,2024-12-26 15:34:11,True,False,,,53.346603,-6.296924,40,14,26,13,1,0,1,40,14,26,13,1,0,1
3041,22,dublin,TOWNSEND STREET,Townsend Street,False,False,OPEN,2024-12-26 15:34:01,True,False,,,53.345922,-6.254614,20,18,2,11,7,0,7,20,18,2,11,7,0,7
3042,50,dublin,GEORGES LANE,George's Lane,False,False,OPEN,2024-12-26 15:28:56,True,False,,,53.35023,-6.279696,40,1,39,1,0,0,0,40,1,39,1,0,0,0
3043,110,dublin,PHIBSBOROUGH ROAD,Phibsborough Road,False,False,OPEN,2024-12-26 15:28:09,True,False,,,53.356307,-6.273717,40,5,35,1,4,0,4,40,5,35,1,4,0,4
3044,12,dublin,ECCLES STREET,Eccles Street,False,False,OPEN,2024-12-26 15:34:21,True,False,,,53.359246,-6.269779,20,0,20,0,0,0,0,20,0,20,0,0,0,0
3045,34,dublin,PORTOBELLO HARBOUR,Portobello Harbour,False,False,OPEN,2024-12-26 15:34:42,True,False,,,53.330362,-6.265163,30,1,29,1,0,0,0,30,1,29,1,0,0,0
3046,78,dublin,MATER HOSPITAL,Mater Hospital,False,False,OPEN,2024-12-26 15:33:51,True,False,,,53.359967,-6.264828,40,1,39,1,0,0,0,40,1,39,1,0,0,0
3047,2,dublin,BLESSINGTON STREET,Blessington Street,False,False,OPEN,2024-12-26 15:34:39,True,False,,,53.356769,-6.26814,20,0,20,0,0,0,0,20,0,20,0,0,0,0
3048,75,dublin,JAMES STREET,James Street,False,False,OPEN,2024-12-26 15:26:14,True,False,,,53.343456,-6.287409,40,17,23,14,3,0,3,40,17,23,14,3,0,3
3049,111,dublin,MOUNTJOY SQUARE EAST,Mountjoy Square East,False,False,OPEN,2024-12-26 15:27:46,True,False,,,53.356717,-6.256359,40,0,40,0,0,0,0,40,0,40,0,0,0,0
3050,26,dublin,MERRION SQUARE WEST,Merrion Square West,False,False,OPEN,2024-12-26 15:32:50,True,False,,,53.339764,-6.251988,20,8,12,5,3,0,3,20,8,12,5,3,0,3
3051,65,dublin,CONVENTION CENTRE,Convention Centre,False,False,OPEN,2024-12-26 15:26:07,True,False,,,53.34744,-6.238523,40,2,38,1,1,0,1,40,2,38,1,1,0,1
3052,15,dublin,HARDWICKE STREET,Hardwicke Street,False,False,OPEN,2024-12-26 15:25:58,True,False,,,53.355473,-6.264423,16,0,16,0,0,0,0,16,0,16,0,0,0,0
3053,86,dublin,PARKGATE STREET,Parkgate Street,False,False,OPEN,2024-12-26 15:31:07,True,False,,,53.347972,-6.291804,38,30,8,6,24,0,24,38,30,8,6,24,0,24
3054,35,dublin,SMITHFIELD,Smithfield,False,False,OPEN,2024-12-26 15:31:49,True,False,,,53.347692,-6.278214,30,7,23,3,4,0,4,30,7,23,3,4,0,4
3055,10,dublin,DAME STREET,Dame Street,False,False,OPEN,2024-12-26 15:25:49,True,False,,,53.344007,-6.266802,16,16,0,10,6,0,6,16,16,0,10,6,0,6
3056,100,dublin,HEUSTON BRIDGE (SOUTH),Heuston Bridge (South),False,False,OPEN,2024-12-26 15:30:15,True,False,,,53.347106,-6.292041,25,20,5,14,6,0,6,25,20,5,14,6,0,6
3057,24,dublin,CATHAL BRUGHA STREET,Cathal Brugha Street,False,False,OPEN,2024-12-26 15:26:19,True,False,,,53.352149,-6.260533,20,19,0,10,9,0,9,20,19,0,10,9,0,9
3058,64,dublin,SANDWITH STREET,Sandwith Street,False,False,OPEN,2024-12-26 15:25:08,True,False,,,53.345203,-6.247163,40,13,27,12,1,0,1,40,13,27,12,1,0,1
3059,109,dublin,BUCKINGHAM STREET LOWER,Buckingham Street Lower,False,False,OPEN,2024-12-26 15:27:08,True,False,,,53.353331,-6.249319,29,26,3,12,14,0,14,29,26,3,12,14,0,14
3060,85,dublin,ROTHE ABBEY,Rothe Abbey,False,False,OPEN,2024-12-26 15:34:40,True,False,,,53.338776,-6.30395,35,26,9,9,17,0,17,35,26,9,9,17,0,17
3061,107,dublin,CHARLEVILLE ROAD,Charleville Road,False,False,OPEN,2024-12-26 15:25:58,True,False,,,53.359157,-6.281866,40,4,36,2,2,0,2,40,4,36,2,2,0,2
3062,33,dublin,PRINCES STREET / O'CONNELL STREET,Princes Street / O'Connell Street,False,False,OPEN,2024-12-26 15:33:49,True,False,,,53.349013,-6.260311,23,23,0,13,10,0,10,23,23,0,13,10,0,10
3063,44,dublin,UPPER SHERRARD STREET,Upper Sherrard Street,False,False,OPEN,2024-12-26 15:30:09,True,False,,,53.358437,-6.260641,30,1,29,0,1,0,1,30,1,29,0,1,0,1
3064,89,dublin,FITZWILLIAM SQUARE EAST,Fitzwilliam Square East,False,False,OPEN,2024-12-26 15:25:18,True,False,,,53.335211,-6.2509,40,22,18,11,11,0,11,40,22,18,11,11,0,11
3065,57,dublin,GRATTAN STREET,Grattan Street,False,False,OPEN,2024-12-26 15:34:00,True,False,,,53.339629,-6.243778,23,5,18,3,2,0,2,23,5,18,3,2,0,2
3066,80,dublin,ST JAMES HOSPITAL (LUAS),St James Hospital (Luas),False,False,OPEN,2024-12-26 15:29:43,True,False,,,53.341359,-6.292951,40,12,28,2,10,0,10,40,12,28,2,10,0,10
3067,41,dublin,HARCOURT TERRACE,Harcourt Terrace,False,False,OPEN,2024-12-26 15:32:04,True,False,,,53.332763,-6.257942,20,0,20,0,0,0,0,20,0,20,0,0,0,0
3068,3,dublin,BOLTON STREET,Bolton Street,False,False,OPEN,2024-12-26 15:29:53,True,False,,,53.351182,-6.269859,20,15,5,9,6,0,6,20,15,5,9,6,0,6
3069,40,dublin,JERVIS STREET,Jervis Street,False,False,OPEN,2024-12-26 15:26:57,True,False,,,53.3483,-6.266651,21,19,2,13,6,0,6,21,19,2,13,6,0,6
3070,29,dublin,ORMOND QUAY UPPER,Ormond Quay Upper,False,False,OPEN,2024-12-26 15:27:10,True,False,,,53.346057,-6.268001,29,29,0,18,11,0,11,29,29,0,18,11,0,11
3071,103,dublin,GRANGEGORMAN LOWER (SOUTH),Grangegorman Lower (South),False,False,OPEN,2024-12-26 15:32:54,True,False,,,53.354663,-6.278681,40,0,40,0,0,0,0,40,0,40,0,0,0,0
3072,28,dublin,MOUNTJOY SQUARE WEST,Mountjoy Square West,False,False,OPEN,2024-12-26 15:27:46,True,False,,,53.356299,-6.258586,30,11,19,4,7,0,7,30,11,19,4,7,0,7
3073,39,dublin,WILTON TERRACE,Wilton Terrace,False,False,OPEN,2024-12-26 15:32:55,True,False,,,53.332383,-6.252717,20,7,13,3,4,0,4,20,7,13,3,4,0,4
3074,83,dublin,EMMET ROAD,Emmet Road,False,False,OPEN,2024-12-26 15:25:24,True,False,,,53.340714,-6.308191,40,16,24,13,3,0,3,40,16,24,13,3,0,3
3075,92,dublin,HEUSTON BRIDGE (NORTH),Heuston Bridge (North),False,False,OPEN,2024-12-26 15:34:13,True,False,,,53.347802,-6.292432,40,39,1,30,9,0,9,40,39,1,30,9,0,9
3076,21,dublin,LEINSTER STREET SOUTH,Leinster Street South,False,False,OPEN,2024-12-26 15:32:29,True,False,,,53.34218,-6.254485,30,7,23,1,6,0,6,30,7,23,1,6,0,6
3077,88,dublin,BLACKHALL PLACE,Blackhall Place,False,False,OPEN,2024-12-26 15:33:06,True,False,,,53.3488,-6.281637,30,1,29,1,0,0,0,30,1,29,1,0,0,0
3078,42,dublin,SMITHFIELD NORTH,Smithfield North,False,False,OPEN,2024-12-26 16:04:32,True,False,,,53.349562,-6.278198,30,0,30,0,0,0,0,30,0,30,0,0,0,0
3079,30,dublin,PARNELL SQUARE NORTH,Parnell Square North,False,False,OPEN,2024-12-26 15:57:17,True,False,,,53.3537415547453,-6.26530144781526,20,8,12,8,0,0,0,20,8,12,8,0,0,0
3080,54,dublin,CLONMEL STREET,Clonmel Street,False,False,OPEN,2024-12-26 15:57:21,True,False,,,53.336021,-6.26298,33,12,21,3,9,0,9,33,12,21,3,9,0,9
3081,108,dublin,AVONDALE ROAD,Avondale Road,False,False,OPEN,2024-12-26 15:58:00,True,False,,,53.359405,-6.276142,35,2,33,2,0,0,0,35,2,33,2,0,0,0
3082,20,dublin,JAMES STREET EAST,James Street East,False,False,OPEN,2024-12-26 15:55:38,True,False,,,53.336597,-6.248109,30,1,29,1,0,0,0,30,1,29,1,0,0,0
3083,56,dublin,MOUNT STREET LOWER,Mount Street Lower,False,False,OPEN,2024-12-26 16:02:40,True,False,,,53.33796,-6.24153,40,13,27,4,9,0,9,40,13,27,4,9,0,9
3084,6,dublin,CHRISTCHURCH PLACE,Christchurch Place,False,False,OPEN,2024-12-26 16:01:41,True,False,,,53.343368,-6.27012,20,15,5,9,6,0,6,20,15,5,9,6,0,6
3085,18,dublin,GRANTHAM STREET,Grantham Street,False,False,OPEN,2024-12-26 16:04:57,True,False,,,53.334123,-6.265436,30,17,13,10,7,0,7,30,17,13,10,7,0,7
3086,32,dublin,PEARSE STREET,Pearse Street,False,False,OPEN,2024-12-26 16:01:53,True,False,,,53.344304,-6.250427,30,15,15,11,4,0,4,30,15,15,11,4,0,4
3087,52,dublin,YORK STREET EAST,York Street East,False,False,OPEN,2024-12-26 15:55:23,True,False,,,53.338755,-6.262003,32,11,21,4,7,0,7,32,11,21,4,7,0,7
3088,48,dublin,EXCISE WALK,Excise Walk,False,False,OPEN,2024-12-26 16:02:50,True,False,,,53.347777,-6.244239,40,6,34,4,2,0,2,40,6,34,4,2,0,2
3089,13,dublin,FITZWILLIAM SQUARE WEST,Fitzwilliam Square West,False,False,OPEN,2024-12-26 15:55:06,True,False,,,53.336074,-6.252825,30,24,6,10,14,0,14,30,24,6,10,14,0,14
3090,43,dublin,PORTOBELLO ROAD,Portobello Road,False,False,OPEN,2024-12-26 15:55:07,True,False,,,53.330091,-6.268044,30,11,19,9,2,0,2,30,11,19,9,2,0,2
3091,31,dublin,PARNELL STREET,Parnell Street,False,False,OPEN,2024-12-26 16:04:45,True,False,,,53.350929,-6.265125,20,17,3,11,6,0,6,20,17,3,11,6,0,6
3092,98,dublin,FREDERICK STREET SOUTH,Frederick Street South,False,False,OPEN,2024-12-26 16:01:48,True,False,,,53.341515,-6.256853,40,16,24,10,6,0,6,40,16,24,10,6,0,6
3093,14,dublin,FOWNES STREET UPPER,Fownes Street Upper,False,False,OPEN,2024-12-26 16:04:47,True,False,,,53.344603,-6.263371,30,30,0,20,10,0,10,30,30,0,20,10,0,10
3094,1,dublin,CLARENDON ROW,Clarendon Row,False,False,OPEN,2024-12-26 16:02:16,True,False,,,53.340927,-6.262501,31,23,8,19,4,0,4,31,23,8,19,4,0,4
3095,23,dublin,CUSTOM HOUSE,Custom House,False,False,OPEN,2024-12-26 15:58:25,True,False,,,53.348279,-6.254662,30,29,1,22,7,0,7,30,29,1,22,7,0,7
3096,106,dublin,RATHDOWN ROAD,Rathdown Road,False,False,OPEN,2024-12-26 16:01:55,True,False,,,53.35893,-6.280337,40,11,29,0,11,0,11,40,11,29,0,11,0,11
3097,112,dublin,NORTH CIRCULAR ROAD (O'CONNELL'S),North Circular Road (O'Connell's),False,False,OPEN,2024-12-26 16:02:47,True,False,,,53.357841,-6.251557,30,1,29,0,1,0,1,30,1,29,0,1,0,1
3098,68,dublin,HANOVER QUAY,Hanover Quay,False,False,OPEN,2024-12-26 15:58:46,True,False,,,53.344115,-6.237153,40,12,28,7,5,0,5,40,12,28,7,5,0,5
3099,74,dublin,OLIVER BOND STREET,Oliver Bond Street,False,False,OPEN,2024-12-26 16:04:04,True,False,,,53.343893,-6.280531,30,16,14,10,6,0,6,30,16,14,10,6,0,6
3100,87,dublin,COLLINS BARRACKS MUSEUM,Collins Barracks Museum,False,False,OPEN,2024-12-26 16:04:25,True,False,,,53.347477,-6.28525,38,13,25,6,7,0,7,38,13,25,6,7,0,7
3101,84,dublin,BROOKFIELD ROAD,Brookfield Road,False,False,OPEN,2024-12-26 15:55:50,True,False,,,53.339005,-6.300217,30,19,11,11,8,0,8,30,19,11,11,8,0,8
3102,90,dublin,BENSON STREET,Benson Street,False,False,OPEN,2024-12-26 15:56:33,True,False,,,53.344153,-6.233451,40,5,35,5,0,0,0,40,5,35,5,0,0,0
3103,11,dublin,EARLSFORT TERRACE,Earlsfort Terrace,False,False,OPEN,2024-12-26 16:02:41,True,False,,,53.334295,-6.258503,30,18,12,12,6,0,6,30,18,12,12,6,0,6
3104,17,dublin,GOLDEN LANE,Golden Lane,False,False,OPEN,2024-12-26 16:04:48,True,False,,,53.340803,-6.267732,20,18,2,9,9,0,9,20,18,2,9,9,0,9
3105,45,dublin,DEVERELL PLACE,Deverell Place,False,False,OPEN,2024-12-26 15:55:18,True,False,,,53.351464,-6.255265,30,9,21,5,4,0,4,30,9,21,5,4,0,4
3106,114,dublin,WILTON TERRACE (PARK),Wilton Terrace (Park),False,False,OPEN,2024-12-26 16:04:58,True,False,,,53.333653,-6.248345,40,4,36,0,4,0,4,40,4,36,0,4,0,4
3107,72,dublin,JOHN STREET WEST,John Street West,False,False,OPEN,2024-12-26 16:03:07,True,False,,,53.343105,-6.277167,31,2,29,0,2,0,2,31,2,29,0,2,0,2
3108,63,dublin,FENIAN STREET,Fenian Street,False,False,OPEN,2024-12-26 16:03:17,True,False,,,53.341428,-6.24672,35,26,9,15,11,0,11,35,26,9,15,11,0,11
3109,113,dublin,MERRION SQUARE SOUTH,Merrion Square South,False,False,OPEN,2024-12-26 16:04:17,True,False,,,53.338614,-6.248606,40,9,20,6,3,0,3,40,9,20,6,3,0,3
3110,91,dublin,SOUTH DOCK ROAD,South Dock Road,False,False,OPEN,2024-12-26 15:55:13,True,False,,,53.341833,-6.231291,30,19,11,10,9,0,9,30,19,11,10,9,0,9
3111,99,dublin,CITY QUAY,City Quay,False,False,OPEN,2024-12-26 15:55:21,True,False,,,53.346637,-6.246154,30,23,7,9,14,0,14,30,23,7,9,14,0,14
3112,9,dublin,EXCHEQUER STREET,Exchequer Street,False,False,OPEN,2024-12-26 16:00:45,True,False,,,53.343034,-6.263578,24,23,1,15,8,0,8,24,23,1,15,8,0,8
3113,67,dublin,THE POINT,The Point,False,False,OPEN,2024-12-26 16:01:37,True,False,,,53.346867,-6.230852,40,20,20,10,10,0,10,40,20,20,10,10,0,10
3114,116,dublin,BROADSTONE,Broadstone,False,False,OPEN,2024-12-26 16:00:56,True,False,,,53.3547,-6.272314,30,21,9,10,11,0,11,30,21,9,10,11,0,11
3115,55,dublin,HATCH STREET,Hatch Street,False,False,OPEN,2024-12-26 15:55:10,True,False,,,53.33403,-6.260714,36,16,19,9,7,0,7,36,16,19,9,7,0,7
3116,62,dublin,LIME STREET,Lime Street,False,False,OPEN,2024-12-26 16:04:23,True,False,,,53.346026,-6.243576,40,14,26,5,9,0,9,40,14,26,5,9,0,9
3117,5,dublin,CHARLEMONT PLACE,Charlemont Street,False,False,OPEN,2024-12-26 15:56:34,True,False,,,53.330662,-6.260177,40,15,25,12,3,0,3,40,15,25,12,3,0,3
3118,97,dublin,KILMAINHAM GAOL,Kilmainham Gaol,False,False,OPEN,2024-12-26 16:03:34,True,False,,,53.342113,-6.310015,40,10,30,9,1,0,1,40,10,30,9,1,0,1
3119,61,dublin,HARDWICKE PLACE,Hardwicke Place,False,False,OPEN,2024-12-26 15:57:14,True,False,,,53.357043,-6.263232,25,9,16,8,1,0,1,25,9,16,8,1,0,1
3120,77,dublin,WOLFE TONE STREET,Wolfe Tone Street,False,False,OPEN,2024-12-26 16:04:46,True,False,,,53.348875,-6.267459,29,29,0,11,18,0,18,29,29,0,11,18,0,18
3121,73,dublin,FRANCIS STREET,Francis Street,False,False,OPEN,2024-12-26 15:56:53,True,False,,,53.342081,-6.275233,30,3,26,2,1,0,1,30,3,26,2,1,0,1
3122,4,dublin,GREEK STREET,Greek Street,False,False,OPEN,2024-12-26 16:04:42,True,False,,,53.346874,-6.272976,20,14,5,5,9,0,9,20,14,5,5,9,0,9
3123,49,dublin,GUILD STREET,Guild Street,False,False,OPEN,2024-12-26 16:04:39,True,False,,,53.347932,-6.240928,40,36,4,29,7,0,7,40,36,4,29,7,0,7
3124,19,dublin,HERBERT PLACE,Herbert Place,False,False,OPEN,2024-12-26 15:55:51,True,False,,,53.334432,-6.245575,30,0,30,0,0,0,0,30,0,30,0,0,0,0
3125,7,dublin,HIGH STREET,High Street,False,False,OPEN,2024-12-26 16:04:20,True,False,,,53.343565,-6.275071,29,0,29,0,0,0,0,29,0,29,0,0,0,0
3126,60,dublin,NORTH CIRCULAR ROAD,North Circular Road,False,False,OPEN,2024-12-26 15:55:46,True,False,,,53.359624,-6.260348,30,5,25,1,4,0,4,30,5,25,1,4,0,4
3127,102,dublin,WESTERN WAY,Western Way,False,False,OPEN,2024-12-26 16:01:53,True,False,,,53.354929,-6.269425,40,2,38,1,1,0,1,40,2,38,1,1,0,1
3128,38,dublin,TALBOT STREET,Talbot Street,False,False,OPEN,2024-12-26 16:01:13,True,False,,,53.350974,-6.25294,40,15,24,11,4,0,4,40,15,24,11,4,0,4
3129,53,dublin,NEWMAN HOUSE,Newman House,False,False,OPEN,2024-12-26 15:57:51,True,False,,,53.337132,-6.26059,40,11,29,10,1,0,1,40,11,29,10,1,0,1
3130,58,dublin,SIR PATRICK DUN'S,Sir Patrick's Dun,False,False,OPEN,2024-12-26 16:00:51,True,False,,,53.339218,-6.240642,40,33,7,26,7,0,7,40,33,7,26,7,0,7
3131,66,dublin,NEW CENTRAL BANK,New Central Bank,False,False,OPEN,2024-12-26 15:59:16,True,False,,,53.347122,-6.234749,40,0,40,0,0,0,0,40,0,40,0,0,0,0
3132,104,dublin,GRANGEGORMAN LOWER (CENTRAL),Grangegorman Lower (Central),False,False,OPEN,2024-12-26 15:59:48,True,False,,,53.355173,-6.278424,40,4,36,2,2,0,2,40,4,36,2,2,0,2
3133,101,dublin,KING STREET NORTH,King Street North,False,False,OPEN,2024-12-26 15:55:22,True,False,,,53.350291,-6.273507,30,5,25,5,0,0,0,30,5,25,5,0,0,0
3134,115,dublin,KILLARNEY STREET,Killarney Street,False,False,OPEN,2024-12-26 16:03:26,True,False,,,53.354845,-6.247579,30,19,11,10,9,0,9,30,19,11,10,9,0,9
3135,47,dublin,HERBERT STREET,Herbert Street,False,False,OPEN,2024-12-26 15:56:23,True,False,,,53.335742,-6.24551,40,0,40,0,0,0,0,40,0,40,0,0,0,0
3136,117,dublin,HANOVER QUAY EAST,Hanover Quay East,False,False,OPEN,2024-12-26 16:03:31,True,False,,,53.343653,-6.231755,40,0,40,0,0,0,0,40,0,40,0,0,0,0
3137,8,dublin,CUSTOM HOUSE QUAY,Custom House Quay,False,False,OPEN,2024-12-26 16:02:57,True,False,,,53.347884,-6.248048,30,20,10,14,6,0,6,30,20,10,14,6,0,6
3138,27,dublin,MOLESWORTH STREET,Molesworth Street,False,False,OPEN,2024-12-26 16:03:29,True,False,,,53.341288,-6.258117,20,14,6,9,5,0,5,20,14,6,9,5,0,5
3139,16,dublin,GEORGES QUAY,Georges Quay,False,False,OPEN,2024-12-26 16:04:09,True,False,,,53.347508,-6.252192,20,13,7,9,4,0,4,20,13,7,9,4,0,4
3140,96,dublin,KILMAINHAM LANE,Kilmainham Lane,False,False,OPEN,2024-12-26 16:02:12,True,False,,,53.341805,-6.305085,30,7,23,6,1,0,1,30,7,23,6,1,0,1
3141,82,dublin,MOUNT BROWN,Mount Brown,False,False,OPEN,2024-12-26 16:02:45,True,False,,,53.341645,-6.29719,22,8,14,3,5,0,5,22,8,14,3,5,0,5
3142,76,dublin,MARKET STREET SOUTH,Market Street South,False,False,OPEN,2024-12-26 16:02:12,True,False,,,53.342296,-6.287661,38,3,35,1,2,0,2,38,3,35,1,2,0,2
3143,71,dublin,KEVIN STREET,Kevin Street,False,False,OPEN,2024-12-26 16:01:22,True,False,,,53.337757,-6.267699,40,15,25,7,8,0,8,40,15,25,7,8,0,8
3144,79,dublin,ECCLES STREET EAST,Eccles Street East,False,False,OPEN,2024-12-26 15:58:35,True,False,,,53.358115,-6.265601,27,0,27,0,0,0,0,27,0,27,0,0,0,0
3145,69,dublin,GRAND CANAL DOCK,Grand Canal Dock,False,False,OPEN,2024-12-26 16:03:50,True,False,,,53.342638,-6.238695,40,34,6,19,15,0,15,40,34,6,19,15,0,15
3146,25,dublin,MERRION SQUARE EAST,Merrion Square East,False,False,OPEN,2024-12-26 15:56:34,True,False,,,53.339434,-6.246548,30,4,26,3,1,0,1,30,4,26,3,1,0,1
3147,51,dublin,YORK STREET WEST,York Street West,False,False,OPEN,2024-12-26 16:03:10,True,False,,,53.339334,-6.264699,40,0,0,0,0,0,0,40,0,0,0,0,0,0
3148,37,dublin,ST. STEPHEN'S GREEN SOUTH,St. Stephen's Green South,False,False,OPEN,2024-12-26 15:57:38,True,False,,,53.337494,-6.26199,30,15,15,8,7,0,7,30,15,15,8,7,0,7
3149,59,dublin,DENMARK STREET GREAT,Denmark Street Great,False,False,OPEN,2024-12-26 15:58:12,True,False,,,53.35561,-6.261397,20,1,19,1,0,0,0,20,1,19,1,0,0,0
3150,95,dublin,ROYAL HOSPITAL,Royal Hospital,False,False,OPEN,2024-12-26 16:03:49,True,False,,,53.343897,-6.29706,40,28,12,18,10,0,10,40,28,12,18,10,0,10
3151,94,dublin,HEUSTON STATION (CAR PARK),Heuston Station (Car Park),False,False,OPEN,2024-12-26 15:58:35,True,False,,,53.346985,-6.297804,40,13,27,10,3,0,3,40,13,27,10,3,0,3
3152,105,dublin,GRANGEGORMAN LOWER (NORTH),Grangegorman Lower (North),False,False,OPEN,2024-12-26 15:56:01,True,False,,,53.355954,-6.278378,36,0,36,0,0,0,0,36,0,36,0,0,0,0
3153,36,dublin,ST. STEPHEN'S GREEN EAST,St. Stephen's Green East,False,False,OPEN,2024-12-26 16:01:38,True,False,,,53.337824,-6.256035,40,10,30,6,4,0,4,40,10,30,6,4,0,4
3154,93,dublin,HEUSTON STATION (CENTRAL),Heuston Station (Central),False,False,OPEN,2024-12-26 16:04:23,True,False,,,53.346603,-6.296924,40,14,26,13,1,0,1,40,14,26,13,1,0,1
3155,22,dublin,TOWNSEND STREET,Townsend Street,False,False,OPEN,2024-12-26 16:04:17,True,False,,,53.345922,-6.254614,20,18,2,11,7,0,7,20,18,2,11,7,0,7
3156,50,dublin,GEORGES LANE,George's Lane,False,False,OPEN,2024-12-26 15:59:08,True,False,,,53.35023,-6.279696,40,0,40,0,0,0,0,40,0,40,0,0,0,0
3157,110,dublin,PHIBSBOROUGH ROAD,Phibsborough Road,False,False,OPEN,2024-12-26 15:58:20,True,False,,,53.356307,-6.273717,40,5,35,1,4,0,4,40,5,35,1,4,0,4
3158,12,dublin,ECCLES STREET,Eccles Street,False,False,OPEN,2024-12-26 16:04:38,True,False,,,53.359246,-6.269779,20,1,19,1,0,0,0,20,1,19,1,0,0,0
3159,34,dublin,PORTOBELLO HARBOUR,Portobello Harbour,False,False,OPEN,2024-12-26 16:04:59,True,False,,,53.330362,-6.265163,30,2,28,2,0,0,0,30,2,28,2,0,0,0
3160,78,dublin,MATER HOSPITAL,Mater Hospital,False,False,OPEN,2024-12-26 16:04:02,True,False,,,53.359967,-6.264828,40,1,39,1,0,0,0,40,1,39,1,0,0,0
3161,2,dublin,BLESSINGTON STREET,Blessington Street,False,False,OPEN,2024-12-26 16:04:51,True,False,,,53.356769,-6.26814,20,0,20,0,0,0,0,20,0,20,0,0,0,0
3162,75,dublin,JAMES STREET,James Street,False,False,OPEN,2024-12-26 15:56:34,True,False,,,53.343456,-6.287409,40,15,25,12,3,0,3,40,15,25,12,3,0,3
3163,111,dublin,MOUNTJOY SQUARE EAST,Mountjoy Square East,False,False,OPEN,2024-12-26 15:57:38,True,False,,,53.356717,-6.256359,40,0,40,0,0,0,0,40,0,40,0,0,0,0
3164,26,dublin,MERRION SQUARE WEST,Merrion Square West,False,False,OPEN,2024-12-26 16:03:01,True,False,,,53.339764,-6.251988,20,8,12,5,3,0,3,20,8,12,5,3,0,3
3165,65,dublin,CONVENTION CENTRE,Convention Centre,False,False,OPEN,2024-12-26 15:56:23,True,False,,,53.34744,-6.238523,40,2,38,1,1,0,1,40,2,38,1,1,0,1
3166,15,dublin,HARDWICKE STREET,Hardwicke Street,False,False,OPEN,2024-12-26 15:56:13,True,False,,,53.355473,-6.264423,16,0,16,0,0,0,0,16,0,16,0,0,0,0
3167,86,dublin,PARKGATE STREET,Parkgate Street,False,False,OPEN,2024-12-26 16:01:51,True,False,,,53.347972,-6.291804,38,34,4,8,26,0,26,38,34,4,8,26,0,26
3168,35,dublin,SMITHFIELD,Smithfield,False,False,OPEN,2024-12-26 15:56:04,True,False,,,53.347692,-6.278214,30,6,24,3,3,0,3,30,6,24,3,3,0,3
3169,10,dublin,DAME STREET,Dame Street,False,False,OPEN,2024-12-26 15:56:02,True,False,,,53.344007,-6.266802,16,16,0,10,6,0,6,16,16,0,10,6,0,6
3170,100,dublin,HEUSTON BRIDGE (SOUTH),Heuston Bridge (South),False,False,OPEN,2024-12-26 16:03:01,True,False,,,53.347106,-6.292041,25,20,5,14,6,0,6,25,20,5,14,6,0,6
3171,24,dublin,CATHAL BRUGHA STREET,Cathal Brugha Street,False,False,OPEN,2024-12-26 16:05:02,True,False,,,53.352149,-6.260533,20,19,0,10,9,0,9,20,19,0,10,9,0,9
3172,64,dublin,SANDWITH STREET,Sandwith Street,False,False,OPEN,2024-12-26 15:55:18,True,False,,,53.345203,-6.247163,40,13,27,12,1,0,1,40,13,27,12,1,0,1
3173,109,dublin,BUCKINGHAM STREET LOWER,Buckingham Street Lower,False,False,OPEN,2024-12-26 15:57:21,True,False,,,53.353331,-6.249319,29,26,3,12,14,0,14,29,26,3,12,14,0,14
3174,85,dublin,ROTHE ABBEY,Rothe Abbey,False,False,OPEN,2024-12-26 15:59:24,True,False,,,53.338776,-6.30395,35,27,8,10,17,0,17,35,27,8,10,17,0,17
3175,107,dublin,CHARLEVILLE ROAD,Charleville Road,False,False,OPEN,2024-12-26 15:56:09,True,False,,,53.359157,-6.281866,40,3,37,2,1,0,1,40,3,37,2,1,0,1
3176,33,dublin,PRINCES STREET / O'CONNELL STREET,Princes Street / O'Connell Street,False,False,OPEN,2024-12-26 16:04:53,True,False,,,53.349013,-6.260311,23,22,1,12,10,0,10,23,22,1,12,10,0,10
3177,44,dublin,UPPER SHERRARD STREET,Upper Sherrard Street,False,False,OPEN,2024-12-26 16:04:29,True,False,,,53.358437,-6.260641,30,4,26,2,2,0,2,30,4,26,2,2,0,2
3178,89,dublin,FITZWILLIAM SQUARE EAST,Fitzwilliam Square East,False,False,OPEN,2024-12-26 15:55:32,True,False,,,53.335211,-6.2509,40,21,19,10,11,0,11,40,21,19,10,11,0,11
3179,57,dublin,GRATTAN STREET,Grattan Street,False,False,OPEN,2024-12-26 16:04:15,True,False,,,53.339629,-6.243778,23,5,18,3,2,0,2,23,5,18,3,2,0,2
3180,80,dublin,ST JAMES HOSPITAL (LUAS),St James Hospital (Luas),False,False,OPEN,2024-12-26 15:59:56,True,False,,,53.341359,-6.292951,40,13,27,3,10,0,10,40,13,27,3,10,0,10
3181,41,dublin,HARCOURT TERRACE,Harcourt Terrace,False,False,OPEN,2024-12-26 16:02:19,True,False,,,53.332763,-6.257942,20,0,20,0,0,0,0,20,0,20,0,0,0,0
3182,3,dublin,BOLTON STREET,Bolton Street,False,False,OPEN,2024-12-26 16:03:08,True,False,,,53.351182,-6.269859,20,15,5,10,5,0,5,20,15,5,10,5,0,5
3183,40,dublin,JERVIS STREET,Jervis Street,False,False,OPEN,2024-12-26 15:57:14,True,False,,,53.3483,-6.266651,21,20,1,14,6,0,6,21,20,1,14,6,0,6
3184,29,dublin,ORMOND QUAY UPPER,Ormond Quay Upper,False,False,OPEN,2024-12-26 16:03:54,True,False,,,53.346057,-6.268001,29,28,1,17,11,0,11,29,28,1,17,11,0,11
3185,103,dublin,GRANGEGORMAN LOWER (SOUTH),Grangegorman Lower (South),False,False,OPEN,2024-12-26 16:03:05,True,False,,,53.354663,-6.278681,40,0,40,0,0,0,0,40,0,40,0,0,0,0
3186,28,dublin,MOUNTJOY SQUARE WEST,Mountjoy Square West,False,False,OPEN,2024-12-26 15:58:08,True,False,,,53.356299,-6.258586,30,8,22,3,5,0,5,30,8,22,3,5,0,5
3187,39,dublin,WILTON TERRACE,Wilton Terrace,False,False,OPEN,2024-12-26 15:57:54,True,False,,,53.332383,-6.252717,20,7,13,3,4,0,4,20,7,13,3,4,0,4
3188,83,dublin,EMMET ROAD,Emmet Road,False,False,OPEN,2024-12-26 15:55:39,True,False,,,53.340714,-6.308191,40,14,26,12,2,0,2,40,14,26,12,2,0,2
3189,92,dublin,HEUSTON BRIDGE (NORTH),Heuston Bridge (North),False,False,OPEN,2024-12-26 16:04:29,True,False,,,53.347802,-6.292432,40,39,1,30,9,0,9,40,39,1,30,9,0,9
3190,21,dublin,LEINSTER STREET SOUTH,Leinster Street South,False,False,OPEN,2024-12-26 16:02:48,True,False,,,53.34218,-6.254485,30,5,25,1,4,0,4,30,5,25,1,4,0,4
3191,88,dublin,BLACKHALL PLACE,Blackhall Place,False,False,OPEN,2024-12-26 16:03:17,True,False,,,53.3488,-6.281637,30,3,27,3,0,0,0,30,3,27,3,0,0,0
3192,42,dublin,SMITHFIELD NORTH,Smithfield North,False,False,OPEN,2024-12-27 20:54:29,True,False,,,53.349562,-6.278198,30,5,25,3,2,0,2,30,5,25,3,2,0,2
3193,30,dublin,PARNELL SQUARE NORTH,Parnell Square North,False,False,OPEN,2024-12-27 20:49:56,True,False,,,53.3537415547453,-6.26530144781526,20,8,12,5,3,0,3,20,8,12,5,3,0,3
3194,54,dublin,CLONMEL STREET,Clonmel Street,False,False,OPEN,2024-12-27 20:50:16,True,False,,,53.336021,-6.26298,33,12,21,2,10,0,10,33,12,21,2,10,0,10
3195,108,dublin,AVONDALE ROAD,Avondale Road,False,False,OPEN,2024-12-27 20:47:01,True,False,,,53.359405,-6.276142,35,16,19,11,5,0,5,35,16,19,11,5,0,5
3196,20,dublin,JAMES STREET EAST,James Street East,False,False,OPEN,2024-12-27 20:47:50,True,False,,,53.336597,-6.248109,30,2,28,2,0,0,0,30,2,28,2,0,0,0
3197,56,dublin,MOUNT STREET LOWER,Mount Street Lower,False,False,OPEN,2024-12-27 20:53:12,True,False,,,53.33796,-6.24153,40,25,15,14,11,0,11,40,25,15,14,11,0,11
3198,6,dublin,CHRISTCHURCH PLACE,Christchurch Place,False,False,OPEN,2024-12-27 20:54:17,True,False,,,53.343368,-6.27012,20,11,9,3,8,0,8,20,11,9,3,8,0,8
3199,18,dublin,GRANTHAM STREET,Grantham Street,False,False,OPEN,2024-12-27 20:46:20,True,False,,,53.334123,-6.265436,30,11,19,2,9,0,9,30,11,19,2,9,0,9
3200,32,dublin,PEARSE STREET,Pearse Street,False,False,OPEN,2024-12-27 20:46:55,True,False,,,53.344304,-6.250427,30,22,8,17,5,0,5,30,22,8,17,5,0,5
3201,52,dublin,YORK STREET EAST,York Street East,False,False,OPEN,2024-12-27 20:46:58,True,False,,,53.338755,-6.262003,32,27,5,15,12,0,12,32,27,5,15,12,0,12
3202,48,dublin,EXCISE WALK,Excise Walk,False,False,OPEN,2024-12-27 20:48:17,True,False,,,53.347777,-6.244239,40,2,38,2,0,0,0,40,2,38,2,0,0,0
3203,13,dublin,FITZWILLIAM SQUARE WEST,Fitzwilliam Square West,False,False,OPEN,2024-12-27 20:45:11,True,False,,,53.336074,-6.252825,30,26,4,10,16,0,16,30,26,4,10,16,0,16
3204,43,dublin,PORTOBELLO ROAD,Portobello Road,False,False,OPEN,2024-12-27 20:47:45,True,False,,,53.330091,-6.268044,30,9,21,6,3,0,3,30,9,21,6,3,0,3
3205,31,dublin,PARNELL STREET,Parnell Street,False,False,OPEN,2024-12-27 20:53:12,True,False,,,53.350929,-6.265125,20,12,8,6,6,0,6,20,12,8,6,6,0,6
3206,98,dublin,FREDERICK STREET SOUTH,Frederick Street South,False,False,OPEN,2024-12-27 20:45:05,True,False,,,53.341515,-6.256853,40,19,21,9,10,0,10,40,19,21,9,10,0,10
3207,14,dublin,FOWNES STREET UPPER,Fownes Street Upper,False,False,OPEN,2024-12-27 20:47:57,True,False,,,53.344603,-6.263371,30,30,0,20,10,0,10,30,30,0,20,10,0,10
3208,1,dublin,CLARENDON ROW,Clarendon Row,False,False,OPEN,2024-12-27 20:46:10,True,False,,,53.340927,-6.262501,31,24,7,20,4,0,4,31,24,7,20,4,0,4
3209,23,dublin,CUSTOM HOUSE,Custom House,False,False,OPEN,2024-12-27 20:45:56,True,False,,,53.348279,-6.254662,30,16,14,7,9,0,9,30,16,14,7,9,0,9
3210,106,dublin,RATHDOWN ROAD,Rathdown Road,False,False,OPEN,2024-12-27 20:52:55,True,False,,,53.35893,-6.280337,40,0,40,0,0,0,0,40,0,40,0,0,0,0
3211,112,dublin,NORTH CIRCULAR ROAD (O'CONNELL'S),North Circular Road (O'Connell's),False,False,OPEN,2024-12-27 20:54:21,True,False,,,53.357841,-6.251557,30,6,24,5,1,0,1,30,6,24,5,1,0,1
3212,68,dublin,HANOVER QUAY,Hanover Quay,False,False,OPEN,2024-12-27 20:46:33,True,False,,,53.344115,-6.237153,40,29,11,20,9,0,9,40,29,11,20,9,0,9
3213,74,dublin,OLIVER BOND STREET,Oliver Bond Street,False,False,OPEN,2024-12-27 20:52:41,True,False,,,53.343893,-6.280531,30,21,9,14,7,0,7,30,21,9,14,7,0,7
3214,87,dublin,COLLINS BARRACKS MUSEUM,Collins Barracks Museum,False,False,OPEN,2024-12-27 20:54:48,True,False,,,53.347477,-6.28525,38,17,21,9,8,0,8,38,17,21,9,8,0,8
3215,84,dublin,BROOKFIELD ROAD,Brookfield Road,False,False,OPEN,2024-12-27 20:46:08,True,False,,,53.339005,-6.300217,30,12,18,6,6,0,6,30,12,18,6,6,0,6
3216,90,dublin,BENSON STREET,Benson Street,False,False,OPEN,2024-12-27 20:48:22,True,False,,,53.344153,-6.233451,40,9,31,7,2,0,2,40,9,31,7,2,0,2
3217,11,dublin,EARLSFORT TERRACE,Earlsfort Terrace,False,False,OPEN,2024-12-27 20:45:04,True,False,,,53.334295,-6.258503,30,18,12,14,4,0,4,30,18,12,14,4,0,4
3218,17,dublin,GOLDEN LANE,Golden Lane,False,False,OPEN,2024-12-27 20:45:02,True,False,,,53.340803,-6.267732,20,17,3,7,10,0,10,20,17,3,7,10,0,10
3219,45,dublin,DEVERELL PLACE,Deverell Place,False,False,OPEN,2024-12-27 20:48:18,True,False,,,53.351464,-6.255265,30,10,20,4,6,0,6,30,10,20,4,6,0,6
3220,114,dublin,WILTON TERRACE (PARK),Wilton Terrace (Park),False,False,OPEN,2024-12-27 20:46:05,True,False,,,53.333653,-6.248345,40,1,39,0,1,0,1,40,1,39,0,1,0,1
3221,72,dublin,JOHN STREET WEST,John Street West,False,False,OPEN,2024-12-27 20:47:32,True,False,,,53.343105,-6.277167,31,0,31,0,0,0,0,31,0,31,0,0,0,0
3222,63,dublin,FENIAN STREET,Fenian Street,False,False,OPEN,2024-12-27 20:45:21,True,False,,,53.341428,-6.24672,35,24,11,13,11,0,11,35,24,11,13,11,0,11
3223,113,dublin,MERRION SQUARE SOUTH,Merrion Square South,False,False,OPEN,2024-12-27 20:48:21,True,False,,,53.338614,-6.248606,40,6,23,5,1,0,1,40,6,23,5,1,0,1
3224,91,dublin,SOUTH DOCK ROAD,South Dock Road,False,False,OPEN,2024-12-27 20:54:04,True,False,,,53.341833,-6.231291,30,23,7,11,12,0,12,30,23,7,11,12,0,12
3225,99,dublin,CITY QUAY,City Quay,False,False,OPEN,2024-12-27 20:50:05,True,False,,,53.346637,-6.246154,30,20,10,9,11,0,11,30,20,10,9,11,0,11
3226,9,dublin,EXCHEQUER STREET,Exchequer Street,False,False,OPEN,2024-12-27 20:49:51,True,False,,,53.343034,-6.263578,24,23,1,10,13,0,13,24,23,1,10,13,0,13
3227,67,dublin,THE POINT,The Point,False,False,OPEN,2024-12-27 20:45:59,True,False,,,53.346867,-6.230852,40,18,22,11,7,0,7,40,18,22,11,7,0,7
3228,116,dublin,BROADSTONE,Broadstone,False,False,OPEN,2024-12-27 20:53:42,True,False,,,53.3547,-6.272314,30,16,14,6,10,0,10,30,16,14,6,10,0,10
3229,55,dublin,HATCH STREET,Hatch Street,False,False,OPEN,2024-12-27 20:48:59,True,False,,,53.33403,-6.260714,36,15,20,9,6,0,6,36,15,20,9,6,0,6
3230,62,dublin,LIME STREET,Lime Street,False,False,OPEN,2024-12-27 20:45:12,True,False,,,53.346026,-6.243576,40,14,26,4,10,0,10,40,14,26,4,10,0,10
3231,5,dublin,CHARLEMONT PLACE,Charlemont Street,False,False,OPEN,2024-12-27 20:48:51,True,False,,,53.330662,-6.260177,40,18,22,15,3,0,3,40,18,22,15,3,0,3
3232,97,dublin,KILMAINHAM GAOL,Kilmainham Gaol,False,False,OPEN,2024-12-27 20:54:23,True,False,,,53.342113,-6.310015,40,9,31,6,3,0,3,40,9,31,6,3,0,3
3233,61,dublin,HARDWICKE PLACE,Hardwicke Place,False,False,OPEN,2024-12-27 20:52:18,True,False,,,53.357043,-6.263232,25,1,24,1,0,0,0,25,1,24,1,0,0,0
3234,77,dublin,WOLFE TONE STREET,Wolfe Tone Street,False,False,OPEN,2024-12-27 20:48:17,True,False,,,53.348875,-6.267459,29,21,8,11,10,0,10,29,21,8,11,10,0,10
3235,73,dublin,FRANCIS STREET,Francis Street,False,False,OPEN,2024-12-27 20:46:37,True,False,,,53.342081,-6.275233,30,5,25,5,0,0,0,30,5,25,5,0,0,0
3236,4,dublin,GREEK STREET,Greek Street,False,False,OPEN,2024-12-27 20:48:54,True,False,,,53.346874,-6.272976,20,11,9,1,10,0,10,20,11,9,1,10,0,10
3237,49,dublin,GUILD STREET,Guild Street,False,False,OPEN,2024-12-27 20:47:07,True,False,,,53.347932,-6.240928,40,38,2,26,12,0,12,40,38,2,26,12,0,12
3238,19,dublin,HERBERT PLACE,Herbert Place,False,False,OPEN,2024-12-27 20:48:36,True,False,,,53.334432,-6.245575,30,8,22,4,4,0,4,30,8,22,4,4,0,4
3239,7,dublin,HIGH STREET,High Street,False,False,OPEN,2024-12-27 20:54:39,True,False,,,53.343565,-6.275071,29,2,27,1,1,0,1,29,2,27,1,1,0,1
3240,60,dublin,NORTH CIRCULAR ROAD,North Circular Road,False,False,OPEN,2024-12-27 20:47:25,True,False,,,53.359624,-6.260348,30,3,27,2,1,0,1,30,3,27,2,1,0,1
3241,102,dublin,WESTERN WAY,Western Way,False,False,OPEN,2024-12-27 20:46:44,True,False,,,53.354929,-6.269425,40,12,28,11,1,0,1,40,12,28,11,1,0,1
3242,38,dublin,TALBOT STREET,Talbot Street,False,False,OPEN,2024-12-27 20:54:25,True,False,,,53.350974,-6.25294,40,20,20,17,3,0,3,40,20,20,17,3,0,3
3243,53,dublin,NEWMAN HOUSE,Newman House,False,False,OPEN,2024-12-27 20:46:48,True,False,,,53.337132,-6.26059,40,11,29,11,0,0,0,40,11,29,11,0,0,0
3244,58,dublin,SIR PATRICK DUN'S,Sir Patrick's Dun,False,False,OPEN,2024-12-27 20:45:19,True,False,,,53.339218,-6.240642,40,33,7,28,5,0,5,40,33,7,28,5,0,5
3245,66,dublin,NEW CENTRAL BANK,New Central Bank,False,False,OPEN,2024-12-27 20:47:13,True,False,,,53.347122,-6.234749,40,4,36,2,2,0,2,40,4,36,2,2,0,2
3246,104,dublin,GRANGEGORMAN LOWER (CENTRAL),Grangegorman Lower (Central),False,False,OPEN,2024-12-27 20:48:14,True,False,,,53.355173,-6.278424,40,2,38,1,1,0,1,40,2,38,1,1,0,1
3247,101,dublin,KING STREET NORTH,King Street North,False,False,OPEN,2024-12-27 20:46:31,True,False,,,53.350291,-6.273507,30,10,20,7,3,0,3,30,10,20,7,3,0,3
3248,115,dublin,KILLARNEY STREET,Killarney Street,False,False,OPEN,2024-12-27 20:48:57,True,False,,,53.354845,-6.247579,30,23,7,16,7,0,7,30,23,7,16,7,0,7
3249,47,dublin,HERBERT STREET,Herbert Street,False,False,OPEN,2024-12-27 20:45:47,True,False,,,53.335742,-6.24551,40,3,37,1,2,0,2,40,3,37,1,2,0,2
3250,117,dublin,HANOVER QUAY EAST,Hanover Quay East,False,False,OPEN,2024-12-27 20:53:07,True,False,,,53.343653,-6.231755,40,6,34,2,4,0,4,40,6,34,2,4,0,4
3251,8,dublin,CUSTOM HOUSE QUAY,Custom House Quay,False,False,OPEN,2024-12-27 20:49:43,True,False,,,53.347884,-6.248048,30,18,12,11,7,0,7,30,18,12,11,7,0,7
3252,27,dublin,MOLESWORTH STREET,Molesworth Street,False,False,OPEN,2024-12-27 20:47:46,True,False,,,53.341288,-6.258117,20,8,12,4,4,0,4,20,8,12,4,4,0,4
3253,16,dublin,GEORGES QUAY,Georges Quay,False,False,OPEN,2024-12-27 20:53:49,True,False,,,53.347508,-6.252192,20,15,5,8,7,0,7,20,15,5,8,7,0,7
3254,96,dublin,KILMAINHAM LANE,Kilmainham Lane,False,False,OPEN,2024-12-27 20:45:21,True,False,,,53.341805,-6.305085,30,3,27,3,0,0,0,30,3,27,3,0,0,0
3255,82,dublin,MOUNT BROWN,Mount Brown,False,False,OPEN,2024-12-27 20:54:09,True,False,,,53.341645,-6.29719,22,10,12,1,9,0,9,22,10,12,1,9,0,9
3256,76,dublin,MARKET STREET SOUTH,Market Street South,False,False,OPEN,2024-12-27 20:54:21,True,False,,,53.342296,-6.287661,38,3,35,0,3,0,3,38,3,35,0,3,0,3
3257,71,dublin,KEVIN STREET,Kevin Street,False,False,OPEN,2024-12-27 20:45:35,True,False,,,53.337757,-6.267699,40,11,29,4,7,0,7,40,11,29,4,7,0,7
3258,79,dublin,ECCLES STREET EAST,Eccles Street East,False,False,OPEN,2024-12-27 20:47:45,True,False,,,53.358115,-6.265601,27,0,27,0,0,0,0,27,0,27,0,0,0,0
3259,69,dublin,GRAND CANAL DOCK,Grand Canal Dock,False,False,OPEN,2024-12-27 20:47:50,True,False,,,53.342638,-6.238695,40,36,4,23,13,0,13,40,36,4,23,13,0,13
3260,25,dublin,MERRION SQUARE EAST,Merrion Square East,False,False,OPEN,2024-12-27 20:48:59,True,False,,,53.339434,-6.246548,30,0,30,0,0,0,0,30,0,30,0,0,0,0
3261,51,dublin,YORK STREET WEST,York Street West,False,False,OPEN,2024-12-27 20:53:23,True,False,,,53.339334,-6.264699,40,0,0,0,0,0,0,40,0,0,0,0,0,0
3262,37,dublin,ST. STEPHEN'S GREEN SOUTH,St. Stephen's Green South,False,False,OPEN,2024-12-27 20:54:53,True,False,,,53.337494,-6.26199,30,17,13,10,7,0,7,30,17,13,10,7,0,7
3263,59,dublin,DENMARK STREET GREAT,Denmark Street Great,False,False,OPEN,2024-12-27 20:49:22,True,False,,,53.35561,-6.261397,20,1,19,1,0,0,0,20,1,19,1,0,0,0
3264,95,dublin,ROYAL HOSPITAL,Royal Hospital,False,False,OPEN,2024-12-27 20:49:07,True,False,,,53.343897,-6.29706,40,28,12,18,10,0,10,40,28,12,18,10,0,10
3265,94,dublin,HEUSTON STATION (CAR PARK),Heuston Station (Car Park),False,False,OPEN,2024-12-27 20:46:36,True,False,,,53.346985,-6.297804,40,10,30,10,0,0,0,40,10,30,10,0,0,0
3266,105,dublin,GRANGEGORMAN LOWER (NORTH),Grangegorman Lower (North),False,False,OPEN,2024-12-27 20:46:59,True,False,,,53.355954,-6.278378,36,2,34,2,0,0,0,36,2,34,2,0,0,0
3267,36,dublin,ST. STEPHEN'S GREEN EAST,St. Stephen's Green East,False,False,OPEN,2024-12-27 20:53:10,True,False,,,53.337824,-6.256035,40,16,24,8,8,0,8,40,16,24,8,8,0,8
3268,93,dublin,HEUSTON STATION (CENTRAL),Heuston Station (Central),False,False,OPEN,2024-12-27 20:44:59,True,False,,,53.346603,-6.296924,40,13,27,13,0,0,0,40,13,27,13,0,0,0
3269,22,dublin,TOWNSEND STREET,Townsend Street,False,False,OPEN,2024-12-27 20:45:12,True,False,,,53.345922,-6.254614,20,15,5,10,5,0,5,20,15,5,10,5,0,5
3270,50,dublin,GEORGES LANE,George's Lane,False,False,OPEN,2024-12-27 20:51:36,True,False,,,53.35023,-6.279696,40,10,30,9,1,0,1,40,10,30,9,1,0,1
3271,110,dublin,PHIBSBOROUGH ROAD,Phibsborough Road,False,False,OPEN,2024-12-27 20:47:34,True,False,,,53.356307,-6.273717,40,9,31,1,8,0,8,40,9,31,1,8,0,8
3272,12,dublin,ECCLES STREET,Eccles Street,False,False,OPEN,2024-12-27 20:54:37,True,False,,,53.359246,-6.269779,20,0,20,0,0,0,0,20,0,20,0,0,0,0
3273,34,dublin,PORTOBELLO HARBOUR,Portobello Harbour,False,False,OPEN,2024-12-27 20:45:12,True,False,,,53.330362,-6.265163,30,4,26,4,0,0,0,30,4,26,4,0,0,0
3274,78,dublin,MATER HOSPITAL,Mater Hospital,False,False,OPEN,2024-12-27 20:47:29,True,False,,,53.359967,-6.264828,40,0,40,0,0,0,0,40,0,40,0,0,0,0
3275,2,dublin,BLESSINGTON STREET,Blessington Street,False,False,OPEN,2024-12-27 20:48:09,True,False,,,53.356769,-6.26814,20,6,14,4,2,0,2,20,6,14,4,2,0,2
3276,75,dublin,JAMES STREET,James Street,False,False,OPEN,2024-12-27 20:50:28,True,False,,,53.343456,-6.287409,40,3,37,3,0,0,0,40,3,37,3,0,0,0
3277,111,dublin,MOUNTJOY SQUARE EAST,Mountjoy Square East,False,False,OPEN,2024-12-27 20:53:49,True,False,,,53.356717,-6.256359,40,2,38,1,1,0,1,40,2,38,1,1,0,1
3278,26,dublin,MERRION SQUARE WEST,Merrion Square West,False,False,OPEN,2024-12-27 20:53:04,True,False,,,53.339764,-6.251988,20,14,6,6,8,0,8,20,14,6,6,8,0,8
3279,65,dublin,CONVENTION CENTRE,Convention Centre,False,False,OPEN,2024-12-27 20:47:10,True,False,,,53.34744,-6.238523,40,9,31,8,1,0,1,40,9,31,8,1,0,1
3280,15,dublin,HARDWICKE STREET,Hardwicke Street,False,False,OPEN,2024-12-27 20:47:19,True,False,,,53.355473,-6.264423,16,2,14,1,1,0,1,16,2,14,1,1,0,1
3281,86,dublin,PARKGATE STREET,Parkgate Street,False,False,OPEN,2024-12-27 20:53:39,True,False,,,53.347972,-6.291804,38,33,5,4,29,0,29,38,33,5,4,29,0,29
3282,35,dublin,SMITHFIELD,Smithfield,False,False,OPEN,2024-12-27 20:48:14,True,False,,,53.347692,-6.278214,30,10,20,7,3,0,3,30,10,20,7,3,0,3
3283,10,dublin,DAME STREET,Dame Street,False,False,OPEN,2024-12-27 20:48:16,True,False,,,53.344007,-6.266802,16,16,0,12,4,0,4,16,16,0,12,4,0,4
3284,100,dublin,HEUSTON BRIDGE (SOUTH),Heuston Bridge (South),False,False,OPEN,2024-12-27 20:48:55,True,False,,,53.347106,-6.292041,25,15,10,8,7,0,7,25,15,10,8,7,0,7
3285,24,dublin,CATHAL BRUGHA STREET,Cathal Brugha Street,False,False,OPEN,2024-12-27 20:49:32,True,False,,,53.352149,-6.260533,20,15,5,13,2,0,2,20,15,5,13,2,0,2
3286,64,dublin,SANDWITH STREET,Sandwith Street,False,False,OPEN,2024-12-27 20:48:48,True,False,,,53.345203,-6.247163,40,20,20,17,3,0,3,40,20,20,17,3,0,3
3287,109,dublin,BUCKINGHAM STREET LOWER,Buckingham Street Lower,False,False,OPEN,2024-12-27 20:45:36,True,False,,,53.353331,-6.249319,29,13,16,3,10,0,10,29,13,16,3,10,0,10
3288,85,dublin,ROTHE ABBEY,Rothe Abbey,False,False,OPEN,2024-12-27 20:48:07,True,False,,,53.338776,-6.30395,35,27,8,13,14,0,14,35,27,8,13,14,0,14
3289,107,dublin,CHARLEVILLE ROAD,Charleville Road,False,False,OPEN,2024-12-27 20:46:06,True,False,,,53.359157,-6.281866,40,17,23,10,7,0,7,40,17,23,10,7,0,7
3290,33,dublin,PRINCES STREET / O'CONNELL STREET,Princes Street / O'Connell Street,False,False,OPEN,2024-12-27 20:53:27,True,False,,,53.349013,-6.260311,23,16,7,5,11,0,11,23,16,7,5,11,0,11
3291,44,dublin,UPPER SHERRARD STREET,Upper Sherrard Street,False,False,OPEN,2024-12-27 20:54:30,True,False,,,53.358437,-6.260641,30,7,23,5,2,0,2,30,7,23,5,2,0,2
3292,89,dublin,FITZWILLIAM SQUARE EAST,Fitzwilliam Square East,False,False,OPEN,2024-12-27 20:47:52,True,False,,,53.335211,-6.2509,40,23,17,12,11,0,11,40,23,17,12,11,0,11
3293,57,dublin,GRATTAN STREET,Grattan Street,False,False,OPEN,2024-12-27 20:53:13,True,False,,,53.339629,-6.243778,23,5,18,3,2,0,2,23,5,18,3,2,0,2
3294,80,dublin,ST JAMES HOSPITAL (LUAS),St James Hospital (Luas),False,False,OPEN,2024-12-27 20:46:47,True,False,,,53.341359,-6.292951,40,1,39,1,0,0,0,40,1,39,1,0,0,0
3295,41,dublin,HARCOURT TERRACE,Harcourt Terrace,False,False,OPEN,2024-12-27 20:53:48,True,False,,,53.332763,-6.257942,20,2,18,1,1,0,1,20,2,18,1,1,0,1
3296,3,dublin,BOLTON STREET,Bolton Street,False,False,OPEN,2024-12-27 20:45:54,True,False,,,53.351182,-6.269859,20,7,13,5,2,0,2,20,7,13,5,2,0,2
3297,40,dublin,JERVIS STREET,Jervis Street,False,False,OPEN,2024-12-27 20:50:21,True,False,,,53.3483,-6.266651,21,11,10,8,3,0,3,21,11,10,8,3,0,3
3298,29,dublin,ORMOND QUAY UPPER,Ormond Quay Upper,False,False,OPEN,2024-12-27 20:48:06,True,False,,,53.346057,-6.268001,29,26,2,15,11,0,11,29,26,2,15,11,0,11
3299,103,dublin,GRANGEGORMAN LOWER (SOUTH),Grangegorman Lower (South),False,False,OPEN,2024-12-27 20:53:59,True,False,,,53.354663,-6.278681,40,0,40,0,0,0,0,40,0,40,0,0,0,0
3300,28,dublin,MOUNTJOY SQUARE WEST,Mountjoy Square West,False,False,OPEN,2024-12-27 20:51:01,True,False,,,53.356299,-6.258586,30,0,30,0,0,0,0,30,0,30,0,0,0,0
3301,39,dublin,WILTON TERRACE,Wilton Terrace,False,False,OPEN,2024-12-27 20:54:03,True,False,,,53.332383,-6.252717,20,3,17,1,2,0,2,20,3,17,1,2,0,2
3302,83,dublin,EMMET ROAD,Emmet Road,False,False,OPEN,2024-12-27 20:48:15,True,False,,,53.340714,-6.308191,40,12,28,11,1,0,1,40,12,28,11,1,0,1
3303,92,dublin,HEUSTON BRIDGE (NORTH),Heuston Bridge (North),False,False,OPEN,2024-12-27 20:45:08,True,False,,,53.347802,-6.292432,40,40,0,30,10,0,10,40,40,0,30,10,0,10
3304,21,dublin,LEINSTER STREET SOUTH,Leinster Street South,False,False,OPEN,2024-12-27 20:46:59,True,False,,,53.34218,-6.254485,30,0,30,0,0,0,0,30,0,30,0,0,0,0
3305,88,dublin,BLACKHALL PLACE,Blackhall Place,False,False,OPEN,2024-12-27 20:47:40,True,False,,,53.3488,-6.281637,30,4,26,1,3,0,3,30,4,26,1,3,0,3
3306,42,dublin,SMITHFIELD NORTH,Smithfield North,False,False,OPEN,2024-12-27 22:19:04,True,False,,,53.349562,-6.278198,30,5,25,3,2,0,2,30,5,25,3,2,0,2
3307,30,dublin,PARNELL SQUARE NORTH,Parnell Square North,False,False,OPEN,2024-12-27 22:10:38,True,False,,,53.3537415547453,-6.26530144781526,20,7,13,4,3,0,3,20,7,13,4,3,0,3
3308,54,dublin,CLONMEL STREET,Clonmel Street,False,False,OPEN,2024-12-27 22:14:16,True,False,,,53.336021,-6.26298,33,13,20,2,11,0,11,33,13,20,2,11,0,11
3309,108,dublin,AVONDALE ROAD,Avondale Road,False,False,OPEN,2024-12-27 22:17:44,True,False,,,53.359405,-6.276142,35,17,18,11,6,0,6,35,17,18,11,6,0,6
3310,20,dublin,JAMES STREET EAST,James Street East,False,False,OPEN,2024-12-27 22:18:30,True,False,,,53.336597,-6.248109,30,2,28,2,0,0,0,30,2,28,2,0,0,0
3311,56,dublin,MOUNT STREET LOWER,Mount Street Lower,False,False,OPEN,2024-12-27 22:17:20,True,False,,,53.33796,-6.24153,40,23,17,12,11,0,11,40,23,17,12,11,0,11
3312,6,dublin,CHRISTCHURCH PLACE,Christchurch Place,False,False,OPEN,2024-12-27 22:15:59,True,False,,,53.343368,-6.27012,20,10,10,5,5,0,5,20,10,10,5,5,0,5
3313,18,dublin,GRANTHAM STREET,Grantham Street,False,False,OPEN,2024-12-27 22:16:58,True,False,,,53.334123,-6.265436,30,12,18,3,9,0,9,30,12,18,3,9,0,9
3314,32,dublin,PEARSE STREET,Pearse Street,False,False,OPEN,2024-12-27 22:17:44,True,False,,,53.344304,-6.250427,30,24,6,19,5,0,5,30,24,6,19,5,0,5
3315,52,dublin,YORK STREET EAST,York Street East,False,False,OPEN,2024-12-27 22:17:47,True,False,,,53.338755,-6.262003,32,26,6,15,11,0,11,32,26,6,15,11,0,11
3316,48,dublin,EXCISE WALK,Excise Walk,False,False,OPEN,2024-12-27 22:19:02,True,False,,,53.347777,-6.244239,40,2,38,2,0,0,0,40,2,38,2,0,0,0
3317,13,dublin,FITZWILLIAM SQUARE WEST,Fitzwilliam Square West,False,False,OPEN,2024-12-27 22:15:52,True,False,,,53.336074,-6.252825,30,27,3,11,16,0,16,30,27,3,11,16,0,16
3318,43,dublin,PORTOBELLO ROAD,Portobello Road,False,False,OPEN,2024-12-27 22:18:40,True,False,,,53.330091,-6.268044,30,8,22,5,3,0,3,30,8,22,5,3,0,3
3319,31,dublin,PARNELL STREET,Parnell Street,False,False,OPEN,2024-12-27 22:17:31,True,False,,,53.350929,-6.265125,20,13,7,8,5,0,5,20,13,7,8,5,0,5
3320,98,dublin,FREDERICK STREET SOUTH,Frederick Street South,False,False,OPEN,2024-12-27 22:15:42,True,False,,,53.341515,-6.256853,40,19,21,9,10,0,10,40,19,21,9,10,0,10
3321,14,dublin,FOWNES STREET UPPER,Fownes Street Upper,False,False,OPEN,2024-12-27 22:18:53,True,False,,,53.344603,-6.263371,30,28,2,18,10,0,10,30,28,2,18,10,0,10
3322,1,dublin,CLARENDON ROW,Clarendon Row,False,False,OPEN,2024-12-27 22:17:15,True,False,,,53.340927,-6.262501,31,21,10,16,5,0,5,31,21,10,16,5,0,5
3323,23,dublin,CUSTOM HOUSE,Custom House,False,False,OPEN,2024-12-27 22:16:35,True,False,,,53.348279,-6.254662,30,14,16,5,9,0,9,30,14,16,5,9,0,9
3324,106,dublin,RATHDOWN ROAD,Rathdown Road,False,False,OPEN,2024-12-27 22:13:31,True,False,,,53.35893,-6.280337,40,0,40,0,0,0,0,40,0,40,0,0,0,0
3325,112,dublin,NORTH CIRCULAR ROAD (O'CONNELL'S),North Circular Road (O'Connell's),False,False,OPEN,2024-12-27 22:15:00,True,False,,,53.357841,-6.251557,30,9,21,8,1,0,1,30,9,21,8,1,0,1
3326,68,dublin,HANOVER QUAY,Hanover Quay,False,False,OPEN,2024-12-27 22:19:41,True,False,,,53.344115,-6.237153,40,25,15,17,8,0,8,40,25,15,17,8,0,8
3327,74,dublin,OLIVER BOND STREET,Oliver Bond Street,False,False,OPEN,2024-12-27 22:17:11,True,False,,,53.343893,-6.280531,30,23,7,17,6,0,6,30,23,7,17,6,0,6
3328,87,dublin,COLLINS BARRACKS MUSEUM,Collins Barracks Museum,False,False,OPEN,2024-12-27 22:15:29,True,False,,,53.347477,-6.28525,38,19,19,11,8,0,8,38,19,19,11,8,0,8
3329,84,dublin,BROOKFIELD ROAD,Brookfield Road,False,False,OPEN,2024-12-27 22:16:43,True,False,,,53.339005,-6.300217,30,12,18,6,6,0,6,30,12,18,6,6,0,6
3330,90,dublin,BENSON STREET,Benson Street,False,False,OPEN,2024-12-27 22:19:09,True,False,,,53.344153,-6.233451,40,7,33,5,2,0,2,40,7,33,5,2,0,2
3331,11,dublin,EARLSFORT TERRACE,Earlsfort Terrace,False,False,OPEN,2024-12-27 22:15:52,True,False,,,53.334295,-6.258503,30,18,12,14,4,0,4,30,18,12,14,4,0,4
3332,17,dublin,GOLDEN LANE,Golden Lane,False,False,OPEN,2024-12-27 22:19:17,True,False,,,53.340803,-6.267732,20,14,6,5,9,0,9,20,14,6,5,9,0,9
3333,45,dublin,DEVERELL PLACE,Deverell Place,False,False,OPEN,2024-12-27 22:18:55,True,False,,,53.351464,-6.255265,30,10,20,4,6,0,6,30,10,20,4,6,0,6
3334,114,dublin,WILTON TERRACE (PARK),Wilton Terrace (Park),False,False,OPEN,2024-12-27 22:16:41,True,False,,,53.333653,-6.248345,40,1,39,0,1,0,1,40,1,39,0,1,0,1
3335,72,dublin,JOHN STREET WEST,John Street West,False,False,OPEN,2024-12-27 22:18:08,True,False,,,53.343105,-6.277167,31,1,30,0,1,0,1,31,1,30,0,1,0,1
3336,63,dublin,FENIAN STREET,Fenian Street,False,False,OPEN,2024-12-27 22:16:08,True,False,,,53.341428,-6.24672,35,22,13,11,11,0,11,35,22,13,11,11,0,11
3337,113,dublin,MERRION SQUARE SOUTH,Merrion Square South,False,False,OPEN,2024-12-27 22:19:10,True,False,,,53.338614,-6.248606,40,6,23,5,1,0,1,40,6,23,5,1,0,1
3338,91,dublin,SOUTH DOCK ROAD,South Dock Road,False,False,OPEN,2024-12-27 22:14:42,True,False,,,53.341833,-6.231291,30,25,5,15,10,0,10,30,25,5,15,10,0,10
3339,99,dublin,CITY QUAY,City Quay,False,False,OPEN,2024-12-27 22:10:41,True,False,,,53.346637,-6.246154,30,20,10,9,11,0,11,30,20,10,9,11,0,11
3340,9,dublin,EXCHEQUER STREET,Exchequer Street,False,False,OPEN,2024-12-27 22:10:40,True,False,,,53.343034,-6.263578,24,22,2,9,13,0,13,24,22,2,9,13,0,13
3341,67,dublin,THE POINT,The Point,False,False,OPEN,2024-12-27 22:15:51,True,False,,,53.346867,-6.230852,40,18,22,10,8,0,8,40,18,22,10,8,0,8
3342,116,dublin,BROADSTONE,Broadstone,False,False,OPEN,2024-12-27 22:15:08,True,False,,,53.3547,-6.272314,30,17,13,6,11,0,11,30,17,13,6,11,0,11
3343,55,dublin,HATCH STREET,Hatch Street,False,False,OPEN,2024-12-27 22:19:49,True,False,,,53.33403,-6.260714,36,15,20,9,6,0,6,36,15,20,9,6,0,6
3344,62,dublin,LIME STREET,Lime Street,False,False,OPEN,2024-12-27 22:15:51,True,False,,,53.346026,-6.243576,40,15,25,4,11,0,11,40,15,25,4,11,0,11
3345,5,dublin,CHARLEMONT PLACE,Charlemont Street,False,False,OPEN,2024-12-27 22:19:39,True,False,,,53.330662,-6.260177,40,12,28,9,3,0,3,40,12,28,9,3,0,3
3346,97,dublin,KILMAINHAM GAOL,Kilmainham Gaol,False,False,OPEN,2024-12-27 22:14:51,True,False,,,53.342113,-6.310015,40,9,31,6,3,0,3,40,9,31,6,3,0,3
3347,61,dublin,HARDWICKE PLACE,Hardwicke Place,False,False,OPEN,2024-12-27 22:12:47,True,False,,,53.357043,-6.263232,25,1,24,1,0,0,0,25,1,24,1,0,0,0
3348,77,dublin,WOLFE TONE STREET,Wolfe Tone Street,False,False,OPEN,2024-12-27 22:19:12,True,False,,,53.348875,-6.267459,29,23,6,13,10,0,10,29,23,6,13,10,0,10
3349,73,dublin,FRANCIS STREET,Francis Street,False,False,OPEN,2024-12-27 22:17:16,True,False,,,53.342081,-6.275233,30,8,22,7,1,0,1,30,8,22,7,1,0,1
3350,4,dublin,GREEK STREET,Greek Street,False,False,OPEN,2024-12-27 22:19:43,True,False,,,53.346874,-6.272976,20,11,9,1,10,0,10,20,11,9,1,10,0,10
3351,49,dublin,GUILD STREET,Guild Street,False,False,OPEN,2024-12-27 22:17:49,True,False,,,53.347932,-6.240928,40,36,4,24,12,0,12,40,36,4,24,12,0,12
3352,19,dublin,HERBERT PLACE,Herbert Place,False,False,OPEN,2024-12-27 22:19:24,True,False,,,53.334432,-6.245575,30,7,23,4,3,0,3,30,7,23,4,3,0,3
3353,7,dublin,HIGH STREET,High Street,False,False,OPEN,2024-12-27 22:15:13,True,False,,,53.343565,-6.275071,29,3,26,2,1,0,1,29,3,26,2,1,0,1
3354,60,dublin,NORTH CIRCULAR ROAD,North Circular Road,False,False,OPEN,2024-12-27 22:18:11,True,False,,,53.359624,-6.260348,30,4,26,4,0,0,0,30,4,26,4,0,0,0
3355,102,dublin,WESTERN WAY,Western Way,False,False,OPEN,2024-12-27 22:17:32,True,False,,,53.354929,-6.269425,40,12,28,11,1,0,1,40,12,28,11,1,0,1
3356,38,dublin,TALBOT STREET,Talbot Street,False,False,OPEN,2024-12-27 22:19:23,True,False,,,53.350974,-6.25294,40,20,20,16,4,0,4,40,20,20,16,4,0,4
3357,53,dublin,NEWMAN HOUSE,Newman House,False,False,OPEN,2024-12-27 22:17:35,True,False,,,53.337132,-6.26059,40,11,29,11,0,0,0,40,11,29,11,0,0,0
3358,58,dublin,SIR PATRICK DUN'S,Sir Patrick's Dun,False,False,OPEN,2024-12-27 22:17:09,True,False,,,53.339218,-6.240642,40,33,7,28,5,0,5,40,33,7,28,5,0,5
3359,66,dublin,NEW CENTRAL BANK,New Central Bank,False,False,OPEN,2024-12-27 22:17:55,True,False,,,53.347122,-6.234749,40,5,35,2,3,0,3,40,5,35,2,3,0,3
3360,104,dublin,GRANGEGORMAN LOWER (CENTRAL),Grangegorman Lower (Central),False,False,OPEN,2024-12-27 22:19:05,True,False,,,53.355173,-6.278424,40,1,39,1,0,0,0,40,1,39,1,0,0,0
3361,101,dublin,KING STREET NORTH,King Street North,False,False,OPEN,2024-12-27 22:17:20,True,False,,,53.350291,-6.273507,30,12,18,8,4,0,4,30,12,18,8,4,0,4
3362,115,dublin,KILLARNEY STREET,Killarney Street,False,False,OPEN,2024-12-27 22:19:39,True,False,,,53.354845,-6.247579,30,24,6,16,8,0,8,30,24,6,16,8,0,8
3363,47,dublin,HERBERT STREET,Herbert Street,False,False,OPEN,2024-12-27 22:16:39,True,False,,,53.335742,-6.24551,40,5,35,3,2,0,2,40,5,35,3,2,0,2
3364,117,dublin,HANOVER QUAY EAST,Hanover Quay East,False,False,OPEN,2024-12-27 22:13:38,True,False,,,53.343653,-6.231755,40,5,35,1,4,0,4,40,5,35,1,4,0,4
3365,8,dublin,CUSTOM HOUSE QUAY,Custom House Quay,False,False,OPEN,2024-12-27 22:18:51,True,False,,,53.347884,-6.248048,30,21,9,14,7,0,7,30,21,9,14,7,0,7
3366,27,dublin,MOLESWORTH STREET,Molesworth Street,False,False,OPEN,2024-12-27 22:18:38,True,False,,,53.341288,-6.258117,20,6,14,3,3,0,3,20,6,14,3,3,0,3
3367,16,dublin,GEORGES QUAY,Georges Quay,False,False,OPEN,2024-12-27 22:14:30,True,False,,,53.347508,-6.252192,20,17,3,9,8,0,8,20,17,3,9,8,0,8
3368,96,dublin,KILMAINHAM LANE,Kilmainham Lane,False,False,OPEN,2024-12-27 22:16:10,True,False,,,53.341805,-6.305085,30,4,26,4,0,0,0,30,4,26,4,0,0,0
3369,82,dublin,MOUNT BROWN,Mount Brown,False,False,OPEN,2024-12-27 22:17:05,True,False,,,53.341645,-6.29719,22,11,11,2,9,0,9,22,11,11,2,9,0,9
3370,76,dublin,MARKET STREET SOUTH,Market Street South,False,False,OPEN,2024-12-27 22:14:57,True,False,,,53.342296,-6.287661,38,3,35,0,3,0,3,38,3,35,0,3,0,3
3371,71,dublin,KEVIN STREET,Kevin Street,False,False,OPEN,2024-12-27 22:16:28,True,False,,,53.337757,-6.267699,40,11,29,4,7,0,7,40,11,29,4,7,0,7
3372,79,dublin,ECCLES STREET EAST,Eccles Street East,False,False,OPEN,2024-12-27 22:18:33,True,False,,,53.358115,-6.265601,27,0,27,0,0,0,0,27,0,27,0,0,0,0
3373,69,dublin,GRAND CANAL DOCK,Grand Canal Dock,False,False,OPEN,2024-12-27 22:18:31,True,False,,,53.342638,-6.238695,40,36,4,23,13,0,13,40,36,4,23,13,0,13
3374,25,dublin,MERRION SQUARE EAST,Merrion Square East,False,False,OPEN,2024-12-27 22:19:47,True,False,,,53.339434,-6.246548,30,0,30,0,0,0,0,30,0,30,0,0,0,0
3375,51,dublin,YORK STREET WEST,York Street West,False,False,OPEN,2024-12-27 22:13:51,True,False,,,53.339334,-6.264699,40,0,0,0,0,0,0,40,0,0,0,0,0,0
3376,37,dublin,ST. STEPHEN'S GREEN SOUTH,St. Stephen's Green South,False,False,OPEN,2024-12-27 22:15:26,True,False,,,53.337494,-6.26199,30,17,13,10,7,0,7,30,17,13,10,7,0,7
3377,59,dublin,DENMARK STREET GREAT,Denmark Street Great,False,False,OPEN,2024-12-27 22:09:58,True,False,,,53.35561,-6.261397,20,1,19,1,0,0,0,20,1,19,1,0,0,0
3378,95,dublin,ROYAL HOSPITAL,Royal Hospital,False,False,OPEN,2024-12-27 22:19:56,True,False,,,53.343897,-6.29706,40,28,12,18,10,0,10,40,28,12,18,10,0,10
3379,94,dublin,HEUSTON STATION (CAR PARK),Heuston Station (Car Park),False,False,OPEN,2024-12-27 22:17:11,True,False,,,53.346985,-6.297804,40,10,30,10,0,0,0,40,10,30,10,0,0,0
3380,105,dublin,GRANGEGORMAN LOWER (NORTH),Grangegorman Lower (North),False,False,OPEN,2024-12-27 22:17:32,True,False,,,53.355954,-6.278378,36,3,33,2,1,0,1,36,3,33,2,1,0,1
3381,36,dublin,ST. STEPHEN'S GREEN EAST,St. Stephen's Green East,False,False,OPEN,2024-12-27 22:13:40,True,False,,,53.337824,-6.256035,40,15,25,7,8,0,8,40,15,25,7,8,0,8
3382,93,dublin,HEUSTON STATION (CENTRAL),Heuston Station (Central),False,False,OPEN,2024-12-27 22:15:40,True,False,,,53.346603,-6.296924,40,13,27,13,0,0,0,40,13,27,13,0,0,0
3383,22,dublin,TOWNSEND STREET,Townsend Street,False,False,OPEN,2024-12-27 22:15:53,True,False,,,53.345922,-6.254614,20,15,5,10,5,0,5,20,15,5,10,5,0,5
3384,50,dublin,GEORGES LANE,George's Lane,False,False,OPEN,2024-12-27 22:10:47,True,False,,,53.35023,-6.279696,40,11,29,10,1,0,1,40,11,29,10,1,0,1
3385,110,dublin,PHIBSBOROUGH ROAD,Phibsborough Road,False,False,OPEN,2024-12-27 22:18:14,True,False,,,53.356307,-6.273717,40,8,32,0,8,0,8,40,8,32,0,8,0,8
3386,12,dublin,ECCLES STREET,Eccles Street,False,False,OPEN,2024-12-27 22:15:09,True,False,,,53.359246,-6.269779,20,0,20,0,0,0,0,20,0,20,0,0,0,0
3387,34,dublin,PORTOBELLO HARBOUR,Portobello Harbour,False,False,OPEN,2024-12-27 22:15:47,True,False,,,53.330362,-6.265163,30,4,26,4,0,0,0,30,4,26,4,0,0,0
3388,78,dublin,MATER HOSPITAL,Mater Hospital,False,False,OPEN,2024-12-27 22:18:17,True,False,,,53.359967,-6.264828,40,0,40,0,0,0,0,40,0,40,0,0,0,0
3389,2,dublin,BLESSINGTON STREET,Blessington Street,False,False,OPEN,2024-12-27 22:18:46,True,False,,,53.356769,-6.26814,20,6,14,4,2,0,2,20,6,14,4,2,0,2
3390,75,dublin,JAMES STREET,James Street,False,False,OPEN,2024-12-27 22:11:12,True,False,,,53.343456,-6.287409,40,2,38,2,0,0,0,40,2,38,2,0,0,0
3391,111,dublin,MOUNTJOY SQUARE EAST,Mountjoy Square East,False,False,OPEN,2024-12-27 22:13:08,True,False,,,53.356717,-6.256359,40,1,39,1,0,0,0,40,1,39,1,0,0,0
3392,26,dublin,MERRION SQUARE WEST,Merrion Square West,False,False,OPEN,2024-12-27 22:13:46,True,False,,,53.339764,-6.251988,20,14,6,7,7,0,7,20,14,6,7,7,0,7
3393,65,dublin,CONVENTION CENTRE,Convention Centre,False,False,OPEN,2024-12-27 22:17:40,True,False,,,53.34744,-6.238523,40,9,31,8,1,0,1,40,9,31,8,1,0,1
3394,15,dublin,HARDWICKE STREET,Hardwicke Street,False,False,OPEN,2024-12-27 22:17:54,True,False,,,53.355473,-6.264423,16,2,14,1,1,0,1,16,2,14,1,1,0,1
3395,86,dublin,PARKGATE STREET,Parkgate Street,False,False,OPEN,2024-12-27 22:15:47,True,False,,,53.347972,-6.291804,38,32,6,3,29,0,29,38,32,6,3,29,0,29
3396,35,dublin,SMITHFIELD,Smithfield,False,False,OPEN,2024-12-27 22:18:56,True,False,,,53.347692,-6.278214,30,7,23,6,1,0,1,30,7,23,6,1,0,1
3397,10,dublin,DAME STREET,Dame Street,False,False,OPEN,2024-12-27 22:18:57,True,False,,,53.344007,-6.266802,16,16,0,12,4,0,4,16,16,0,12,4,0,4
3398,100,dublin,HEUSTON BRIDGE (SOUTH),Heuston Bridge (South),False,False,OPEN,2024-12-27 22:16:08,True,False,,,53.347106,-6.292041,25,14,11,7,7,0,7,25,14,11,7,7,0,7
3399,24,dublin,CATHAL BRUGHA STREET,Cathal Brugha Street,False,False,OPEN,2024-12-27 22:17:21,True,False,,,53.352149,-6.260533,20,16,4,15,1,0,1,20,16,4,15,1,0,1
3400,64,dublin,SANDWITH STREET,Sandwith Street,False,False,OPEN,2024-12-27 22:19:40,True,False,,,53.345203,-6.247163,40,21,19,18,3,0,3,40,21,19,18,3,0,3
3401,109,dublin,BUCKINGHAM STREET LOWER,Buckingham Street Lower,False,False,OPEN,2024-12-27 22:16:10,True,False,,,53.353331,-6.249319,29,13,16,3,10,0,10,29,13,16,3,10,0,10
3402,85,dublin,ROTHE ABBEY,Rothe Abbey,False,False,OPEN,2024-12-27 22:18:44,True,False,,,53.338776,-6.30395,35,28,7,14,14,0,14,35,28,7,14,14,0,14
3403,107,dublin,CHARLEVILLE ROAD,Charleville Road,False,False,OPEN,2024-12-27 22:16:54,True,False,,,53.359157,-6.281866,40,17,23,10,7,0,7,40,17,23,10,7,0,7
3404,33,dublin,PRINCES STREET / O'CONNELL STREET,Princes Street / O'Connell Street,False,False,OPEN,2024-12-27 22:19:25,True,False,,,53.349013,-6.260311,23,15,8,5,10,0,10,23,15,8,5,10,0,10
3405,44,dublin,UPPER SHERRARD STREET,Upper Sherrard Street,False,False,OPEN,2024-12-27 22:16:41,True,False,,,53.358437,-6.260641,30,7,23,6,1,0,1,30,7,23,6,1,0,1
3406,89,dublin,FITZWILLIAM SQUARE EAST,Fitzwilliam Square East,False,False,OPEN,2024-12-27 22:18:42,True,False,,,53.335211,-6.2509,40,23,17,12,11,0,11,40,23,17,12,11,0,11
3407,57,dublin,GRATTAN STREET,Grattan Street,False,False,OPEN,2024-12-27 22:13:42,True,False,,,53.339629,-6.243778,23,6,17,4,2,0,2,23,6,17,4,2,0,2
3408,80,dublin,ST JAMES HOSPITAL (LUAS),St James Hospital (Luas),False,False,OPEN,2024-12-27 22:17:19,True,False,,,53.341359,-6.292951,40,1,39,1,0,0,0,40,1,39,1,0,0,0
3409,41,dublin,HARCOURT TERRACE,Harcourt Terrace,False,False,OPEN,2024-12-27 22:14:22,True,False,,,53.332763,-6.257942,20,2,18,1,1,0,1,20,2,18,1,1,0,1
3410,3,dublin,BOLTON STREET,Bolton Street,False,False,OPEN,2024-12-27 22:16:32,True,False,,,53.351182,-6.269859,20,10,10,8,2,0,2,20,10,10,8,2,0,2
3411,40,dublin,JERVIS STREET,Jervis Street,False,False,OPEN,2024-12-27 22:11:08,True,False,,,53.3483,-6.266651,21,9,12,6,3,0,3,21,9,12,6,3,0,3
3412,29,dublin,ORMOND QUAY UPPER,Ormond Quay Upper,False,False,OPEN,2024-12-27 22:18:48,True,False,,,53.346057,-6.268001,29,27,2,13,14,0,14,29,27,2,13,14,0,14
3413,103,dublin,GRANGEGORMAN LOWER (SOUTH),Grangegorman Lower (South),False,False,OPEN,2024-12-27 22:14:27,True,False,,,53.354663,-6.278681,40,0,40,0,0,0,0,40,0,40,0,0,0,0
3414,28,dublin,MOUNTJOY SQUARE WEST,Mountjoy Square West,False,False,OPEN,2024-12-27 22:11:43,True,False,,,53.356299,-6.258586,30,0,30,0,0,0,0,30,0,30,0,0,0,0
3415,39,dublin,WILTON TERRACE,Wilton Terrace,False,False,OPEN,2024-12-27 22:17:23,True,False,,,53.332383,-6.252717,20,3,17,1,2,0,2,20,3,17,1,2,0,2
3416,83,dublin,EMMET ROAD,Emmet Road,False,False,OPEN,2024-12-27 22:16:19,True,False,,,53.340714,-6.308191,40,14,25,12,2,0,2,40,14,25,12,2,0,2
3417,92,dublin,HEUSTON BRIDGE (NORTH),Heuston Bridge (North),False,False,OPEN,2024-12-27 22:15:45,True,False,,,53.347802,-6.292432,40,40,0,30,10,0,10,40,40,0,30,10,0,10
3418,21,dublin,LEINSTER STREET SOUTH,Leinster Street South,False,False,OPEN,2024-12-27 22:17:46,True,False,,,53.34218,-6.254485,30,0,30,0,0,0,0,30,0,30,0,0,0,0
3419,88,dublin,BLACKHALL PLACE,Blackhall Place,False,False,OPEN,2024-12-27 22:18:19,True,False,,,53.3488,-6.281637,30,4,26,2,2,0,2,30,4,26,2,2,0,2
3420,42,dublin,SMITHFIELD NORTH,Smithfield North,False,False,OPEN,2024-12-27 22:55:20,True,False,,,53.349562,-6.278198,30,5,25,3,2,0,2,30,5,25,3,2,0,2
3421,30,dublin,PARNELL SQUARE NORTH,Parnell Square North,False,False,OPEN,2024-12-27 22:51:01,True,False,,,53.3537415547453,-6.26530144781526,20,7,13,4,3,0,3,20,7,13,4,3,0,3
3422,54,dublin,CLONMEL STREET,Clonmel Street,False,False,OPEN,2024-12-27 22:57:45,True,False,,,53.336021,-6.26298,33,13,20,2,11,0,11,33,13,20,2,11,0,11
3423,108,dublin,AVONDALE ROAD,Avondale Road,False,False,OPEN,2024-12-27 22:47:58,True,False,,,53.359405,-6.276142,35,17,18,11,6,0,6,35,17,18,11,6,0,6
3424,20,dublin,JAMES STREET EAST,James Street East,False,False,OPEN,2024-12-27 22:48:41,True,False,,,53.336597,-6.248109,30,2,28,2,0,0,0,30,2,28,2,0,0,0
3425,56,dublin,MOUNT STREET LOWER,Mount Street Lower,False,False,OPEN,2024-12-27 22:54:07,True,False,,,53.33796,-6.24153,40,24,16,12,12,0,12,40,24,16,12,12,0,12
3426,6,dublin,CHRISTCHURCH PLACE,Christchurch Place,False,False,OPEN,2024-12-27 22:55:12,True,False,,,53.343368,-6.27012,20,10,10,5,5,0,5,20,10,10,5,5,0,5
3427,18,dublin,GRANTHAM STREET,Grantham Street,False,False,OPEN,2024-12-27 22:57:14,True,False,,,53.334123,-6.265436,30,12,18,3,9,0,9,30,12,18,3,9,0,9
3428,32,dublin,PEARSE STREET,Pearse Street,False,False,OPEN,2024-12-27 22:48:02,True,False,,,53.344304,-6.250427,30,23,7,18,5,0,5,30,23,7,18,5,0,5
3429,52,dublin,YORK STREET EAST,York Street East,False,False,OPEN,2024-12-27 22:48:03,True,False,,,53.338755,-6.262003,32,26,6,15,11,0,11,32,26,6,15,11,0,11
3430,48,dublin,EXCISE WALK,Excise Walk,False,False,OPEN,2024-12-27 22:49:15,True,False,,,53.347777,-6.244239,40,3,37,3,0,0,0,40,3,37,3,0,0,0
3431,13,dublin,FITZWILLIAM SQUARE WEST,Fitzwilliam Square West,False,False,OPEN,2024-12-27 22:56:10,True,False,,,53.336074,-6.252825,30,27,3,11,16,0,16,30,27,3,11,16,0,16
3432,43,dublin,PORTOBELLO ROAD,Portobello Road,False,False,OPEN,2024-12-27 22:48:56,True,False,,,53.330091,-6.268044,30,9,21,6,3,0,3,30,9,21,6,3,0,3
3433,31,dublin,PARNELL STREET,Parnell Street,False,False,OPEN,2024-12-27 22:54:03,True,False,,,53.350929,-6.265125,20,12,8,8,4,0,4,20,12,8,8,4,0,4
3434,98,dublin,FREDERICK STREET SOUTH,Frederick Street South,False,False,OPEN,2024-12-27 22:55:59,True,False,,,53.341515,-6.256853,40,19,21,9,10,0,10,40,19,21,9,10,0,10
3435,14,dublin,FOWNES STREET UPPER,Fownes Street Upper,False,False,OPEN,2024-12-27 22:48:51,True,False,,,53.344603,-6.263371,30,30,0,17,13,0,13,30,30,0,17,13,0,13
3436,1,dublin,CLARENDON ROW,Clarendon Row,False,False,OPEN,2024-12-27 22:57:38,True,False,,,53.340927,-6.262501,31,20,11,15,5,0,5,31,20,11,15,5,0,5
3437,23,dublin,CUSTOM HOUSE,Custom House,False,False,OPEN,2024-12-27 22:56:53,True,False,,,53.348279,-6.254662,30,15,15,6,9,0,9,30,15,15,6,9,0,9
3438,106,dublin,RATHDOWN ROAD,Rathdown Road,False,False,OPEN,2024-12-27 22:53:49,True,False,,,53.35893,-6.280337,40,0,40,0,0,0,0,40,0,40,0,0,0,0
3439,112,dublin,NORTH CIRCULAR ROAD (O'CONNELL'S),North Circular Road (O'Connell's),False,False,OPEN,2024-12-27 22:55:18,True,False,,,53.357841,-6.251557,30,10,20,9,1,0,1,30,10,20,9,1,0,1
3440,68,dublin,HANOVER QUAY,Hanover Quay,False,False,OPEN,2024-12-27 22:57:32,True,False,,,53.344115,-6.237153,40,25,15,17,8,0,8,40,25,15,17,8,0,8
3441,74,dublin,OLIVER BOND STREET,Oliver Bond Street,False,False,OPEN,2024-12-27 22:57:29,True,False,,,53.343893,-6.280531,30,23,7,17,6,0,6,30,23,7,17,6,0,6
3442,87,dublin,COLLINS BARRACKS MUSEUM,Collins Barracks Museum,False,False,OPEN,2024-12-27 22:55:47,True,False,,,53.347477,-6.28525,38,19,19,11,8,0,8,38,19,19,11,8,0,8
3443,84,dublin,BROOKFIELD ROAD,Brookfield Road,False,False,OPEN,2024-12-27 22:56:59,True,False,,,53.339005,-6.300217,30,12,18,6,6,0,6,30,12,18,6,6,0,6
3444,90,dublin,BENSON STREET,Benson Street,False,False,OPEN,2024-12-27 22:49:21,True,False,,,53.344153,-6.233451,40,7,33,5,2,0,2,40,7,33,5,2,0,2
3445,11,dublin,EARLSFORT TERRACE,Earlsfort Terrace,False,False,OPEN,2024-12-27 22:56:13,True,False,,,53.334295,-6.258503,30,18,12,14,4,0,4,30,18,12,14,4,0,4
3446,17,dublin,GOLDEN LANE,Golden Lane,False,False,OPEN,2024-12-27 22:56:00,True,False,,,53.340803,-6.267732,20,14,6,5,9,0,9,20,14,6,5,9,0,9
3447,45,dublin,DEVERELL PLACE,Deverell Place,False,False,OPEN,2024-12-27 22:49:07,True,False,,,53.351464,-6.255265,30,10,20,4,6,0,6,30,10,20,4,6,0,6
3448,114,dublin,WILTON TERRACE (PARK),Wilton Terrace (Park),False,False,OPEN,2024-12-27 22:56:57,True,False,,,53.333653,-6.248345,40,1,39,0,1,0,1,40,1,39,0,1,0,1
3449,72,dublin,JOHN STREET WEST,John Street West,False,False,OPEN,2024-12-27 22:48:19,True,False,,,53.343105,-6.277167,31,0,31,0,0,0,0,31,0,31,0,0,0,0
3450,63,dublin,FENIAN STREET,Fenian Street,False,False,OPEN,2024-12-27 22:56:45,True,False,,,53.341428,-6.24672,35,21,14,10,11,0,11,35,21,14,10,11,0,11
3451,113,dublin,MERRION SQUARE SOUTH,Merrion Square South,False,False,OPEN,2024-12-27 22:49:26,True,False,,,53.338614,-6.248606,40,6,23,5,1,0,1,40,6,23,5,1,0,1
3452,91,dublin,SOUTH DOCK ROAD,South Dock Road,False,False,OPEN,2024-12-27 22:56:52,True,False,,,53.341833,-6.231291,30,26,4,16,10,0,10,30,26,4,16,10,0,10
3453,99,dublin,CITY QUAY,City Quay,False,False,OPEN,2024-12-27 22:51:04,True,False,,,53.346637,-6.246154,30,19,11,9,10,0,10,30,19,11,9,10,0,10
3454,9,dublin,EXCHEQUER STREET,Exchequer Street,False,False,OPEN,2024-12-27 22:51:04,True,False,,,53.343034,-6.263578,24,21,3,8,13,0,13,24,21,3,8,13,0,13
3455,67,dublin,THE POINT,The Point,False,False,OPEN,2024-12-27 22:56:10,True,False,,,53.346867,-6.230852,40,18,22,10,8,0,8,40,18,22,10,8,0,8
3456,116,dublin,BROADSTONE,Broadstone,False,False,OPEN,2024-12-27 22:54:38,True,False,,,53.3547,-6.272314,30,18,12,7,11,0,11,30,18,12,7,11,0,11
3457,55,dublin,HATCH STREET,Hatch Street,False,False,OPEN,2024-12-27 22:50:05,True,False,,,53.33403,-6.260714,36,15,20,9,6,0,6,36,15,20,9,6,0,6
3458,62,dublin,LIME STREET,Lime Street,False,False,OPEN,2024-12-27 22:56:06,True,False,,,53.346026,-6.243576,40,15,25,4,11,0,11,40,15,25,4,11,0,11
3459,5,dublin,CHARLEMONT PLACE,Charlemont Street,False,False,OPEN,2024-12-27 22:49:53,True,False,,,53.330662,-6.260177,40,15,25,12,3,0,3,40,15,25,12,3,0,3
3460,97,dublin,KILMAINHAM GAOL,Kilmainham Gaol,False,False,OPEN,2024-12-27 22:55:07,True,False,,,53.342113,-6.310015,40,9,31,6,3,0,3,40,9,31,6,3,0,3
3461,61,dublin,HARDWICKE PLACE,Hardwicke Place,False,False,OPEN,2024-12-27 22:53:01,True,False,,,53.357043,-6.263232,25,1,24,1,0,0,0,25,1,24,1,0,0,0
3462,77,dublin,WOLFE TONE STREET,Wolfe Tone Street,False,False,OPEN,2024-12-27 22:49:29,True,False,,,53.348875,-6.267459,29,22,7,12,10,0,10,29,22,7,12,10,0,10
3463,73,dublin,FRANCIS STREET,Francis Street,False,False,OPEN,2024-12-27 22:57:35,True,False,,,53.342081,-6.275233,30,8,22,7,1,0,1,30,8,22,7,1,0,1
3464,4,dublin,GREEK STREET,Greek Street,False,False,OPEN,2024-12-27 22:49:59,True,False,,,53.346874,-6.272976,20,11,9,1,10,0,10,20,11,9,1,10,0,10
3465,49,dublin,GUILD STREET,Guild Street,False,False,OPEN,2024-12-27 22:48:03,True,False,,,53.347932,-6.240928,40,35,5,24,11,0,11,40,35,5,24,11,0,11
3466,19,dublin,HERBERT PLACE,Herbert Place,False,False,OPEN,2024-12-27 22:49:40,True,False,,,53.334432,-6.245575,30,9,21,6,3,0,3,30,9,21,6,3,0,3
3467,7,dublin,HIGH STREET,High Street,False,False,OPEN,2024-12-27 22:56:51,True,False,,,53.343565,-6.275071,29,0,29,0,0,0,0,29,0,29,0,0,0,0
3468,60,dublin,NORTH CIRCULAR ROAD,North Circular Road,False,False,OPEN,2024-12-27 22:57:44,True,False,,,53.359624,-6.260348,30,6,24,5,1,0,1,30,6,24,5,1,0,1
3469,102,dublin,WESTERN WAY,Western Way,False,False,OPEN,2024-12-27 22:57:54,True,False,,,53.354929,-6.269425,40,12,28,11,1,0,1,40,12,28,11,1,0,1
3470,38,dublin,TALBOT STREET,Talbot Street,False,False,OPEN,2024-12-27 22:57:04,True,False,,,53.350974,-6.25294,40,20,20,16,4,0,4,40,20,20,16,4,0,4
3471,53,dublin,NEWMAN HOUSE,Newman House,False,False,OPEN,2024-12-27 22:47:51,True,False,,,53.337132,-6.26059,40,11,29,11,0,0,0,40,11,29,11,0,0,0
3472,58,dublin,SIR PATRICK DUN'S,Sir Patrick's Dun,False,False,OPEN,2024-12-27 22:57:16,True,False,,,53.339218,-6.240642,40,34,6,28,6,0,6,40,34,6,28,6,0,6
3473,66,dublin,NEW CENTRAL BANK,New Central Bank,False,False,OPEN,2024-12-27 22:48:09,True,False,,,53.347122,-6.234749,40,4,36,1,3,0,3,40,4,36,1,3,0,3
3474,104,dublin,GRANGEGORMAN LOWER (CENTRAL),Grangegorman Lower (Central),False,False,OPEN,2024-12-27 22:49:20,True,False,,,53.355173,-6.278424,40,1,39,1,0,0,0,40,1,39,1,0,0,0
3475,101,dublin,KING STREET NORTH,King Street North,False,False,OPEN,2024-12-27 22:57:44,True,False,,,53.350291,-6.273507,30,11,19,7,4,0,4,30,11,19,7,4,0,4
3476,115,dublin,KILLARNEY STREET,Killarney Street,False,False,OPEN,2024-12-27 22:49:54,True,False,,,53.354845,-6.247579,30,26,4,18,8,0,8,30,26,4,18,8,0,8
3477,47,dublin,HERBERT STREET,Herbert Street,False,False,OPEN,2024-12-27 22:57:00,True,False,,,53.335742,-6.24551,40,5,35,3,2,0,2,40,5,35,3,2,0,2
3478,117,dublin,HANOVER QUAY EAST,Hanover Quay East,False,False,OPEN,2024-12-27 22:53:53,True,False,,,53.343653,-6.231755,40,5,35,1,4,0,4,40,5,35,1,4,0,4
3479,8,dublin,CUSTOM HOUSE QUAY,Custom House Quay,False,False,OPEN,2024-12-27 22:49:08,True,False,,,53.347884,-6.248048,30,22,8,15,7,0,7,30,22,8,15,7,0,7
3480,27,dublin,MOLESWORTH STREET,Molesworth Street,False,False,OPEN,2024-12-27 22:48:55,True,False,,,53.341288,-6.258117,20,5,15,2,3,0,3,20,5,15,2,3,0,3
3481,16,dublin,GEORGES QUAY,Georges Quay,False,False,OPEN,2024-12-27 22:54:48,True,False,,,53.347508,-6.252192,20,17,3,9,8,0,8,20,17,3,9,8,0,8
3482,96,dublin,KILMAINHAM LANE,Kilmainham Lane,False,False,OPEN,2024-12-27 22:56:32,True,False,,,53.341805,-6.305085,30,4,26,4,0,0,0,30,4,26,4,0,0,0
3483,82,dublin,MOUNT BROWN,Mount Brown,False,False,OPEN,2024-12-27 22:57:20,True,False,,,53.341645,-6.29719,22,11,11,2,9,0,9,22,11,11,2,9,0,9
3484,76,dublin,MARKET STREET SOUTH,Market Street South,False,False,OPEN,2024-12-27 22:55:15,True,False,,,53.342296,-6.287661,38,3,35,0,3,0,3,38,3,35,0,3,0,3
3485,71,dublin,KEVIN STREET,Kevin Street,False,False,OPEN,2024-12-27 22:56:49,True,False,,,53.337757,-6.267699,40,11,29,4,7,0,7,40,11,29,4,7,0,7
3486,79,dublin,ECCLES STREET EAST,Eccles Street East,False,False,OPEN,2024-12-27 22:48:49,True,False,,,53.358115,-6.265601,27,0,27,0,0,0,0,27,0,27,0,0,0,0
3487,69,dublin,GRAND CANAL DOCK,Grand Canal Dock,False,False,OPEN,2024-12-27 22:48:44,True,False,,,53.342638,-6.238695,40,34,6,21,13,0,13,40,34,6,21,13,0,13
3488,25,dublin,MERRION SQUARE EAST,Merrion Square East,False,False,OPEN,2024-12-27 22:50:02,True,False,,,53.339434,-6.246548,30,0,30,0,0,0,0,30,0,30,0,0,0,0
3489,51,dublin,YORK STREET WEST,York Street West,False,False,OPEN,2024-12-27 22:54:05,True,False,,,53.339334,-6.264699,40,0,0,0,0,0,0,40,0,0,0,0,0,0
3490,37,dublin,ST. STEPHEN'S GREEN SOUTH,St. Stephen's Green South,False,False,OPEN,2024-12-27 22:55:41,True,False,,,53.337494,-6.26199,30,17,13,10,7,0,7,30,17,13,10,7,0,7
3491,59,dublin,DENMARK STREET GREAT,Denmark Street Great,False,False,OPEN,2024-12-27 22:50:15,True,False,,,53.35561,-6.261397,20,1,19,1,0,0,0,20,1,19,1,0,0,0
3492,95,dublin,ROYAL HOSPITAL,Royal Hospital,False,False,OPEN,2024-12-27 22:50:13,True,False,,,53.343897,-6.29706,40,28,12,18,10,0,10,40,28,12,18,10,0,10
3493,94,dublin,HEUSTON STATION (CAR PARK),Heuston Station (Car Park),False,False,OPEN,2024-12-27 22:57:26,True,False,,,53.346985,-6.297804,40,10,30,10,0,0,0,40,10,30,10,0,0,0
3494,105,dublin,GRANGEGORMAN LOWER (NORTH),Grangegorman Lower (North),False,False,OPEN,2024-12-27 22:57:46,True,False,,,53.355954,-6.278378,36,3,33,2,1,0,1,36,3,33,2,1,0,1
3495,36,dublin,ST. STEPHEN'S GREEN EAST,St. Stephen's Green East,False,False,OPEN,2024-12-27 22:53:56,True,False,,,53.337824,-6.256035,40,16,24,7,9,0,9,40,16,24,7,9,0,9
3496,93,dublin,HEUSTON STATION (CENTRAL),Heuston Station (Central),False,False,OPEN,2024-12-27 22:55:59,True,False,,,53.346603,-6.296924,40,13,27,13,0,0,0,40,13,27,13,0,0,0
3497,22,dublin,TOWNSEND STREET,Townsend Street,False,False,OPEN,2024-12-27 22:56:10,True,False,,,53.345922,-6.254614,20,15,5,10,5,0,5,20,15,5,10,5,0,5
3498,50,dublin,GEORGES LANE,George's Lane,False,False,OPEN,2024-12-27 22:52:56,True,False,,,53.35023,-6.279696,40,9,31,8,1,0,1,40,9,31,8,1,0,1
3499,110,dublin,PHIBSBOROUGH ROAD,Phibsborough Road,False,False,OPEN,2024-12-27 22:48:26,True,False,,,53.356307,-6.273717,40,8,32,0,8,0,8,40,8,32,0,8,0,8
3500,12,dublin,ECCLES STREET,Eccles Street,False,False,OPEN,2024-12-27 22:55:25,True,False,,,53.359246,-6.269779,20,0,20,0,0,0,0,20,0,20,0,0,0,0
3501,34,dublin,PORTOBELLO HARBOUR,Portobello Harbour,False,False,OPEN,2024-12-27 22:56:02,True,False,,,53.330362,-6.265163,30,5,25,4,1,0,1,30,5,25,4,1,0,1
3502,78,dublin,MATER HOSPITAL,Mater Hospital,False,False,OPEN,2024-12-27 22:48:33,True,False,,,53.359967,-6.264828,40,0,40,0,0,0,0,40,0,40,0,0,0,0
3503,2,dublin,BLESSINGTON STREET,Blessington Street,False,False,OPEN,2024-12-27 22:48:58,True,False,,,53.356769,-6.26814,20,6,14,4,2,0,2,20,6,14,4,2,0,2
3504,75,dublin,JAMES STREET,James Street,False,False,OPEN,2024-12-27 22:51:33,True,False,,,53.343456,-6.287409,40,2,38,2,0,0,0,40,2,38,2,0,0,0
3505,111,dublin,MOUNTJOY SQUARE EAST,Mountjoy Square East,False,False,OPEN,2024-12-27 22:53:23,True,False,,,53.356717,-6.256359,40,2,38,2,0,0,0,40,2,38,2,0,0,0
3506,26,dublin,MERRION SQUARE WEST,Merrion Square West,False,False,OPEN,2024-12-27 22:54:06,True,False,,,53.339764,-6.251988,20,13,7,6,7,0,7,20,13,7,6,7,0,7
3507,65,dublin,CONVENTION CENTRE,Convention Centre,False,False,OPEN,2024-12-27 22:48:06,True,False,,,53.34744,-6.238523,40,10,30,8,2,0,2,40,10,30,8,2,0,2
3508,15,dublin,HARDWICKE STREET,Hardwicke Street,False,False,OPEN,2024-12-27 22:48:05,True,False,,,53.355473,-6.264423,16,2,14,1,1,0,1,16,2,14,1,1,0,1
3509,86,dublin,PARKGATE STREET,Parkgate Street,False,False,OPEN,2024-12-27 22:54:29,True,False,,,53.347972,-6.291804,38,32,6,3,29,0,29,38,32,6,3,29,0,29
3510,35,dublin,SMITHFIELD,Smithfield,False,False,OPEN,2024-12-27 22:49:48,True,False,,,53.347692,-6.278214,30,8,22,6,2,0,2,30,8,22,6,2,0,2
3511,10,dublin,DAME STREET,Dame Street,False,False,OPEN,2024-12-27 22:49:10,True,False,,,53.344007,-6.266802,16,16,0,12,4,0,4,16,16,0,12,4,0,4
3512,100,dublin,HEUSTON BRIDGE (SOUTH),Heuston Bridge (South),False,False,OPEN,2024-12-27 22:48:50,True,False,,,53.347106,-6.292041,25,15,10,8,7,0,7,25,15,10,8,7,0,7
3513,24,dublin,CATHAL BRUGHA STREET,Cathal Brugha Street,False,False,OPEN,2024-12-27 22:55:28,True,False,,,53.352149,-6.260533,20,13,7,11,2,0,2,20,13,7,11,2,0,2
3514,64,dublin,SANDWITH STREET,Sandwith Street,False,False,OPEN,2024-12-27 22:49:56,True,False,,,53.345203,-6.247163,40,21,19,18,3,0,3,40,21,19,18,3,0,3
3515,109,dublin,BUCKINGHAM STREET LOWER,Buckingham Street Lower,False,False,OPEN,2024-12-27 22:56:25,True,False,,,53.353331,-6.249319,29,13,16,3,10,0,10,29,13,16,3,10,0,10
3516,85,dublin,ROTHE ABBEY,Rothe Abbey,False,False,OPEN,2024-12-27 22:48:56,True,False,,,53.338776,-6.30395,35,29,6,15,14,0,14,35,29,6,15,14,0,14
3517,107,dublin,CHARLEVILLE ROAD,Charleville Road,False,False,OPEN,2024-12-27 22:57:56,True,False,,,53.359157,-6.281866,40,17,23,10,7,0,7,40,17,23,10,7,0,7
3518,33,dublin,PRINCES STREET / O'CONNELL STREET,Princes Street / O'Connell Street,False,False,OPEN,2024-12-27 22:49:43,True,False,,,53.349013,-6.260311,23,13,10,5,8,0,8,23,13,10,5,8,0,8
3519,44,dublin,UPPER SHERRARD STREET,Upper Sherrard Street,False,False,OPEN,2024-12-27 22:57:00,True,False,,,53.358437,-6.260641,30,8,22,7,1,0,1,30,8,22,7,1,0,1
3520,89,dublin,FITZWILLIAM SQUARE EAST,Fitzwilliam Square East,False,False,OPEN,2024-12-27 22:48:58,True,False,,,53.335211,-6.2509,40,23,17,12,11,0,11,40,23,17,12,11,0,11
3521,57,dublin,GRATTAN STREET,Grattan Street,False,False,OPEN,2024-12-27 22:54:00,True,False,,,53.339629,-6.243778,23,6,17,4,2,0,2,23,6,17,4,2,0,2
3522,80,dublin,ST JAMES HOSPITAL (LUAS),St James Hospital (Luas),False,False,OPEN,2024-12-27 22:57:35,True,False,,,53.341359,-6.292951,40,2,38,2,0,0,0,40,2,38,2,0,0,0
3523,41,dublin,HARCOURT TERRACE,Harcourt Terrace,False,False,OPEN,2024-12-27 22:54:38,True,False,,,53.332763,-6.257942,20,2,18,1,1,0,1,20,2,18,1,1,0,1
3524,3,dublin,BOLTON STREET,Bolton Street,False,False,OPEN,2024-12-27 22:56:51,True,False,,,53.351182,-6.269859,20,14,6,10,4,0,4,20,14,6,10,4,0,4
3525,40,dublin,JERVIS STREET,Jervis Street,False,False,OPEN,2024-12-27 22:51:31,True,False,,,53.3483,-6.266651,21,9,12,6,3,0,3,21,9,12,6,3,0,3
3526,29,dublin,ORMOND QUAY UPPER,Ormond Quay Upper,False,False,OPEN,2024-12-27 22:49:05,True,False,,,53.346057,-6.268001,29,28,1,15,13,0,13,29,28,1,15,13,0,13
3527,103,dublin,GRANGEGORMAN LOWER (SOUTH),Grangegorman Lower (South),False,False,OPEN,2024-12-27 22:54:42,True,False,,,53.354663,-6.278681,40,0,40,0,0,0,0,40,0,40,0,0,0,0
3528,28,dublin,MOUNTJOY SQUARE WEST,Mountjoy Square West,False,False,OPEN,2024-12-27 22:52:05,True,False,,,53.356299,-6.258586,30,2,28,2,0,0,0,30,2,28,2,0,0,0
3529,39,dublin,WILTON TERRACE,Wilton Terrace,False,False,OPEN,2024-12-27 22:57:42,True,False,,,53.332383,-6.252717,20,4,16,1,3,0,3,20,4,16,1,3,0,3
3530,83,dublin,EMMET ROAD,Emmet Road,False,False,OPEN,2024-12-27 22:56:35,True,False,,,53.340714,-6.308191,40,14,25,12,2,0,2,40,14,25,12,2,0,2
3531,92,dublin,HEUSTON BRIDGE (NORTH),Heuston Bridge (North),False,False,OPEN,2024-12-27 22:56:02,True,False,,,53.347802,-6.292432,40,39,1,29,10,0,10,40,39,1,29,10,0,10
3532,21,dublin,LEINSTER STREET SOUTH,Leinster Street South,False,False,OPEN,2024-12-27 22:48:01,True,False,,,53.34218,-6.254485,30,1,29,1,0,0,0,30,1,29,1,0,0,0
3533,88,dublin,BLACKHALL PLACE,Blackhall Place,False,False,OPEN,2024-12-27 22:55:37,True,False,,,53.3488,-6.281637,30,4,26,1,3,0,3,30,4,26,1,3,0,3
3534,42,dublin,SMITHFIELD NORTH,Smithfield North,False,False,OPEN,2024-12-27 23:15:27,True,False,,,53.349562,-6.278198,30,5,25,3,2,0,2,30,5,25,3,2,0,2
3535,30,dublin,PARNELL SQUARE NORTH,Parnell Square North,False,False,OPEN,2024-12-27 23:11:11,True,False,,,53.3537415547453,-6.26530144781526,20,7,13,4,3,0,3,20,7,13,4,3,0,3
3536,54,dublin,CLONMEL STREET,Clonmel Street,False,False,OPEN,2024-12-27 23:17:54,True,False,,,53.336021,-6.26298,33,13,20,2,11,0,11,33,13,20,2,11,0,11
3537,108,dublin,AVONDALE ROAD,Avondale Road,False,False,OPEN,2024-12-27 23:08:07,True,False,,,53.359405,-6.276142,35,17,18,11,6,0,6,35,17,18,11,6,0,6
3538,20,dublin,JAMES STREET EAST,James Street East,False,False,OPEN,2024-12-27 23:08:49,True,False,,,53.336597,-6.248109,30,2,28,2,0,0,0,30,2,28,2,0,0,0
3539,56,dublin,MOUNT STREET LOWER,Mount Street Lower,False,False,OPEN,2024-12-27 23:17:54,True,False,,,53.33796,-6.24153,40,25,15,12,13,0,13,40,25,15,12,13,0,13
3540,6,dublin,CHRISTCHURCH PLACE,Christchurch Place,False,False,OPEN,2024-12-27 23:15:21,True,False,,,53.343368,-6.27012,20,11,9,6,5,0,5,20,11,9,6,5,0,5
3541,18,dublin,GRANTHAM STREET,Grantham Street,False,False,OPEN,2024-12-27 23:17:27,True,False,,,53.334123,-6.265436,30,10,20,3,7,0,7,30,10,20,3,7,0,7
3542,32,dublin,PEARSE STREET,Pearse Street,False,False,OPEN,2024-12-27 23:08:13,True,False,,,53.344304,-6.250427,30,23,7,18,5,0,5,30,23,7,18,5,0,5
3543,52,dublin,YORK STREET EAST,York Street East,False,False,OPEN,2024-12-27 23:08:14,True,False,,,53.338755,-6.262003,32,26,6,15,11,0,11,32,26,6,15,11,0,11
3544,48,dublin,EXCISE WALK,Excise Walk,False,False,OPEN,2024-12-27 23:10:50,True,False,,,53.347777,-6.244239,40,2,38,2,0,0,0,40,2,38,2,0,0,0
3545,13,dublin,FITZWILLIAM SQUARE WEST,Fitzwilliam Square West,False,False,OPEN,2024-12-27 23:16:19,True,False,,,53.336074,-6.252825,30,27,3,11,16,0,16,30,27,3,11,16,0,16
3546,43,dublin,PORTOBELLO ROAD,Portobello Road,False,False,OPEN,2024-12-27 23:09:08,True,False,,,53.330091,-6.268044,30,8,22,5,3,0,3,30,8,22,5,3,0,3
3547,31,dublin,PARNELL STREET,Parnell Street,False,False,OPEN,2024-12-27 23:15:20,True,False,,,53.350929,-6.265125,20,13,7,8,5,0,5,20,13,7,8,5,0,5
3548,98,dublin,FREDERICK STREET SOUTH,Frederick Street South,False,False,OPEN,2024-12-27 23:16:08,True,False,,,53.341515,-6.256853,40,19,21,9,10,0,10,40,19,21,9,10,0,10
3549,14,dublin,FOWNES STREET UPPER,Fownes Street Upper,False,False,OPEN,2024-12-27 23:08:59,True,False,,,53.344603,-6.263371,30,30,0,17,13,0,13,30,30,0,17,13,0,13
3550,1,dublin,CLARENDON ROW,Clarendon Row,False,False,OPEN,2024-12-27 23:17:49,True,False,,,53.340927,-6.262501,31,21,10,16,5,0,5,31,21,10,16,5,0,5
3551,23,dublin,CUSTOM HOUSE,Custom House,False,False,OPEN,2024-12-27 23:17:01,True,False,,,53.348279,-6.254662,30,15,15,6,9,0,9,30,15,15,6,9,0,9
3552,106,dublin,RATHDOWN ROAD,Rathdown Road,False,False,OPEN,2024-12-27 23:13:57,True,False,,,53.35893,-6.280337,40,0,40,0,0,0,0,40,0,40,0,0,0,0
3553,112,dublin,NORTH CIRCULAR ROAD (O'CONNELL'S),North Circular Road (O'Connell's),False,False,OPEN,2024-12-27 23:15:28,True,False,,,53.357841,-6.251557,30,11,19,10,1,0,1,30,11,19,10,1,0,1
3554,68,dublin,HANOVER QUAY,Hanover Quay,False,False,OPEN,2024-12-27 23:17:41,True,False,,,53.344115,-6.237153,40,25,15,17,8,0,8,40,25,15,17,8,0,8
3555,74,dublin,OLIVER BOND STREET,Oliver Bond Street,False,False,OPEN,2024-12-27 23:17:38,True,False,,,53.343893,-6.280531,30,23,7,17,6,0,6,30,23,7,17,6,0,6
3556,87,dublin,COLLINS BARRACKS MUSEUM,Collins Barracks Museum,False,False,OPEN,2024-12-27 23:15:55,True,False,,,53.347477,-6.28525,38,19,19,11,8,0,8,38,19,19,11,8,0,8
3557,84,dublin,BROOKFIELD ROAD,Brookfield Road,False,False,OPEN,2024-12-27 23:17:07,True,False,,,53.339005,-6.300217,30,13,17,7,6,0,6,30,13,17,7,6,0,6
3558,90,dublin,BENSON STREET,Benson Street,False,False,OPEN,2024-12-27 23:09:29,True,False,,,53.344153,-6.233451,40,7,33,5,2,0,2,40,7,33,5,2,0,2
3559,11,dublin,EARLSFORT TERRACE,Earlsfort Terrace,False,False,OPEN,2024-12-27 23:16:24,True,False,,,53.334295,-6.258503,30,18,12,14,4,0,4,30,18,12,14,4,0,4
3560,17,dublin,GOLDEN LANE,Golden Lane,False,False,OPEN,2024-12-27 23:16:08,True,False,,,53.340803,-6.267732,20,14,6,5,9,0,9,20,14,6,5,9,0,9
3561,45,dublin,DEVERELL PLACE,Deverell Place,False,False,OPEN,2024-12-27 23:09:15,True,False,,,53.351464,-6.255265,30,10,20,4,6,0,6,30,10,20,4,6,0,6
3562,114,dublin,WILTON TERRACE (PARK),Wilton Terrace (Park),False,False,OPEN,2024-12-27 23:17:05,True,False,,,53.333653,-6.248345,40,1,39,0,1,0,1,40,1,39,0,1,0,1
3563,72,dublin,JOHN STREET WEST,John Street West,False,False,OPEN,2024-12-27 23:08:28,True,False,,,53.343105,-6.277167,31,0,31,0,0,0,0,31,0,31,0,0,0,0
3564,63,dublin,FENIAN STREET,Fenian Street,False,False,OPEN,2024-12-27 23:16:40,True,False,,,53.341428,-6.24672,35,20,15,10,10,0,10,35,20,15,10,10,0,10
3565,113,dublin,MERRION SQUARE SOUTH,Merrion Square South,False,False,OPEN,2024-12-27 23:09:37,True,False,,,53.338614,-6.248606,40,6,23,5,1,0,1,40,6,23,5,1,0,1
3566,91,dublin,SOUTH DOCK ROAD,South Dock Road,False,False,OPEN,2024-12-27 23:15:10,True,False,,,53.341833,-6.231291,30,26,4,16,10,0,10,30,26,4,16,10,0,10
3567,99,dublin,CITY QUAY,City Quay,False,False,OPEN,2024-12-27 23:11:13,True,False,,,53.346637,-6.246154,30,19,11,9,10,0,10,30,19,11,9,10,0,10
3568,9,dublin,EXCHEQUER STREET,Exchequer Street,False,False,OPEN,2024-12-27 23:17:13,True,False,,,53.343034,-6.263578,24,20,4,9,11,0,11,24,20,4,9,11,0,11
3569,67,dublin,THE POINT,The Point,False,False,OPEN,2024-12-27 23:16:19,True,False,,,53.346867,-6.230852,40,18,22,10,8,0,8,40,18,22,10,8,0,8
3570,116,dublin,BROADSTONE,Broadstone,False,False,OPEN,2024-12-27 23:14:47,True,False,,,53.3547,-6.272314,30,18,12,7,11,0,11,30,18,12,7,11,0,11
3571,55,dublin,HATCH STREET,Hatch Street,False,False,OPEN,2024-12-27 23:10:15,True,False,,,53.33403,-6.260714,36,15,20,9,6,0,6,36,15,20,9,6,0,6
3572,62,dublin,LIME STREET,Lime Street,False,False,OPEN,2024-12-27 23:16:15,True,False,,,53.346026,-6.243576,40,15,25,4,11,0,11,40,15,25,4,11,0,11
3573,5,dublin,CHARLEMONT PLACE,Charlemont Street,False,False,OPEN,2024-12-27 23:12:24,True,False,,,53.330662,-6.260177,40,15,25,12,3,0,3,40,15,25,12,3,0,3
3574,97,dublin,KILMAINHAM GAOL,Kilmainham Gaol,False,False,OPEN,2024-12-27 23:15:15,True,False,,,53.342113,-6.310015,40,9,31,6,3,0,3,40,9,31,6,3,0,3
3575,61,dublin,HARDWICKE PLACE,Hardwicke Place,False,False,OPEN,2024-12-27 23:13:10,True,False,,,53.357043,-6.263232,25,0,25,0,0,0,0,25,0,25,0,0,0,0
3576,77,dublin,WOLFE TONE STREET,Wolfe Tone Street,False,False,OPEN,2024-12-27 23:09:41,True,False,,,53.348875,-6.267459,29,24,5,14,10,0,10,29,24,5,14,10,0,10
3577,73,dublin,FRANCIS STREET,Francis Street,False,False,OPEN,2024-12-27 23:17:45,True,False,,,53.342081,-6.275233,30,7,23,6,1,0,1,30,7,23,6,1,0,1
3578,4,dublin,GREEK STREET,Greek Street,False,False,OPEN,2024-12-27 23:10:09,True,False,,,53.346874,-6.272976,20,11,9,1,10,0,10,20,11,9,1,10,0,10
3579,49,dublin,GUILD STREET,Guild Street,False,False,OPEN,2024-12-27 23:08:11,True,False,,,53.347932,-6.240928,40,35,5,24,11,0,11,40,35,5,24,11,0,11
3580,19,dublin,HERBERT PLACE,Herbert Place,False,False,OPEN,2024-12-27 23:09:52,True,False,,,53.334432,-6.245575,30,8,22,5,3,0,3,30,8,22,5,3,0,3
3581,7,dublin,HIGH STREET,High Street,False,False,OPEN,2024-12-27 23:15:42,True,False,,,53.343565,-6.275071,29,0,29,0,0,0,0,29,0,29,0,0,0,0
3582,60,dublin,NORTH CIRCULAR ROAD,North Circular Road,False,False,OPEN,2024-12-27 23:17:52,True,False,,,53.359624,-6.260348,30,6,24,6,0,0,0,30,6,24,6,0,0,0
3583,102,dublin,WESTERN WAY,Western Way,False,False,OPEN,2024-12-27 23:11:04,True,False,,,53.354929,-6.269425,40,13,27,11,2,0,2,40,13,27,11,2,0,2
3584,38,dublin,TALBOT STREET,Talbot Street,False,False,OPEN,2024-12-27 23:17:15,True,False,,,53.350974,-6.25294,40,19,21,15,4,0,4,40,19,21,15,4,0,4
3585,53,dublin,NEWMAN HOUSE,Newman House,False,False,OPEN,2024-12-27 23:08:02,True,False,,,53.337132,-6.26059,40,11,29,11,0,0,0,40,11,29,11,0,0,0
3586,58,dublin,SIR PATRICK DUN'S,Sir Patrick's Dun,False,False,OPEN,2024-12-27 23:16:33,True,False,,,53.339218,-6.240642,40,33,7,27,6,0,6,40,33,7,27,6,0,6
3587,66,dublin,NEW CENTRAL BANK,New Central Bank,False,False,OPEN,2024-12-27 23:08:21,True,False,,,53.347122,-6.234749,40,3,37,0,3,0,3,40,3,37,0,3,0,3
3588,104,dublin,GRANGEGORMAN LOWER (CENTRAL),Grangegorman Lower (Central),False,False,OPEN,2024-12-27 23:09:31,True,False,,,53.355173,-6.278424,40,1,39,1,0,0,0,40,1,39,1,0,0,0
3589,101,dublin,KING STREET NORTH,King Street North,False,False,OPEN,2024-12-27 23:17:55,True,False,,,53.350291,-6.273507,30,11,19,7,4,0,4,30,11,19,7,4,0,4
3590,115,dublin,KILLARNEY STREET,Killarney Street,False,False,OPEN,2024-12-27 23:10:02,True,False,,,53.354845,-6.247579,30,26,4,18,8,0,8,30,26,4,18,8,0,8
3591,47,dublin,HERBERT STREET,Herbert Street,False,False,OPEN,2024-12-27 23:17:13,True,False,,,53.335742,-6.24551,40,4,36,2,2,0,2,40,4,36,2,2,0,2
3592,117,dublin,HANOVER QUAY EAST,Hanover Quay East,False,False,OPEN,2024-12-27 23:14:01,True,False,,,53.343653,-6.231755,40,5,35,1,4,0,4,40,5,35,1,4,0,4
3593,8,dublin,CUSTOM HOUSE QUAY,Custom House Quay,False,False,OPEN,2024-12-27 23:09:19,True,False,,,53.347884,-6.248048,30,22,8,15,7,0,7,30,22,8,15,7,0,7
3594,27,dublin,MOLESWORTH STREET,Molesworth Street,False,False,OPEN,2024-12-27 23:09:06,True,False,,,53.341288,-6.258117,20,5,15,2,3,0,3,20,5,15,2,3,0,3
3595,16,dublin,GEORGES QUAY,Georges Quay,False,False,OPEN,2024-12-27 23:14:57,True,False,,,53.347508,-6.252192,20,17,3,9,8,0,8,20,17,3,9,8,0,8
3596,96,dublin,KILMAINHAM LANE,Kilmainham Lane,False,False,OPEN,2024-12-27 23:16:43,True,False,,,53.341805,-6.305085,30,4,26,4,0,0,0,30,4,26,4,0,0,0
3597,82,dublin,MOUNT BROWN,Mount Brown,False,False,OPEN,2024-12-27 23:17:29,True,False,,,53.341645,-6.29719,22,11,11,2,9,0,9,22,11,11,2,9,0,9
3598,76,dublin,MARKET STREET SOUTH,Market Street South,False,False,OPEN,2024-12-27 23:15:23,True,False,,,53.342296,-6.287661,38,3,35,0,3,0,3,38,3,35,0,3,0,3
3599,71,dublin,KEVIN STREET,Kevin Street,False,False,OPEN,2024-12-27 23:17:36,True,False,,,53.337757,-6.267699,40,12,28,5,7,0,7,40,12,28,5,7,0,7
3600,79,dublin,ECCLES STREET EAST,Eccles Street East,False,False,OPEN,2024-12-27 23:09:00,True,False,,,53.358115,-6.265601,27,0,27,0,0,0,0,27,0,27,0,0,0,0
3601,69,dublin,GRAND CANAL DOCK,Grand Canal Dock,False,False,OPEN,2024-12-27 23:12:37,True,False,,,53.342638,-6.238695,40,33,7,20,13,0,13,40,33,7,20,13,0,13
3602,25,dublin,MERRION SQUARE EAST,Merrion Square East,False,False,OPEN,2024-12-27 23:10:13,True,False,,,53.339434,-6.246548,30,0,30,0,0,0,0,30,0,30,0,0,0,0
3603,51,dublin,YORK STREET WEST,York Street West,False,False,OPEN,2024-12-27 23:14:13,True,False,,,53.339334,-6.264699,40,0,0,0,0,0,0,40,0,0,0,0,0,0
3604,37,dublin,ST. STEPHEN'S GREEN SOUTH,St. Stephen's Green South,False,False,OPEN,2024-12-27 23:15:48,True,False,,,53.337494,-6.26199,30,17,13,10,7,0,7,30,17,13,10,7,0,7
3605,59,dublin,DENMARK STREET GREAT,Denmark Street Great,False,False,OPEN,2024-12-27 23:10:24,True,False,,,53.35561,-6.261397,20,1,19,1,0,0,0,20,1,19,1,0,0,0
3606,95,dublin,ROYAL HOSPITAL,Royal Hospital,False,False,OPEN,2024-12-27 23:10:25,True,False,,,53.343897,-6.29706,40,28,12,18,10,0,10,40,28,12,18,10,0,10
3607,94,dublin,HEUSTON STATION (CAR PARK),Heuston Station (Car Park),False,False,OPEN,2024-12-27 23:17:34,True,False,,,53.346985,-6.297804,40,10,30,10,0,0,0,40,10,30,10,0,0,0
3608,105,dublin,GRANGEGORMAN LOWER (NORTH),Grangegorman Lower (North),False,False,OPEN,2024-12-27 23:17:53,True,False,,,53.355954,-6.278378,36,3,33,2,1,0,1,36,3,33,2,1,0,1
3609,36,dublin,ST. STEPHEN'S GREEN EAST,St. Stephen's Green East,False,False,OPEN,2024-12-27 23:14:04,True,False,,,53.337824,-6.256035,40,16,24,7,9,0,9,40,16,24,7,9,0,9
3610,93,dublin,HEUSTON STATION (CENTRAL),Heuston Station (Central),False,False,OPEN,2024-12-27 23:16:07,True,False,,,53.346603,-6.296924,40,13,27,13,0,0,0,40,13,27,13,0,0,0
3611,22,dublin,TOWNSEND STREET,Townsend Street,False,False,OPEN,2024-12-27 23:17:41,True,False,,,53.345922,-6.254614,20,13,7,9,4,0,4,20,13,7,9,4,0,4
3612,50,dublin,GEORGES LANE,George's Lane,False,False,OPEN,2024-12-27 23:11:25,True,False,,,53.35023,-6.279696,40,9,31,8,1,0,1,40,9,31,8,1,0,1
3613,110,dublin,PHIBSBOROUGH ROAD,Phibsborough Road,False,False,OPEN,2024-12-27 23:16:22,True,False,,,53.356307,-6.273717,40,9,31,1,8,0,8,40,9,31,1,8,0,8
3614,12,dublin,ECCLES STREET,Eccles Street,False,False,OPEN,2024-12-27 23:15:34,True,False,,,53.359246,-6.269779,20,0,20,0,0,0,0,20,0,20,0,0,0,0
3615,34,dublin,PORTOBELLO HARBOUR,Portobello Harbour,False,False,OPEN,2024-12-27 23:16:13,True,False,,,53.330362,-6.265163,30,3,27,2,1,0,1,30,3,27,2,1,0,1
3616,78,dublin,MATER HOSPITAL,Mater Hospital,False,False,OPEN,2024-12-27 23:08:44,True,False,,,53.359967,-6.264828,40,0,40,0,0,0,0,40,0,40,0,0,0,0
3617,2,dublin,BLESSINGTON STREET,Blessington Street,False,False,OPEN,2024-12-27 23:09:09,True,False,,,53.356769,-6.26814,20,5,15,3,2,0,2,20,5,15,3,2,0,2
3618,75,dublin,JAMES STREET,James Street,False,False,OPEN,2024-12-27 23:14:39,True,False,,,53.343456,-6.287409,40,3,37,2,1,0,1,40,3,37,2,1,0,1
3619,111,dublin,MOUNTJOY SQUARE EAST,Mountjoy Square East,False,False,OPEN,2024-12-27 23:15:14,True,False,,,53.356717,-6.256359,40,0,40,0,0,0,0,40,0,40,0,0,0,0
3620,26,dublin,MERRION SQUARE WEST,Merrion Square West,False,False,OPEN,2024-12-27 23:14:20,True,False,,,53.339764,-6.251988,20,11,9,4,7,0,7,20,11,9,4,7,0,7
3621,65,dublin,CONVENTION CENTRE,Convention Centre,False,False,OPEN,2024-12-27 23:08:25,True,False,,,53.34744,-6.238523,40,10,30,8,2,0,2,40,10,30,8,2,0,2
3622,15,dublin,HARDWICKE STREET,Hardwicke Street,False,False,OPEN,2024-12-27 23:08:13,True,False,,,53.355473,-6.264423,16,2,14,1,1,0,1,16,2,14,1,1,0,1
3623,86,dublin,PARKGATE STREET,Parkgate Street,False,False,OPEN,2024-12-27 23:14:36,True,False,,,53.347972,-6.291804,38,32,6,3,29,0,29,38,32,6,3,29,0,29
3624,35,dublin,SMITHFIELD,Smithfield,False,False,OPEN,2024-12-27 23:10:52,True,False,,,53.347692,-6.278214,30,7,23,5,2,0,2,30,7,23,5,2,0,2
3625,10,dublin,DAME STREET,Dame Street,False,False,OPEN,2024-12-27 23:09:21,True,False,,,53.344007,-6.266802,16,15,1,11,4,0,4,16,15,1,11,4,0,4
3626,100,dublin,HEUSTON BRIDGE (SOUTH),Heuston Bridge (South),False,False,OPEN,2024-12-27 23:10:43,True,False,,,53.347106,-6.292041,25,15,10,8,7,0,7,25,15,10,8,7,0,7
3627,24,dublin,CATHAL BRUGHA STREET,Cathal Brugha Street,False,False,OPEN,2024-12-27 23:14:43,True,False,,,53.352149,-6.260533,20,12,8,11,1,0,1,20,12,8,11,1,0,1
3628,64,dublin,SANDWITH STREET,Sandwith Street,False,False,OPEN,2024-12-27 23:17:48,True,False,,,53.345203,-6.247163,40,22,18,19,3,0,3,40,22,18,19,3,0,3
3629,109,dublin,BUCKINGHAM STREET LOWER,Buckingham Street Lower,False,False,OPEN,2024-12-27 23:16:33,True,False,,,53.353331,-6.249319,29,14,15,4,10,0,10,29,14,15,4,10,0,10
3630,85,dublin,ROTHE ABBEY,Rothe Abbey,False,False,OPEN,2024-12-27 23:09:05,True,False,,,53.338776,-6.30395,35,29,6,15,14,0,14,35,29,6,15,14,0,14
3631,107,dublin,CHARLEVILLE ROAD,Charleville Road,False,False,OPEN,2024-12-27 23:17:27,True,False,,,53.359157,-6.281866,40,17,23,10,7,0,7,40,17,23,10,7,0,7
3632,33,dublin,PRINCES STREET / O'CONNELL STREET,Princes Street / O'Connell Street,False,False,OPEN,2024-12-27 23:17:22,True,False,,,53.349013,-6.260311,23,15,8,6,9,0,9,23,15,8,6,9,0,9
3633,44,dublin,UPPER SHERRARD STREET,Upper Sherrard Street,False,False,OPEN,2024-12-27 23:17:09,True,False,,,53.358437,-6.260641,30,8,22,7,1,0,1,30,8,22,7,1,0,1
3634,89,dublin,FITZWILLIAM SQUARE EAST,Fitzwilliam Square East,False,False,OPEN,2024-12-27 23:09:09,True,False,,,53.335211,-6.2509,40,23,17,12,11,0,11,40,23,17,12,11,0,11
3635,57,dublin,GRATTAN STREET,Grattan Street,False,False,OPEN,2024-12-27 23:14:08,True,False,,,53.339629,-6.243778,23,6,17,4,2,0,2,23,6,17,4,2,0,2
3636,80,dublin,ST JAMES HOSPITAL (LUAS),St James Hospital (Luas),False,False,OPEN,2024-12-27 23:17:42,True,False,,,53.341359,-6.292951,40,2,38,2,0,0,0,40,2,38,2,0,0,0
3637,41,dublin,HARCOURT TERRACE,Harcourt Terrace,False,False,OPEN,2024-12-27 23:14:47,True,False,,,53.332763,-6.257942,20,2,18,1,1,0,1,20,2,18,1,1,0,1
3638,3,dublin,BOLTON STREET,Bolton Street,False,False,OPEN,2024-12-27 23:17:03,True,False,,,53.351182,-6.269859,20,11,9,10,1,0,1,20,11,9,10,1,0,1
3639,40,dublin,JERVIS STREET,Jervis Street,False,False,OPEN,2024-12-27 23:11:41,True,False,,,53.3483,-6.266651,21,9,12,6,3,0,3,21,9,12,6,3,0,3
3640,29,dublin,ORMOND QUAY UPPER,Ormond Quay Upper,False,False,OPEN,2024-12-27 23:09:13,True,False,,,53.346057,-6.268001,29,28,1,15,13,0,13,29,28,1,15,13,0,13
3641,103,dublin,GRANGEGORMAN LOWER (SOUTH),Grangegorman Lower (South),False,False,OPEN,2024-12-27 23:14:49,True,False,,,53.354663,-6.278681,40,0,40,0,0,0,0,40,0,40,0,0,0,0
3642,28,dublin,MOUNTJOY SQUARE WEST,Mountjoy Square West,False,False,OPEN,2024-12-27 23:12:16,True,False,,,53.356299,-6.258586,30,2,28,2,0,0,0,30,2,28,2,0,0,0
3643,39,dublin,WILTON TERRACE,Wilton Terrace,False,False,OPEN,2024-12-27 23:17:53,True,False,,,53.332383,-6.252717,20,2,18,0,2,0,2,20,2,18,0,2,0,2
3644,83,dublin,EMMET ROAD,Emmet Road,False,False,OPEN,2024-12-27 23:16:45,True,False,,,53.340714,-6.308191,40,13,26,11,2,0,2,40,13,26,11,2,0,2
3645,92,dublin,HEUSTON BRIDGE (NORTH),Heuston Bridge (North),False,False,OPEN,2024-12-27 23:16:11,True,False,,,53.347802,-6.292432,40,39,1,29,10,0,10,40,39,1,29,10,0,10
3646,21,dublin,LEINSTER STREET SOUTH,Leinster Street South,False,False,OPEN,2024-12-27 23:08:12,True,False,,,53.34218,-6.254485,30,1,29,1,0,0,0,30,1,29,1,0,0,0
3647,88,dublin,BLACKHALL PLACE,Blackhall Place,False,False,OPEN,2024-12-27 23:08:48,True,False,,,53.3488,-6.281637,30,4,26,1,3,0,3,30,4,26,1,3,0,3
3648,42,dublin,SMITHFIELD NORTH,Smithfield North,False,False,OPEN,2024-12-28 01:06:20,True,False,,,53.349562,-6.278198,30,7,23,4,3,0,3,30,7,23,4,3,0,3
3649,30,dublin,PARNELL SQUARE NORTH,Parnell Square North,False,False,OPEN,2024-12-28 01:02:13,True,False,,,53.3537415547453,-6.26530144781526,20,6,14,4,2,0,2,20,6,14,4,2,0,2
3650,54,dublin,CLONMEL STREET,Clonmel Street,False,False,OPEN,2024-12-28 00:59:21,True,False,,,53.336021,-6.26298,33,13,20,3,10,0,10,33,13,20,3,10,0,10
3651,108,dublin,AVONDALE ROAD,Avondale Road,False,False,OPEN,2024-12-28 00:59:01,True,False,,,53.359405,-6.276142,35,18,17,11,7,0,7,35,18,17,11,7,0,7
3652,20,dublin,JAMES STREET EAST,James Street East,False,False,OPEN,2024-12-28 00:59:36,True,False,,,53.336597,-6.248109,30,2,28,2,0,0,0,30,2,28,2,0,0,0
3653,56,dublin,MOUNT STREET LOWER,Mount Street Lower,False,False,OPEN,2024-12-28 01:05:01,True,False,,,53.33796,-6.24153,40,24,16,12,12,0,12,40,24,16,12,12,0,12
3654,6,dublin,CHRISTCHURCH PLACE,Christchurch Place,False,False,OPEN,2024-12-28 01:06:44,True,False,,,53.343368,-6.27012,20,6,14,2,4,0,4,20,6,14,2,4,0,4
3655,18,dublin,GRANTHAM STREET,Grantham Street,False,False,OPEN,2024-12-28 00:58:15,True,False,,,53.334123,-6.265436,30,12,18,4,8,0,8,30,12,18,4,8,0,8
3656,32,dublin,PEARSE STREET,Pearse Street,False,False,OPEN,2024-12-28 00:59:21,True,False,,,53.344304,-6.250427,30,21,9,16,5,0,5,30,21,9,16,5,0,5
3657,52,dublin,YORK STREET EAST,York Street East,False,False,OPEN,2024-12-28 01:02:08,True,False,,,53.338755,-6.262003,32,27,5,16,11,0,11,32,27,5,16,11,0,11
3658,48,dublin,EXCISE WALK,Excise Walk,False,False,OPEN,2024-12-28 01:00:20,True,False,,,53.347777,-6.244239,40,0,40,0,0,0,0,40,0,40,0,0,0,0
3659,13,dublin,FITZWILLIAM SQUARE WEST,Fitzwilliam Square West,False,False,OPEN,2024-12-28 00:57:07,True,False,,,53.336074,-6.252825,30,27,3,11,16,0,16,30,27,3,11,16,0,16
3660,43,dublin,PORTOBELLO ROAD,Portobello Road,False,False,OPEN,2024-12-28 01:00:09,True,False,,,53.330091,-6.268044,30,9,21,6,3,0,3,30,9,21,6,3,0,3
3661,31,dublin,PARNELL STREET,Parnell Street,False,False,OPEN,2024-12-28 01:04:56,True,False,,,53.350929,-6.265125,20,14,6,9,5,0,5,20,14,6,9,5,0,5
3662,98,dublin,FREDERICK STREET SOUTH,Frederick Street South,False,False,OPEN,2024-12-28 00:56:52,True,False,,,53.341515,-6.256853,40,19,21,9,10,0,10,40,19,21,9,10,0,10
3663,14,dublin,FOWNES STREET UPPER,Fownes Street Upper,False,False,OPEN,2024-12-28 00:59:46,True,False,,,53.344603,-6.263371,30,28,2,16,12,0,12,30,28,2,16,12,0,12
3664,1,dublin,CLARENDON ROW,Clarendon Row,False,False,OPEN,2024-12-28 00:58:51,True,False,,,53.340927,-6.262501,31,18,13,13,5,0,5,31,18,13,13,5,0,5
3665,23,dublin,CUSTOM HOUSE,Custom House,False,False,OPEN,2024-12-28 00:57:48,True,False,,,53.348279,-6.254662,30,17,13,8,9,0,9,30,17,13,8,9,0,9
3666,106,dublin,RATHDOWN ROAD,Rathdown Road,False,False,OPEN,2024-12-28 01:04:49,True,False,,,53.35893,-6.280337,40,0,40,0,0,0,0,40,0,40,0,0,0,0
3667,112,dublin,NORTH CIRCULAR ROAD (O'CONNELL'S),North Circular Road (O'Connell's),False,False,OPEN,2024-12-28 01:06:33,True,False,,,53.357841,-6.251557,30,11,19,9,2,0,2,30,11,19,9,2,0,2
3668,68,dublin,HANOVER QUAY,Hanover Quay,False,False,OPEN,2024-12-28 00:58:24,True,False,,,53.344115,-6.237153,40,26,14,17,9,0,9,40,26,14,17,9,0,9
3669,74,dublin,OLIVER BOND STREET,Oliver Bond Street,False,False,OPEN,2024-12-28 00:58:25,True,False,,,53.343893,-6.280531,30,23,7,17,6,0,6,30,23,7,17,6,0,6
3670,87,dublin,COLLINS BARRACKS MUSEUM,Collins Barracks Museum,False,False,OPEN,2024-12-28 01:06:49,True,False,,,53.347477,-6.28525,38,21,17,12,9,0,9,38,21,17,12,9,0,9
3671,84,dublin,BROOKFIELD ROAD,Brookfield Road,False,False,OPEN,2024-12-28 00:57:49,True,False,,,53.339005,-6.300217,30,14,16,8,6,0,6,30,14,16,8,6,0,6
3672,90,dublin,BENSON STREET,Benson Street,False,False,OPEN,2024-12-28 01:00:16,True,False,,,53.344153,-6.233451,40,7,33,5,2,0,2,40,7,33,5,2,0,2
3673,11,dublin,EARLSFORT TERRACE,Earlsfort Terrace,False,False,OPEN,2024-12-28 00:57:22,True,False,,,53.334295,-6.258503,30,17,13,13,4,0,4,30,17,13,13,4,0,4
3674,17,dublin,GOLDEN LANE,Golden Lane,False,False,OPEN,2024-12-28 00:56:52,True,False,,,53.340803,-6.267732,20,13,7,5,8,0,8,20,13,7,5,8,0,8
3675,45,dublin,DEVERELL PLACE,Deverell Place,False,False,OPEN,2024-12-28 01:00:03,True,False,,,53.351464,-6.255265,30,13,17,6,7,0,7,30,13,17,6,7,0,7
3676,114,dublin,WILTON TERRACE (PARK),Wilton Terrace (Park),False,False,OPEN,2024-12-28 00:57:47,True,False,,,53.333653,-6.248345,40,1,39,0,1,0,1,40,1,39,0,1,0,1
3677,72,dublin,JOHN STREET WEST,John Street West,False,False,OPEN,2024-12-28 00:59:14,True,False,,,53.343105,-6.277167,31,1,30,1,0,0,0,31,1,30,1,0,0,0
3678,63,dublin,FENIAN STREET,Fenian Street,False,False,OPEN,2024-12-28 00:57:26,True,False,,,53.341428,-6.24672,35,20,15,10,10,0,10,35,20,15,10,10,0,10
3679,113,dublin,MERRION SQUARE SOUTH,Merrion Square South,False,False,OPEN,2024-12-28 01:00:38,True,False,,,53.338614,-6.248606,40,6,23,5,1,0,1,40,6,23,5,1,0,1
3680,91,dublin,SOUTH DOCK ROAD,South Dock Road,False,False,OPEN,2024-12-28 01:05:57,True,False,,,53.341833,-6.231291,30,30,0,19,11,0,11,30,30,0,19,11,0,11
3681,99,dublin,CITY QUAY,City Quay,False,False,OPEN,2024-12-28 01:02:06,True,False,,,53.346637,-6.246154,30,18,12,9,9,0,9,30,18,12,9,9,0,9
3682,9,dublin,EXCHEQUER STREET,Exchequer Street,False,False,OPEN,2024-12-28 01:02:34,True,False,,,53.343034,-6.263578,24,13,11,3,10,0,10,24,13,11,3,10,0,10
3683,67,dublin,THE POINT,The Point,False,False,OPEN,2024-12-28 00:57:06,True,False,,,53.346867,-6.230852,40,19,21,10,9,0,9,40,19,21,10,9,0,9
3684,116,dublin,BROADSTONE,Broadstone,False,False,OPEN,2024-12-28 01:05:41,True,False,,,53.3547,-6.272314,30,17,13,6,11,0,11,30,17,13,6,11,0,11
3685,55,dublin,HATCH STREET,Hatch Street,False,False,OPEN,2024-12-28 01:01:19,True,False,,,53.33403,-6.260714,36,15,20,9,6,0,6,36,15,20,9,6,0,6
3686,62,dublin,LIME STREET,Lime Street,False,False,OPEN,2024-12-28 00:56:57,True,False,,,53.346026,-6.243576,40,16,24,5,11,0,11,40,16,24,5,11,0,11
3687,5,dublin,CHARLEMONT PLACE,Charlemont Street,False,False,OPEN,2024-12-28 01:00:57,True,False,,,53.330662,-6.260177,40,13,27,10,3,0,3,40,13,27,10,3,0,3
3688,97,dublin,KILMAINHAM GAOL,Kilmainham Gaol,False,False,OPEN,2024-12-28 01:05:58,True,False,,,53.342113,-6.310015,40,8,32,5,3,0,3,40,8,32,5,3,0,3
3689,61,dublin,HARDWICKE PLACE,Hardwicke Place,False,False,OPEN,2024-12-28 01:03:53,True,False,,,53.357043,-6.263232,25,0,25,0,0,0,0,25,0,25,0,0,0,0
3690,77,dublin,WOLFE TONE STREET,Wolfe Tone Street,False,False,OPEN,2024-12-28 01:00:42,True,False,,,53.348875,-6.267459,29,24,5,14,10,0,10,29,24,5,14,10,0,10
3691,73,dublin,FRANCIS STREET,Francis Street,False,False,OPEN,2024-12-28 00:58:31,True,False,,,53.342081,-6.275233,30,8,22,7,1,0,1,30,8,22,7,1,0,1
3692,4,dublin,GREEK STREET,Greek Street,False,False,OPEN,2024-12-28 01:01:10,True,False,,,53.346874,-6.272976,20,12,8,2,10,0,10,20,12,8,2,10,0,10
3693,49,dublin,GUILD STREET,Guild Street,False,False,OPEN,2024-12-28 00:59:49,True,False,,,53.347932,-6.240928,40,35,5,24,11,0,11,40,35,5,24,11,0,11
3694,19,dublin,HERBERT PLACE,Herbert Place,False,False,OPEN,2024-12-28 01:00:57,True,False,,,53.334432,-6.245575,30,6,24,4,2,0,2,30,6,24,4,2,0,2
3695,7,dublin,HIGH STREET,High Street,False,False,OPEN,2024-12-28 01:06:31,True,False,,,53.343565,-6.275071,29,0,29,0,0,0,0,29,0,29,0,0,0,0
3696,60,dublin,NORTH CIRCULAR ROAD,North Circular Road,False,False,OPEN,2024-12-28 00:59:27,True,False,,,53.359624,-6.260348,30,9,21,7,2,0,2,30,9,21,7,2,0,2
3697,102,dublin,WESTERN WAY,Western Way,False,False,OPEN,2024-12-28 00:59:02,True,False,,,53.354929,-6.269425,40,13,27,11,2,0,2,40,13,27,11,2,0,2
3698,38,dublin,TALBOT STREET,Talbot Street,False,False,OPEN,2024-12-28 00:58:02,True,False,,,53.350974,-6.25294,40,22,18,17,5,0,5,40,22,18,17,5,0,5
3699,53,dublin,NEWMAN HOUSE,Newman House,False,False,OPEN,2024-12-28 00:59:04,True,False,,,53.337132,-6.26059,40,11,29,11,0,0,0,40,11,29,11,0,0,0
3700,58,dublin,SIR PATRICK DUN'S,Sir Patrick's Dun,False,False,OPEN,2024-12-28 00:57:21,True,False,,,53.339218,-6.240642,40,35,5,28,7,0,7,40,35,5,28,7,0,7
3701,66,dublin,NEW CENTRAL BANK,New Central Bank,False,False,OPEN,2024-12-28 01:04:09,True,False,,,53.347122,-6.234749,40,5,35,1,4,0,4,40,5,35,1,4,0,4
3702,104,dublin,GRANGEGORMAN LOWER (CENTRAL),Grangegorman Lower (Central),False,False,OPEN,2024-12-28 01:00:30,True,False,,,53.355173,-6.278424,40,1,39,1,0,0,0,40,1,39,1,0,0,0
3703,101,dublin,KING STREET NORTH,King Street North,False,False,OPEN,2024-12-28 00:58:54,True,False,,,53.350291,-6.273507,30,12,18,7,5,0,5,30,12,18,7,5,0,5
3704,115,dublin,KILLARNEY STREET,Killarney Street,False,False,OPEN,2024-12-28 01:00:56,True,False,,,53.354845,-6.247579,30,26,4,18,8,0,8,30,26,4,18,8,0,8
3705,47,dublin,HERBERT STREET,Herbert Street,False,False,OPEN,2024-12-28 00:58:07,True,False,,,53.335742,-6.24551,40,4,36,2,2,0,2,40,4,36,2,2,0,2
3706,117,dublin,HANOVER QUAY EAST,Hanover Quay East,False,False,OPEN,2024-12-28 01:04:42,True,False,,,53.343653,-6.231755,40,5,35,1,4,0,4,40,5,35,1,4,0,4
3707,8,dublin,CUSTOM HOUSE QUAY,Custom House Quay,False,False,OPEN,2024-12-28 01:00:23,True,False,,,53.347884,-6.248048,30,21,9,14,7,0,7,30,21,9,14,7,0,7
3708,27,dublin,MOLESWORTH STREET,Molesworth Street,False,False,OPEN,2024-12-28 01:00:09,True,False,,,53.341288,-6.258117,20,5,15,2,3,0,3,20,5,15,2,3,0,3
3709,16,dublin,GEORGES QUAY,Georges Quay,False,False,OPEN,2024-12-28 01:05:50,True,False,,,53.347508,-6.252192,20,17,3,9,8,0,8,20,17,3,9,8,0,8
3710,96,dublin,KILMAINHAM LANE,Kilmainham Lane,False,False,OPEN,2024-12-28 00:57:37,True,False,,,53.341805,-6.305085,30,4,26,4,0,0,0,30,4,26,4,0,0,0
3711,82,dublin,MOUNT BROWN,Mount Brown,False,False,OPEN,2024-12-28 00:58:11,True,False,,,53.341645,-6.29719,22,11,11,2,9,0,9,22,11,11,2,9,0,9
3712,76,dublin,MARKET STREET SOUTH,Market Street South,False,False,OPEN,2024-12-28 01:06:11,True,False,,,53.342296,-6.287661,38,2,36,0,2,0,2,38,2,36,0,2,0,2
3713,71,dublin,KEVIN STREET,Kevin Street,False,False,OPEN,2024-12-28 01:06:33,True,False,,,53.337757,-6.267699,40,13,27,5,8,0,8,40,13,27,5,8,0,8
3714,79,dublin,ECCLES STREET EAST,Eccles Street East,False,False,OPEN,2024-12-28 00:59:59,True,False,,,53.358115,-6.265601,27,0,27,0,0,0,0,27,0,27,0,0,0,0
3715,69,dublin,GRAND CANAL DOCK,Grand Canal Dock,False,False,OPEN,2024-12-28 00:59:46,True,False,,,53.342638,-6.238695,40,36,4,23,13,0,13,40,36,4,23,13,0,13
3716,25,dublin,MERRION SQUARE EAST,Merrion Square East,False,False,OPEN,2024-12-28 01:01:13,True,False,,,53.339434,-6.246548,30,0,30,0,0,0,0,30,0,30,0,0,0,0
3717,51,dublin,YORK STREET WEST,York Street West,False,False,OPEN,2024-12-28 01:04:55,True,False,,,53.339334,-6.264699,40,0,0,0,0,0,0,40,0,0,0,0,0,0
3718,37,dublin,ST. STEPHEN'S GREEN SOUTH,St. Stephen's Green South,False,False,OPEN,2024-12-28 01:06:35,True,False,,,53.337494,-6.26199,30,17,13,10,7,0,7,30,17,13,10,7,0,7
3719,59,dublin,DENMARK STREET GREAT,Denmark Street Great,False,False,OPEN,2024-12-28 01:01:15,True,False,,,53.35561,-6.261397,20,2,18,1,1,0,1,20,2,18,1,1,0,1
3720,95,dublin,ROYAL HOSPITAL,Royal Hospital,False,False,OPEN,2024-12-28 01:01:29,True,False,,,53.343897,-6.29706,40,28,12,18,10,0,10,40,28,12,18,10,0,10
3721,94,dublin,HEUSTON STATION (CAR PARK),Heuston Station (Car Park),False,False,OPEN,2024-12-28 00:58:16,True,False,,,53.346985,-6.297804,40,10,30,10,0,0,0,40,10,30,10,0,0,0
3722,105,dublin,GRANGEGORMAN LOWER (NORTH),Grangegorman Lower (North),False,False,OPEN,2024-12-28 00:58:32,True,False,,,53.355954,-6.278378,36,3,33,2,1,0,1,36,3,33,2,1,0,1
3723,36,dublin,ST. STEPHEN'S GREEN EAST,St. Stephen's Green East,False,False,OPEN,2024-12-28 01:04:48,True,False,,,53.337824,-6.256035,40,15,25,7,8,0,8,40,15,25,7,8,0,8
3724,93,dublin,HEUSTON STATION (CENTRAL),Heuston Station (Central),False,False,OPEN,2024-12-28 00:56:53,True,False,,,53.346603,-6.296924,40,13,27,13,0,0,0,40,13,27,13,0,0,0
3725,22,dublin,TOWNSEND STREET,Townsend Street,False,False,OPEN,2024-12-28 00:57:07,True,False,,,53.345922,-6.254614,20,13,7,11,2,0,2,20,13,7,11,2,0,2
3726,50,dublin,GEORGES LANE,George's Lane,False,False,OPEN,2024-12-28 01:02:25,True,False,,,53.35023,-6.279696,40,11,29,10,1,0,1,40,11,29,10,1,0,1
3727,110,dublin,PHIBSBOROUGH ROAD,Phibsborough Road,False,False,OPEN,2024-12-28 00:59:26,True,False,,,53.356307,-6.273717,40,8,32,1,7,0,7,40,8,32,1,7,0,7
3728,12,dublin,ECCLES STREET,Eccles Street,False,False,OPEN,2024-12-28 01:06:23,True,False,,,53.359246,-6.269779,20,3,17,3,0,0,0,20,3,17,3,0,0,0
3729,34,dublin,PORTOBELLO HARBOUR,Portobello Harbour,False,False,OPEN,2024-12-28 00:56:55,True,False,,,53.330362,-6.265163,30,6,24,4,2,0,2,30,6,24,4,2,0,2
3730,78,dublin,MATER HOSPITAL,Mater Hospital,False,False,OPEN,2024-12-28 00:59:46,True,False,,,53.359967,-6.264828,40,1,39,1,0,0,0,40,1,39,1,0,0,0
3731,2,dublin,BLESSINGTON STREET,Blessington Street,False,False,OPEN,2024-12-28 00:59:57,True,False,,,53.356769,-6.26814,20,5,15,3,2,0,2,20,5,15,3,2,0,2
3732,75,dublin,JAMES STREET,James Street,False,False,OPEN,2024-12-28 01:02:49,True,False,,,53.343456,-6.287409,40,3,37,2,1,0,1,40,3,37,2,1,0,1
3733,111,dublin,MOUNTJOY SQUARE EAST,Mountjoy Square East,False,False,OPEN,2024-12-28 01:04:17,True,False,,,53.356717,-6.256359,40,0,40,0,0,0,0,40,0,40,0,0,0,0
3734,26,dublin,MERRION SQUARE WEST,Merrion Square West,False,False,OPEN,2024-12-28 01:05:13,True,False,,,53.339764,-6.251988,20,12,8,4,8,0,8,20,12,8,4,8,0,8
3735,65,dublin,CONVENTION CENTRE,Convention Centre,False,False,OPEN,2024-12-28 00:58:47,True,False,,,53.34744,-6.238523,40,12,28,10,2,0,2,40,12,28,10,2,0,2
3736,15,dublin,HARDWICKE STREET,Hardwicke Street,False,False,OPEN,2024-12-28 00:58:59,True,False,,,53.355473,-6.264423,16,4,12,3,1,0,1,16,4,12,3,1,0,1
3737,86,dublin,PARKGATE STREET,Parkgate Street,False,False,OPEN,2024-12-28 01:05:22,True,False,,,53.347972,-6.291804,38,33,5,3,30,0,30,38,33,5,3,30,0,30
3738,35,dublin,SMITHFIELD,Smithfield,False,False,OPEN,2024-12-28 01:00:07,True,False,,,53.347692,-6.278214,30,9,21,5,4,0,4,30,9,21,5,4,0,4
3739,10,dublin,DAME STREET,Dame Street,False,False,OPEN,2024-12-28 01:00:15,True,False,,,53.344007,-6.266802,16,14,2,10,4,0,4,16,14,2,10,4,0,4
3740,100,dublin,HEUSTON BRIDGE (SOUTH),Heuston Bridge (South),False,False,OPEN,2024-12-28 01:05:06,True,False,,,53.347106,-6.292041,25,15,10,8,7,0,7,25,15,10,8,7,0,7
3741,24,dublin,CATHAL BRUGHA STREET,Cathal Brugha Street,False,False,OPEN,2024-12-28 01:02:06,True,False,,,53.352149,-6.260533,20,12,8,11,1,0,1,20,12,8,11,1,0,1
3742,64,dublin,SANDWITH STREET,Sandwith Street,False,False,OPEN,2024-12-28 01:01:08,True,False,,,53.345203,-6.247163,40,23,17,19,4,0,4,40,23,17,19,4,0,4
3743,109,dublin,BUCKINGHAM STREET LOWER,Buckingham Street Lower,False,False,OPEN,2024-12-28 00:57:14,True,False,,,53.353331,-6.249319,29,13,16,4,9,0,9,29,13,16,4,9,0,9
3744,85,dublin,ROTHE ABBEY,Rothe Abbey,False,False,OPEN,2024-12-28 01:04:30,True,False,,,53.338776,-6.30395,35,30,5,16,14,0,14,35,30,5,16,14,0,14
3745,107,dublin,CHARLEVILLE ROAD,Charleville Road,False,False,OPEN,2024-12-28 00:58:21,True,False,,,53.359157,-6.281866,40,17,23,10,7,0,7,40,17,23,10,7,0,7
3746,33,dublin,PRINCES STREET / O'CONNELL STREET,Princes Street / O'Connell Street,False,False,OPEN,2024-12-28 01:00:55,True,False,,,53.349013,-6.260311,23,15,8,6,9,0,9,23,15,8,6,9,0,9
3747,44,dublin,UPPER SHERRARD STREET,Upper Sherrard Street,False,False,OPEN,2024-12-28 00:57:55,True,False,,,53.358437,-6.260641,30,8,22,7,1,0,1,30,8,22,7,1,0,1
3748,89,dublin,FITZWILLIAM SQUARE EAST,Fitzwilliam Square East,False,False,OPEN,2024-12-28 01:04:44,True,False,,,53.335211,-6.2509,40,23,17,12,11,0,11,40,23,17,12,11,0,11
3749,57,dublin,GRATTAN STREET,Grattan Street,False,False,OPEN,2024-12-28 01:04:50,True,False,,,53.339629,-6.243778,23,6,17,4,2,0,2,23,6,17,4,2,0,2
3750,80,dublin,ST JAMES HOSPITAL (LUAS),St James Hospital (Luas),False,False,OPEN,2024-12-28 00:58:21,True,False,,,53.341359,-6.292951,40,2,38,2,0,0,0,40,2,38,2,0,0,0
3751,41,dublin,HARCOURT TERRACE,Harcourt Terrace,False,False,OPEN,2024-12-28 01:05:34,True,False,,,53.332763,-6.257942,20,2,18,1,1,0,1,20,2,18,1,1,0,1
3752,3,dublin,BOLTON STREET,Bolton Street,False,False,OPEN,2024-12-28 00:57:50,True,False,,,53.351182,-6.269859,20,9,11,8,1,0,1,20,9,11,8,1,0,1
3753,40,dublin,JERVIS STREET,Jervis Street,False,False,OPEN,2024-12-28 01:02:48,True,False,,,53.3483,-6.266651,21,9,12,5,4,0,4,21,9,12,5,4,0,4
3754,29,dublin,ORMOND QUAY UPPER,Ormond Quay Upper,False,False,OPEN,2024-12-28 01:00:07,True,False,,,53.346057,-6.268001,29,28,1,15,13,0,13,29,28,1,15,13,0,13
3755,103,dublin,GRANGEGORMAN LOWER (SOUTH),Grangegorman Lower (South),False,False,OPEN,2024-12-28 01:05:32,True,False,,,53.354663,-6.278681,40,0,40,0,0,0,0,40,0,40,0,0,0,0
3756,28,dublin,MOUNTJOY SQUARE WEST,Mountjoy Square West,False,False,OPEN,2024-12-28 01:03:21,True,False,,,53.356299,-6.258586,30,0,30,0,0,0,0,30,0,30,0,0,0,0
3757,39,dublin,WILTON TERRACE,Wilton Terrace,False,False,OPEN,2024-12-28 00:58:38,True,False,,,53.332383,-6.252717,20,2,18,0,2,0,2,20,2,18,0,2,0,2
3758,83,dublin,EMMET ROAD,Emmet Road,False,False,OPEN,2024-12-28 00:57:29,True,False,,,53.340714,-6.308191,40,13,26,11,2,0,2,40,13,26,11,2,0,2
3759,92,dublin,HEUSTON BRIDGE (NORTH),Heuston Bridge (North),False,False,OPEN,2024-12-28 00:56:53,True,False,,,53.347802,-6.292432,40,39,1,29,10,0,10,40,39,1,29,10,0,10
3760,21,dublin,LEINSTER STREET SOUTH,Leinster Street South,False,False,OPEN,2024-12-28 00:59:14,True,False,,,53.34218,-6.254485,30,2,28,2,0,0,0,30,2,28,2,0,0,0
3761,88,dublin,BLACKHALL PLACE,Blackhall Place,False,False,OPEN,2024-12-28 00:59:52,True,False,,,53.3488,-6.281637,30,4,26,2,2,0,2,30,4,26,2,2,0,2
3762,42,dublin,SMITHFIELD NORTH,Smithfield North,False,False,OPEN,2024-12-28 01:26:28,True,False,,,53.349562,-6.278198,30,7,23,4,3,0,3,30,7,23,4,3,0,3
3763,30,dublin,PARNELL SQUARE NORTH,Parnell Square North,False,False,OPEN,2024-12-28 01:22:24,True,False,,,53.3537415547453,-6.26530144781526,20,6,14,4,2,0,2,20,6,14,4,2,0,2
3764,54,dublin,CLONMEL STREET,Clonmel Street,False,False,OPEN,2024-12-28 01:19:49,True,False,,,53.336021,-6.26298,33,13,20,3,10,0,10,33,13,20,3,10,0,10
3765,108,dublin,AVONDALE ROAD,Avondale Road,False,False,OPEN,2024-12-28 01:22:58,True,False,,,53.359405,-6.276142,35,19,16,12,7,0,7,35,19,16,12,7,0,7
3766,20,dublin,JAMES STREET EAST,James Street East,False,False,OPEN,2024-12-28 01:19:45,True,False,,,53.336597,-6.248109,30,2,28,2,0,0,0,30,2,28,2,0,0,0
3767,56,dublin,MOUNT STREET LOWER,Mount Street Lower,False,False,OPEN,2024-12-28 01:25:08,True,False,,,53.33796,-6.24153,40,24,16,12,12,0,12,40,24,16,12,12,0,12
3768,6,dublin,CHRISTCHURCH PLACE,Christchurch Place,False,False,OPEN,2024-12-28 01:26:23,True,False,,,53.343368,-6.27012,20,6,14,2,4,0,4,20,6,14,2,4,0,4
3769,18,dublin,GRANTHAM STREET,Grantham Street,False,False,OPEN,2024-12-28 01:18:23,True,False,,,53.334123,-6.265436,30,12,18,4,8,0,8,30,12,18,4,8,0,8
3770,32,dublin,PEARSE STREET,Pearse Street,False,False,OPEN,2024-12-28 01:19:32,True,False,,,53.344304,-6.250427,30,21,9,16,5,0,5,30,21,9,16,5,0,5
3771,52,dublin,YORK STREET EAST,York Street East,False,False,OPEN,2024-12-28 01:19:26,True,False,,,53.338755,-6.262003,32,27,5,16,11,0,11,32,27,5,16,11,0,11
3772,48,dublin,EXCISE WALK,Excise Walk,False,False,OPEN,2024-12-28 01:20:29,True,False,,,53.347777,-6.244239,40,0,40,0,0,0,0,40,0,40,0,0,0,0
3773,13,dublin,FITZWILLIAM SQUARE WEST,Fitzwilliam Square West,False,False,OPEN,2024-12-28 01:17:16,True,False,,,53.336074,-6.252825,30,27,3,11,16,0,16,30,27,3,11,16,0,16
3774,43,dublin,PORTOBELLO ROAD,Portobello Road,False,False,OPEN,2024-12-28 01:20:20,True,False,,,53.330091,-6.268044,30,9,21,6,3,0,3,30,9,21,6,3,0,3
3775,31,dublin,PARNELL STREET,Parnell Street,False,False,OPEN,2024-12-28 01:25:03,True,False,,,53.350929,-6.265125,20,14,6,9,5,0,5,20,14,6,9,5,0,5
3776,98,dublin,FREDERICK STREET SOUTH,Frederick Street South,False,False,OPEN,2024-12-28 01:17:01,True,False,,,53.341515,-6.256853,40,19,21,9,10,0,10,40,19,21,9,10,0,10
3777,14,dublin,FOWNES STREET UPPER,Fownes Street Upper,False,False,OPEN,2024-12-28 01:19:55,True,False,,,53.344603,-6.263371,30,28,2,16,12,0,12,30,28,2,16,12,0,12
3778,1,dublin,CLARENDON ROW,Clarendon Row,False,False,OPEN,2024-12-28 01:19:01,True,False,,,53.340927,-6.262501,31,18,13,13,5,0,5,31,18,13,13,5,0,5
3779,23,dublin,CUSTOM HOUSE,Custom House,False,False,OPEN,2024-12-28 01:17:56,True,False,,,53.348279,-6.254662,30,17,13,8,9,0,9,30,17,13,8,9,0,9
3780,106,dublin,RATHDOWN ROAD,Rathdown Road,False,False,OPEN,2024-12-28 01:24:57,True,False,,,53.35893,-6.280337,40,0,40,0,0,0,0,40,0,40,0,0,0,0
3781,112,dublin,NORTH CIRCULAR ROAD (O'CONNELL'S),North Circular Road (O'Connell's),False,False,OPEN,2024-12-28 01:26:43,True,False,,,53.357841,-6.251557,30,11,19,9,2,0,2,30,11,19,9,2,0,2
3782,68,dublin,HANOVER QUAY,Hanover Quay,False,False,OPEN,2024-12-28 01:18:32,True,False,,,53.344115,-6.237153,40,26,14,17,9,0,9,40,26,14,17,9,0,9
3783,74,dublin,OLIVER BOND STREET,Oliver Bond Street,False,False,OPEN,2024-12-28 01:18:34,True,False,,,53.343893,-6.280531,30,23,7,17,6,0,6,30,23,7,17,6,0,6
3784,87,dublin,COLLINS BARRACKS MUSEUM,Collins Barracks Museum,False,False,OPEN,2024-12-28 01:16:54,True,False,,,53.347477,-6.28525,38,21,17,12,9,0,9,38,21,17,12,9,0,9
3785,84,dublin,BROOKFIELD ROAD,Brookfield Road,False,False,OPEN,2024-12-28 01:17:56,True,False,,,53.339005,-6.300217,30,14,16,8,6,0,6,30,14,16,8,6,0,6
3786,90,dublin,BENSON STREET,Benson Street,False,False,OPEN,2024-12-28 01:20:24,True,False,,,53.344153,-6.233451,40,7,33,5,2,0,2,40,7,33,5,2,0,2
3787,11,dublin,EARLSFORT TERRACE,Earlsfort Terrace,False,False,OPEN,2024-12-28 01:17:33,True,False,,,53.334295,-6.258503,30,17,13,13,4,0,4,30,17,13,13,4,0,4
3788,17,dublin,GOLDEN LANE,Golden Lane,False,False,OPEN,2024-12-28 01:17:00,True,False,,,53.340803,-6.267732,20,13,7,5,8,0,8,20,13,7,5,8,0,8
3789,45,dublin,DEVERELL PLACE,Deverell Place,False,False,OPEN,2024-12-28 01:20:12,True,False,,,53.351464,-6.255265,30,13,17,6,7,0,7,30,13,17,6,7,0,7
3790,114,dublin,WILTON TERRACE (PARK),Wilton Terrace (Park),False,False,OPEN,2024-12-28 01:17:54,True,False,,,53.333653,-6.248345,40,1,39,0,1,0,1,40,1,39,0,1,0,1
3791,72,dublin,JOHN STREET WEST,John Street West,False,False,OPEN,2024-12-28 01:19:22,True,False,,,53.343105,-6.277167,31,1,30,1,0,0,0,31,1,30,1,0,0,0
3792,63,dublin,FENIAN STREET,Fenian Street,False,False,OPEN,2024-12-28 01:17:35,True,False,,,53.341428,-6.24672,35,20,15,10,10,0,10,35,20,15,10,10,0,10
3793,113,dublin,MERRION SQUARE SOUTH,Merrion Square South,False,False,OPEN,2024-12-28 01:20:48,True,False,,,53.338614,-6.248606,40,6,23,5,1,0,1,40,6,23,5,1,0,1
3794,91,dublin,SOUTH DOCK ROAD,South Dock Road,False,False,OPEN,2024-12-28 01:26:06,True,False,,,53.341833,-6.231291,30,30,0,19,11,0,11,30,30,0,19,11,0,11
3795,99,dublin,CITY QUAY,City Quay,False,False,OPEN,2024-12-28 01:22:14,True,False,,,53.346637,-6.246154,30,18,12,9,9,0,9,30,18,12,9,9,0,9
3796,9,dublin,EXCHEQUER STREET,Exchequer Street,False,False,OPEN,2024-12-28 01:22:44,True,False,,,53.343034,-6.263578,24,13,11,3,10,0,10,24,13,11,3,10,0,10
3797,67,dublin,THE POINT,The Point,False,False,OPEN,2024-12-28 01:17:15,True,False,,,53.346867,-6.230852,40,19,21,10,9,0,9,40,19,21,10,9,0,9
3798,116,dublin,BROADSTONE,Broadstone,False,False,OPEN,2024-12-28 01:25:50,True,False,,,53.3547,-6.272314,30,17,13,6,11,0,11,30,17,13,6,11,0,11
3799,55,dublin,HATCH STREET,Hatch Street,False,False,OPEN,2024-12-28 01:21:29,True,False,,,53.33403,-6.260714,36,15,20,9,6,0,6,36,15,20,9,6,0,6
3800,62,dublin,LIME STREET,Lime Street,False,False,OPEN,2024-12-28 01:17:05,True,False,,,53.346026,-6.243576,40,16,24,5,11,0,11,40,16,24,5,11,0,11
3801,5,dublin,CHARLEMONT PLACE,Charlemont Street,False,False,OPEN,2024-12-28 01:21:05,True,False,,,53.330662,-6.260177,40,13,27,10,3,0,3,40,13,27,10,3,0,3
3802,97,dublin,KILMAINHAM GAOL,Kilmainham Gaol,False,False,OPEN,2024-12-28 01:26:05,True,False,,,53.342113,-6.310015,40,8,32,5,3,0,3,40,8,32,5,3,0,3
3803,61,dublin,HARDWICKE PLACE,Hardwicke Place,False,False,OPEN,2024-12-28 01:23:59,True,False,,,53.357043,-6.263232,25,0,25,0,0,0,0,25,0,25,0,0,0,0
3804,77,dublin,WOLFE TONE STREET,Wolfe Tone Street,False,False,OPEN,2024-12-28 01:20:52,True,False,,,53.348875,-6.267459,29,24,5,14,10,0,10,29,24,5,14,10,0,10
3805,73,dublin,FRANCIS STREET,Francis Street,False,False,OPEN,2024-12-28 01:18:38,True,False,,,53.342081,-6.275233,30,8,22,7,1,0,1,30,8,22,7,1,0,1
3806,4,dublin,GREEK STREET,Greek Street,False,False,OPEN,2024-12-28 01:22:03,True,False,,,53.346874,-6.272976,20,12,8,2,10,0,10,20,12,8,2,10,0,10
3807,49,dublin,GUILD STREET,Guild Street,False,False,OPEN,2024-12-28 01:19:57,True,False,,,53.347932,-6.240928,40,35,5,24,11,0,11,40,35,5,24,11,0,11
3808,19,dublin,HERBERT PLACE,Herbert Place,False,False,OPEN,2024-12-28 01:21:08,True,False,,,53.334432,-6.245575,30,6,24,4,2,0,2,30,6,24,4,2,0,2
3809,7,dublin,HIGH STREET,High Street,False,False,OPEN,2024-12-28 01:26:39,True,False,,,53.343565,-6.275071,29,0,29,0,0,0,0,29,0,29,0,0,0,0
3810,60,dublin,NORTH CIRCULAR ROAD,North Circular Road,False,False,OPEN,2024-12-28 01:19:36,True,False,,,53.359624,-6.260348,30,9,21,7,2,0,2,30,9,21,7,2,0,2
3811,102,dublin,WESTERN WAY,Western Way,False,False,OPEN,2024-12-28 01:19:13,True,False,,,53.354929,-6.269425,40,13,27,11,2,0,2,40,13,27,11,2,0,2
3812,38,dublin,TALBOT STREET,Talbot Street,False,False,OPEN,2024-12-28 01:18:11,True,False,,,53.350974,-6.25294,40,22,18,17,5,0,5,40,22,18,17,5,0,5
3813,53,dublin,NEWMAN HOUSE,Newman House,False,False,OPEN,2024-12-28 01:19:14,True,False,,,53.337132,-6.26059,40,11,29,11,0,0,0,40,11,29,11,0,0,0
3814,58,dublin,SIR PATRICK DUN'S,Sir Patrick's Dun,False,False,OPEN,2024-12-28 01:17:30,True,False,,,53.339218,-6.240642,40,35,5,28,7,0,7,40,35,5,28,7,0,7
3815,66,dublin,NEW CENTRAL BANK,New Central Bank,False,False,OPEN,2024-12-28 01:19:26,True,False,,,53.347122,-6.234749,40,5,35,1,4,0,4,40,5,35,1,4,0,4
3816,104,dublin,GRANGEGORMAN LOWER (CENTRAL),Grangegorman Lower (Central),False,False,OPEN,2024-12-28 01:20:40,True,False,,,53.355173,-6.278424,40,1,39,1,0,0,0,40,1,39,1,0,0,0
3817,101,dublin,KING STREET NORTH,King Street North,False,False,OPEN,2024-12-28 01:19:05,True,False,,,53.350291,-6.273507,30,13,17,8,5,0,5,30,13,17,8,5,0,5
3818,115,dublin,KILLARNEY STREET,Killarney Street,False,False,OPEN,2024-12-28 01:22:47,True,False,,,53.354845,-6.247579,30,27,3,19,8,0,8,30,27,3,19,8,0,8
3819,47,dublin,HERBERT STREET,Herbert Street,False,False,OPEN,2024-12-28 01:18:18,True,False,,,53.335742,-6.24551,40,4,36,2,2,0,2,40,4,36,2,2,0,2
3820,117,dublin,HANOVER QUAY EAST,Hanover Quay East,False,False,OPEN,2024-12-28 01:24:49,True,False,,,53.343653,-6.231755,40,5,35,1,4,0,4,40,5,35,1,4,0,4
3821,8,dublin,CUSTOM HOUSE QUAY,Custom House Quay,False,False,OPEN,2024-12-28 01:20:33,True,False,,,53.347884,-6.248048,30,21,9,14,7,0,7,30,21,9,14,7,0,7
3822,27,dublin,MOLESWORTH STREET,Molesworth Street,False,False,OPEN,2024-12-28 01:20:20,True,False,,,53.341288,-6.258117,20,5,15,2,3,0,3,20,5,15,2,3,0,3
3823,16,dublin,GEORGES QUAY,Georges Quay,False,False,OPEN,2024-12-28 01:25:58,True,False,,,53.347508,-6.252192,20,17,3,9,8,0,8,20,17,3,9,8,0,8
3824,96,dublin,KILMAINHAM LANE,Kilmainham Lane,False,False,OPEN,2024-12-28 01:17:48,True,False,,,53.341805,-6.305085,30,4,26,4,0,0,0,30,4,26,4,0,0,0
3825,82,dublin,MOUNT BROWN,Mount Brown,False,False,OPEN,2024-12-28 01:18:19,True,False,,,53.341645,-6.29719,22,11,11,2,9,0,9,22,11,11,2,9,0,9
3826,76,dublin,MARKET STREET SOUTH,Market Street South,False,False,OPEN,2024-12-28 01:26:19,True,False,,,53.342296,-6.287661,38,2,36,0,2,0,2,38,2,36,0,2,0,2
3827,71,dublin,KEVIN STREET,Kevin Street,False,False,OPEN,2024-12-28 01:18:13,True,False,,,53.337757,-6.267699,40,13,27,5,8,0,8,40,13,27,5,8,0,8
3828,79,dublin,ECCLES STREET EAST,Eccles Street East,False,False,OPEN,2024-12-28 01:20:10,True,False,,,53.358115,-6.265601,27,0,27,0,0,0,0,27,0,27,0,0,0,0
3829,69,dublin,GRAND CANAL DOCK,Grand Canal Dock,False,False,OPEN,2024-12-28 01:19:54,True,False,,,53.342638,-6.238695,40,36,4,23,13,0,13,40,36,4,23,13,0,13
3830,25,dublin,MERRION SQUARE EAST,Merrion Square East,False,False,OPEN,2024-12-28 01:21:24,True,False,,,53.339434,-6.246548,30,0,30,0,0,0,0,30,0,30,0,0,0,0
3831,51,dublin,YORK STREET WEST,York Street West,False,False,OPEN,2024-12-28 01:25:02,True,False,,,53.339334,-6.264699,40,0,0,0,0,0,0,40,0,0,0,0,0,0
3832,37,dublin,ST. STEPHEN'S GREEN SOUTH,St. Stephen's Green South,False,False,OPEN,2024-12-28 01:26:43,True,False,,,53.337494,-6.26199,30,17,13,10,7,0,7,30,17,13,10,7,0,7
3833,59,dublin,DENMARK STREET GREAT,Denmark Street Great,False,False,OPEN,2024-12-28 01:21:24,True,False,,,53.35561,-6.261397,20,2,18,1,1,0,1,20,2,18,1,1,0,1
3834,95,dublin,ROYAL HOSPITAL,Royal Hospital,False,False,OPEN,2024-12-28 01:21:39,True,False,,,53.343897,-6.29706,40,28,12,18,10,0,10,40,28,12,18,10,0,10
3835,94,dublin,HEUSTON STATION (CAR PARK),Heuston Station (Car Park),False,False,OPEN,2024-12-28 01:18:23,True,False,,,53.346985,-6.297804,40,10,30,10,0,0,0,40,10,30,10,0,0,0
3836,105,dublin,GRANGEGORMAN LOWER (NORTH),Grangegorman Lower (North),False,False,OPEN,2024-12-28 01:18:40,True,False,,,53.355954,-6.278378,36,3,33,2,1,0,1,36,3,33,2,1,0,1
3837,36,dublin,ST. STEPHEN'S GREEN EAST,St. Stephen's Green East,False,False,OPEN,2024-12-28 01:24:56,True,False,,,53.337824,-6.256035,40,15,25,7,8,0,8,40,15,25,7,8,0,8
3838,93,dublin,HEUSTON STATION (CENTRAL),Heuston Station (Central),False,False,OPEN,2024-12-28 01:17:02,True,False,,,53.346603,-6.296924,40,13,27,13,0,0,0,40,13,27,13,0,0,0
3839,22,dublin,TOWNSEND STREET,Townsend Street,False,False,OPEN,2024-12-28 01:17:15,True,False,,,53.345922,-6.254614,20,13,7,11,2,0,2,20,13,7,11,2,0,2
3840,50,dublin,GEORGES LANE,George's Lane,False,False,OPEN,2024-12-28 01:22:36,True,False,,,53.35023,-6.279696,40,11,29,10,1,0,1,40,11,29,10,1,0,1
3841,110,dublin,PHIBSBOROUGH ROAD,Phibsborough Road,False,False,OPEN,2024-12-28 01:19:35,True,False,,,53.356307,-6.273717,40,8,32,1,7,0,7,40,8,32,1,7,0,7
3842,12,dublin,ECCLES STREET,Eccles Street,False,False,OPEN,2024-12-28 01:26:31,True,False,,,53.359246,-6.269779,20,3,17,3,0,0,0,20,3,17,3,0,0,0
3843,34,dublin,PORTOBELLO HARBOUR,Portobello Harbour,False,False,OPEN,2024-12-28 01:17:02,True,False,,,53.330362,-6.265163,30,6,24,4,2,0,2,30,6,24,4,2,0,2
3844,78,dublin,MATER HOSPITAL,Mater Hospital,False,False,OPEN,2024-12-28 01:19:57,True,False,,,53.359967,-6.264828,40,1,39,1,0,0,0,40,1,39,1,0,0,0
3845,2,dublin,BLESSINGTON STREET,Blessington Street,False,False,OPEN,2024-12-28 01:20:05,True,False,,,53.356769,-6.26814,20,5,15,3,2,0,2,20,5,15,3,2,0,2
3846,75,dublin,JAMES STREET,James Street,False,False,OPEN,2024-12-28 01:23:00,True,False,,,53.343456,-6.287409,40,3,37,2,1,0,1,40,3,37,2,1,0,1
3847,111,dublin,MOUNTJOY SQUARE EAST,Mountjoy Square East,False,False,OPEN,2024-12-28 01:24:24,True,False,,,53.356717,-6.256359,40,0,40,0,0,0,0,40,0,40,0,0,0,0
3848,26,dublin,MERRION SQUARE WEST,Merrion Square West,False,False,OPEN,2024-12-28 01:25:22,True,False,,,53.339764,-6.251988,20,12,8,4,8,0,8,20,12,8,4,8,0,8
3849,65,dublin,CONVENTION CENTRE,Convention Centre,False,False,OPEN,2024-12-28 01:18:57,True,False,,,53.34744,-6.238523,40,12,28,10,2,0,2,40,12,28,10,2,0,2
3850,15,dublin,HARDWICKE STREET,Hardwicke Street,False,False,OPEN,2024-12-28 01:19:06,True,False,,,53.355473,-6.264423,16,4,12,3,1,0,1,16,4,12,3,1,0,1
3851,86,dublin,PARKGATE STREET,Parkgate Street,False,False,OPEN,2024-12-28 01:25:29,True,False,,,53.347972,-6.291804,38,33,5,3,30,0,30,38,33,5,3,30,0,30
3852,35,dublin,SMITHFIELD,Smithfield,False,False,OPEN,2024-12-28 01:20:16,True,False,,,53.347692,-6.278214,30,9,21,5,4,0,4,30,9,21,5,4,0,4
3853,10,dublin,DAME STREET,Dame Street,False,False,OPEN,2024-12-28 01:20:24,True,False,,,53.344007,-6.266802,16,14,2,10,4,0,4,16,14,2,10,4,0,4
3854,100,dublin,HEUSTON BRIDGE (SOUTH),Heuston Bridge (South),False,False,OPEN,2024-12-28 01:16:01,False,False,,,53.347106,-6.292041,25,15,10,8,7,0,7,25,15,10,8,7,0,7
3855,24,dublin,CATHAL BRUGHA STREET,Cathal Brugha Street,False,False,OPEN,2024-12-28 01:22:16,True,False,,,53.352149,-6.260533,20,12,8,11,1,0,1,20,12,8,11,1,0,1
3856,64,dublin,SANDWITH STREET,Sandwith Street,False,False,OPEN,2024-12-28 01:21:18,True,False,,,53.345203,-6.247163,40,23,17,19,4,0,4,40,23,17,19,4,0,4
3857,109,dublin,BUCKINGHAM STREET LOWER,Buckingham Street Lower,False,False,OPEN,2024-12-28 01:17:22,True,False,,,53.353331,-6.249319,29,13,16,4,9,0,9,29,13,16,4,9,0,9
3858,85,dublin,ROTHE ABBEY,Rothe Abbey,False,False,OPEN,2024-12-28 01:20:06,True,False,,,53.338776,-6.30395,35,30,5,16,14,0,14,35,30,5,16,14,0,14
3859,107,dublin,CHARLEVILLE ROAD,Charleville Road,False,False,OPEN,2024-12-28 01:26:44,True,False,,,53.359157,-6.281866,40,17,23,10,7,0,7,40,17,23,10,7,0,7
3860,33,dublin,PRINCES STREET / O'CONNELL STREET,Princes Street / O'Connell Street,False,False,OPEN,2024-12-28 01:21:06,True,False,,,53.349013,-6.260311,23,15,8,6,9,0,9,23,15,8,6,9,0,9
3861,44,dublin,UPPER SHERRARD STREET,Upper Sherrard Street,False,False,OPEN,2024-12-28 01:18:04,True,False,,,53.358437,-6.260641,30,8,22,7,1,0,1,30,8,22,7,1,0,1
3862,89,dublin,FITZWILLIAM SQUARE EAST,Fitzwilliam Square East,False,False,OPEN,2024-12-28 01:20:21,True,False,,,53.335211,-6.2509,40,23,17,12,11,0,11,40,23,17,12,11,0,11
3863,57,dublin,GRATTAN STREET,Grattan Street,False,False,OPEN,2024-12-28 01:24:57,True,False,,,53.339629,-6.243778,23,6,17,4,2,0,2,23,6,17,4,2,0,2
3864,80,dublin,ST JAMES HOSPITAL (LUAS),St James Hospital (Luas),False,False,OPEN,2024-12-28 01:18:29,True,False,,,53.341359,-6.292951,40,2,38,2,0,0,0,40,2,38,2,0,0,0
3865,41,dublin,HARCOURT TERRACE,Harcourt Terrace,False,False,OPEN,2024-12-28 01:25:42,True,False,,,53.332763,-6.257942,20,2,18,1,1,0,1,20,2,18,1,1,0,1
3866,3,dublin,BOLTON STREET,Bolton Street,False,False,OPEN,2024-12-28 01:17:57,True,False,,,53.351182,-6.269859,20,9,11,8,1,0,1,20,9,11,8,1,0,1
3867,40,dublin,JERVIS STREET,Jervis Street,False,False,OPEN,2024-12-28 01:22:58,True,False,,,53.3483,-6.266651,21,9,12,5,4,0,4,21,9,12,5,4,0,4
3868,29,dublin,ORMOND QUAY UPPER,Ormond Quay Upper,False,False,OPEN,2024-12-28 01:20:14,True,False,,,53.346057,-6.268001,29,28,1,15,13,0,13,29,28,1,15,13,0,13
3869,103,dublin,GRANGEGORMAN LOWER (SOUTH),Grangegorman Lower (South),False,False,OPEN,2024-12-28 01:25:39,True,False,,,53.354663,-6.278681,40,0,40,0,0,0,0,40,0,40,0,0,0,0
3870,28,dublin,MOUNTJOY SQUARE WEST,Mountjoy Square West,False,False,OPEN,2024-12-28 01:23:32,True,False,,,53.356299,-6.258586,30,0,30,0,0,0,0,30,0,30,0,0,0,0
3871,39,dublin,WILTON TERRACE,Wilton Terrace,False,False,OPEN,2024-12-28 01:18:47,True,False,,,53.332383,-6.252717,20,2,18,0,2,0,2,20,2,18,0,2,0,2
3872,83,dublin,EMMET ROAD,Emmet Road,False,False,OPEN,2024-12-28 01:17:37,True,False,,,53.340714,-6.308191,40,13,26,11,2,0,2,40,13,26,11,2,0,2
3873,92,dublin,HEUSTON BRIDGE (NORTH),Heuston Bridge (North),False,False,OPEN,2024-12-28 01:17:01,True,False,,,53.347802,-6.292432,40,39,1,29,10,0,10,40,39,1,29,10,0,10
3874,21,dublin,LEINSTER STREET SOUTH,Leinster Street South,False,False,OPEN,2024-12-28 01:19:24,True,False,,,53.34218,-6.254485,30,2,28,2,0,0,0,30,2,28,2,0,0,0
3875,88,dublin,BLACKHALL PLACE,Blackhall Place,False,False,OPEN,2024-12-28 01:20:03,True,False,,,53.3488,-6.281637,30,4,26,2,2,0,2,30,4,26,2,2,0,2
3876,42,dublin,SMITHFIELD NORTH,Smithfield North,False,False,OPEN,2024-12-28 01:46:36,True,False,,,53.349562,-6.278198,30,7,23,4,3,0,3,30,7,23,4,3,0,3
3877,30,dublin,PARNELL SQUARE NORTH,Parnell Square North,False,False,OPEN,2024-12-28 01:42:35,True,False,,,53.3537415547453,-6.26530144781526,20,6,14,4,2,0,2,20,6,14,4,2,0,2
3878,54,dublin,CLONMEL STREET,Clonmel Street,False,False,OPEN,2024-12-28 01:40:24,True,False,,,53.336021,-6.26298,33,13,20,3,10,0,10,33,13,20,3,10,0,10
3879,108,dublin,AVONDALE ROAD,Avondale Road,False,False,OPEN,2024-12-28 01:39:19,True,False,,,53.359405,-6.276142,35,19,16,12,7,0,7,35,19,16,12,7,0,7
3880,20,dublin,JAMES STREET EAST,James Street East,False,False,OPEN,2024-12-28 01:39:53,True,False,,,53.336597,-6.248109,30,2,28,2,0,0,0,30,2,28,2,0,0,0
3881,56,dublin,MOUNT STREET LOWER,Mount Street Lower,False,False,OPEN,2024-12-28 01:45:15,True,False,,,53.33796,-6.24153,40,24,16,12,12,0,12,40,24,16,12,12,0,12
3882,6,dublin,CHRISTCHURCH PLACE,Christchurch Place,False,False,OPEN,2024-12-28 01:46:30,True,False,,,53.343368,-6.27012,20,6,14,2,4,0,4,20,6,14,2,4,0,4
3883,18,dublin,GRANTHAM STREET,Grantham Street,False,False,OPEN,2024-12-28 01:38:31,True,False,,,53.334123,-6.265436,30,12,18,4,8,0,8,30,12,18,4,8,0,8
3884,32,dublin,PEARSE STREET,Pearse Street,False,False,OPEN,2024-12-28 01:39:43,True,False,,,53.344304,-6.250427,30,21,9,16,5,0,5,30,21,9,16,5,0,5
3885,52,dublin,YORK STREET EAST,York Street East,False,False,OPEN,2024-12-28 01:39:37,True,False,,,53.338755,-6.262003,32,27,5,16,11,0,11,32,27,5,16,11,0,11
3886,48,dublin,EXCISE WALK,Excise Walk,False,False,OPEN,2024-12-28 01:40:38,True,False,,,53.347777,-6.244239,40,0,40,0,0,0,0,40,0,40,0,0,0,0
3887,13,dublin,FITZWILLIAM SQUARE WEST,Fitzwilliam Square West,False,False,OPEN,2024-12-28 01:40:35,True,False,,,53.336074,-6.252825,30,27,3,11,16,0,16,30,27,3,11,16,0,16
3888,43,dublin,PORTOBELLO ROAD,Portobello Road,False,False,OPEN,2024-12-28 01:40:30,True,False,,,53.330091,-6.268044,30,9,21,6,3,0,3,30,9,21,6,3,0,3
3889,31,dublin,PARNELL STREET,Parnell Street,False,False,OPEN,2024-12-28 01:45:10,True,False,,,53.350929,-6.265125,20,14,6,9,5,0,5,20,14,6,9,5,0,5
3890,98,dublin,FREDERICK STREET SOUTH,Frederick Street South,False,False,OPEN,2024-12-28 01:37:09,True,False,,,53.341515,-6.256853,40,19,21,9,10,0,10,40,19,21,9,10,0,10
3891,14,dublin,FOWNES STREET UPPER,Fownes Street Upper,False,False,OPEN,2024-12-28 01:40:03,True,False,,,53.344603,-6.263371,30,28,2,16,12,0,12,30,28,2,16,12,0,12
3892,1,dublin,CLARENDON ROW,Clarendon Row,False,False,OPEN,2024-12-28 01:39:12,True,False,,,53.340927,-6.262501,31,18,13,13,5,0,5,31,18,13,13,5,0,5
3893,23,dublin,CUSTOM HOUSE,Custom House,False,False,OPEN,2024-12-28 01:38:04,True,False,,,53.348279,-6.254662,30,17,13,8,9,0,9,30,17,13,8,9,0,9
3894,106,dublin,RATHDOWN ROAD,Rathdown Road,False,False,OPEN,2024-12-28 01:45:07,True,False,,,53.35893,-6.280337,40,0,40,0,0,0,0,40,0,40,0,0,0,0
3895,112,dublin,NORTH CIRCULAR ROAD (O'CONNELL'S),North Circular Road (O'Connell's),False,False,OPEN,2024-12-28 01:46:52,True,False,,,53.357841,-6.251557,30,11,19,9,2,0,2,30,11,19,9,2,0,2
3896,68,dublin,HANOVER QUAY,Hanover Quay,False,False,OPEN,2024-12-28 01:38:40,True,False,,,53.344115,-6.237153,40,26,14,17,9,0,9,40,26,14,17,9,0,9
3897,74,dublin,OLIVER BOND STREET,Oliver Bond Street,False,False,OPEN,2024-12-28 01:38:44,True,False,,,53.343893,-6.280531,30,23,7,17,6,0,6,30,23,7,17,6,0,6
3898,87,dublin,COLLINS BARRACKS MUSEUM,Collins Barracks Museum,False,False,OPEN,2024-12-28 01:37:03,True,False,,,53.347477,-6.28525,38,21,17,12,9,0,9,38,21,17,12,9,0,9
3899,84,dublin,BROOKFIELD ROAD,Brookfield Road,False,False,OPEN,2024-12-28 01:38:04,True,False,,,53.339005,-6.300217,30,14,16,8,6,0,6,30,14,16,8,6,0,6
3900,90,dublin,BENSON STREET,Benson Street,False,False,OPEN,2024-12-28 01:40:32,True,False,,,53.344153,-6.233451,40,7,33,5,2,0,2,40,7,33,5,2,0,2
3901,11,dublin,EARLSFORT TERRACE,Earlsfort Terrace,False,False,OPEN,2024-12-28 01:37:44,True,False,,,53.334295,-6.258503,30,17,13,13,4,0,4,30,17,13,13,4,0,4
3902,17,dublin,GOLDEN LANE,Golden Lane,False,False,OPEN,2024-12-28 01:37:08,True,False,,,53.340803,-6.267732,20,13,7,5,8,0,8,20,13,7,5,8,0,8
3903,45,dublin,DEVERELL PLACE,Deverell Place,False,False,OPEN,2024-12-28 01:40:20,True,False,,,53.351464,-6.255265,30,13,17,6,7,0,7,30,13,17,6,7,0,7
3904,114,dublin,WILTON TERRACE (PARK),Wilton Terrace (Park),False,False,OPEN,2024-12-28 01:38:02,True,False,,,53.333653,-6.248345,40,1,39,0,1,0,1,40,1,39,0,1,0,1
3905,72,dublin,JOHN STREET WEST,John Street West,False,False,OPEN,2024-12-28 01:39:30,True,False,,,53.343105,-6.277167,31,1,30,1,0,0,0,31,1,30,1,0,0,0
3906,63,dublin,FENIAN STREET,Fenian Street,False,False,OPEN,2024-12-28 01:37:43,True,False,,,53.341428,-6.24672,35,20,15,10,10,0,10,35,20,15,10,10,0,10
3907,113,dublin,MERRION SQUARE SOUTH,Merrion Square South,False,False,OPEN,2024-12-28 01:40:59,True,False,,,53.338614,-6.248606,40,6,23,5,1,0,1,40,6,23,5,1,0,1
3908,91,dublin,SOUTH DOCK ROAD,South Dock Road,False,False,OPEN,2024-12-28 01:46:15,True,False,,,53.341833,-6.231291,30,30,0,19,11,0,11,30,30,0,19,11,0,11
3909,99,dublin,CITY QUAY,City Quay,False,False,OPEN,2024-12-28 01:42:23,True,False,,,53.346637,-6.246154,30,18,12,9,9,0,9,30,18,12,9,9,0,9
3910,9,dublin,EXCHEQUER STREET,Exchequer Street,False,False,OPEN,2024-12-28 01:42:54,True,False,,,53.343034,-6.263578,24,13,11,3,10,0,10,24,13,11,3,10,0,10
3911,67,dublin,THE POINT,The Point,False,False,OPEN,2024-12-28 01:37:25,True,False,,,53.346867,-6.230852,40,19,21,10,9,0,9,40,19,21,10,9,0,9
3912,116,dublin,BROADSTONE,Broadstone,False,False,OPEN,2024-12-28 01:45:59,True,False,,,53.3547,-6.272314,30,17,13,6,11,0,11,30,17,13,6,11,0,11
3913,55,dublin,HATCH STREET,Hatch Street,False,False,OPEN,2024-12-28 01:41:40,True,False,,,53.33403,-6.260714,36,15,20,9,6,0,6,36,15,20,9,6,0,6
3914,62,dublin,LIME STREET,Lime Street,False,False,OPEN,2024-12-28 01:37:14,True,False,,,53.346026,-6.243576,40,16,24,5,11,0,11,40,16,24,5,11,0,11
3915,5,dublin,CHARLEMONT PLACE,Charlemont Street,False,False,OPEN,2024-12-28 01:41:13,True,False,,,53.330662,-6.260177,40,13,27,10,3,0,3,40,13,27,10,3,0,3
3916,97,dublin,KILMAINHAM GAOL,Kilmainham Gaol,False,False,OPEN,2024-12-28 01:46:12,True,False,,,53.342113,-6.310015,40,8,32,5,3,0,3,40,8,32,5,3,0,3
3917,61,dublin,HARDWICKE PLACE,Hardwicke Place,False,False,OPEN,2024-12-28 01:44:07,True,False,,,53.357043,-6.263232,25,0,25,0,0,0,0,25,0,25,0,0,0,0
3918,77,dublin,WOLFE TONE STREET,Wolfe Tone Street,False,False,OPEN,2024-12-28 01:41:03,True,False,,,53.348875,-6.267459,29,24,5,14,10,0,10,29,24,5,14,10,0,10
3919,73,dublin,FRANCIS STREET,Francis Street,False,False,OPEN,2024-12-28 01:38:46,True,False,,,53.342081,-6.275233,30,8,22,7,1,0,1,30,8,22,7,1,0,1
3920,4,dublin,GREEK STREET,Greek Street,False,False,OPEN,2024-12-28 01:41:33,True,False,,,53.346874,-6.272976,20,12,8,2,10,0,10,20,12,8,2,10,0,10
3921,49,dublin,GUILD STREET,Guild Street,False,False,OPEN,2024-12-28 01:40:05,True,False,,,53.347932,-6.240928,40,35,5,24,11,0,11,40,35,5,24,11,0,11
3922,19,dublin,HERBERT PLACE,Herbert Place,False,False,OPEN,2024-12-28 01:41:19,True,False,,,53.334432,-6.245575,30,6,24,4,2,0,2,30,6,24,4,2,0,2
3923,7,dublin,HIGH STREET,High Street,False,False,OPEN,2024-12-28 01:46:48,True,False,,,53.343565,-6.275071,29,0,29,0,0,0,0,29,0,29,0,0,0,0
3924,60,dublin,NORTH CIRCULAR ROAD,North Circular Road,False,False,OPEN,2024-12-28 01:39:43,True,False,,,53.359624,-6.260348,30,9,21,7,2,0,2,30,9,21,7,2,0,2
3925,102,dublin,WESTERN WAY,Western Way,False,False,OPEN,2024-12-28 01:39:23,True,False,,,53.354929,-6.269425,40,13,27,11,2,0,2,40,13,27,11,2,0,2
3926,38,dublin,TALBOT STREET,Talbot Street,False,False,OPEN,2024-12-28 01:38:20,True,False,,,53.350974,-6.25294,40,22,18,17,5,0,5,40,22,18,17,5,0,5
3927,53,dublin,NEWMAN HOUSE,Newman House,False,False,OPEN,2024-12-28 01:39:24,True,False,,,53.337132,-6.26059,40,11,29,11,0,0,0,40,11,29,11,0,0,0
3928,58,dublin,SIR PATRICK DUN'S,Sir Patrick's Dun,False,False,OPEN,2024-12-28 01:37:40,True,False,,,53.339218,-6.240642,40,35,5,28,7,0,7,40,35,5,28,7,0,7
3929,66,dublin,NEW CENTRAL BANK,New Central Bank,False,False,OPEN,2024-12-28 01:39:34,True,False,,,53.347122,-6.234749,40,5,35,1,4,0,4,40,5,35,1,4,0,4
3930,104,dublin,GRANGEGORMAN LOWER (CENTRAL),Grangegorman Lower (Central),False,False,OPEN,2024-12-28 01:40:51,True,False,,,53.355173,-6.278424,40,1,39,1,0,0,0,40,1,39,1,0,0,0
3931,101,dublin,KING STREET NORTH,King Street North,False,False,OPEN,2024-12-28 01:39:16,True,False,,,53.350291,-6.273507,30,13,17,8,5,0,5,30,13,17,8,5,0,5
3932,115,dublin,KILLARNEY STREET,Killarney Street,False,False,OPEN,2024-12-28 01:41:13,True,False,,,53.354845,-6.247579,30,27,3,19,8,0,8,30,27,3,19,8,0,8
3933,47,dublin,HERBERT STREET,Herbert Street,False,False,OPEN,2024-12-28 01:38:28,True,False,,,53.335742,-6.24551,40,4,36,2,2,0,2,40,4,36,2,2,0,2
3934,117,dublin,HANOVER QUAY EAST,Hanover Quay East,False,False,OPEN,2024-12-28 01:44:56,True,False,,,53.343653,-6.231755,40,5,35,1,4,0,4,40,5,35,1,4,0,4
3935,8,dublin,CUSTOM HOUSE QUAY,Custom House Quay,False,False,OPEN,2024-12-28 01:40:44,True,False,,,53.347884,-6.248048,30,21,9,14,7,0,7,30,21,9,14,7,0,7
3936,27,dublin,MOLESWORTH STREET,Molesworth Street,False,False,OPEN,2024-12-28 01:40:31,True,False,,,53.341288,-6.258117,20,5,15,2,3,0,3,20,5,15,2,3,0,3
3937,16,dublin,GEORGES QUAY,Georges Quay,False,False,OPEN,2024-12-28 01:46:08,True,False,,,53.347508,-6.252192,20,17,3,9,8,0,8,20,17,3,9,8,0,8
3938,96,dublin,KILMAINHAM LANE,Kilmainham Lane,False,False,OPEN,2024-12-28 01:37:58,True,False,,,53.341805,-6.305085,30,4,26,4,0,0,0,30,4,26,4,0,0,0
3939,82,dublin,MOUNT BROWN,Mount Brown,False,False,OPEN,2024-12-28 01:38:27,True,False,,,53.341645,-6.29719,22,11,11,2,9,0,9,22,11,11,2,9,0,9
3940,76,dublin,MARKET STREET SOUTH,Market Street South,False,False,OPEN,2024-12-28 01:46:27,True,False,,,53.342296,-6.287661,38,2,36,0,2,0,2,38,2,36,0,2,0,2
3941,71,dublin,KEVIN STREET,Kevin Street,False,False,OPEN,2024-12-28 01:38:24,True,False,,,53.337757,-6.267699,40,13,27,5,8,0,8,40,13,27,5,8,0,8
3942,79,dublin,ECCLES STREET EAST,Eccles Street East,False,False,OPEN,2024-12-28 01:40:21,True,False,,,53.358115,-6.265601,27,0,27,0,0,0,0,27,0,27,0,0,0,0
3943,69,dublin,GRAND CANAL DOCK,Grand Canal Dock,False,False,OPEN,2024-12-28 01:40:02,True,False,,,53.342638,-6.238695,40,36,4,23,13,0,13,40,36,4,23,13,0,13
3944,25,dublin,MERRION SQUARE EAST,Merrion Square East,False,False,OPEN,2024-12-28 01:41:34,True,False,,,53.339434,-6.246548,30,0,30,0,0,0,0,30,0,30,0,0,0,0
3945,51,dublin,YORK STREET WEST,York Street West,False,False,OPEN,2024-12-28 01:45:09,True,False,,,53.339334,-6.264699,40,0,0,0,0,0,0,40,0,0,0,0,0,0
3946,37,dublin,ST. STEPHEN'S GREEN SOUTH,St. Stephen's Green South,False,False,OPEN,2024-12-28 01:46:50,True,False,,,53.337494,-6.26199,30,17,13,10,7,0,7,30,17,13,10,7,0,7
3947,59,dublin,DENMARK STREET GREAT,Denmark Street Great,False,False,OPEN,2024-12-28 01:41:33,True,False,,,53.35561,-6.261397,20,2,18,1,1,0,1,20,2,18,1,1,0,1
3948,95,dublin,ROYAL HOSPITAL,Royal Hospital,False,False,OPEN,2024-12-28 01:41:49,True,False,,,53.343897,-6.29706,40,28,12,18,10,0,10,40,28,12,18,10,0,10
3949,94,dublin,HEUSTON STATION (CAR PARK),Heuston Station (Car Park),False,False,OPEN,2024-12-28 01:38:31,True,False,,,53.346985,-6.297804,40,10,30,10,0,0,0,40,10,30,10,0,0,0
3950,105,dublin,GRANGEGORMAN LOWER (NORTH),Grangegorman Lower (North),False,False,OPEN,2024-12-28 01:38:46,True,False,,,53.355954,-6.278378,36,3,33,2,1,0,1,36,3,33,2,1,0,1
3951,36,dublin,ST. STEPHEN'S GREEN EAST,St. Stephen's Green East,False,False,OPEN,2024-12-28 01:45:03,True,False,,,53.337824,-6.256035,40,15,25,7,8,0,8,40,15,25,7,8,0,8
3952,93,dublin,HEUSTON STATION (CENTRAL),Heuston Station (Central),False,False,OPEN,2024-12-28 01:37:11,True,False,,,53.346603,-6.296924,40,13,27,13,0,0,0,40,13,27,13,0,0,0
3953,22,dublin,TOWNSEND STREET,Townsend Street,False,False,OPEN,2024-12-28 01:37:23,True,False,,,53.345922,-6.254614,20,13,7,11,2,0,2,20,13,7,11,2,0,2
3954,50,dublin,GEORGES LANE,George's Lane,False,False,OPEN,2024-12-28 01:42:46,True,False,,,53.35023,-6.279696,40,11,29,10,1,0,1,40,11,29,10,1,0,1
3955,110,dublin,PHIBSBOROUGH ROAD,Phibsborough Road,False,False,OPEN,2024-12-28 01:39:43,True,False,,,53.356307,-6.273717,40,8,32,1,7,0,7,40,8,32,1,7,0,7
3956,12,dublin,ECCLES STREET,Eccles Street,False,False,OPEN,2024-12-28 01:46:38,True,False,,,53.359246,-6.269779,20,3,17,3,0,0,0,20,3,17,3,0,0,0
3957,34,dublin,PORTOBELLO HARBOUR,Portobello Harbour,False,False,OPEN,2024-12-28 01:37:09,True,False,,,53.330362,-6.265163,30,6,24,4,2,0,2,30,6,24,4,2,0,2
3958,78,dublin,MATER HOSPITAL,Mater Hospital,False,False,OPEN,2024-12-28 01:40:07,True,False,,,53.359967,-6.264828,40,1,39,1,0,0,0,40,1,39,1,0,0,0
3959,2,dublin,BLESSINGTON STREET,Blessington Street,False,False,OPEN,2024-12-28 01:40:13,True,False,,,53.356769,-6.26814,20,5,15,3,2,0,2,20,5,15,3,2,0,2
3960,75,dublin,JAMES STREET,James Street,False,False,OPEN,2024-12-28 01:43:12,True,False,,,53.343456,-6.287409,40,3,37,2,1,0,1,40,3,37,2,1,0,1
3961,111,dublin,MOUNTJOY SQUARE EAST,Mountjoy Square East,False,False,OPEN,2024-12-28 01:44:31,True,False,,,53.356717,-6.256359,40,0,40,0,0,0,0,40,0,40,0,0,0,0
3962,26,dublin,MERRION SQUARE WEST,Merrion Square West,False,False,OPEN,2024-12-28 01:45:31,True,False,,,53.339764,-6.251988,20,12,8,4,8,0,8,20,12,8,4,8,0,8
3963,65,dublin,CONVENTION CENTRE,Convention Centre,False,False,OPEN,2024-12-28 01:39:08,True,False,,,53.34744,-6.238523,40,12,28,10,2,0,2,40,12,28,10,2,0,2
3964,15,dublin,HARDWICKE STREET,Hardwicke Street,False,False,OPEN,2024-12-28 01:39:14,True,False,,,53.355473,-6.264423,16,4,12,3,1,0,1,16,4,12,3,1,0,1
3965,86,dublin,PARKGATE STREET,Parkgate Street,False,False,OPEN,2024-12-28 01:45:36,True,False,,,53.347972,-6.291804,38,33,5,3,30,0,30,38,33,5,3,30,0,30
3966,35,dublin,SMITHFIELD,Smithfield,False,False,OPEN,2024-12-28 01:40:24,True,False,,,53.347692,-6.278214,30,9,21,5,4,0,4,30,9,21,5,4,0,4
3967,10,dublin,DAME STREET,Dame Street,False,False,OPEN,2024-12-28 01:40:34,True,False,,,53.344007,-6.266802,16,14,2,10,4,0,4,16,14,2,10,4,0,4
3968,100,dublin,HEUSTON BRIDGE (SOUTH),Heuston Bridge (South),False,False,OPEN,2024-12-28 01:37:55,True,False,,,53.347106,-6.292041,25,15,10,8,7,0,7,25,15,10,8,7,0,7
3969,24,dublin,CATHAL BRUGHA STREET,Cathal Brugha Street,False,False,OPEN,2024-12-28 01:42:27,True,False,,,53.352149,-6.260533,20,12,8,11,1,0,1,20,12,8,11,1,0,1
3970,64,dublin,SANDWITH STREET,Sandwith Street,False,False,OPEN,2024-12-28 01:41:29,True,False,,,53.345203,-6.247163,40,23,17,19,4,0,4,40,23,17,19,4,0,4
3971,109,dublin,BUCKINGHAM STREET LOWER,Buckingham Street Lower,False,False,OPEN,2024-12-28 01:37:29,True,False,,,53.353331,-6.249319,29,13,16,4,9,0,9,29,13,16,4,9,0,9
3972,85,dublin,ROTHE ABBEY,Rothe Abbey,False,False,OPEN,2024-12-28 01:44:56,True,False,,,53.338776,-6.30395,35,30,5,16,14,0,14,35,30,5,16,14,0,14
3973,107,dublin,CHARLEVILLE ROAD,Charleville Road,False,False,OPEN,2024-12-28 01:38:43,True,False,,,53.359157,-6.281866,40,17,23,10,7,0,7,40,17,23,10,7,0,7
3974,33,dublin,PRINCES STREET / O'CONNELL STREET,Princes Street / O'Connell Street,False,False,OPEN,2024-12-28 01:41:17,True,False,,,53.349013,-6.260311,23,15,8,6,9,0,9,23,15,8,6,9,0,9
3975,44,dublin,UPPER SHERRARD STREET,Upper Sherrard Street,False,False,OPEN,2024-12-28 01:38:13,True,False,,,53.358437,-6.260641,30,8,22,7,1,0,1,30,8,22,7,1,0,1
3976,89,dublin,FITZWILLIAM SQUARE EAST,Fitzwilliam Square East,False,False,OPEN,2024-12-28 01:40:32,True,False,,,53.335211,-6.2509,40,23,17,12,11,0,11,40,23,17,12,11,0,11
3977,57,dublin,GRATTAN STREET,Grattan Street,False,False,OPEN,2024-12-28 01:45:04,True,False,,,53.339629,-6.243778,23,6,17,4,2,0,2,23,6,17,4,2,0,2
3978,80,dublin,ST JAMES HOSPITAL (LUAS),St James Hospital (Luas),False,False,OPEN,2024-12-28 01:38:36,True,False,,,53.341359,-6.292951,40,2,38,2,0,0,0,40,2,38,2,0,0,0
3979,41,dublin,HARCOURT TERRACE,Harcourt Terrace,False,False,OPEN,2024-12-28 01:45:50,True,False,,,53.332763,-6.257942,20,2,18,1,1,0,1,20,2,18,1,1,0,1
3980,3,dublin,BOLTON STREET,Bolton Street,False,False,OPEN,2024-12-28 01:38:05,True,False,,,53.351182,-6.269859,20,9,11,8,1,0,1,20,9,11,8,1,0,1
3981,40,dublin,JERVIS STREET,Jervis Street,False,False,OPEN,2024-12-28 01:43:10,True,False,,,53.3483,-6.266651,21,9,12,5,4,0,4,21,9,12,5,4,0,4
3982,29,dublin,ORMOND QUAY UPPER,Ormond Quay Upper,False,False,OPEN,2024-12-28 01:40:22,True,False,,,53.346057,-6.268001,29,28,1,15,13,0,13,29,28,1,15,13,0,13
3983,103,dublin,GRANGEGORMAN LOWER (SOUTH),Grangegorman Lower (South),False,False,OPEN,2024-12-28 01:45:47,True,False,,,53.354663,-6.278681,40,0,40,0,0,0,0,40,0,40,0,0,0,0
3984,28,dublin,MOUNTJOY SQUARE WEST,Mountjoy Square West,False,False,OPEN,2024-12-28 01:43:43,True,False,,,53.356299,-6.258586,30,0,30,0,0,0,0,30,0,30,0,0,0,0
3985,39,dublin,WILTON TERRACE,Wilton Terrace,False,False,OPEN,2024-12-28 01:38:56,True,False,,,53.332383,-6.252717,20,2,18,0,2,0,2,20,2,18,0,2,0,2
3986,83,dublin,EMMET ROAD,Emmet Road,False,False,OPEN,2024-12-28 01:37:45,True,False,,,53.340714,-6.308191,40,13,26,11,2,0,2,40,13,26,11,2,0,2
3987,92,dublin,HEUSTON BRIDGE (NORTH),Heuston Bridge (North),False,False,OPEN,2024-12-28 01:37:09,True,False,,,53.347802,-6.292432,40,39,1,29,10,0,10,40,39,1,29,10,0,10
3988,21,dublin,LEINSTER STREET SOUTH,Leinster Street South,False,False,OPEN,2024-12-28 01:39:35,True,False,,,53.34218,-6.254485,30,2,28,2,0,0,0,30,2,28,2,0,0,0
3989,88,dublin,BLACKHALL PLACE,Blackhall Place,False,False,OPEN,2024-12-28 01:40:14,True,False,,,53.3488,-6.281637,30,4,26,2,2,0,2,30,4,26,2,2,0,2
3990,42,dublin,SMITHFIELD NORTH,Smithfield North,False,False,OPEN,2024-12-28 02:06:44,True,False,,,53.349562,-6.278198,30,7,23,4,3,0,3,30,7,23,4,3,0,3
3991,30,dublin,PARNELL SQUARE NORTH,Parnell Square North,False,False,OPEN,2024-12-28 02:02:46,True,False,,,53.3537415547453,-6.26530144781526,20,6,14,4,2,0,2,20,6,14,4,2,0,2
3992,54,dublin,CLONMEL STREET,Clonmel Street,False,False,OPEN,2024-12-28 02:00:57,True,False,,,53.336021,-6.26298,33,13,20,3,10,0,10,33,13,20,3,10,0,10
3993,108,dublin,AVONDALE ROAD,Avondale Road,False,False,OPEN,2024-12-28 01:59:29,True,False,,,53.359405,-6.276142,35,19,16,12,7,0,7,35,19,16,12,7,0,7
3994,20,dublin,JAMES STREET EAST,James Street East,False,False,OPEN,2024-12-28 02:00:01,True,False,,,53.336597,-6.248109,30,2,28,2,0,0,0,30,2,28,2,0,0,0
3995,56,dublin,MOUNT STREET LOWER,Mount Street Lower,False,False,OPEN,2024-12-28 02:05:23,True,False,,,53.33796,-6.24153,40,24,16,12,12,0,12,40,24,16,12,12,0,12
3996,6,dublin,CHRISTCHURCH PLACE,Christchurch Place,False,False,OPEN,2024-12-28 02:06:39,True,False,,,53.343368,-6.27012,20,6,14,2,4,0,4,20,6,14,2,4,0,4
3997,18,dublin,GRANTHAM STREET,Grantham Street,False,False,OPEN,2024-12-28 01:58:40,True,False,,,53.334123,-6.265436,30,12,18,4,8,0,8,30,12,18,4,8,0,8
3998,32,dublin,PEARSE STREET,Pearse Street,False,False,OPEN,2024-12-28 01:59:53,True,False,,,53.344304,-6.250427,30,21,9,16,5,0,5,30,21,9,16,5,0,5
3999,52,dublin,YORK STREET EAST,York Street East,False,False,OPEN,2024-12-28 01:59:48,True,False,,,53.338755,-6.262003,32,27,5,16,11,0,11,32,27,5,16,11,0,11
4000,48,dublin,EXCISE WALK,Excise Walk,False,False,OPEN,2024-12-28 02:00:47,True,False,,,53.347777,-6.244239,40,0,40,0,0,0,0,40,0,40,0,0,0,0
4001,13,dublin,FITZWILLIAM SQUARE WEST,Fitzwilliam Square West,False,False,OPEN,2024-12-28 01:57:35,True,False,,,53.336074,-6.252825,30,27,3,11,16,0,16,30,27,3,11,16,0,16
4002,43,dublin,PORTOBELLO ROAD,Portobello Road,False,False,OPEN,2024-12-28 02:00:41,True,False,,,53.330091,-6.268044,30,9,21,6,3,0,3,30,9,21,6,3,0,3
4003,31,dublin,PARNELL STREET,Parnell Street,False,False,OPEN,2024-12-28 02:05:17,True,False,,,53.350929,-6.265125,20,14,6,9,5,0,5,20,14,6,9,5,0,5
4004,98,dublin,FREDERICK STREET SOUTH,Frederick Street South,False,False,OPEN,2024-12-28 01:57:17,True,False,,,53.341515,-6.256853,40,19,21,9,10,0,10,40,19,21,9,10,0,10
4005,14,dublin,FOWNES STREET UPPER,Fownes Street Upper,False,False,OPEN,2024-12-28 02:00:10,True,False,,,53.344603,-6.263371,30,28,2,16,12,0,12,30,28,2,16,12,0,12
4006,1,dublin,CLARENDON ROW,Clarendon Row,False,False,OPEN,2024-12-28 01:59:23,True,False,,,53.340927,-6.262501,31,18,13,13,5,0,5,31,18,13,13,5,0,5
4007,23,dublin,CUSTOM HOUSE,Custom House,False,False,OPEN,2024-12-28 01:58:12,True,False,,,53.348279,-6.254662,30,17,13,8,9,0,9,30,17,13,8,9,0,9
4008,106,dublin,RATHDOWN ROAD,Rathdown Road,False,False,OPEN,2024-12-28 02:05:16,True,False,,,53.35893,-6.280337,40,0,40,0,0,0,0,40,0,40,0,0,0,0
4009,112,dublin,NORTH CIRCULAR ROAD (O'CONNELL'S),North Circular Road (O'Connell's),False,False,OPEN,2024-12-28 02:01:29,True,False,,,53.357841,-6.251557,30,11,19,9,2,0,2,30,11,19,9,2,0,2
4010,68,dublin,HANOVER QUAY,Hanover Quay,False,False,OPEN,2024-12-28 01:58:48,True,False,,,53.344115,-6.237153,40,26,14,17,9,0,9,40,26,14,17,9,0,9
4011,74,dublin,OLIVER BOND STREET,Oliver Bond Street,False,False,OPEN,2024-12-28 01:58:53,True,False,,,53.343893,-6.280531,30,23,7,17,6,0,6,30,23,7,17,6,0,6
4012,87,dublin,COLLINS BARRACKS MUSEUM,Collins Barracks Museum,False,False,OPEN,2024-12-28 01:57:12,True,False,,,53.347477,-6.28525,38,21,17,12,9,0,9,38,21,17,12,9,0,9
4013,84,dublin,BROOKFIELD ROAD,Brookfield Road,False,False,OPEN,2024-12-28 01:58:12,True,False,,,53.339005,-6.300217,30,14,16,8,6,0,6,30,14,16,8,6,0,6
4014,90,dublin,BENSON STREET,Benson Street,False,False,OPEN,2024-12-28 02:00:40,True,False,,,53.344153,-6.233451,40,7,33,5,2,0,2,40,7,33,5,2,0,2
4015,11,dublin,EARLSFORT TERRACE,Earlsfort Terrace,False,False,OPEN,2024-12-28 01:57:55,True,False,,,53.334295,-6.258503,30,17,13,13,4,0,4,30,17,13,13,4,0,4
4016,17,dublin,GOLDEN LANE,Golden Lane,False,False,OPEN,2024-12-28 01:57:16,True,False,,,53.340803,-6.267732,20,13,7,5,8,0,8,20,13,7,5,8,0,8
4017,45,dublin,DEVERELL PLACE,Deverell Place,False,False,OPEN,2024-12-28 02:00:28,True,False,,,53.351464,-6.255265,30,13,17,6,7,0,7,30,13,17,6,7,0,7
4018,114,dublin,WILTON TERRACE (PARK),Wilton Terrace (Park),False,False,OPEN,2024-12-28 01:58:10,True,False,,,53.333653,-6.248345,40,1,39,0,1,0,1,40,1,39,0,1,0,1
4019,72,dublin,JOHN STREET WEST,John Street West,False,False,OPEN,2024-12-28 01:59:38,True,False,,,53.343105,-6.277167,31,1,30,1,0,0,0,31,1,30,1,0,0,0
4020,63,dublin,FENIAN STREET,Fenian Street,False,False,OPEN,2024-12-28 01:57:52,True,False,,,53.341428,-6.24672,35,20,15,10,10,0,10,35,20,15,10,10,0,10
4021,113,dublin,MERRION SQUARE SOUTH,Merrion Square South,False,False,OPEN,2024-12-28 02:01:09,True,False,,,53.338614,-6.248606,40,6,23,5,1,0,1,40,6,23,5,1,0,1
4022,91,dublin,SOUTH DOCK ROAD,South Dock Road,False,False,OPEN,2024-12-28 02:06:23,True,False,,,53.341833,-6.231291,30,30,0,19,11,0,11,30,30,0,19,11,0,11
4023,99,dublin,CITY QUAY,City Quay,False,False,OPEN,2024-12-28 02:02:32,True,False,,,53.346637,-6.246154,30,18,12,9,9,0,9,30,18,12,9,9,0,9
4024,9,dublin,EXCHEQUER STREET,Exchequer Street,False,False,OPEN,2024-12-28 02:03:05,True,False,,,53.343034,-6.263578,24,13,11,3,10,0,10,24,13,11,3,10,0,10
4025,67,dublin,THE POINT,The Point,False,False,OPEN,2024-12-28 01:57:34,True,False,,,53.346867,-6.230852,40,19,21,10,9,0,9,40,19,21,10,9,0,9
4026,116,dublin,BROADSTONE,Broadstone,False,False,OPEN,2024-12-28 02:06:08,True,False,,,53.3547,-6.272314,30,17,13,6,11,0,11,30,17,13,6,11,0,11
4027,55,dublin,HATCH STREET,Hatch Street,False,False,OPEN,2024-12-28 02:01:51,True,False,,,53.33403,-6.260714,36,15,20,9,6,0,6,36,15,20,9,6,0,6
4028,62,dublin,LIME STREET,Lime Street,False,False,OPEN,2024-12-28 01:57:22,True,False,,,53.346026,-6.243576,40,16,24,5,11,0,11,40,16,24,5,11,0,11
4029,5,dublin,CHARLEMONT PLACE,Charlemont Street,False,False,OPEN,2024-12-28 02:01:21,True,False,,,53.330662,-6.260177,40,13,27,10,3,0,3,40,13,27,10,3,0,3
4030,97,dublin,KILMAINHAM GAOL,Kilmainham Gaol,False,False,OPEN,2024-12-28 02:06:20,True,False,,,53.342113,-6.310015,40,8,32,5,3,0,3,40,8,32,5,3,0,3
4031,61,dublin,HARDWICKE PLACE,Hardwicke Place,False,False,OPEN,2024-12-28 02:04:14,True,False,,,53.357043,-6.263232,25,0,25,0,0,0,0,25,0,25,0,0,0,0
4032,77,dublin,WOLFE TONE STREET,Wolfe Tone Street,False,False,OPEN,2024-12-28 02:01:13,True,False,,,53.348875,-6.267459,29,24,5,14,10,0,10,29,24,5,14,10,0,10
4033,73,dublin,FRANCIS STREET,Francis Street,False,False,OPEN,2024-12-28 01:58:54,True,False,,,53.342081,-6.275233,30,8,22,7,1,0,1,30,8,22,7,1,0,1
4034,4,dublin,GREEK STREET,Greek Street,False,False,OPEN,2024-12-28 02:01:44,True,False,,,53.346874,-6.272976,20,12,8,2,10,0,10,20,12,8,2,10,0,10
4035,49,dublin,GUILD STREET,Guild Street,False,False,OPEN,2024-12-28 02:05:05,True,False,,,53.347932,-6.240928,40,35,4,24,11,0,11,40,35,4,24,11,0,11
4036,19,dublin,HERBERT PLACE,Herbert Place,False,False,OPEN,2024-12-28 02:01:30,True,False,,,53.334432,-6.245575,30,6,24,4,2,0,2,30,6,24,4,2,0,2
4037,7,dublin,HIGH STREET,High Street,False,False,OPEN,2024-12-28 02:06:55,True,False,,,53.343565,-6.275071,29,0,29,0,0,0,0,29,0,29,0,0,0,0
4038,60,dublin,NORTH CIRCULAR ROAD,North Circular Road,False,False,OPEN,2024-12-28 01:59:51,True,False,,,53.359624,-6.260348,30,9,21,7,2,0,2,30,9,21,7,2,0,2
4039,102,dublin,WESTERN WAY,Western Way,False,False,OPEN,2024-12-28 01:59:34,True,False,,,53.354929,-6.269425,40,13,27,11,2,0,2,40,13,27,11,2,0,2
4040,38,dublin,TALBOT STREET,Talbot Street,False,False,OPEN,2024-12-28 01:58:29,True,False,,,53.350974,-6.25294,40,22,18,17,5,0,5,40,22,18,17,5,0,5
4041,53,dublin,NEWMAN HOUSE,Newman House,False,False,OPEN,2024-12-28 01:59:34,True,False,,,53.337132,-6.26059,40,11,29,11,0,0,0,40,11,29,11,0,0,0
4042,58,dublin,SIR PATRICK DUN'S,Sir Patrick's Dun,False,False,OPEN,2024-12-28 01:57:49,True,False,,,53.339218,-6.240642,40,35,5,28,7,0,7,40,35,5,28,7,0,7
4043,66,dublin,NEW CENTRAL BANK,New Central Bank,False,False,OPEN,2024-12-28 01:59:41,True,False,,,53.347122,-6.234749,40,5,35,1,4,0,4,40,5,35,1,4,0,4
4044,104,dublin,GRANGEGORMAN LOWER (CENTRAL),Grangegorman Lower (Central),False,False,OPEN,2024-12-28 02:01:02,True,False,,,53.355173,-6.278424,40,1,39,1,0,0,0,40,1,39,1,0,0,0
4045,101,dublin,KING STREET NORTH,King Street North,False,False,OPEN,2024-12-28 01:59:27,True,False,,,53.350291,-6.273507,30,13,17,8,5,0,5,30,13,17,8,5,0,5
4046,115,dublin,KILLARNEY STREET,Killarney Street,False,False,OPEN,2024-12-28 02:01:21,True,False,,,53.354845,-6.247579,30,27,3,19,8,0,8,30,27,3,19,8,0,8
4047,47,dublin,HERBERT STREET,Herbert Street,False,False,OPEN,2024-12-28 01:58:39,True,False,,,53.335742,-6.24551,40,4,36,2,2,0,2,40,4,36,2,2,0,2
4048,117,dublin,HANOVER QUAY EAST,Hanover Quay East,False,False,OPEN,2024-12-28 02:05:04,True,False,,,53.343653,-6.231755,40,5,35,1,4,0,4,40,5,35,1,4,0,4
4049,8,dublin,CUSTOM HOUSE QUAY,Custom House Quay,False,False,OPEN,2024-12-28 02:00:54,True,False,,,53.347884,-6.248048,30,21,9,14,7,0,7,30,21,9,14,7,0,7
4050,27,dublin,MOLESWORTH STREET,Molesworth Street,False,False,OPEN,2024-12-28 02:00:41,True,False,,,53.341288,-6.258117,20,5,15,2,3,0,3,20,5,15,2,3,0,3
4051,16,dublin,GEORGES QUAY,Georges Quay,False,False,OPEN,2024-12-28 02:06:16,True,False,,,53.347508,-6.252192,20,17,3,9,8,0,8,20,17,3,9,8,0,8
4052,96,dublin,KILMAINHAM LANE,Kilmainham Lane,False,False,OPEN,2024-12-28 01:58:09,True,False,,,53.341805,-6.305085,30,4,26,4,0,0,0,30,4,26,4,0,0,0
4053,82,dublin,MOUNT BROWN,Mount Brown,False,False,OPEN,2024-12-28 01:58:35,True,False,,,53.341645,-6.29719,22,11,11,2,9,0,9,22,11,11,2,9,0,9
4054,76,dublin,MARKET STREET SOUTH,Market Street South,False,False,OPEN,2024-12-28 02:06:35,True,False,,,53.342296,-6.287661,38,2,36,0,2,0,2,38,2,36,0,2,0,2
4055,71,dublin,KEVIN STREET,Kevin Street,False,False,OPEN,2024-12-28 01:58:36,True,False,,,53.337757,-6.267699,40,13,27,5,8,0,8,40,13,27,5,8,0,8
4056,79,dublin,ECCLES STREET EAST,Eccles Street East,False,False,OPEN,2024-12-28 02:00:32,True,False,,,53.358115,-6.265601,27,0,27,0,0,0,0,27,0,27,0,0,0,0
4057,69,dublin,GRAND CANAL DOCK,Grand Canal Dock,False,False,OPEN,2024-12-28 02:00:10,True,False,,,53.342638,-6.238695,40,36,4,23,13,0,13,40,36,4,23,13,0,13
4058,25,dublin,MERRION SQUARE EAST,Merrion Square East,False,False,OPEN,2024-12-28 02:01:45,True,False,,,53.339434,-6.246548,30,0,30,0,0,0,0,30,0,30,0,0,0,0
4059,51,dublin,YORK STREET WEST,York Street West,False,False,OPEN,2024-12-28 02:05:16,True,False,,,53.339334,-6.264699,40,0,0,0,0,0,0,40,0,0,0,0,0,0
4060,37,dublin,ST. STEPHEN'S GREEN SOUTH,St. Stephen's Green South,False,False,OPEN,2024-12-28 01:56:54,True,False,,,53.337494,-6.26199,30,17,13,10,7,0,7,30,17,13,10,7,0,7
4061,59,dublin,DENMARK STREET GREAT,Denmark Street Great,False,False,OPEN,2024-12-28 02:01:42,True,False,,,53.35561,-6.261397,20,2,18,1,1,0,1,20,2,18,1,1,0,1
4062,95,dublin,ROYAL HOSPITAL,Royal Hospital,False,False,OPEN,2024-12-28 02:02:00,True,False,,,53.343897,-6.29706,40,28,12,18,10,0,10,40,28,12,18,10,0,10
4063,94,dublin,HEUSTON STATION (CAR PARK),Heuston Station (Car Park),False,False,OPEN,2024-12-28 01:58:40,True,False,,,53.346985,-6.297804,40,10,30,10,0,0,0,40,10,30,10,0,0,0
4064,105,dublin,GRANGEGORMAN LOWER (NORTH),Grangegorman Lower (North),False,False,OPEN,2024-12-28 01:58:53,True,False,,,53.355954,-6.278378,36,3,33,2,1,0,1,36,3,33,2,1,0,1
4065,36,dublin,ST. STEPHEN'S GREEN EAST,St. Stephen's Green East,False,False,OPEN,2024-12-28 02:06:07,True,False,,,53.337824,-6.256035,40,15,25,7,8,0,8,40,15,25,7,8,0,8
4066,93,dublin,HEUSTON STATION (CENTRAL),Heuston Station (Central),False,False,OPEN,2024-12-28 01:57:20,True,False,,,53.346603,-6.296924,40,13,27,13,0,0,0,40,13,27,13,0,0,0
4067,22,dublin,TOWNSEND STREET,Townsend Street,False,False,OPEN,2024-12-28 01:57:31,True,False,,,53.345922,-6.254614,20,13,7,11,2,0,2,20,13,7,11,2,0,2
4068,50,dublin,GEORGES LANE,George's Lane,False,False,OPEN,2024-12-28 02:02:57,True,False,,,53.35023,-6.279696,40,11,29,10,1,0,1,40,11,29,10,1,0,1
4069,110,dublin,PHIBSBOROUGH ROAD,Phibsborough Road,False,False,OPEN,2024-12-28 02:03:18,True,False,,,53.356307,-6.273717,40,8,32,1,7,0,7,40,8,32,1,7,0,7
4070,12,dublin,ECCLES STREET,Eccles Street,False,False,OPEN,2024-12-28 02:06:47,True,False,,,53.359246,-6.269779,20,3,17,3,0,0,0,20,3,17,3,0,0,0
4071,34,dublin,PORTOBELLO HARBOUR,Portobello Harbour,False,False,OPEN,2024-12-28 01:57:17,True,False,,,53.330362,-6.265163,30,6,24,4,2,0,2,30,6,24,4,2,0,2
4072,78,dublin,MATER HOSPITAL,Mater Hospital,False,False,OPEN,2024-12-28 02:00:18,True,False,,,53.359967,-6.264828,40,1,39,1,0,0,0,40,1,39,1,0,0,0
4073,2,dublin,BLESSINGTON STREET,Blessington Street,False,False,OPEN,2024-12-28 02:00:21,True,False,,,53.356769,-6.26814,20,5,15,3,2,0,2,20,5,15,3,2,0,2
4074,75,dublin,JAMES STREET,James Street,False,False,OPEN,2024-12-28 02:03:22,True,False,,,53.343456,-6.287409,40,3,37,2,1,0,1,40,3,37,2,1,0,1
4075,111,dublin,MOUNTJOY SQUARE EAST,Mountjoy Square East,False,False,OPEN,2024-12-28 02:04:38,True,False,,,53.356717,-6.256359,40,0,40,0,0,0,0,40,0,40,0,0,0,0
4076,26,dublin,MERRION SQUARE WEST,Merrion Square West,False,False,OPEN,2024-12-28 02:05:40,True,False,,,53.339764,-6.251988,20,12,8,4,8,0,8,20,12,8,4,8,0,8
4077,65,dublin,CONVENTION CENTRE,Convention Centre,False,False,OPEN,2024-12-28 01:59:18,True,False,,,53.34744,-6.238523,40,12,28,10,2,0,2,40,12,28,10,2,0,2
4078,15,dublin,HARDWICKE STREET,Hardwicke Street,False,False,OPEN,2024-12-28 01:59:21,True,False,,,53.355473,-6.264423,16,4,12,3,1,0,1,16,4,12,3,1,0,1
4079,86,dublin,PARKGATE STREET,Parkgate Street,False,False,OPEN,2024-12-28 02:05:44,True,False,,,53.347972,-6.291804,38,33,5,3,30,0,30,38,33,5,3,30,0,30
4080,35,dublin,SMITHFIELD,Smithfield,False,False,OPEN,2024-12-28 02:00:31,True,False,,,53.347692,-6.278214,30,9,21,5,4,0,4,30,9,21,5,4,0,4
4081,10,dublin,DAME STREET,Dame Street,False,False,OPEN,2024-12-28 02:00:43,True,False,,,53.344007,-6.266802,16,14,2,10,4,0,4,16,14,2,10,4,0,4
4082,100,dublin,HEUSTON BRIDGE (SOUTH),Heuston Bridge (South),False,False,OPEN,2024-12-28 01:59:47,True,False,,,53.347106,-6.292041,25,15,10,8,7,0,7,25,15,10,8,7,0,7
4083,24,dublin,CATHAL BRUGHA STREET,Cathal Brugha Street,False,False,OPEN,2024-12-28 02:02:38,True,False,,,53.352149,-6.260533,20,12,8,11,1,0,1,20,12,8,11,1,0,1
4084,64,dublin,SANDWITH STREET,Sandwith Street,False,False,OPEN,2024-12-28 02:01:39,True,False,,,53.345203,-6.247163,40,23,17,19,4,0,4,40,23,17,19,4,0,4
4085,109,dublin,BUCKINGHAM STREET LOWER,Buckingham Street Lower,False,False,OPEN,2024-12-28 01:57:37,True,False,,,53.353331,-6.249319,29,13,16,4,9,0,9,29,13,16,4,9,0,9
4086,85,dublin,ROTHE ABBEY,Rothe Abbey,False,False,OPEN,2024-12-28 02:00:23,True,False,,,53.338776,-6.30395,35,30,5,16,14,0,14,35,30,5,16,14,0,14
4087,107,dublin,CHARLEVILLE ROAD,Charleville Road,False,False,OPEN,2024-12-28 01:58:54,True,False,,,53.359157,-6.281866,40,17,23,10,7,0,7,40,17,23,10,7,0,7
4088,33,dublin,PRINCES STREET / O'CONNELL STREET,Princes Street / O'Connell Street,False,False,OPEN,2024-12-28 02:01:27,True,False,,,53.349013,-6.260311,23,15,8,6,9,0,9,23,15,8,6,9,0,9
4089,44,dublin,UPPER SHERRARD STREET,Upper Sherrard Street,False,False,OPEN,2024-12-28 01:58:22,True,False,,,53.358437,-6.260641,30,8,22,7,1,0,1,30,8,22,7,1,0,1
4090,89,dublin,FITZWILLIAM SQUARE EAST,Fitzwilliam Square East,False,False,OPEN,2024-12-28 02:00:43,True,False,,,53.335211,-6.2509,40,23,17,12,11,0,11,40,23,17,12,11,0,11
4091,57,dublin,GRATTAN STREET,Grattan Street,False,False,OPEN,2024-12-28 02:05:11,True,False,,,53.339629,-6.243778,23,6,17,4,2,0,2,23,6,17,4,2,0,2
4092,80,dublin,ST JAMES HOSPITAL (LUAS),St James Hospital (Luas),False,False,OPEN,2024-12-28 01:58:43,True,False,,,53.341359,-6.292951,40,2,38,2,0,0,0,40,2,38,2,0,0,0
4093,41,dublin,HARCOURT TERRACE,Harcourt Terrace,False,False,OPEN,2024-12-28 02:05:58,True,False,,,53.332763,-6.257942,20,2,18,1,1,0,1,20,2,18,1,1,0,1
4094,3,dublin,BOLTON STREET,Bolton Street,False,False,OPEN,2024-12-28 01:58:13,True,False,,,53.351182,-6.269859,20,9,11,8,1,0,1,20,9,11,8,1,0,1
4095,40,dublin,JERVIS STREET,Jervis Street,False,False,OPEN,2024-12-28 02:03:21,True,False,,,53.3483,-6.266651,21,9,12,5,4,0,4,21,9,12,5,4,0,4
4096,29,dublin,ORMOND QUAY UPPER,Ormond Quay Upper,False,False,OPEN,2024-12-28 02:00:31,True,False,,,53.346057,-6.268001,29,28,1,15,13,0,13,29,28,1,15,13,0,13
4097,103,dublin,GRANGEGORMAN LOWER (SOUTH),Grangegorman Lower (South),False,False,OPEN,2024-12-28 02:05:54,True,False,,,53.354663,-6.278681,40,0,40,0,0,0,0,40,0,40,0,0,0,0
4098,28,dublin,MOUNTJOY SQUARE WEST,Mountjoy Square West,False,False,OPEN,2024-12-28 02:03:54,True,False,,,53.356299,-6.258586,30,0,30,0,0,0,0,30,0,30,0,0,0,0
4099,39,dublin,WILTON TERRACE,Wilton Terrace,False,False,OPEN,2024-12-28 01:59:04,True,False,,,53.332383,-6.252717,20,2,18,0,2,0,2,20,2,18,0,2,0,2
4100,83,dublin,EMMET ROAD,Emmet Road,False,False,OPEN,2024-12-28 01:57:53,True,False,,,53.340714,-6.308191,40,13,26,11,2,0,2,40,13,26,11,2,0,2
4101,92,dublin,HEUSTON BRIDGE (NORTH),Heuston Bridge (North),False,False,OPEN,2024-12-28 01:57:17,True,False,,,53.347802,-6.292432,40,39,1,29,10,0,10,40,39,1,29,10,0,10
4102,21,dublin,LEINSTER STREET SOUTH,Leinster Street South,False,False,OPEN,2024-12-28 01:59:45,True,False,,,53.34218,-6.254485,30,2,28,2,0,0,0,30,2,28,2,0,0,0
4103,88,dublin,BLACKHALL PLACE,Blackhall Place,False,False,OPEN,2024-12-28 02:00:25,True,False,,,53.3488,-6.281637,30,4,26,2,2,0,2,30,4,26,2,2,0,2
4104,42,dublin,SMITHFIELD NORTH,Smithfield North,False,False,OPEN,2024-12-28 02:26:52,True,False,,,53.349562,-6.278198,30,7,23,4,3,0,3,30,7,23,4,3,0,3
4105,30,dublin,PARNELL SQUARE NORTH,Parnell Square North,False,False,OPEN,2024-12-28 02:22:56,True,False,,,53.3537415547453,-6.26530144781526,20,6,14,4,2,0,2,20,6,14,4,2,0,2
4106,54,dublin,CLONMEL STREET,Clonmel Street,False,False,OPEN,2024-12-28 02:22:01,True,False,,,53.336021,-6.26298,33,13,20,3,10,0,10,33,13,20,3,10,0,10
4107,108,dublin,AVONDALE ROAD,Avondale Road,False,False,OPEN,2024-12-28 02:19:38,True,False,,,53.359405,-6.276142,35,19,16,12,7,0,7,35,19,16,12,7,0,7
4108,20,dublin,JAMES STREET EAST,James Street East,False,False,OPEN,2024-12-28 02:20:09,True,False,,,53.336597,-6.248109,30,2,28,2,0,0,0,30,2,28,2,0,0,0
4109,56,dublin,MOUNT STREET LOWER,Mount Street Lower,False,False,OPEN,2024-12-28 02:25:29,True,False,,,53.33796,-6.24153,40,24,16,12,12,0,12,40,24,16,12,12,0,12
4110,6,dublin,CHRISTCHURCH PLACE,Christchurch Place,False,False,OPEN,2024-12-28 02:26:47,True,False,,,53.343368,-6.27012,20,6,14,2,4,0,4,20,6,14,2,4,0,4
4111,18,dublin,GRANTHAM STREET,Grantham Street,False,False,OPEN,2024-12-28 02:18:48,True,False,,,53.334123,-6.265436,30,12,18,4,8,0,8,30,12,18,4,8,0,8
4112,32,dublin,PEARSE STREET,Pearse Street,False,False,OPEN,2024-12-28 02:20:04,True,False,,,53.344304,-6.250427,30,21,9,16,5,0,5,30,21,9,16,5,0,5
4113,52,dublin,YORK STREET EAST,York Street East,False,False,OPEN,2024-12-28 02:20:03,True,False,,,53.338755,-6.262003,32,27,5,16,11,0,11,32,27,5,16,11,0,11
4114,48,dublin,EXCISE WALK,Excise Walk,False,False,OPEN,2024-12-28 02:20:56,True,False,,,53.347777,-6.244239,40,0,40,0,0,0,0,40,0,40,0,0,0,0
4115,13,dublin,FITZWILLIAM SQUARE WEST,Fitzwilliam Square West,False,False,OPEN,2024-12-28 02:19:54,True,False,,,53.336074,-6.252825,30,27,3,11,16,0,16,30,27,3,11,16,0,16
4116,43,dublin,PORTOBELLO ROAD,Portobello Road,False,False,OPEN,2024-12-28 02:20:52,True,False,,,53.330091,-6.268044,30,9,21,6,3,0,3,30,9,21,6,3,0,3
4117,31,dublin,PARNELL STREET,Parnell Street,False,False,OPEN,2024-12-28 02:25:25,True,False,,,53.350929,-6.265125,20,14,6,9,5,0,5,20,14,6,9,5,0,5
4118,98,dublin,FREDERICK STREET SOUTH,Frederick Street South,False,False,OPEN,2024-12-28 02:17:26,True,False,,,53.341515,-6.256853,40,19,21,9,10,0,10,40,19,21,9,10,0,10
4119,14,dublin,FOWNES STREET UPPER,Fownes Street Upper,False,False,OPEN,2024-12-28 02:20:18,True,False,,,53.344603,-6.263371,30,28,2,16,12,0,12,30,28,2,16,12,0,12
4120,1,dublin,CLARENDON ROW,Clarendon Row,False,False,OPEN,2024-12-28 02:19:34,True,False,,,53.340927,-6.262501,31,18,13,13,5,0,5,31,18,13,13,5,0,5
4121,23,dublin,CUSTOM HOUSE,Custom House,False,False,OPEN,2024-12-28 02:18:20,True,False,,,53.348279,-6.254662,30,17,13,8,9,0,9,30,17,13,8,9,0,9
4122,106,dublin,RATHDOWN ROAD,Rathdown Road,False,False,OPEN,2024-12-28 02:25:24,True,False,,,53.35893,-6.280337,40,0,40,0,0,0,0,40,0,40,0,0,0,0
4123,112,dublin,NORTH CIRCULAR ROAD (O'CONNELL'S),North Circular Road (O'Connell's),False,False,OPEN,2024-12-28 02:17:06,True,False,,,53.357841,-6.251557,30,11,19,9,2,0,2,30,11,19,9,2,0,2
4124,68,dublin,HANOVER QUAY,Hanover Quay,False,False,OPEN,2024-12-28 02:18:56,True,False,,,53.344115,-6.237153,40,26,14,17,9,0,9,40,26,14,17,9,0,9
4125,74,dublin,OLIVER BOND STREET,Oliver Bond Street,False,False,OPEN,2024-12-28 02:19:01,True,False,,,53.343893,-6.280531,30,23,7,17,6,0,6,30,23,7,17,6,0,6
4126,87,dublin,COLLINS BARRACKS MUSEUM,Collins Barracks Museum,False,False,OPEN,2024-12-28 02:17:20,True,False,,,53.347477,-6.28525,38,21,17,12,9,0,9,38,21,17,12,9,0,9
4127,84,dublin,BROOKFIELD ROAD,Brookfield Road,False,False,OPEN,2024-12-28 02:18:20,True,False,,,53.339005,-6.300217,30,14,16,8,6,0,6,30,14,16,8,6,0,6
4128,90,dublin,BENSON STREET,Benson Street,False,False,OPEN,2024-12-28 02:20:48,True,False,,,53.344153,-6.233451,40,7,33,5,2,0,2,40,7,33,5,2,0,2
4129,11,dublin,EARLSFORT TERRACE,Earlsfort Terrace,False,False,OPEN,2024-12-28 02:18:06,True,False,,,53.334295,-6.258503,30,17,13,13,4,0,4,30,17,13,13,4,0,4
4130,17,dublin,GOLDEN LANE,Golden Lane,False,False,OPEN,2024-12-28 02:17:24,True,False,,,53.340803,-6.267732,20,13,7,5,8,0,8,20,13,7,5,8,0,8
4131,45,dublin,DEVERELL PLACE,Deverell Place,False,False,OPEN,2024-12-28 02:20:36,True,False,,,53.351464,-6.255265,30,13,17,6,7,0,7,30,13,17,6,7,0,7
4132,114,dublin,WILTON TERRACE (PARK),Wilton Terrace (Park),False,False,OPEN,2024-12-28 02:18:18,True,False,,,53.333653,-6.248345,40,1,39,0,1,0,1,40,1,39,0,1,0,1
4133,72,dublin,JOHN STREET WEST,John Street West,False,False,OPEN,2024-12-28 02:19:46,True,False,,,53.343105,-6.277167,31,1,30,1,0,0,0,31,1,30,1,0,0,0
4134,63,dublin,FENIAN STREET,Fenian Street,False,False,OPEN,2024-12-28 02:18:02,True,False,,,53.341428,-6.24672,35,20,15,10,10,0,10,35,20,15,10,10,0,10
4135,113,dublin,MERRION SQUARE SOUTH,Merrion Square South,False,False,OPEN,2024-12-28 02:21:19,True,False,,,53.338614,-6.248606,40,6,23,5,1,0,1,40,6,23,5,1,0,1
4136,91,dublin,SOUTH DOCK ROAD,South Dock Road,False,False,OPEN,2024-12-28 02:26:31,True,False,,,53.341833,-6.231291,30,30,0,19,11,0,11,30,30,0,19,11,0,11
4137,99,dublin,CITY QUAY,City Quay,False,False,OPEN,2024-12-28 02:22:41,True,False,,,53.346637,-6.246154,30,18,12,9,9,0,9,30,18,12,9,9,0,9
4138,9,dublin,EXCHEQUER STREET,Exchequer Street,False,False,OPEN,2024-12-28 02:23:16,True,False,,,53.343034,-6.263578,24,13,11,3,10,0,10,24,13,11,3,10,0,10
4139,67,dublin,THE POINT,The Point,False,False,OPEN,2024-12-28 02:17:43,True,False,,,53.346867,-6.230852,40,19,21,10,9,0,9,40,19,21,10,9,0,9
4140,116,dublin,BROADSTONE,Broadstone,False,False,OPEN,2024-12-28 02:26:18,True,False,,,53.3547,-6.272314,30,17,13,6,11,0,11,30,17,13,6,11,0,11
4141,55,dublin,HATCH STREET,Hatch Street,False,False,OPEN,2024-12-28 02:22:02,True,False,,,53.33403,-6.260714,36,15,20,9,6,0,6,36,15,20,9,6,0,6
4142,62,dublin,LIME STREET,Lime Street,False,False,OPEN,2024-12-28 02:17:29,True,False,,,53.346026,-6.243576,40,16,24,5,11,0,11,40,16,24,5,11,0,11
4143,5,dublin,CHARLEMONT PLACE,Charlemont Street,False,False,OPEN,2024-12-28 02:21:29,True,False,,,53.330662,-6.260177,40,13,27,10,3,0,3,40,13,27,10,3,0,3
4144,97,dublin,KILMAINHAM GAOL,Kilmainham Gaol,False,False,OPEN,2024-12-28 02:26:27,True,False,,,53.342113,-6.310015,40,8,32,5,3,0,3,40,8,32,5,3,0,3
4145,61,dublin,HARDWICKE PLACE,Hardwicke Place,False,False,OPEN,2024-12-28 02:24:20,True,False,,,53.357043,-6.263232,25,0,25,0,0,0,0,25,0,25,0,0,0,0
4146,77,dublin,WOLFE TONE STREET,Wolfe Tone Street,False,False,OPEN,2024-12-28 02:21:23,True,False,,,53.348875,-6.267459,29,24,5,14,10,0,10,29,24,5,14,10,0,10
4147,73,dublin,FRANCIS STREET,Francis Street,False,False,OPEN,2024-12-28 02:19:02,True,False,,,53.342081,-6.275233,30,8,22,7,1,0,1,30,8,22,7,1,0,1
4148,4,dublin,GREEK STREET,Greek Street,False,False,OPEN,2024-12-28 02:21:55,True,False,,,53.346874,-6.272976,20,12,8,2,10,0,10,20,12,8,2,10,0,10
4149,49,dublin,GUILD STREET,Guild Street,False,False,OPEN,2024-12-28 02:26:15,True,False,,,53.347932,-6.240928,40,35,4,24,11,0,11,40,35,4,24,11,0,11
4150,19,dublin,HERBERT PLACE,Herbert Place,False,False,OPEN,2024-12-28 02:21:41,True,False,,,53.334432,-6.245575,30,6,24,4,2,0,2,30,6,24,4,2,0,2
4151,7,dublin,HIGH STREET,High Street,False,False,OPEN,2024-12-28 02:16:59,True,False,,,53.343565,-6.275071,29,0,29,0,0,0,0,29,0,29,0,0,0,0
4152,60,dublin,NORTH CIRCULAR ROAD,North Circular Road,False,False,OPEN,2024-12-28 02:19:59,True,False,,,53.359624,-6.260348,30,9,21,7,2,0,2,30,9,21,7,2,0,2
4153,102,dublin,WESTERN WAY,Western Way,False,False,OPEN,2024-12-28 02:19:44,True,False,,,53.354929,-6.269425,40,13,27,11,2,0,2,40,13,27,11,2,0,2
4154,38,dublin,TALBOT STREET,Talbot Street,False,False,OPEN,2024-12-28 02:18:37,True,False,,,53.350974,-6.25294,40,22,18,17,5,0,5,40,22,18,17,5,0,5
4155,53,dublin,NEWMAN HOUSE,Newman House,False,False,OPEN,2024-12-28 02:19:45,True,False,,,53.337132,-6.26059,40,11,29,11,0,0,0,40,11,29,11,0,0,0
4156,58,dublin,SIR PATRICK DUN'S,Sir Patrick's Dun,False,False,OPEN,2024-12-28 02:25:24,True,False,,,53.339218,-6.240642,40,35,5,28,7,0,7,40,35,5,28,7,0,7
4157,66,dublin,NEW CENTRAL BANK,New Central Bank,False,False,OPEN,2024-12-28 02:19:50,True,False,,,53.347122,-6.234749,40,5,35,1,4,0,4,40,5,35,1,4,0,4
4158,104,dublin,GRANGEGORMAN LOWER (CENTRAL),Grangegorman Lower (Central),False,False,OPEN,2024-12-28 02:21:13,True,False,,,53.355173,-6.278424,40,1,39,1,0,0,0,40,1,39,1,0,0,0
4159,101,dublin,KING STREET NORTH,King Street North,False,False,OPEN,2024-12-28 02:19:38,True,False,,,53.350291,-6.273507,30,13,17,8,5,0,5,30,13,17,8,5,0,5
4160,115,dublin,KILLARNEY STREET,Killarney Street,False,False,OPEN,2024-12-28 02:21:29,True,False,,,53.354845,-6.247579,30,27,3,19,8,0,8,30,27,3,19,8,0,8
4161,47,dublin,HERBERT STREET,Herbert Street,False,False,OPEN,2024-12-28 02:18:49,True,False,,,53.335742,-6.24551,40,4,36,2,2,0,2,40,4,36,2,2,0,2
4162,117,dublin,HANOVER QUAY EAST,Hanover Quay East,False,False,OPEN,2024-12-28 02:25:11,True,False,,,53.343653,-6.231755,40,5,35,1,4,0,4,40,5,35,1,4,0,4
4163,8,dublin,CUSTOM HOUSE QUAY,Custom House Quay,False,False,OPEN,2024-12-28 02:21:05,True,False,,,53.347884,-6.248048,30,21,9,14,7,0,7,30,21,9,14,7,0,7
4164,27,dublin,MOLESWORTH STREET,Molesworth Street,False,False,OPEN,2024-12-28 02:20:51,True,False,,,53.341288,-6.258117,20,5,15,2,3,0,3,20,5,15,2,3,0,3
4165,16,dublin,GEORGES QUAY,Georges Quay,False,False,OPEN,2024-12-28 02:26:26,True,False,,,53.347508,-6.252192,20,17,3,9,8,0,8,20,17,3,9,8,0,8
4166,96,dublin,KILMAINHAM LANE,Kilmainham Lane,False,False,OPEN,2024-12-28 02:18:19,True,False,,,53.341805,-6.305085,30,4,26,4,0,0,0,30,4,26,4,0,0,0
4167,82,dublin,MOUNT BROWN,Mount Brown,False,False,OPEN,2024-12-28 02:18:43,True,False,,,53.341645,-6.29719,22,11,11,2,9,0,9,22,11,11,2,9,0,9
4168,76,dublin,MARKET STREET SOUTH,Market Street South,False,False,OPEN,2024-12-28 02:26:43,True,False,,,53.342296,-6.287661,38,2,36,0,2,0,2,38,2,36,0,2,0,2
4169,71,dublin,KEVIN STREET,Kevin Street,False,False,OPEN,2024-12-28 02:18:47,True,False,,,53.337757,-6.267699,40,13,27,5,8,0,8,40,13,27,5,8,0,8
4170,79,dublin,ECCLES STREET EAST,Eccles Street East,False,False,OPEN,2024-12-28 02:20:43,True,False,,,53.358115,-6.265601,27,0,27,0,0,0,0,27,0,27,0,0,0,0
4171,69,dublin,GRAND CANAL DOCK,Grand Canal Dock,False,False,OPEN,2024-12-28 02:20:17,True,False,,,53.342638,-6.238695,40,36,4,23,13,0,13,40,36,4,23,13,0,13
4172,25,dublin,MERRION SQUARE EAST,Merrion Square East,False,False,OPEN,2024-12-28 02:21:55,True,False,,,53.339434,-6.246548,30,0,30,0,0,0,0,30,0,30,0,0,0,0
4173,51,dublin,YORK STREET WEST,York Street West,False,False,OPEN,2024-12-28 02:25:23,True,False,,,53.339334,-6.264699,40,0,0,0,0,0,0,40,0,0,0,0,0,0
4174,37,dublin,ST. STEPHEN'S GREEN SOUTH,St. Stephen's Green South,False,False,OPEN,2024-12-28 02:17:02,True,False,,,53.337494,-6.26199,30,17,13,10,7,0,7,30,17,13,10,7,0,7
4175,59,dublin,DENMARK STREET GREAT,Denmark Street Great,False,False,OPEN,2024-12-28 02:21:50,True,False,,,53.35561,-6.261397,20,2,18,1,1,0,1,20,2,18,1,1,0,1
4176,95,dublin,ROYAL HOSPITAL,Royal Hospital,False,False,OPEN,2024-12-28 02:22:10,True,False,,,53.343897,-6.29706,40,28,12,18,10,0,10,40,28,12,18,10,0,10
4177,94,dublin,HEUSTON STATION (CAR PARK),Heuston Station (Car Park),False,False,OPEN,2024-12-28 02:18:48,True,False,,,53.346985,-6.297804,40,10,30,10,0,0,0,40,10,30,10,0,0,0
4178,105,dublin,GRANGEGORMAN LOWER (NORTH),Grangegorman Lower (North),False,False,OPEN,2024-12-28 02:19:00,True,False,,,53.355954,-6.278378,36,3,33,2,1,0,1,36,3,33,2,1,0,1
4179,36,dublin,ST. STEPHEN'S GREEN EAST,St. Stephen's Green East,False,False,OPEN,2024-12-28 02:25:18,True,False,,,53.337824,-6.256035,40,15,25,7,8,0,8,40,15,25,7,8,0,8
4180,93,dublin,HEUSTON STATION (CENTRAL),Heuston Station (Central),False,False,OPEN,2024-12-28 02:17:29,True,False,,,53.346603,-6.296924,40,13,27,13,0,0,0,40,13,27,13,0,0,0
4181,22,dublin,TOWNSEND STREET,Townsend Street,False,False,OPEN,2024-12-28 02:17:39,True,False,,,53.345922,-6.254614,20,13,7,11,2,0,2,20,13,7,11,2,0,2
4182,50,dublin,GEORGES LANE,George's Lane,False,False,OPEN,2024-12-28 02:23:08,True,False,,,53.35023,-6.279696,40,11,29,10,1,0,1,40,11,29,10,1,0,1
4183,110,dublin,PHIBSBOROUGH ROAD,Phibsborough Road,False,False,OPEN,2024-12-28 02:20:00,True,False,,,53.356307,-6.273717,40,8,32,1,7,0,7,40,8,32,1,7,0,7
4184,12,dublin,ECCLES STREET,Eccles Street,False,False,OPEN,2024-12-28 02:26:54,True,False,,,53.359246,-6.269779,20,3,17,3,0,0,0,20,3,17,3,0,0,0
4185,34,dublin,PORTOBELLO HARBOUR,Portobello Harbour,False,False,OPEN,2024-12-28 02:17:24,True,False,,,53.330362,-6.265163,30,6,24,4,2,0,2,30,6,24,4,2,0,2
4186,78,dublin,MATER HOSPITAL,Mater Hospital,False,False,OPEN,2024-12-28 02:20:28,True,False,,,53.359967,-6.264828,40,1,39,1,0,0,0,40,1,39,1,0,0,0
4187,2,dublin,BLESSINGTON STREET,Blessington Street,False,False,OPEN,2024-12-28 02:20:29,True,False,,,53.356769,-6.26814,20,5,15,3,2,0,2,20,5,15,3,2,0,2
4188,75,dublin,JAMES STREET,James Street,False,False,OPEN,2024-12-28 02:23:32,True,False,,,53.343456,-6.287409,40,3,37,2,1,0,1,40,3,37,2,1,0,1
4189,111,dublin,MOUNTJOY SQUARE EAST,Mountjoy Square East,False,False,OPEN,2024-12-28 02:24:45,True,False,,,53.356717,-6.256359,40,0,40,0,0,0,0,40,0,40,0,0,0,0
4190,26,dublin,MERRION SQUARE WEST,Merrion Square West,False,False,OPEN,2024-12-28 02:26:44,True,False,,,53.339764,-6.251988,20,12,8,4,8,0,8,20,12,8,4,8,0,8
4191,65,dublin,CONVENTION CENTRE,Convention Centre,False,False,OPEN,2024-12-28 02:19:28,True,False,,,53.34744,-6.238523,40,12,28,10,2,0,2,40,12,28,10,2,0,2
4192,15,dublin,HARDWICKE STREET,Hardwicke Street,False,False,OPEN,2024-12-28 02:19:29,True,False,,,53.355473,-6.264423,16,4,12,3,1,0,1,16,4,12,3,1,0,1
4193,86,dublin,PARKGATE STREET,Parkgate Street,False,False,OPEN,2024-12-28 02:25:52,True,False,,,53.347972,-6.291804,38,33,5,3,30,0,30,38,33,5,3,30,0,30
4194,35,dublin,SMITHFIELD,Smithfield,False,False,OPEN,2024-12-28 02:20:39,True,False,,,53.347692,-6.278214,30,9,21,5,4,0,4,30,9,21,5,4,0,4
4195,10,dublin,DAME STREET,Dame Street,False,False,OPEN,2024-12-28 02:20:52,True,False,,,53.344007,-6.266802,16,14,2,10,4,0,4,16,14,2,10,4,0,4
4196,100,dublin,HEUSTON BRIDGE (SOUTH),Heuston Bridge (South),False,False,OPEN,2024-12-28 02:21:41,True,False,,,53.347106,-6.292041,25,15,10,8,7,0,7,25,15,10,8,7,0,7
4197,24,dublin,CATHAL BRUGHA STREET,Cathal Brugha Street,False,False,OPEN,2024-12-28 02:22:49,True,False,,,53.352149,-6.260533,20,12,8,11,1,0,1,20,12,8,11,1,0,1
4198,64,dublin,SANDWITH STREET,Sandwith Street,False,False,OPEN,2024-12-28 02:21:50,True,False,,,53.345203,-6.247163,40,23,17,19,4,0,4,40,23,17,19,4,0,4
4199,109,dublin,BUCKINGHAM STREET LOWER,Buckingham Street Lower,False,False,OPEN,2024-12-28 02:17:44,True,False,,,53.353331,-6.249319,29,13,16,4,9,0,9,29,13,16,4,9,0,9
4200,85,dublin,ROTHE ABBEY,Rothe Abbey,False,False,OPEN,2024-12-28 02:25:40,True,False,,,53.338776,-6.30395,35,30,5,16,14,0,14,35,30,5,16,14,0,14
4201,107,dublin,CHARLEVILLE ROAD,Charleville Road,False,False,OPEN,2024-12-28 02:19:05,True,False,,,53.359157,-6.281866,40,17,23,10,7,0,7,40,17,23,10,7,0,7
4202,33,dublin,PRINCES STREET / O'CONNELL STREET,Princes Street / O'Connell Street,False,False,OPEN,2024-12-28 02:21:38,True,False,,,53.349013,-6.260311,23,15,8,6,9,0,9,23,15,8,6,9,0,9
4203,44,dublin,UPPER SHERRARD STREET,Upper Sherrard Street,False,False,OPEN,2024-12-28 02:18:31,True,False,,,53.358437,-6.260641,30,8,22,7,1,0,1,30,8,22,7,1,0,1
4204,89,dublin,FITZWILLIAM SQUARE EAST,Fitzwilliam Square East,False,False,OPEN,2024-12-28 02:20:54,True,False,,,53.335211,-6.2509,40,23,17,12,11,0,11,40,23,17,12,11,0,11
4205,57,dublin,GRATTAN STREET,Grattan Street,False,False,OPEN,2024-12-28 02:25:18,True,False,,,53.339629,-6.243778,23,6,17,4,2,0,2,23,6,17,4,2,0,2
4206,80,dublin,ST JAMES HOSPITAL (LUAS),St James Hospital (Luas),False,False,OPEN,2024-12-28 02:18:50,True,False,,,53.341359,-6.292951,40,2,38,2,0,0,0,40,2,38,2,0,0,0
4207,41,dublin,HARCOURT TERRACE,Harcourt Terrace,False,False,OPEN,2024-12-28 02:26:06,True,False,,,53.332763,-6.257942,20,2,18,1,1,0,1,20,2,18,1,1,0,1
4208,3,dublin,BOLTON STREET,Bolton Street,False,False,OPEN,2024-12-28 02:18:21,True,False,,,53.351182,-6.269859,20,9,11,8,1,0,1,20,9,11,8,1,0,1
4209,40,dublin,JERVIS STREET,Jervis Street,False,False,OPEN,2024-12-28 02:23:31,True,False,,,53.3483,-6.266651,21,9,12,5,4,0,4,21,9,12,5,4,0,4
4210,29,dublin,ORMOND QUAY UPPER,Ormond Quay Upper,False,False,OPEN,2024-12-28 02:20:39,True,False,,,53.346057,-6.268001,29,28,1,15,13,0,13,29,28,1,15,13,0,13
4211,103,dublin,GRANGEGORMAN LOWER (SOUTH),Grangegorman Lower (South),False,False,OPEN,2024-12-28 02:26:02,True,False,,,53.354663,-6.278681,40,0,40,0,0,0,0,40,0,40,0,0,0,0
4212,28,dublin,MOUNTJOY SQUARE WEST,Mountjoy Square West,False,False,OPEN,2024-12-28 02:24:05,True,False,,,53.356299,-6.258586,30,0,30,0,0,0,0,30,0,30,0,0,0,0
4213,39,dublin,WILTON TERRACE,Wilton Terrace,False,False,OPEN,2024-12-28 02:19:13,True,False,,,53.332383,-6.252717,20,2,18,0,2,0,2,20,2,18,0,2,0,2
4214,83,dublin,EMMET ROAD,Emmet Road,False,False,OPEN,2024-12-28 02:18:01,True,False,,,53.340714,-6.308191,40,13,26,11,2,0,2,40,13,26,11,2,0,2
4215,92,dublin,HEUSTON BRIDGE (NORTH),Heuston Bridge (North),False,False,OPEN,2024-12-28 02:17:25,True,False,,,53.347802,-6.292432,40,39,1,29,10,0,10,40,39,1,29,10,0,10
4216,21,dublin,LEINSTER STREET SOUTH,Leinster Street South,False,False,OPEN,2024-12-28 02:19:56,True,False,,,53.34218,-6.254485,30,2,28,2,0,0,0,30,2,28,2,0,0,0
4217,88,dublin,BLACKHALL PLACE,Blackhall Place,False,False,OPEN,2024-12-28 02:20:36,True,False,,,53.3488,-6.281637,30,4,26,2,2,0,2,30,4,26,2,2,0,2
4218,13,dublin,FITZWILLIAM SQUARE WEST,Fitzwilliam Square West,False,False,OPEN,2024-12-28 02:27:49,True,False,,,53.336074,-6.252825,30,27,3,11,16,0,16,30,27,3,11,16,0,16
4219,98,dublin,FREDERICK STREET SOUTH,Frederick Street South,False,False,OPEN,2024-12-28 02:27:30,True,False,,,53.341515,-6.256853,40,19,21,9,10,0,10,40,19,21,9,10,0,10
4220,112,dublin,NORTH CIRCULAR ROAD (O'CONNELL'S),North Circular Road (O'Connell's),False,False,OPEN,2024-12-28 02:27:10,True,False,,,53.357841,-6.251557,30,11,19,9,2,0,2,30,11,19,9,2,0,2
4221,87,dublin,COLLINS BARRACKS MUSEUM,Collins Barracks Museum,False,False,OPEN,2024-12-28 02:27:25,True,False,,,53.347477,-6.28525,38,21,17,12,9,0,9,38,21,17,12,9,0,9
4222,17,dublin,GOLDEN LANE,Golden Lane,False,False,OPEN,2024-12-28 02:27:27,True,False,,,53.340803,-6.267732,20,13,7,5,8,0,8,20,13,7,5,8,0,8
4223,67,dublin,THE POINT,The Point,False,False,OPEN,2024-12-28 02:27:47,True,False,,,53.346867,-6.230852,40,19,21,10,9,0,9,40,19,21,10,9,0,9
4224,62,dublin,LIME STREET,Lime Street,False,False,OPEN,2024-12-28 02:27:33,True,False,,,53.346026,-6.243576,40,16,24,5,11,0,11,40,16,24,5,11,0,11
4225,7,dublin,HIGH STREET,High Street,False,False,OPEN,2024-12-28 02:27:04,True,False,,,53.343565,-6.275071,29,0,29,0,0,0,0,29,0,29,0,0,0,0
4226,38,dublin,TALBOT STREET,Talbot Street,False,False,OPEN,2024-12-28 02:27:14,True,False,,,53.350974,-6.25294,40,22,18,17,5,0,5,40,22,18,17,5,0,5
4227,16,dublin,GEORGES QUAY,Georges Quay,False,False,OPEN,2024-12-28 02:27:12,True,False,,,53.347508,-6.252192,20,17,3,9,8,0,8,20,17,3,9,8,0,8
4228,37,dublin,ST. STEPHEN'S GREEN SOUTH,St. Stephen's Green South,False,False,OPEN,2024-12-28 02:27:06,True,False,,,53.337494,-6.26199,30,17,13,10,7,0,7,30,17,13,10,7,0,7
4229,93,dublin,HEUSTON STATION (CENTRAL),Heuston Station (Central),False,False,OPEN,2024-12-28 02:27:33,True,False,,,53.346603,-6.296924,40,13,27,13,0,0,0,40,13,27,13,0,0,0
4230,22,dublin,TOWNSEND STREET,Townsend Street,False,False,OPEN,2024-12-28 02:27:42,True,False,,,53.345922,-6.254614,20,13,7,11,2,0,2,20,13,7,11,2,0,2
4231,34,dublin,PORTOBELLO HARBOUR,Portobello Harbour,False,False,OPEN,2024-12-28 02:27:28,True,False,,,53.330362,-6.265163,30,6,24,4,2,0,2,30,6,24,4,2,0,2
4232,109,dublin,BUCKINGHAM STREET LOWER,Buckingham Street Lower,False,False,OPEN,2024-12-28 02:27:47,True,False,,,53.353331,-6.249319,29,13,16,4,9,0,9,29,13,16,4,9,0,9
4233,92,dublin,HEUSTON BRIDGE (NORTH),Heuston Bridge (North),False,False,OPEN,2024-12-28 02:27:28,True,False,,,53.347802,-6.292432,40,39,1,29,10,0,10,40,39,1,29,10,0,10
4234,42,dublin,SMITHFIELD NORTH,Smithfield North,False,False,OPEN,2024-12-28 02:46:59,True,False,,,53.349562,-6.278198,30,7,23,4,3,0,3,30,7,23,4,3,0,3
4235,30,dublin,PARNELL SQUARE NORTH,Parnell Square North,False,False,OPEN,2024-12-28 02:43:06,True,False,,,53.3537415547453,-6.26530144781526,20,6,14,4,2,0,2,20,6,14,4,2,0,2
4236,54,dublin,CLONMEL STREET,Clonmel Street,False,False,OPEN,2024-12-28 02:47:09,True,False,,,53.336021,-6.26298,33,13,20,3,10,0,10,33,13,20,3,10,0,10
4237,108,dublin,AVONDALE ROAD,Avondale Road,False,False,OPEN,2024-12-28 02:39:47,True,False,,,53.359405,-6.276142,35,19,16,12,7,0,7,35,19,16,12,7,0,7
4238,20,dublin,JAMES STREET EAST,James Street East,False,False,OPEN,2024-12-28 02:40:17,True,False,,,53.336597,-6.248109,30,2,28,2,0,0,0,30,2,28,2,0,0,0
4239,56,dublin,MOUNT STREET LOWER,Mount Street Lower,False,False,OPEN,2024-12-28 02:45:37,True,False,,,53.33796,-6.24153,40,24,16,12,12,0,12,40,24,16,12,12,0,12
4240,6,dublin,CHRISTCHURCH PLACE,Christchurch Place,False,False,OPEN,2024-12-28 02:46:55,True,False,,,53.343368,-6.27012,20,6,14,2,4,0,4,20,6,14,2,4,0,4
4241,18,dublin,GRANTHAM STREET,Grantham Street,False,False,OPEN,2024-12-28 02:42:52,True,False,,,53.334123,-6.265436,30,12,18,4,8,0,8,30,12,18,4,8,0,8
4242,32,dublin,PEARSE STREET,Pearse Street,False,False,OPEN,2024-12-28 02:40:15,True,False,,,53.344304,-6.250427,30,21,9,16,5,0,5,30,21,9,16,5,0,5
4243,52,dublin,YORK STREET EAST,York Street East,False,False,OPEN,2024-12-28 02:40:11,True,False,,,53.338755,-6.262003,32,27,5,16,11,0,11,32,27,5,16,11,0,11
4244,48,dublin,EXCISE WALK,Excise Walk,False,False,OPEN,2024-12-28 02:41:05,True,False,,,53.347777,-6.244239,40,0,40,0,0,0,0,40,0,40,0,0,0,0
4245,13,dublin,FITZWILLIAM SQUARE WEST,Fitzwilliam Square West,False,False,OPEN,2024-12-28 02:37:54,True,False,,,53.336074,-6.252825,30,27,3,11,16,0,16,30,27,3,11,16,0,16
4246,43,dublin,PORTOBELLO ROAD,Portobello Road,False,False,OPEN,2024-12-28 02:41:03,True,False,,,53.330091,-6.268044,30,9,21,6,3,0,3,30,9,21,6,3,0,3
4247,31,dublin,PARNELL STREET,Parnell Street,False,False,OPEN,2024-12-28 02:45:32,True,False,,,53.350929,-6.265125,20,14,6,9,5,0,5,20,14,6,9,5,0,5
4248,98,dublin,FREDERICK STREET SOUTH,Frederick Street South,False,False,OPEN,2024-12-28 02:47:38,True,False,,,53.341515,-6.256853,40,19,21,9,10,0,10,40,19,21,9,10,0,10
4249,14,dublin,FOWNES STREET UPPER,Fownes Street Upper,False,False,OPEN,2024-12-28 02:40:27,True,False,,,53.344603,-6.263371,30,28,2,16,12,0,12,30,28,2,16,12,0,12
4250,1,dublin,CLARENDON ROW,Clarendon Row,False,False,OPEN,2024-12-28 02:39:45,True,False,,,53.340927,-6.262501,31,18,13,13,5,0,5,31,18,13,13,5,0,5
4251,23,dublin,CUSTOM HOUSE,Custom House,False,False,OPEN,2024-12-28 02:38:28,True,False,,,53.348279,-6.254662,30,17,13,8,9,0,9,30,17,13,8,9,0,9
4252,106,dublin,RATHDOWN ROAD,Rathdown Road,False,False,OPEN,2024-12-28 02:45:33,True,False,,,53.35893,-6.280337,40,0,40,0,0,0,0,40,0,40,0,0,0,0
4253,112,dublin,NORTH CIRCULAR ROAD (O'CONNELL'S),North Circular Road (O'Connell's),False,False,OPEN,2024-12-28 02:47:20,True,False,,,53.357841,-6.251557,30,11,19,9,2,0,2,30,11,19,9,2,0,2
4254,68,dublin,HANOVER QUAY,Hanover Quay,False,False,OPEN,2024-12-28 02:39:04,True,False,,,53.344115,-6.237153,40,26,14,17,9,0,9,40,26,14,17,9,0,9
4255,74,dublin,OLIVER BOND STREET,Oliver Bond Street,False,False,OPEN,2024-12-28 02:39:10,True,False,,,53.343893,-6.280531,30,23,7,17,6,0,6,30,23,7,17,6,0,6
4256,87,dublin,COLLINS BARRACKS MUSEUM,Collins Barracks Museum,False,False,OPEN,2024-12-28 02:47:33,True,False,,,53.347477,-6.28525,38,21,17,12,9,0,9,38,21,17,12,9,0,9
4257,84,dublin,BROOKFIELD ROAD,Brookfield Road,False,False,OPEN,2024-12-28 02:38:28,True,False,,,53.339005,-6.300217,30,14,16,8,6,0,6,30,14,16,8,6,0,6
4258,90,dublin,BENSON STREET,Benson Street,False,False,OPEN,2024-12-28 02:40:57,True,False,,,53.344153,-6.233451,40,7,33,5,2,0,2,40,7,33,5,2,0,2
4259,11,dublin,EARLSFORT TERRACE,Earlsfort Terrace,False,False,OPEN,2024-12-28 02:38:17,True,False,,,53.334295,-6.258503,30,17,13,13,4,0,4,30,17,13,13,4,0,4
4260,17,dublin,GOLDEN LANE,Golden Lane,False,False,OPEN,2024-12-28 02:47:35,True,False,,,53.340803,-6.267732,20,13,7,5,8,0,8,20,13,7,5,8,0,8
4261,45,dublin,DEVERELL PLACE,Deverell Place,False,False,OPEN,2024-12-28 02:40:45,True,False,,,53.351464,-6.255265,30,13,17,6,7,0,7,30,13,17,6,7,0,7
4262,114,dublin,WILTON TERRACE (PARK),Wilton Terrace (Park),False,False,OPEN,2024-12-28 02:38:25,True,False,,,53.333653,-6.248345,40,1,39,0,1,0,1,40,1,39,0,1,0,1
4263,72,dublin,JOHN STREET WEST,John Street West,False,False,OPEN,2024-12-28 02:39:54,True,False,,,53.343105,-6.277167,31,1,30,1,0,0,0,31,1,30,1,0,0,0
4264,63,dublin,FENIAN STREET,Fenian Street,False,False,OPEN,2024-12-28 02:38:11,True,False,,,53.341428,-6.24672,35,20,15,10,10,0,10,35,20,15,10,10,0,10
4265,113,dublin,MERRION SQUARE SOUTH,Merrion Square South,False,False,OPEN,2024-12-28 02:41:30,True,False,,,53.338614,-6.248606,40,6,23,5,1,0,1,40,6,23,5,1,0,1
4266,91,dublin,SOUTH DOCK ROAD,South Dock Road,False,False,OPEN,2024-12-28 02:46:40,True,False,,,53.341833,-6.231291,30,30,0,19,11,0,11,30,30,0,19,11,0,11
4267,99,dublin,CITY QUAY,City Quay,False,False,OPEN,2024-12-28 02:42:50,True,False,,,53.346637,-6.246154,30,18,12,9,9,0,9,30,18,12,9,9,0,9
4268,9,dublin,EXCHEQUER STREET,Exchequer Street,False,False,OPEN,2024-12-28 02:43:27,True,False,,,53.343034,-6.263578,24,13,11,3,10,0,10,24,13,11,3,10,0,10
4269,67,dublin,THE POINT,The Point,False,False,OPEN,2024-12-28 02:47:55,True,False,,,53.346867,-6.230852,40,19,21,10,9,0,9,40,19,21,10,9,0,9
4270,116,dublin,BROADSTONE,Broadstone,False,False,OPEN,2024-12-28 02:46:27,True,False,,,53.3547,-6.272314,30,17,13,6,11,0,11,30,17,13,6,11,0,11
4271,55,dublin,HATCH STREET,Hatch Street,False,False,OPEN,2024-12-28 02:42:12,True,False,,,53.33403,-6.260714,36,15,20,9,6,0,6,36,15,20,9,6,0,6
4272,62,dublin,LIME STREET,Lime Street,False,False,OPEN,2024-12-28 02:47:40,True,False,,,53.346026,-6.243576,40,16,24,5,11,0,11,40,16,24,5,11,0,11
4273,5,dublin,CHARLEMONT PLACE,Charlemont Street,False,False,OPEN,2024-12-28 02:41:38,True,False,,,53.330662,-6.260177,40,13,27,10,3,0,3,40,13,27,10,3,0,3
4274,97,dublin,KILMAINHAM GAOL,Kilmainham Gaol,False,False,OPEN,2024-12-28 02:46:34,True,False,,,53.342113,-6.310015,40,8,32,5,3,0,3,40,8,32,5,3,0,3
4275,61,dublin,HARDWICKE PLACE,Hardwicke Place,False,False,OPEN,2024-12-28 02:44:28,True,False,,,53.357043,-6.263232,25,0,25,0,0,0,0,25,0,25,0,0,0,0
4276,77,dublin,WOLFE TONE STREET,Wolfe Tone Street,False,False,OPEN,2024-12-28 02:41:34,True,False,,,53.348875,-6.267459,29,24,5,14,10,0,10,29,24,5,14,10,0,10
4277,73,dublin,FRANCIS STREET,Francis Street,False,False,OPEN,2024-12-28 02:39:10,True,False,,,53.342081,-6.275233,30,8,22,7,1,0,1,30,8,22,7,1,0,1
4278,4,dublin,GREEK STREET,Greek Street,False,False,OPEN,2024-12-28 02:42:05,True,False,,,53.346874,-6.272976,20,12,8,2,10,0,10,20,12,8,2,10,0,10
4279,49,dublin,GUILD STREET,Guild Street,False,False,OPEN,2024-12-28 02:45:03,True,False,,,53.347932,-6.240928,40,35,4,24,11,0,11,40,35,4,24,11,0,11
4280,19,dublin,HERBERT PLACE,Herbert Place,False,False,OPEN,2024-12-28 02:41:52,True,False,,,53.334432,-6.245575,30,6,24,4,2,0,2,30,6,24,4,2,0,2
4281,7,dublin,HIGH STREET,High Street,False,False,OPEN,2024-12-28 02:47:12,True,False,,,53.343565,-6.275071,29,0,29,0,0,0,0,29,0,29,0,0,0,0
4282,60,dublin,NORTH CIRCULAR ROAD,North Circular Road,False,False,OPEN,2024-12-28 02:40:08,True,False,,,53.359624,-6.260348,30,9,21,7,2,0,2,30,9,21,7,2,0,2
4283,102,dublin,WESTERN WAY,Western Way,False,False,OPEN,2024-12-28 02:39:54,True,False,,,53.354929,-6.269425,40,13,27,11,2,0,2,40,13,27,11,2,0,2
4284,38,dublin,TALBOT STREET,Talbot Street,False,False,OPEN,2024-12-28 02:38:46,True,False,,,53.350974,-6.25294,40,22,18,17,5,0,5,40,22,18,17,5,0,5
4285,53,dublin,NEWMAN HOUSE,Newman House,False,False,OPEN,2024-12-28 02:39:56,True,False,,,53.337132,-6.26059,40,11,29,11,0,0,0,40,11,29,11,0,0,0
4286,58,dublin,SIR PATRICK DUN'S,Sir Patrick's Dun,False,False,OPEN,2024-12-28 02:38:06,True,False,,,53.339218,-6.240642,40,35,5,28,7,0,7,40,35,5,28,7,0,7
4287,66,dublin,NEW CENTRAL BANK,New Central Bank,False,False,OPEN,2024-12-28 02:39:58,True,False,,,53.347122,-6.234749,40,5,35,1,4,0,4,40,5,35,1,4,0,4
4288,104,dublin,GRANGEGORMAN LOWER (CENTRAL),Grangegorman Lower (Central),False,False,OPEN,2024-12-28 02:41:24,True,False,,,53.355173,-6.278424,40,1,39,1,0,0,0,40,1,39,1,0,0,0
4289,101,dublin,KING STREET NORTH,King Street North,False,False,OPEN,2024-12-28 02:39:50,True,False,,,53.350291,-6.273507,30,13,17,8,5,0,5,30,13,17,8,5,0,5
4290,115,dublin,KILLARNEY STREET,Killarney Street,False,False,OPEN,2024-12-28 02:41:38,True,False,,,53.354845,-6.247579,30,27,3,19,8,0,8,30,27,3,19,8,0,8
4291,47,dublin,HERBERT STREET,Herbert Street,False,False,OPEN,2024-12-28 02:39:00,True,False,,,53.335742,-6.24551,40,4,36,2,2,0,2,40,4,36,2,2,0,2
4292,117,dublin,HANOVER QUAY EAST,Hanover Quay East,False,False,OPEN,2024-12-28 02:45:18,True,False,,,53.343653,-6.231755,40,5,35,1,4,0,4,40,5,35,1,4,0,4
4293,8,dublin,CUSTOM HOUSE QUAY,Custom House Quay,False,False,OPEN,2024-12-28 02:41:16,True,False,,,53.347884,-6.248048,30,21,9,14,7,0,7,30,21,9,14,7,0,7
4294,27,dublin,MOLESWORTH STREET,Molesworth Street,False,False,OPEN,2024-12-28 02:41:03,True,False,,,53.341288,-6.258117,20,5,15,2,3,0,3,20,5,15,2,3,0,3
4295,16,dublin,GEORGES QUAY,Georges Quay,False,False,OPEN,2024-12-28 02:46:35,True,False,,,53.347508,-6.252192,20,17,3,9,8,0,8,20,17,3,9,8,0,8
4296,96,dublin,KILMAINHAM LANE,Kilmainham Lane,False,False,OPEN,2024-12-28 02:38:30,True,False,,,53.341805,-6.305085,30,4,26,4,0,0,0,30,4,26,4,0,0,0
4297,82,dublin,MOUNT BROWN,Mount Brown,False,False,OPEN,2024-12-28 02:38:51,True,False,,,53.341645,-6.29719,22,11,11,2,9,0,9,22,11,11,2,9,0,9
4298,76,dublin,MARKET STREET SOUTH,Market Street South,False,False,OPEN,2024-12-28 02:46:51,True,False,,,53.342296,-6.287661,38,2,36,0,2,0,2,38,2,36,0,2,0,2
4299,71,dublin,KEVIN STREET,Kevin Street,False,False,OPEN,2024-12-28 02:38:57,True,False,,,53.337757,-6.267699,40,13,27,5,8,0,8,40,13,27,5,8,0,8
4300,79,dublin,ECCLES STREET EAST,Eccles Street East,False,False,OPEN,2024-12-28 02:40:53,True,False,,,53.358115,-6.265601,27,0,27,0,0,0,0,27,0,27,0,0,0,0
4301,69,dublin,GRAND CANAL DOCK,Grand Canal Dock,False,False,OPEN,2024-12-28 02:40:25,True,False,,,53.342638,-6.238695,40,36,4,23,13,0,13,40,36,4,23,13,0,13
4302,25,dublin,MERRION SQUARE EAST,Merrion Square East,False,False,OPEN,2024-12-28 02:42:06,True,False,,,53.339434,-6.246548,30,0,30,0,0,0,0,30,0,30,0,0,0,0
4303,51,dublin,YORK STREET WEST,York Street West,False,False,OPEN,2024-12-28 02:45:31,True,False,,,53.339334,-6.264699,40,0,0,0,0,0,0,40,0,0,0,0,0,0
4304,37,dublin,ST. STEPHEN'S GREEN SOUTH,St. Stephen's Green South,False,False,OPEN,2024-12-28 02:47:14,True,False,,,53.337494,-6.26199,30,17,13,10,7,0,7,30,17,13,10,7,0,7
4305,59,dublin,DENMARK STREET GREAT,Denmark Street Great,False,False,OPEN,2024-12-28 02:41:59,True,False,,,53.35561,-6.261397,20,2,18,1,1,0,1,20,2,18,1,1,0,1
4306,95,dublin,ROYAL HOSPITAL,Royal Hospital,False,False,OPEN,2024-12-28 02:42:21,True,False,,,53.343897,-6.29706,40,28,12,18,10,0,10,40,28,12,18,10,0,10
4307,94,dublin,HEUSTON STATION (CAR PARK),Heuston Station (Car Park),False,False,OPEN,2024-12-28 02:38:56,True,False,,,53.346985,-6.297804,40,10,30,10,0,0,0,40,10,30,10,0,0,0
4308,105,dublin,GRANGEGORMAN LOWER (NORTH),Grangegorman Lower (North),False,False,OPEN,2024-12-28 02:39:07,True,False,,,53.355954,-6.278378,36,3,33,2,1,0,1,36,3,33,2,1,0,1
4309,36,dublin,ST. STEPHEN'S GREEN EAST,St. Stephen's Green East,False,False,OPEN,2024-12-28 02:45:25,True,False,,,53.337824,-6.256035,40,15,25,7,8,0,8,40,15,25,7,8,0,8
4310,93,dublin,HEUSTON STATION (CENTRAL),Heuston Station (Central),False,False,OPEN,2024-12-28 02:47:42,True,False,,,53.346603,-6.296924,40,13,27,13,0,0,0,40,13,27,13,0,0,0
4311,22,dublin,TOWNSEND STREET,Townsend Street,False,False,OPEN,2024-12-28 02:47:50,True,False,,,53.345922,-6.254614,20,13,7,11,2,0,2,20,13,7,11,2,0,2
4312,50,dublin,GEORGES LANE,George's Lane,False,False,OPEN,2024-12-28 02:43:19,True,False,,,53.35023,-6.279696,40,11,29,10,1,0,1,40,11,29,10,1,0,1
4313,110,dublin,PHIBSBOROUGH ROAD,Phibsborough Road,False,False,OPEN,2024-12-28 02:40:09,True,False,,,53.356307,-6.273717,40,8,32,1,7,0,7,40,8,32,1,7,0,7
4314,12,dublin,ECCLES STREET,Eccles Street,False,False,OPEN,2024-12-28 02:47:02,True,False,,,53.359246,-6.269779,20,3,17,3,0,0,0,20,3,17,3,0,0,0
4315,34,dublin,PORTOBELLO HARBOUR,Portobello Harbour,False,False,OPEN,2024-12-28 02:47:36,True,False,,,53.330362,-6.265163,30,6,24,4,2,0,2,30,6,24,4,2,0,2
4316,78,dublin,MATER HOSPITAL,Mater Hospital,False,False,OPEN,2024-12-28 02:40:39,True,False,,,53.359967,-6.264828,40,1,39,1,0,0,0,40,1,39,1,0,0,0
4317,2,dublin,BLESSINGTON STREET,Blessington Street,False,False,OPEN,2024-12-28 02:40:37,True,False,,,53.356769,-6.26814,20,5,15,3,2,0,2,20,5,15,3,2,0,2
4318,75,dublin,JAMES STREET,James Street,False,False,OPEN,2024-12-28 02:43:43,True,False,,,53.343456,-6.287409,40,3,37,2,1,0,1,40,3,37,2,1,0,1
4319,111,dublin,MOUNTJOY SQUARE EAST,Mountjoy Square East,False,False,OPEN,2024-12-28 02:44:53,True,False,,,53.356717,-6.256359,40,0,40,0,0,0,0,40,0,40,0,0,0,0
4320,26,dublin,MERRION SQUARE WEST,Merrion Square West,False,False,OPEN,2024-12-28 02:45:57,True,False,,,53.339764,-6.251988,20,12,8,4,8,0,8,20,12,8,4,8,0,8
4321,65,dublin,CONVENTION CENTRE,Convention Centre,False,False,OPEN,2024-12-28 02:39:39,True,False,,,53.34744,-6.238523,40,12,28,10,2,0,2,40,12,28,10,2,0,2
4322,15,dublin,HARDWICKE STREET,Hardwicke Street,False,False,OPEN,2024-12-28 02:39:36,True,False,,,53.355473,-6.264423,16,4,12,3,1,0,1,16,4,12,3,1,0,1
4323,86,dublin,PARKGATE STREET,Parkgate Street,False,False,OPEN,2024-12-28 02:46:00,True,False,,,53.347972,-6.291804,38,33,5,3,30,0,30,38,33,5,3,30,0,30
4324,35,dublin,SMITHFIELD,Smithfield,False,False,OPEN,2024-12-28 02:40:47,True,False,,,53.347692,-6.278214,30,9,21,5,4,0,4,30,9,21,5,4,0,4
4325,10,dublin,DAME STREET,Dame Street,False,False,OPEN,2024-12-28 02:41:01,True,False,,,53.344007,-6.266802,16,14,2,10,4,0,4,16,14,2,10,4,0,4
4326,100,dublin,HEUSTON BRIDGE (SOUTH),Heuston Bridge (South),False,False,OPEN,2024-12-28 02:43:36,True,False,,,53.347106,-6.292041,25,15,10,8,7,0,7,25,15,10,8,7,0,7
4327,24,dublin,CATHAL BRUGHA STREET,Cathal Brugha Street,False,False,OPEN,2024-12-28 02:43:00,True,False,,,53.352149,-6.260533,20,12,8,11,1,0,1,20,12,8,11,1,0,1
4328,64,dublin,SANDWITH STREET,Sandwith Street,False,False,OPEN,2024-12-28 02:42:00,True,False,,,53.345203,-6.247163,40,23,17,19,4,0,4,40,23,17,19,4,0,4
4329,109,dublin,BUCKINGHAM STREET LOWER,Buckingham Street Lower,False,False,OPEN,2024-12-28 02:40:32,True,False,,,53.353331,-6.249319,29,13,16,4,9,0,9,29,13,16,4,9,0,9
4330,85,dublin,ROTHE ABBEY,Rothe Abbey,False,False,OPEN,2024-12-28 02:40:40,True,False,,,53.338776,-6.30395,35,30,5,16,14,0,14,35,30,5,16,14,0,14
4331,107,dublin,CHARLEVILLE ROAD,Charleville Road,False,False,OPEN,2024-12-28 02:39:15,True,False,,,53.359157,-6.281866,40,17,23,10,7,0,7,40,17,23,10,7,0,7
4332,33,dublin,PRINCES STREET / O'CONNELL STREET,Princes Street / O'Connell Street,False,False,OPEN,2024-12-28 02:41:49,True,False,,,53.349013,-6.260311,23,15,8,6,9,0,9,23,15,8,6,9,0,9
4333,44,dublin,UPPER SHERRARD STREET,Upper Sherrard Street,False,False,OPEN,2024-12-28 02:38:40,True,False,,,53.358437,-6.260641,30,8,22,7,1,0,1,30,8,22,7,1,0,1
4334,89,dublin,FITZWILLIAM SQUARE EAST,Fitzwilliam Square East,False,False,OPEN,2024-12-28 02:41:05,True,False,,,53.335211,-6.2509,40,23,17,12,11,0,11,40,23,17,12,11,0,11
4335,57,dublin,GRATTAN STREET,Grattan Street,False,False,OPEN,2024-12-28 02:45:25,True,False,,,53.339629,-6.243778,23,6,17,4,2,0,2,23,6,17,4,2,0,2
4336,80,dublin,ST JAMES HOSPITAL (LUAS),St James Hospital (Luas),False,False,OPEN,2024-12-28 02:38:57,True,False,,,53.341359,-6.292951,40,2,38,2,0,0,0,40,2,38,2,0,0,0
4337,41,dublin,HARCOURT TERRACE,Harcourt Terrace,False,False,OPEN,2024-12-28 02:46:15,True,False,,,53.332763,-6.257942,20,2,18,1,1,0,1,20,2,18,1,1,0,1
4338,3,dublin,BOLTON STREET,Bolton Street,False,False,OPEN,2024-12-28 02:38:30,True,False,,,53.351182,-6.269859,20,9,11,8,1,0,1,20,9,11,8,1,0,1
4339,40,dublin,JERVIS STREET,Jervis Street,False,False,OPEN,2024-12-28 02:43:42,True,False,,,53.3483,-6.266651,21,9,12,5,4,0,4,21,9,12,5,4,0,4
4340,29,dublin,ORMOND QUAY UPPER,Ormond Quay Upper,False,False,OPEN,2024-12-28 02:40:48,True,False,,,53.346057,-6.268001,29,28,1,15,13,0,13,29,28,1,15,13,0,13
4341,103,dublin,GRANGEGORMAN LOWER (SOUTH),Grangegorman Lower (South),False,False,OPEN,2024-12-28 02:46:09,True,False,,,53.354663,-6.278681,40,0,40,0,0,0,0,40,0,40,0,0,0,0
4342,28,dublin,MOUNTJOY SQUARE WEST,Mountjoy Square West,False,False,OPEN,2024-12-28 02:44:15,True,False,,,53.356299,-6.258586,30,0,30,0,0,0,0,30,0,30,0,0,0,0
4343,39,dublin,WILTON TERRACE,Wilton Terrace,False,False,OPEN,2024-12-28 02:39:22,True,False,,,53.332383,-6.252717,20,2,18,0,2,0,2,20,2,18,0,2,0,2
4344,83,dublin,EMMET ROAD,Emmet Road,False,False,OPEN,2024-12-28 02:38:09,True,False,,,53.340714,-6.308191,40,13,26,11,2,0,2,40,13,26,11,2,0,2
4345,92,dublin,HEUSTON BRIDGE (NORTH),Heuston Bridge (North),False,False,OPEN,2024-12-28 02:47:36,True,False,,,53.347802,-6.292432,40,39,1,29,10,0,10,40,39,1,29,10,0,10
4346,21,dublin,LEINSTER STREET SOUTH,Leinster Street South,False,False,OPEN,2024-12-28 02:40:07,True,False,,,53.34218,-6.254485,30,2,28,2,0,0,0,30,2,28,2,0,0,0
4347,88,dublin,BLACKHALL PLACE,Blackhall Place,False,False,OPEN,2024-12-28 02:40:47,True,False,,,53.3488,-6.281637,30,4,26,2,2,0,2,30,4,26,2,2,0,2
4348,42,dublin,SMITHFIELD NORTH,Smithfield North,False,False,OPEN,2024-12-28 03:07:07,True,False,,,53.349562,-6.278198,30,7,23,4,3,0,3,30,7,23,4,3,0,3
4349,30,dublin,PARNELL SQUARE NORTH,Parnell Square North,False,False,OPEN,2024-12-28 03:03:17,True,False,,,53.3537415547453,-6.26530144781526,20,6,14,4,2,0,2,20,6,14,4,2,0,2
4350,54,dublin,CLONMEL STREET,Clonmel Street,False,False,OPEN,2024-12-28 03:02:19,True,False,,,53.336021,-6.26298,33,13,20,3,10,0,10,33,13,20,3,10,0,10
4351,108,dublin,AVONDALE ROAD,Avondale Road,False,False,OPEN,2024-12-28 02:59:56,True,False,,,53.359405,-6.276142,35,19,16,12,7,0,7,35,19,16,12,7,0,7
4352,20,dublin,JAMES STREET EAST,James Street East,False,False,OPEN,2024-12-28 03:00:25,True,False,,,53.336597,-6.248109,30,2,28,2,0,0,0,30,2,28,2,0,0,0
4353,56,dublin,MOUNT STREET LOWER,Mount Street Lower,False,False,OPEN,2024-12-28 03:05:47,True,False,,,53.33796,-6.24153,40,24,16,12,12,0,12,40,24,16,12,12,0,12
4354,6,dublin,CHRISTCHURCH PLACE,Christchurch Place,False,False,OPEN,2024-12-28 03:07:03,True,False,,,53.343368,-6.27012,20,6,14,2,4,0,4,20,6,14,2,4,0,4
4355,18,dublin,GRANTHAM STREET,Grantham Street,False,False,OPEN,2024-12-28 02:59:05,True,False,,,53.334123,-6.265436,30,12,18,4,8,0,8,30,12,18,4,8,0,8
4356,32,dublin,PEARSE STREET,Pearse Street,False,False,OPEN,2024-12-28 03:00:26,True,False,,,53.344304,-6.250427,30,21,9,16,5,0,5,30,21,9,16,5,0,5
4357,52,dublin,YORK STREET EAST,York Street East,False,False,OPEN,2024-12-28 03:00:21,True,False,,,53.338755,-6.262003,32,27,5,16,11,0,11,32,27,5,16,11,0,11
4358,48,dublin,EXCISE WALK,Excise Walk,False,False,OPEN,2024-12-28 03:01:14,True,False,,,53.347777,-6.244239,40,0,40,0,0,0,0,40,0,40,0,0,0,0
4359,13,dublin,FITZWILLIAM SQUARE WEST,Fitzwilliam Square West,False,False,OPEN,2024-12-28 02:58:03,True,False,,,53.336074,-6.252825,30,27,3,11,16,0,16,30,27,3,11,16,0,16
4360,43,dublin,PORTOBELLO ROAD,Portobello Road,False,False,OPEN,2024-12-28 03:01:13,True,False,,,53.330091,-6.268044,30,9,21,6,3,0,3,30,9,21,6,3,0,3
4361,31,dublin,PARNELL STREET,Parnell Street,False,False,OPEN,2024-12-28 03:05:39,True,False,,,53.350929,-6.265125,20,14,6,9,5,0,5,20,14,6,9,5,0,5
4362,98,dublin,FREDERICK STREET SOUTH,Frederick Street South,False,False,OPEN,2024-12-28 03:07:46,True,False,,,53.341515,-6.256853,40,19,21,9,10,0,10,40,19,21,9,10,0,10
4363,14,dublin,FOWNES STREET UPPER,Fownes Street Upper,False,False,OPEN,2024-12-28 03:00:34,True,False,,,53.344603,-6.263371,30,28,2,16,12,0,12,30,28,2,16,12,0,12
4364,1,dublin,CLARENDON ROW,Clarendon Row,False,False,OPEN,2024-12-28 02:59:56,True,False,,,53.340927,-6.262501,31,18,13,13,5,0,5,31,18,13,13,5,0,5
4365,23,dublin,CUSTOM HOUSE,Custom House,False,False,OPEN,2024-12-28 03:07:03,True,False,,,53.348279,-6.254662,30,17,13,8,9,0,9,30,17,13,8,9,0,9
4366,106,dublin,RATHDOWN ROAD,Rathdown Road,False,False,OPEN,2024-12-28 03:05:42,True,False,,,53.35893,-6.280337,40,0,40,0,0,0,0,40,0,40,0,0,0,0
4367,112,dublin,NORTH CIRCULAR ROAD (O'CONNELL'S),North Circular Road (O'Connell's),False,False,OPEN,2024-12-28 03:07:28,True,False,,,53.357841,-6.251557,30,11,19,9,2,0,2,30,11,19,9,2,0,2
4368,68,dublin,HANOVER QUAY,Hanover Quay,False,False,OPEN,2024-12-28 02:59:12,True,False,,,53.344115,-6.237153,40,26,14,17,9,0,9,40,26,14,17,9,0,9
4369,74,dublin,OLIVER BOND STREET,Oliver Bond Street,False,False,OPEN,2024-12-28 02:59:19,True,False,,,53.343893,-6.280531,30,23,7,17,6,0,6,30,23,7,17,6,0,6
4370,87,dublin,COLLINS BARRACKS MUSEUM,Collins Barracks Museum,False,False,OPEN,2024-12-28 03:07:43,True,False,,,53.347477,-6.28525,38,21,17,12,9,0,9,38,21,17,12,9,0,9
4371,84,dublin,BROOKFIELD ROAD,Brookfield Road,False,False,OPEN,2024-12-28 02:58:36,True,False,,,53.339005,-6.300217,30,14,16,8,6,0,6,30,14,16,8,6,0,6
4372,90,dublin,BENSON STREET,Benson Street,False,False,OPEN,2024-12-28 03:01:05,True,False,,,53.344153,-6.233451,40,7,33,5,2,0,2,40,7,33,5,2,0,2
4373,11,dublin,EARLSFORT TERRACE,Earlsfort Terrace,False,False,OPEN,2024-12-28 02:58:28,True,False,,,53.334295,-6.258503,30,17,13,13,4,0,4,30,17,13,13,4,0,4
4374,17,dublin,GOLDEN LANE,Golden Lane,False,False,OPEN,2024-12-28 03:07:43,True,False,,,53.340803,-6.267732,20,13,7,5,8,0,8,20,13,7,5,8,0,8
4375,45,dublin,DEVERELL PLACE,Deverell Place,False,False,OPEN,2024-12-28 03:00:53,True,False,,,53.351464,-6.255265,30,13,17,6,7,0,7,30,13,17,6,7,0,7
4376,114,dublin,WILTON TERRACE (PARK),Wilton Terrace (Park),False,False,OPEN,2024-12-28 02:58:32,True,False,,,53.333653,-6.248345,40,1,39,0,1,0,1,40,1,39,0,1,0,1
4377,72,dublin,JOHN STREET WEST,John Street West,False,False,OPEN,2024-12-28 03:00:02,True,False,,,53.343105,-6.277167,31,1,30,1,0,0,0,31,1,30,1,0,0,0
4378,63,dublin,FENIAN STREET,Fenian Street,False,False,OPEN,2024-12-28 02:58:19,True,False,,,53.341428,-6.24672,35,20,15,10,10,0,10,35,20,15,10,10,0,10
4379,113,dublin,MERRION SQUARE SOUTH,Merrion Square South,False,False,OPEN,2024-12-28 03:01:41,True,False,,,53.338614,-6.248606,40,6,23,5,1,0,1,40,6,23,5,1,0,1
4380,91,dublin,SOUTH DOCK ROAD,South Dock Road,False,False,OPEN,2024-12-28 03:06:49,True,False,,,53.341833,-6.231291,30,30,0,19,11,0,11,30,30,0,19,11,0,11
4381,99,dublin,CITY QUAY,City Quay,False,False,OPEN,2024-12-28 03:02:59,True,False,,,53.346637,-6.246154,30,18,12,9,9,0,9,30,18,12,9,9,0,9
4382,9,dublin,EXCHEQUER STREET,Exchequer Street,False,False,OPEN,2024-12-28 03:03:37,True,False,,,53.343034,-6.263578,24,13,11,3,10,0,10,24,13,11,3,10,0,10
4383,67,dublin,THE POINT,The Point,False,False,OPEN,2024-12-28 02:58:00,True,False,,,53.346867,-6.230852,40,19,21,10,9,0,9,40,19,21,10,9,0,9
4384,116,dublin,BROADSTONE,Broadstone,False,False,OPEN,2024-12-28 03:06:36,True,False,,,53.3547,-6.272314,30,17,13,6,11,0,11,30,17,13,6,11,0,11
4385,55,dublin,HATCH STREET,Hatch Street,False,False,OPEN,2024-12-28 03:02:23,True,False,,,53.33403,-6.260714,36,15,20,9,6,0,6,36,15,20,9,6,0,6
4386,62,dublin,LIME STREET,Lime Street,False,False,OPEN,2024-12-28 03:07:49,True,False,,,53.346026,-6.243576,40,16,24,5,11,0,11,40,16,24,5,11,0,11
4387,5,dublin,CHARLEMONT PLACE,Charlemont Street,False,False,OPEN,2024-12-28 03:01:46,True,False,,,53.330662,-6.260177,40,13,27,10,3,0,3,40,13,27,10,3,0,3
4388,97,dublin,KILMAINHAM GAOL,Kilmainham Gaol,False,False,OPEN,2024-12-28 03:06:41,True,False,,,53.342113,-6.310015,40,8,32,5,3,0,3,40,8,32,5,3,0,3
4389,61,dublin,HARDWICKE PLACE,Hardwicke Place,False,False,OPEN,2024-12-28 03:04:35,True,False,,,53.357043,-6.263232,25,0,25,0,0,0,0,25,0,25,0,0,0,0
4390,77,dublin,WOLFE TONE STREET,Wolfe Tone Street,False,False,OPEN,2024-12-28 03:01:45,True,False,,,53.348875,-6.267459,29,24,5,14,10,0,10,29,24,5,14,10,0,10
4391,73,dublin,FRANCIS STREET,Francis Street,False,False,OPEN,2024-12-28 02:59:18,True,False,,,53.342081,-6.275233,30,8,22,7,1,0,1,30,8,22,7,1,0,1
4392,4,dublin,GREEK STREET,Greek Street,False,False,OPEN,2024-12-28 03:02:16,True,False,,,53.346874,-6.272976,20,12,8,2,10,0,10,20,12,8,2,10,0,10
4393,49,dublin,GUILD STREET,Guild Street,False,False,OPEN,2024-12-28 03:04:16,True,False,,,53.347932,-6.240928,40,35,4,24,11,0,11,40,35,4,24,11,0,11
4394,19,dublin,HERBERT PLACE,Herbert Place,False,False,OPEN,2024-12-28 03:02:03,True,False,,,53.334432,-6.245575,30,6,24,4,2,0,2,30,6,24,4,2,0,2
4395,7,dublin,HIGH STREET,High Street,False,False,OPEN,2024-12-28 03:07:20,True,False,,,53.343565,-6.275071,29,0,29,0,0,0,0,29,0,29,0,0,0,0
4396,60,dublin,NORTH CIRCULAR ROAD,North Circular Road,False,False,OPEN,2024-12-28 03:00:16,True,False,,,53.359624,-6.260348,30,9,21,7,2,0,2,30,9,21,7,2,0,2
4397,102,dublin,WESTERN WAY,Western Way,False,False,OPEN,2024-12-28 03:00:05,True,False,,,53.354929,-6.269425,40,13,27,11,2,0,2,40,13,27,11,2,0,2
4398,38,dublin,TALBOT STREET,Talbot Street,False,False,OPEN,2024-12-28 02:58:57,True,False,,,53.350974,-6.25294,40,22,18,17,5,0,5,40,22,18,17,5,0,5
4399,53,dublin,NEWMAN HOUSE,Newman House,False,False,OPEN,2024-12-28 03:00:06,True,False,,,53.337132,-6.26059,40,11,29,11,0,0,0,40,11,29,11,0,0,0
4400,58,dublin,SIR PATRICK DUN'S,Sir Patrick's Dun,False,False,OPEN,2024-12-28 02:58:16,True,False,,,53.339218,-6.240642,40,35,5,28,7,0,7,40,35,5,28,7,0,7
4401,66,dublin,NEW CENTRAL BANK,New Central Bank,False,False,OPEN,2024-12-28 03:00:07,True,False,,,53.347122,-6.234749,40,5,35,1,4,0,4,40,5,35,1,4,0,4
4402,104,dublin,GRANGEGORMAN LOWER (CENTRAL),Grangegorman Lower (Central),False,False,OPEN,2024-12-28 03:01:35,True,False,,,53.355173,-6.278424,40,1,39,1,0,0,0,40,1,39,1,0,0,0
4403,101,dublin,KING STREET NORTH,King Street North,False,False,OPEN,2024-12-28 03:00:00,True,False,,,53.350291,-6.273507,30,13,17,8,5,0,5,30,13,17,8,5,0,5
4404,115,dublin,KILLARNEY STREET,Killarney Street,False,False,OPEN,2024-12-28 03:01:46,True,False,,,53.354845,-6.247579,30,27,3,19,8,0,8,30,27,3,19,8,0,8
4405,47,dublin,HERBERT STREET,Herbert Street,False,False,OPEN,2024-12-28 02:59:11,True,False,,,53.335742,-6.24551,40,4,36,2,2,0,2,40,4,36,2,2,0,2
4406,117,dublin,HANOVER QUAY EAST,Hanover Quay East,False,False,OPEN,2024-12-28 03:05:26,True,False,,,53.343653,-6.231755,40,5,35,1,4,0,4,40,5,35,1,4,0,4
4407,8,dublin,CUSTOM HOUSE QUAY,Custom House Quay,False,False,OPEN,2024-12-28 03:01:27,True,False,,,53.347884,-6.248048,30,21,9,14,7,0,7,30,21,9,14,7,0,7
4408,27,dublin,MOLESWORTH STREET,Molesworth Street,False,False,OPEN,2024-12-28 03:01:13,True,False,,,53.341288,-6.258117,20,5,15,2,3,0,3,20,5,15,2,3,0,3
4409,16,dublin,GEORGES QUAY,Georges Quay,False,False,OPEN,2024-12-28 03:06:45,True,False,,,53.347508,-6.252192,20,17,3,9,8,0,8,20,17,3,9,8,0,8
4410,96,dublin,KILMAINHAM LANE,Kilmainham Lane,False,False,OPEN,2024-12-28 02:58:41,True,False,,,53.341805,-6.305085,30,4,26,4,0,0,0,30,4,26,4,0,0,0
4411,82,dublin,MOUNT BROWN,Mount Brown,False,False,OPEN,2024-12-28 02:58:58,True,False,,,53.341645,-6.29719,22,11,11,2,9,0,9,22,11,11,2,9,0,9
4412,76,dublin,MARKET STREET SOUTH,Market Street South,False,False,OPEN,2024-12-28 03:06:59,True,False,,,53.342296,-6.287661,38,2,36,0,2,0,2,38,2,36,0,2,0,2
4413,71,dublin,KEVIN STREET,Kevin Street,False,False,OPEN,2024-12-28 02:59:07,True,False,,,53.337757,-6.267699,40,13,27,5,8,0,8,40,13,27,5,8,0,8
4414,79,dublin,ECCLES STREET EAST,Eccles Street East,False,False,OPEN,2024-12-28 03:01:04,True,False,,,53.358115,-6.265601,27,0,27,0,0,0,0,27,0,27,0,0,0,0
4415,69,dublin,GRAND CANAL DOCK,Grand Canal Dock,False,False,OPEN,2024-12-28 03:00:32,True,False,,,53.342638,-6.238695,40,36,4,23,13,0,13,40,36,4,23,13,0,13
4416,25,dublin,MERRION SQUARE EAST,Merrion Square East,False,False,OPEN,2024-12-28 03:02:17,True,False,,,53.339434,-6.246548,30,0,30,0,0,0,0,30,0,30,0,0,0,0
4417,51,dublin,YORK STREET WEST,York Street West,False,False,OPEN,2024-12-28 03:05:38,True,False,,,53.339334,-6.264699,40,0,0,0,0,0,0,40,0,0,0,0,0,0
4418,37,dublin,ST. STEPHEN'S GREEN SOUTH,St. Stephen's Green South,False,False,OPEN,2024-12-28 03:07:21,True,False,,,53.337494,-6.26199,30,17,13,10,7,0,7,30,17,13,10,7,0,7
4419,59,dublin,DENMARK STREET GREAT,Denmark Street Great,False,False,OPEN,2024-12-28 03:02:08,True,False,,,53.35561,-6.261397,20,2,18,1,1,0,1,20,2,18,1,1,0,1
4420,95,dublin,ROYAL HOSPITAL,Royal Hospital,False,False,OPEN,2024-12-28 03:02:31,True,False,,,53.343897,-6.29706,40,28,12,18,10,0,10,40,28,12,18,10,0,10
4421,94,dublin,HEUSTON STATION (CAR PARK),Heuston Station (Car Park),False,False,OPEN,2024-12-28 02:59:04,True,False,,,53.346985,-6.297804,40,10,30,10,0,0,0,40,10,30,10,0,0,0
4422,105,dublin,GRANGEGORMAN LOWER (NORTH),Grangegorman Lower (North),False,False,OPEN,2024-12-28 02:59:14,True,False,,,53.355954,-6.278378,36,3,33,2,1,0,1,36,3,33,2,1,0,1
4423,36,dublin,ST. STEPHEN'S GREEN EAST,St. Stephen's Green East,False,False,OPEN,2024-12-28 03:05:32,True,False,,,53.337824,-6.256035,40,15,25,7,8,0,8,40,15,25,7,8,0,8
4424,93,dublin,HEUSTON STATION (CENTRAL),Heuston Station (Central),False,False,OPEN,2024-12-28 03:07:51,True,False,,,53.346603,-6.296924,40,13,27,13,0,0,0,40,13,27,13,0,0,0
4425,22,dublin,TOWNSEND STREET,Townsend Street,False,False,OPEN,2024-12-28 02:57:53,True,False,,,53.345922,-6.254614,20,13,7,11,2,0,2,20,13,7,11,2,0,2
4426,50,dublin,GEORGES LANE,George's Lane,False,False,OPEN,2024-12-28 03:03:29,True,False,,,53.35023,-6.279696,40,11,29,10,1,0,1,40,11,29,10,1,0,1
4427,110,dublin,PHIBSBOROUGH ROAD,Phibsborough Road,False,False,OPEN,2024-12-28 03:00:17,True,False,,,53.356307,-6.273717,40,8,32,1,7,0,7,40,8,32,1,7,0,7
4428,12,dublin,ECCLES STREET,Eccles Street,False,False,OPEN,2024-12-28 03:07:10,True,False,,,53.359246,-6.269779,20,3,17,3,0,0,0,20,3,17,3,0,0,0
4429,34,dublin,PORTOBELLO HARBOUR,Portobello Harbour,False,False,OPEN,2024-12-28 03:07:43,True,False,,,53.330362,-6.265163,30,6,24,4,2,0,2,30,6,24,4,2,0,2
4430,78,dublin,MATER HOSPITAL,Mater Hospital,False,False,OPEN,2024-12-28 03:00:49,True,False,,,53.359967,-6.264828,40,1,39,1,0,0,0,40,1,39,1,0,0,0
4431,2,dublin,BLESSINGTON STREET,Blessington Street,False,False,OPEN,2024-12-28 03:00:45,True,False,,,53.356769,-6.26814,20,5,15,3,2,0,2,20,5,15,3,2,0,2
4432,75,dublin,JAMES STREET,James Street,False,False,OPEN,2024-12-28 03:03:54,True,False,,,53.343456,-6.287409,40,3,37,2,1,0,1,40,3,37,2,1,0,1
4433,111,dublin,MOUNTJOY SQUARE EAST,Mountjoy Square East,False,False,OPEN,2024-12-28 03:05:00,True,False,,,53.356717,-6.256359,40,0,40,0,0,0,0,40,0,40,0,0,0,0
4434,26,dublin,MERRION SQUARE WEST,Merrion Square West,False,False,OPEN,2024-12-28 03:06:06,True,False,,,53.339764,-6.251988,20,12,8,4,8,0,8,20,12,8,4,8,0,8
4435,65,dublin,CONVENTION CENTRE,Convention Centre,False,False,OPEN,2024-12-28 02:59:50,True,False,,,53.34744,-6.238523,40,12,28,10,2,0,2,40,12,28,10,2,0,2
4436,15,dublin,HARDWICKE STREET,Hardwicke Street,False,False,OPEN,2024-12-28 02:59:44,True,False,,,53.355473,-6.264423,16,4,12,3,1,0,1,16,4,12,3,1,0,1
4437,86,dublin,PARKGATE STREET,Parkgate Street,False,False,OPEN,2024-12-28 03:06:09,True,False,,,53.347972,-6.291804,38,33,5,3,30,0,30,38,33,5,3,30,0,30
4438,35,dublin,SMITHFIELD,Smithfield,False,False,OPEN,2024-12-28 03:00:54,True,False,,,53.347692,-6.278214,30,9,21,5,4,0,4,30,9,21,5,4,0,4
4439,10,dublin,DAME STREET,Dame Street,False,False,OPEN,2024-12-28 03:01:10,True,False,,,53.344007,-6.266802,16,14,2,10,4,0,4,16,14,2,10,4,0,4
4440,100,dublin,HEUSTON BRIDGE (SOUTH),Heuston Bridge (South),False,False,OPEN,2024-12-28 03:05:30,True,False,,,53.347106,-6.292041,25,15,10,8,7,0,7,25,15,10,8,7,0,7
4441,24,dublin,CATHAL BRUGHA STREET,Cathal Brugha Street,False,False,OPEN,2024-12-28 03:03:10,True,False,,,53.352149,-6.260533,20,12,8,11,1,0,1,20,12,8,11,1,0,1
4442,64,dublin,SANDWITH STREET,Sandwith Street,False,False,OPEN,2024-12-28 03:02:11,True,False,,,53.345203,-6.247163,40,23,17,19,4,0,4,40,23,17,19,4,0,4
4443,109,dublin,BUCKINGHAM STREET LOWER,Buckingham Street Lower,False,False,OPEN,2024-12-28 02:57:59,True,False,,,53.353331,-6.249319,29,13,16,4,9,0,9,29,13,16,4,9,0,9
4444,85,dublin,ROTHE ABBEY,Rothe Abbey,False,False,OPEN,2024-12-28 03:00:48,True,False,,,53.338776,-6.30395,35,30,5,16,14,0,14,35,30,5,16,14,0,14
4445,107,dublin,CHARLEVILLE ROAD,Charleville Road,False,False,OPEN,2024-12-28 02:59:26,True,False,,,53.359157,-6.281866,40,17,23,10,7,0,7,40,17,23,10,7,0,7
4446,33,dublin,PRINCES STREET / O'CONNELL STREET,Princes Street / O'Connell Street,False,False,OPEN,2024-12-28 03:02:00,True,False,,,53.349013,-6.260311,23,15,8,6,9,0,9,23,15,8,6,9,0,9
4447,44,dublin,UPPER SHERRARD STREET,Upper Sherrard Street,False,False,OPEN,2024-12-28 02:58:49,True,False,,,53.358437,-6.260641,30,8,22,7,1,0,1,30,8,22,7,1,0,1
4448,89,dublin,FITZWILLIAM SQUARE EAST,Fitzwilliam Square East,False,False,OPEN,2024-12-28 03:01:16,True,False,,,53.335211,-6.2509,40,23,17,12,11,0,11,40,23,17,12,11,0,11
4449,57,dublin,GRATTAN STREET,Grattan Street,False,False,OPEN,2024-12-28 03:05:32,True,False,,,53.339629,-6.243778,23,6,17,4,2,0,2,23,6,17,4,2,0,2
4450,80,dublin,ST JAMES HOSPITAL (LUAS),St James Hospital (Luas),False,False,OPEN,2024-12-28 02:59:04,True,False,,,53.341359,-6.292951,40,2,38,2,0,0,0,40,2,38,2,0,0,0
4451,41,dublin,HARCOURT TERRACE,Harcourt Terrace,False,False,OPEN,2024-12-28 03:06:23,True,False,,,53.332763,-6.257942,20,2,18,1,1,0,1,20,2,18,1,1,0,1
4452,3,dublin,BOLTON STREET,Bolton Street,False,False,OPEN,2024-12-28 02:58:38,True,False,,,53.351182,-6.269859,20,9,11,8,1,0,1,20,9,11,8,1,0,1
4453,40,dublin,JERVIS STREET,Jervis Street,False,False,OPEN,2024-12-28 03:03:52,True,False,,,53.3483,-6.266651,21,9,12,5,4,0,4,21,9,12,5,4,0,4
4454,29,dublin,ORMOND QUAY UPPER,Ormond Quay Upper,False,False,OPEN,2024-12-28 03:00:56,True,False,,,53.346057,-6.268001,29,28,1,15,13,0,13,29,28,1,15,13,0,13
4455,103,dublin,GRANGEGORMAN LOWER (SOUTH),Grangegorman Lower (South),False,False,OPEN,2024-12-28 03:06:17,True,False,,,53.354663,-6.278681,40,0,40,0,0,0,0,40,0,40,0,0,0,0
4456,28,dublin,MOUNTJOY SQUARE WEST,Mountjoy Square West,False,False,OPEN,2024-12-28 03:04:26,True,False,,,53.356299,-6.258586,30,0,30,0,0,0,0,30,0,30,0,0,0,0
4457,39,dublin,WILTON TERRACE,Wilton Terrace,False,False,OPEN,2024-12-28 02:59:31,True,False,,,53.332383,-6.252717,20,2,18,0,2,0,2,20,2,18,0,2,0,2
4458,83,dublin,EMMET ROAD,Emmet Road,False,False,OPEN,2024-12-28 02:58:16,True,False,,,53.340714,-6.308191,40,13,26,11,2,0,2,40,13,26,11,2,0,2
4459,92,dublin,HEUSTON BRIDGE (NORTH),Heuston Bridge (North),False,False,OPEN,2024-12-28 03:07:44,True,False,,,53.347802,-6.292432,40,39,1,29,10,0,10,40,39,1,29,10,0,10
4460,21,dublin,LEINSTER STREET SOUTH,Leinster Street South,False,False,OPEN,2024-12-28 03:00:17,True,False,,,53.34218,-6.254485,30,2,28,2,0,0,0,30,2,28,2,0,0,0
4461,88,dublin,BLACKHALL PLACE,Blackhall Place,False,False,OPEN,2024-12-28 03:00:58,True,False,,,53.3488,-6.281637,30,4,26,2,2,0,2,30,4,26,2,2,0,2
4462,42,dublin,SMITHFIELD NORTH,Smithfield North,False,False,OPEN,2024-12-28 03:47:11,True,False,,,53.349562,-6.278198,30,7,23,4,3,0,3,30,7,23,4,3,0,3
4463,30,dublin,PARNELL SQUARE NORTH,Parnell Square North,False,False,OPEN,2024-12-28 03:40:07,True,False,,,53.3537415547453,-6.26530144781526,20,6,14,4,2,0,2,20,6,14,4,2,0,2
4464,54,dublin,CLONMEL STREET,Clonmel Street,False,False,OPEN,2024-12-28 03:42:02,True,False,,,53.336021,-6.26298,33,13,20,3,10,0,10,33,13,20,3,10,0,10
4465,108,dublin,AVONDALE ROAD,Avondale Road,False,False,OPEN,2024-12-28 03:38:04,True,False,,,53.359405,-6.276142,35,19,16,12,7,0,7,35,19,16,12,7,0,7
4466,20,dublin,JAMES STREET EAST,James Street East,False,False,OPEN,2024-12-28 03:40:37,True,False,,,53.336597,-6.248109,30,2,28,2,0,0,0,30,2,28,2,0,0,0
4467,56,dublin,MOUNT STREET LOWER,Mount Street Lower,False,False,OPEN,2024-12-28 03:46:39,True,False,,,53.33796,-6.24153,40,24,16,12,12,0,12,40,24,16,12,12,0,12
4468,6,dublin,CHRISTCHURCH PLACE,Christchurch Place,False,False,OPEN,2024-12-28 03:46:40,True,False,,,53.343368,-6.27012,20,6,14,2,4,0,4,20,6,14,2,4,0,4
4469,18,dublin,GRANTHAM STREET,Grantham Street,False,False,OPEN,2024-12-28 03:39:06,True,False,,,53.334123,-6.265436,30,12,18,4,8,0,8,30,12,18,4,8,0,8
4470,32,dublin,PEARSE STREET,Pearse Street,False,False,OPEN,2024-12-28 03:46:39,True,False,,,53.344304,-6.250427,30,21,9,16,5,0,5,30,21,9,16,5,0,5
4471,52,dublin,YORK STREET EAST,York Street East,False,False,OPEN,2024-12-28 03:47:39,True,False,,,53.338755,-6.262003,32,27,5,16,11,0,11,32,27,5,16,11,0,11
4472,48,dublin,EXCISE WALK,Excise Walk,False,False,OPEN,2024-12-28 03:38:03,True,False,,,53.347777,-6.244239,40,0,40,0,0,0,0,40,0,40,0,0,0,0
4473,13,dublin,FITZWILLIAM SQUARE WEST,Fitzwilliam Square West,False,False,OPEN,2024-12-28 03:38:36,True,False,,,53.336074,-6.252825,30,27,3,11,16,0,16,30,27,3,11,16,0,16
4474,43,dublin,PORTOBELLO ROAD,Portobello Road,False,False,OPEN,2024-12-28 03:38:33,True,False,,,53.330091,-6.268044,30,9,21,6,3,0,3,30,9,21,6,3,0,3
4475,31,dublin,PARNELL STREET,Parnell Street,False,False,OPEN,2024-12-28 03:46:10,True,False,,,53.350929,-6.265125,20,14,6,9,5,0,5,20,14,6,9,5,0,5
4476,98,dublin,FREDERICK STREET SOUTH,Frederick Street South,False,False,OPEN,2024-12-28 03:38:37,True,False,,,53.341515,-6.256853,40,19,21,9,10,0,10,40,19,21,9,10,0,10
4477,14,dublin,FOWNES STREET UPPER,Fownes Street Upper,False,False,OPEN,2024-12-28 03:39:34,True,False,,,53.344603,-6.263371,30,28,2,16,12,0,12,30,28,2,16,12,0,12
4478,1,dublin,CLARENDON ROW,Clarendon Row,False,False,OPEN,2024-12-28 03:39:10,True,False,,,53.340927,-6.262501,31,18,13,13,5,0,5,31,18,13,13,5,0,5
4479,23,dublin,CUSTOM HOUSE,Custom House,False,False,OPEN,2024-12-28 03:47:51,True,False,,,53.348279,-6.254662,30,17,13,8,9,0,9,30,17,13,8,9,0,9
4480,106,dublin,RATHDOWN ROAD,Rathdown Road,False,False,OPEN,2024-12-28 03:46:42,True,False,,,53.35893,-6.280337,40,0,40,0,0,0,0,40,0,40,0,0,0,0
4481,112,dublin,NORTH CIRCULAR ROAD (O'CONNELL'S),North Circular Road (O'Connell's),False,False,OPEN,2024-12-28 03:38:51,True,False,,,53.357841,-6.251557,30,11,19,9,2,0,2,30,11,19,9,2,0,2
4482,68,dublin,HANOVER QUAY,Hanover Quay,False,False,OPEN,2024-12-28 03:47:41,True,False,,,53.344115,-6.237153,40,26,14,17,9,0,9,40,26,14,17,9,0,9
4483,74,dublin,OLIVER BOND STREET,Oliver Bond Street,False,False,OPEN,2024-12-28 03:39:33,True,False,,,53.343893,-6.280531,30,23,7,17,6,0,6,30,23,7,17,6,0,6
4484,87,dublin,COLLINS BARRACKS MUSEUM,Collins Barracks Museum,False,False,OPEN,2024-12-28 03:47:34,True,False,,,53.347477,-6.28525,38,21,17,12,9,0,9,38,21,17,12,9,0,9
4485,84,dublin,BROOKFIELD ROAD,Brookfield Road,False,False,OPEN,2024-12-28 03:39:34,True,False,,,53.339005,-6.300217,30,14,16,8,6,0,6,30,14,16,8,6,0,6
4486,90,dublin,BENSON STREET,Benson Street,False,False,OPEN,2024-12-28 03:40:35,True,False,,,53.344153,-6.233451,40,7,33,5,2,0,2,40,7,33,5,2,0,2
4487,11,dublin,EARLSFORT TERRACE,Earlsfort Terrace,False,False,OPEN,2024-12-28 03:46:37,True,False,,,53.334295,-6.258503,30,17,13,13,4,0,4,30,17,13,13,4,0,4
4488,17,dublin,GOLDEN LANE,Golden Lane,False,False,OPEN,2024-12-28 03:47:11,True,False,,,53.340803,-6.267732,20,13,7,5,8,0,8,20,13,7,5,8,0,8
4489,45,dublin,DEVERELL PLACE,Deverell Place,False,False,OPEN,2024-12-28 03:40:05,True,False,,,53.351464,-6.255265,30,13,17,6,7,0,7,30,13,17,6,7,0,7
4490,114,dublin,WILTON TERRACE (PARK),Wilton Terrace (Park),False,False,OPEN,2024-12-28 03:43:33,True,False,,,53.333653,-6.248345,40,1,39,0,1,0,1,40,1,39,0,1,0,1
4491,72,dublin,JOHN STREET WEST,John Street West,False,False,OPEN,2024-12-28 03:47:37,True,False,,,53.343105,-6.277167,31,1,30,1,0,0,0,31,1,30,1,0,0,0
4492,63,dublin,FENIAN STREET,Fenian Street,False,False,OPEN,2024-12-28 03:39:34,True,False,,,53.341428,-6.24672,35,20,15,10,10,0,10,35,20,15,10,10,0,10
4493,113,dublin,MERRION SQUARE SOUTH,Merrion Square South,False,False,OPEN,2024-12-28 03:38:37,True,False,,,53.338614,-6.248606,40,6,23,5,1,0,1,40,6,23,5,1,0,1
4494,91,dublin,SOUTH DOCK ROAD,South Dock Road,False,False,OPEN,2024-12-28 03:45:49,True,False,,,53.341833,-6.231291,30,30,0,19,11,0,11,30,30,0,19,11,0,11
4495,99,dublin,CITY QUAY,City Quay,False,False,OPEN,2024-12-28 03:39:02,True,False,,,53.346637,-6.246154,30,18,12,9,9,0,9,30,18,12,9,9,0,9
4496,9,dublin,EXCHEQUER STREET,Exchequer Street,False,False,OPEN,2024-12-28 03:39:37,True,False,,,53.343034,-6.263578,24,13,11,3,10,0,10,24,13,11,3,10,0,10
4497,67,dublin,THE POINT,The Point,False,False,OPEN,2024-12-28 03:38:33,True,False,,,53.346867,-6.230852,40,19,21,10,9,0,9,40,19,21,10,9,0,9
4498,116,dublin,BROADSTONE,Broadstone,False,False,OPEN,2024-12-28 03:46:09,True,False,,,53.3547,-6.272314,30,17,13,6,11,0,11,30,17,13,6,11,0,11
4499,55,dublin,HATCH STREET,Hatch Street,False,False,OPEN,2024-12-28 03:40:34,True,False,,,53.33403,-6.260714,36,15,20,9,6,0,6,36,15,20,9,6,0,6
4500,62,dublin,LIME STREET,Lime Street,False,False,OPEN,2024-12-28 03:47:12,True,False,,,53.346026,-6.243576,40,16,24,5,11,0,11,40,16,24,5,11,0,11
4501,5,dublin,CHARLEMONT PLACE,Charlemont Street,False,False,OPEN,2024-12-28 03:40:04,True,False,,,53.330662,-6.260177,40,13,27,10,3,0,3,40,13,27,10,3,0,3
4502,97,dublin,KILMAINHAM GAOL,Kilmainham Gaol,False,False,OPEN,2024-12-28 03:47:08,True,False,,,53.342113,-6.310015,40,8,32,5,3,0,3,40,8,32,5,3,0,3
4503,61,dublin,HARDWICKE PLACE,Hardwicke Place,False,False,OPEN,2024-12-28 03:46:11,True,False,,,53.357043,-6.263232,25,0,25,0,0,0,0,25,0,25,0,0,0,0
4504,77,dublin,WOLFE TONE STREET,Wolfe Tone Street,False,False,OPEN,2024-12-28 03:47:40,True,False,,,53.348875,-6.267459,29,24,5,14,10,0,10,29,24,5,14,10,0,10
4505,73,dublin,FRANCIS STREET,Francis Street,False,False,OPEN,2024-12-28 03:38:34,True,False,,,53.342081,-6.275233,30,8,22,7,1,0,1,30,8,22,7,1,0,1
4506,4,dublin,GREEK STREET,Greek Street,False,False,OPEN,2024-12-28 03:39:09,True,False,,,53.346874,-6.272976,20,12,8,2,10,0,10,20,12,8,2,10,0,10
4507,49,dublin,GUILD STREET,Guild Street,False,False,OPEN,2024-12-28 03:40:08,True,False,,,53.347932,-6.240928,40,35,4,24,11,0,11,40,35,4,24,11,0,11
4508,19,dublin,HERBERT PLACE,Herbert Place,False,False,OPEN,2024-12-28 03:39:37,True,False,,,53.334432,-6.245575,30,6,24,4,2,0,2,30,6,24,4,2,0,2
4509,7,dublin,HIGH STREET,High Street,False,False,OPEN,2024-12-28 03:47:19,True,False,,,53.343565,-6.275071,29,0,29,0,0,0,0,29,0,29,0,0,0,0
4510,60,dublin,NORTH CIRCULAR ROAD,North Circular Road,False,False,OPEN,2024-12-28 03:40:34,True,False,,,53.359624,-6.260348,30,9,21,7,2,0,2,30,9,21,7,2,0,2
4511,102,dublin,WESTERN WAY,Western Way,False,False,OPEN,2024-12-28 03:47:18,True,False,,,53.354929,-6.269425,40,13,27,11,2,0,2,40,13,27,11,2,0,2
4512,38,dublin,TALBOT STREET,Talbot Street,False,False,OPEN,2024-12-28 03:38:35,True,False,,,53.350974,-6.25294,40,22,18,17,5,0,5,40,22,18,17,5,0,5
4513,53,dublin,NEWMAN HOUSE,Newman House,False,False,OPEN,2024-12-28 03:38:35,True,False,,,53.337132,-6.26059,40,11,29,11,0,0,0,40,11,29,11,0,0,0
4514,58,dublin,SIR PATRICK DUN'S,Sir Patrick's Dun,False,False,OPEN,2024-12-28 03:39:08,True,False,,,53.339218,-6.240642,40,35,5,28,7,0,7,40,35,5,28,7,0,7
4515,66,dublin,NEW CENTRAL BANK,New Central Bank,False,False,OPEN,2024-12-28 03:46:39,True,False,,,53.347122,-6.234749,40,5,35,1,4,0,4,40,5,35,1,4,0,4
4516,104,dublin,GRANGEGORMAN LOWER (CENTRAL),Grangegorman Lower (Central),False,False,OPEN,2024-12-28 03:39:07,True,False,,,53.355173,-6.278424,40,1,39,1,0,0,0,40,1,39,1,0,0,0
4517,101,dublin,KING STREET NORTH,King Street North,False,False,OPEN,2024-12-28 03:46:20,True,False,,,53.350291,-6.273507,30,13,17,8,5,0,5,30,13,17,8,5,0,5
4518,115,dublin,KILLARNEY STREET,Killarney Street,False,False,OPEN,2024-12-28 03:40:07,True,False,,,53.354845,-6.247579,30,27,3,19,8,0,8,30,27,3,19,8,0,8
4519,47,dublin,HERBERT STREET,Herbert Street,False,False,OPEN,2024-12-28 03:47:41,True,False,,,53.335742,-6.24551,40,4,36,2,2,0,2,40,4,36,2,2,0,2
4520,117,dublin,HANOVER QUAY EAST,Hanover Quay East,False,False,OPEN,2024-12-28 03:47:42,True,False,,,53.343653,-6.231755,40,5,35,1,4,0,4,40,5,35,1,4,0,4
4521,8,dublin,CUSTOM HOUSE QUAY,Custom House Quay,False,False,OPEN,2024-12-28 03:38:11,True,False,,,53.347884,-6.248048,30,21,9,14,7,0,7,30,21,9,14,7,0,7
4522,27,dublin,MOLESWORTH STREET,Molesworth Street,False,False,OPEN,2024-12-28 03:46:38,True,False,,,53.341288,-6.258117,20,5,15,2,3,0,3,20,5,15,2,3,0,3
4523,16,dublin,GEORGES QUAY,Georges Quay,False,False,OPEN,2024-12-28 03:45:37,True,False,,,53.347508,-6.252192,20,17,3,9,8,0,8,20,17,3,9,8,0,8
4524,96,dublin,KILMAINHAM LANE,Kilmainham Lane,False,False,OPEN,2024-12-28 03:45:41,True,False,,,53.341805,-6.305085,30,4,26,4,0,0,0,30,4,26,4,0,0,0
4525,82,dublin,MOUNT BROWN,Mount Brown,False,False,OPEN,2024-12-28 03:47:39,True,False,,,53.341645,-6.29719,22,11,11,2,9,0,9,22,11,11,2,9,0,9
4526,76,dublin,MARKET STREET SOUTH,Market Street South,False,False,OPEN,2024-12-28 03:45:41,True,False,,,53.342296,-6.287661,38,2,36,0,2,0,2,38,2,36,0,2,0,2
4527,71,dublin,KEVIN STREET,Kevin Street,False,False,OPEN,2024-12-28 03:46:40,True,False,,,53.337757,-6.267699,40,13,27,5,8,0,8,40,13,27,5,8,0,8
4528,79,dublin,ECCLES STREET EAST,Eccles Street East,False,False,OPEN,2024-12-28 03:39:05,True,False,,,53.358115,-6.265601,27,0,27,0,0,0,0,27,0,27,0,0,0,0
4529,69,dublin,GRAND CANAL DOCK,Grand Canal Dock,False,False,OPEN,2024-12-28 03:39:08,True,False,,,53.342638,-6.238695,40,36,4,23,13,0,13,40,36,4,23,13,0,13
4530,25,dublin,MERRION SQUARE EAST,Merrion Square East,False,False,OPEN,2024-12-28 03:43:19,True,False,,,53.339434,-6.246548,30,0,30,0,0,0,0,30,0,30,0,0,0,0
4531,51,dublin,YORK STREET WEST,York Street West,False,False,OPEN,2024-12-28 03:46:40,True,False,,,53.339334,-6.264699,40,0,0,0,0,0,0,40,0,0,0,0,0,0
4532,37,dublin,ST. STEPHEN'S GREEN SOUTH,St. Stephen's Green South,False,False,OPEN,2024-12-28 03:46:47,True,False,,,53.337494,-6.26199,30,17,13,10,7,0,7,30,17,13,10,7,0,7
4533,59,dublin,DENMARK STREET GREAT,Denmark Street Great,False,False,OPEN,2024-12-28 03:39:06,True,False,,,53.35561,-6.261397,20,2,18,1,1,0,1,20,2,18,1,1,0,1
4534,95,dublin,ROYAL HOSPITAL,Royal Hospital,False,False,OPEN,2024-12-28 03:40:35,True,False,,,53.343897,-6.29706,40,28,12,18,10,0,10,40,28,12,18,10,0,10
4535,94,dublin,HEUSTON STATION (CAR PARK),Heuston Station (Car Park),False,False,OPEN,2024-12-28 03:39:35,True,False,,,53.346985,-6.297804,40,10,30,10,0,0,0,40,10,30,10,0,0,0
4536,105,dublin,GRANGEGORMAN LOWER (NORTH),Grangegorman Lower (North),False,False,OPEN,2024-12-28 03:40:05,True,False,,,53.355954,-6.278378,36,3,33,2,1,0,1,36,3,33,2,1,0,1
4537,36,dublin,ST. STEPHEN'S GREEN EAST,St. Stephen's Green East,False,False,OPEN,2024-12-28 03:46:12,True,False,,,53.337824,-6.256035,40,15,25,7,8,0,8,40,15,25,7,8,0,8
4538,93,dublin,HEUSTON STATION (CENTRAL),Heuston Station (Central),False,False,OPEN,2024-12-28 03:47:36,True,False,,,53.346603,-6.296924,40,13,27,13,0,0,0,40,13,27,13,0,0,0
4539,22,dublin,TOWNSEND STREET,Townsend Street,False,False,OPEN,2024-12-28 03:47:13,True,False,,,53.345922,-6.254614,20,13,7,11,2,0,2,20,13,7,11,2,0,2
4540,50,dublin,GEORGES LANE,George's Lane,False,False,OPEN,2024-12-28 03:39:35,True,False,,,53.35023,-6.279696,40,11,29,10,1,0,1,40,11,29,10,1,0,1
4541,110,dublin,PHIBSBOROUGH ROAD,Phibsborough Road,False,False,OPEN,2024-12-28 03:41:07,True,False,,,53.356307,-6.273717,40,8,32,1,7,0,7,40,8,32,1,7,0,7
4542,12,dublin,ECCLES STREET,Eccles Street,False,False,OPEN,2024-12-28 03:47:53,True,False,,,53.359246,-6.269779,20,3,17,3,0,0,0,20,3,17,3,0,0,0
4543,34,dublin,PORTOBELLO HARBOUR,Portobello Harbour,False,False,OPEN,2024-12-28 03:38:18,True,False,,,53.330362,-6.265163,30,6,24,4,2,0,2,30,6,24,4,2,0,2
4544,78,dublin,MATER HOSPITAL,Mater Hospital,False,False,OPEN,2024-12-28 03:38:36,True,False,,,53.359967,-6.264828,40,1,39,1,0,0,0,40,1,39,1,0,0,0
4545,2,dublin,BLESSINGTON STREET,Blessington Street,False,False,OPEN,2024-12-28 03:47:07,True,False,,,53.356769,-6.26814,20,5,15,3,2,0,2,20,5,15,3,2,0,2
4546,75,dublin,JAMES STREET,James Street,False,False,OPEN,2024-12-28 03:40:03,True,False,,,53.343456,-6.287409,40,3,37,2,1,0,1,40,3,37,2,1,0,1
4547,111,dublin,MOUNTJOY SQUARE EAST,Mountjoy Square East,False,False,OPEN,2024-12-28 03:46:42,True,False,,,53.356717,-6.256359,40,0,40,0,0,0,0,40,0,40,0,0,0,0
4548,26,dublin,MERRION SQUARE WEST,Merrion Square West,False,False,OPEN,2024-12-28 03:46:45,True,False,,,53.339764,-6.251988,20,12,8,4,8,0,8,20,12,8,4,8,0,8
4549,65,dublin,CONVENTION CENTRE,Convention Centre,False,False,OPEN,2024-12-28 03:40:35,True,False,,,53.34744,-6.238523,40,12,28,10,2,0,2,40,12,28,10,2,0,2
4550,15,dublin,HARDWICKE STREET,Hardwicke Street,False,False,OPEN,2024-12-28 03:40:03,True,False,,,53.355473,-6.264423,16,4,12,3,1,0,1,16,4,12,3,1,0,1
4551,86,dublin,PARKGATE STREET,Parkgate Street,False,False,OPEN,2024-12-28 03:46:13,True,False,,,53.347972,-6.291804,38,33,5,3,30,0,30,38,33,5,3,30,0,30
4552,35,dublin,SMITHFIELD,Smithfield,False,False,OPEN,2024-12-28 03:40:36,True,False,,,53.347692,-6.278214,30,9,21,5,4,0,4,30,9,21,5,4,0,4
4553,10,dublin,DAME STREET,Dame Street,False,False,OPEN,2024-12-28 03:40:35,True,False,,,53.344007,-6.266802,16,14,2,10,4,0,4,16,14,2,10,4,0,4
4554,100,dublin,HEUSTON BRIDGE (SOUTH),Heuston Bridge (South),False,False,OPEN,2024-12-28 03:42:44,True,False,,,53.347106,-6.292041,25,15,10,8,7,0,7,25,15,10,8,7,0,7
4555,24,dublin,CATHAL BRUGHA STREET,Cathal Brugha Street,False,False,OPEN,2024-12-28 03:39:12,True,False,,,53.352149,-6.260533,20,12,8,11,1,0,1,20,12,8,11,1,0,1
4556,64,dublin,SANDWITH STREET,Sandwith Street,False,False,OPEN,2024-12-28 03:39:06,True,False,,,53.345203,-6.247163,40,23,17,19,4,0,4,40,23,17,19,4,0,4
4557,109,dublin,BUCKINGHAM STREET LOWER,Buckingham Street Lower,False,False,OPEN,2024-12-28 03:39:37,True,False,,,53.353331,-6.249319,29,13,16,4,9,0,9,29,13,16,4,9,0,9
4558,85,dublin,ROTHE ABBEY,Rothe Abbey,False,False,OPEN,2024-12-28 03:40:37,True,False,,,53.338776,-6.30395,35,30,5,16,14,0,14,35,30,5,16,14,0,14
4559,107,dublin,CHARLEVILLE ROAD,Charleville Road,False,False,OPEN,2024-12-28 03:47:37,True,False,,,53.359157,-6.281866,40,17,23,10,7,0,7,40,17,23,10,7,0,7
4560,33,dublin,PRINCES STREET / O'CONNELL STREET,Princes Street / O'Connell Street,False,False,OPEN,2024-12-28 03:43:48,True,False,,,53.349013,-6.260311,23,15,8,6,9,0,9,23,15,8,6,9,0,9
4561,44,dublin,UPPER SHERRARD STREET,Upper Sherrard Street,False,False,OPEN,2024-12-28 03:39:37,True,False,,,53.358437,-6.260641,30,8,22,7,1,0,1,30,8,22,7,1,0,1
4562,89,dublin,FITZWILLIAM SQUARE EAST,Fitzwilliam Square East,False,False,OPEN,2024-12-28 03:39:35,True,False,,,53.335211,-6.2509,40,23,17,12,11,0,11,40,23,17,12,11,0,11
4563,57,dublin,GRATTAN STREET,Grattan Street,False,False,OPEN,2024-12-28 03:47:38,True,False,,,53.339629,-6.243778,23,6,17,4,2,0,2,23,6,17,4,2,0,2
4564,80,dublin,ST JAMES HOSPITAL (LUAS),St James Hospital (Luas),False,False,OPEN,2024-12-28 03:40:04,True,False,,,53.341359,-6.292951,40,2,38,2,0,0,0,40,2,38,2,0,0,0
4565,41,dublin,HARCOURT TERRACE,Harcourt Terrace,False,False,OPEN,2024-12-28 03:45:45,True,False,,,53.332763,-6.257942,20,2,18,1,1,0,1,20,2,18,1,1,0,1
4566,3,dublin,BOLTON STREET,Bolton Street,False,False,OPEN,2024-12-28 03:47:45,True,False,,,53.351182,-6.269859,20,9,11,8,1,0,1,20,9,11,8,1,0,1
4567,40,dublin,JERVIS STREET,Jervis Street,False,False,OPEN,2024-12-28 03:39:35,True,False,,,53.3483,-6.266651,21,9,12,5,4,0,4,21,9,12,5,4,0,4
4568,29,dublin,ORMOND QUAY UPPER,Ormond Quay Upper,False,False,OPEN,2024-12-28 03:39:39,True,False,,,53.346057,-6.268001,29,28,1,15,13,0,13,29,28,1,15,13,0,13
4569,103,dublin,GRANGEGORMAN LOWER (SOUTH),Grangegorman Lower (South),False,False,OPEN,2024-12-28 03:38:35,True,False,,,53.354663,-6.278681,40,0,40,0,0,0,0,40,0,40,0,0,0,0
4570,28,dublin,MOUNTJOY SQUARE WEST,Mountjoy Square West,False,False,OPEN,2024-12-28 03:47:39,True,False,,,53.356299,-6.258586,30,0,30,0,0,0,0,30,0,30,0,0,0,0
4571,39,dublin,WILTON TERRACE,Wilton Terrace,False,False,OPEN,2024-12-28 03:39:33,True,False,,,53.332383,-6.252717,20,2,18,0,2,0,2,20,2,18,0,2,0,2
4572,83,dublin,EMMET ROAD,Emmet Road,False,False,OPEN,2024-12-28 03:38:38,True,False,,,53.340714,-6.308191,40,13,26,11,2,0,2,40,13,26,11,2,0,2
4573,92,dublin,HEUSTON BRIDGE (NORTH),Heuston Bridge (North),False,False,OPEN,2024-12-28 03:46:40,True,False,,,53.347802,-6.292432,40,39,1,29,10,0,10,40,39,1,29,10,0,10
4574,21,dublin,LEINSTER STREET SOUTH,Leinster Street South,False,False,OPEN,2024-12-28 03:46:42,True,False,,,53.34218,-6.254485,30,2,28,2,0,0,0,30,2,28,2,0,0,0
4575,88,dublin,BLACKHALL PLACE,Blackhall Place,False,False,OPEN,2024-12-28 03:47:42,True,False,,,53.3488,-6.281637,30,4,26,2,2,0,2,30,4,26,2,2,0,2
4576,42,dublin,SMITHFIELD NORTH,Smithfield North,False,False,OPEN,2024-12-28 04:07:22,True,False,,,53.349562,-6.278198,30,7,23,4,3,0,3,30,7,23,4,3,0,3
4577,30,dublin,PARNELL SQUARE NORTH,Parnell Square North,False,False,OPEN,2024-12-28 04:00:18,True,False,,,53.3537415547453,-6.26530144781526,20,6,14,4,2,0,2,20,6,14,4,2,0,2
4578,54,dublin,CLONMEL STREET,Clonmel Street,False,False,OPEN,2024-12-28 04:02:38,True,False,,,53.336021,-6.26298,33,13,20,3,10,0,10,33,13,20,3,10,0,10
4579,108,dublin,AVONDALE ROAD,Avondale Road,False,False,OPEN,2024-12-28 03:58:11,True,False,,,53.359405,-6.276142,35,19,16,12,7,0,7,35,19,16,12,7,0,7
4580,20,dublin,JAMES STREET EAST,James Street East,False,False,OPEN,2024-12-28 04:00:45,True,False,,,53.336597,-6.248109,30,2,28,2,0,0,0,30,2,28,2,0,0,0
4581,56,dublin,MOUNT STREET LOWER,Mount Street Lower,False,False,OPEN,2024-12-28 04:06:46,True,False,,,53.33796,-6.24153,40,24,16,12,12,0,12,40,24,16,12,12,0,12
4582,6,dublin,CHRISTCHURCH PLACE,Christchurch Place,False,False,OPEN,2024-12-28 04:06:48,True,False,,,53.343368,-6.27012,20,6,14,2,4,0,4,20,6,14,2,4,0,4
4583,18,dublin,GRANTHAM STREET,Grantham Street,False,False,OPEN,2024-12-28 03:59:14,True,False,,,53.334123,-6.265436,30,12,18,4,8,0,8,30,12,18,4,8,0,8
4584,32,dublin,PEARSE STREET,Pearse Street,False,False,OPEN,2024-12-28 04:06:47,True,False,,,53.344304,-6.250427,30,21,9,16,5,0,5,30,21,9,16,5,0,5
4585,52,dublin,YORK STREET EAST,York Street East,False,False,OPEN,2024-12-28 04:07:48,True,False,,,53.338755,-6.262003,32,27,5,16,11,0,11,32,27,5,16,11,0,11
4586,48,dublin,EXCISE WALK,Excise Walk,False,False,OPEN,2024-12-28 03:58:10,True,False,,,53.347777,-6.244239,40,0,40,0,0,0,0,40,0,40,0,0,0,0
4587,13,dublin,FITZWILLIAM SQUARE WEST,Fitzwilliam Square West,False,False,OPEN,2024-12-28 03:58:43,True,False,,,53.336074,-6.252825,30,27,3,11,16,0,16,30,27,3,11,16,0,16
4588,43,dublin,PORTOBELLO ROAD,Portobello Road,False,False,OPEN,2024-12-28 03:58:41,True,False,,,53.330091,-6.268044,30,9,21,6,3,0,3,30,9,21,6,3,0,3
4589,31,dublin,PARNELL STREET,Parnell Street,False,False,OPEN,2024-12-28 04:06:19,True,False,,,53.350929,-6.265125,20,14,6,9,5,0,5,20,14,6,9,5,0,5
4590,98,dublin,FREDERICK STREET SOUTH,Frederick Street South,False,False,OPEN,2024-12-28 03:58:49,True,False,,,53.341515,-6.256853,40,19,21,9,10,0,10,40,19,21,9,10,0,10
4591,14,dublin,FOWNES STREET UPPER,Fownes Street Upper,False,False,OPEN,2024-12-28 04:07:43,True,False,,,53.344603,-6.263371,30,28,2,16,12,0,12,30,28,2,16,12,0,12
4592,1,dublin,CLARENDON ROW,Clarendon Row,False,False,OPEN,2024-12-28 03:59:19,True,False,,,53.340927,-6.262501,31,18,13,13,5,0,5,31,18,13,13,5,0,5
4593,23,dublin,CUSTOM HOUSE,Custom House,False,False,OPEN,2024-12-28 03:57:56,True,False,,,53.348279,-6.254662,30,17,13,8,9,0,9,30,17,13,8,9,0,9
4594,106,dublin,RATHDOWN ROAD,Rathdown Road,False,False,OPEN,2024-12-28 04:06:53,True,False,,,53.35893,-6.280337,40,0,40,0,0,0,0,40,0,40,0,0,0,0
4595,112,dublin,NORTH CIRCULAR ROAD (O'CONNELL'S),North Circular Road (O'Connell's),False,False,OPEN,2024-12-28 03:59:02,True,False,,,53.357841,-6.251557,30,11,19,9,2,0,2,30,11,19,9,2,0,2
4596,68,dublin,HANOVER QUAY,Hanover Quay,False,False,OPEN,2024-12-28 04:07:49,True,False,,,53.344115,-6.237153,40,26,14,17,9,0,9,40,26,14,17,9,0,9
4597,74,dublin,OLIVER BOND STREET,Oliver Bond Street,False,False,OPEN,2024-12-28 04:07:07,True,False,,,53.343893,-6.280531,30,23,7,17,6,0,6,30,23,7,17,6,0,6
4598,87,dublin,COLLINS BARRACKS MUSEUM,Collins Barracks Museum,False,False,OPEN,2024-12-28 03:58:03,True,False,,,53.347477,-6.28525,38,21,17,12,9,0,9,38,21,17,12,9,0,9
4599,84,dublin,BROOKFIELD ROAD,Brookfield Road,False,False,OPEN,2024-12-28 03:59:42,True,False,,,53.339005,-6.300217,30,14,16,8,6,0,6,30,14,16,8,6,0,6
4600,90,dublin,BENSON STREET,Benson Street,False,False,OPEN,2024-12-28 04:00:42,True,False,,,53.344153,-6.233451,40,7,33,5,2,0,2,40,7,33,5,2,0,2
4601,11,dublin,EARLSFORT TERRACE,Earlsfort Terrace,False,False,OPEN,2024-12-28 04:06:44,True,False,,,53.334295,-6.258503,30,17,13,13,4,0,4,30,17,13,13,4,0,4
4602,17,dublin,GOLDEN LANE,Golden Lane,False,False,OPEN,2024-12-28 04:07:19,True,False,,,53.340803,-6.267732,20,13,7,5,8,0,8,20,13,7,5,8,0,8
4603,45,dublin,DEVERELL PLACE,Deverell Place,False,False,OPEN,2024-12-28 04:00:14,True,False,,,53.351464,-6.255265,30,13,17,6,7,0,7,30,13,17,6,7,0,7
4604,114,dublin,WILTON TERRACE (PARK),Wilton Terrace (Park),False,False,OPEN,2024-12-28 04:03:40,True,False,,,53.333653,-6.248345,40,1,39,0,1,0,1,40,1,39,0,1,0,1
4605,72,dublin,JOHN STREET WEST,John Street West,False,False,OPEN,2024-12-28 04:07:44,True,False,,,53.343105,-6.277167,31,1,30,1,0,0,0,31,1,30,1,0,0,0
4606,63,dublin,FENIAN STREET,Fenian Street,False,False,OPEN,2024-12-28 03:59:43,True,False,,,53.341428,-6.24672,35,20,15,10,10,0,10,35,20,15,10,10,0,10
4607,113,dublin,MERRION SQUARE SOUTH,Merrion Square South,False,False,OPEN,2024-12-28 03:58:46,True,False,,,53.338614,-6.248606,40,6,23,5,1,0,1,40,6,23,5,1,0,1
4608,91,dublin,SOUTH DOCK ROAD,South Dock Road,False,False,OPEN,2024-12-28 04:05:59,True,False,,,53.341833,-6.231291,30,30,0,19,11,0,11,30,30,0,19,11,0,11
4609,99,dublin,CITY QUAY,City Quay,False,False,OPEN,2024-12-28 03:59:10,True,False,,,53.346637,-6.246154,30,18,12,9,9,0,9,30,18,12,9,9,0,9
4610,9,dublin,EXCHEQUER STREET,Exchequer Street,False,False,OPEN,2024-12-28 03:59:48,True,False,,,53.343034,-6.263578,24,13,11,3,10,0,10,24,13,11,3,10,0,10
4611,67,dublin,THE POINT,The Point,False,False,OPEN,2024-12-28 03:58:42,True,False,,,53.346867,-6.230852,40,19,21,10,9,0,9,40,19,21,10,9,0,9
4612,116,dublin,BROADSTONE,Broadstone,False,False,OPEN,2024-12-28 04:06:17,True,False,,,53.3547,-6.272314,30,17,13,6,11,0,11,30,17,13,6,11,0,11
4613,55,dublin,HATCH STREET,Hatch Street,False,False,OPEN,2024-12-28 04:00:42,True,False,,,53.33403,-6.260714,36,15,20,9,6,0,6,36,15,20,9,6,0,6
4614,62,dublin,LIME STREET,Lime Street,False,False,OPEN,2024-12-28 04:07:21,True,False,,,53.346026,-6.243576,40,16,24,5,11,0,11,40,16,24,5,11,0,11
4615,5,dublin,CHARLEMONT PLACE,Charlemont Street,False,False,OPEN,2024-12-28 04:04:58,True,False,,,53.330662,-6.260177,40,13,27,10,3,0,3,40,13,27,10,3,0,3
4616,97,dublin,KILMAINHAM GAOL,Kilmainham Gaol,False,False,OPEN,2024-12-28 04:07:16,True,False,,,53.342113,-6.310015,40,8,32,5,3,0,3,40,8,32,5,3,0,3
4617,61,dublin,HARDWICKE PLACE,Hardwicke Place,False,False,OPEN,2024-12-28 04:06:21,True,False,,,53.357043,-6.263232,25,0,25,0,0,0,0,25,0,25,0,0,0,0
4618,77,dublin,WOLFE TONE STREET,Wolfe Tone Street,False,False,OPEN,2024-12-28 04:07:49,True,False,,,53.348875,-6.267459,29,24,5,14,10,0,10,29,24,5,14,10,0,10
4619,73,dublin,FRANCIS STREET,Francis Street,False,False,OPEN,2024-12-28 03:58:41,True,False,,,53.342081,-6.275233,30,8,22,7,1,0,1,30,8,22,7,1,0,1
4620,4,dublin,GREEK STREET,Greek Street,False,False,OPEN,2024-12-28 03:59:19,True,False,,,53.346874,-6.272976,20,12,8,2,10,0,10,20,12,8,2,10,0,10
4621,49,dublin,GUILD STREET,Guild Street,False,False,OPEN,2024-12-28 03:59:02,True,False,,,53.347932,-6.240928,40,35,4,24,11,0,11,40,35,4,24,11,0,11
4622,19,dublin,HERBERT PLACE,Herbert Place,False,False,OPEN,2024-12-28 03:59:46,True,False,,,53.334432,-6.245575,30,6,24,4,2,0,2,30,6,24,4,2,0,2
4623,7,dublin,HIGH STREET,High Street,False,False,OPEN,2024-12-28 04:07:26,True,False,,,53.343565,-6.275071,29,0,29,0,0,0,0,29,0,29,0,0,0,0
4624,60,dublin,NORTH CIRCULAR ROAD,North Circular Road,False,False,OPEN,2024-12-28 04:00:41,True,False,,,53.359624,-6.260348,30,9,21,7,2,0,2,30,9,21,7,2,0,2
4625,102,dublin,WESTERN WAY,Western Way,False,False,OPEN,2024-12-28 04:07:28,True,False,,,53.354929,-6.269425,40,13,27,11,2,0,2,40,13,27,11,2,0,2
4626,38,dublin,TALBOT STREET,Talbot Street,False,False,OPEN,2024-12-28 03:58:43,True,False,,,53.350974,-6.25294,40,22,18,17,5,0,5,40,22,18,17,5,0,5
4627,53,dublin,NEWMAN HOUSE,Newman House,False,False,OPEN,2024-12-28 03:58:41,True,False,,,53.337132,-6.26059,40,11,29,11,0,0,0,40,11,29,11,0,0,0
4628,58,dublin,SIR PATRICK DUN'S,Sir Patrick's Dun,False,False,OPEN,2024-12-28 03:58:22,True,False,,,53.339218,-6.240642,40,35,5,28,7,0,7,40,35,5,28,7,0,7
4629,66,dublin,NEW CENTRAL BANK,New Central Bank,False,False,OPEN,2024-12-28 04:06:47,True,False,,,53.347122,-6.234749,40,5,35,1,4,0,4,40,5,35,1,4,0,4
4630,104,dublin,GRANGEGORMAN LOWER (CENTRAL),Grangegorman Lower (Central),False,False,OPEN,2024-12-28 03:59:18,True,False,,,53.355173,-6.278424,40,1,39,1,0,0,0,40,1,39,1,0,0,0
4631,101,dublin,KING STREET NORTH,King Street North,False,False,OPEN,2024-12-28 04:06:28,True,False,,,53.350291,-6.273507,30,13,17,8,5,0,5,30,13,17,8,5,0,5
4632,115,dublin,KILLARNEY STREET,Killarney Street,False,False,OPEN,2024-12-28 04:00:16,True,False,,,53.354845,-6.247579,30,27,3,19,8,0,8,30,27,3,19,8,0,8
4633,47,dublin,HERBERT STREET,Herbert Street,False,False,OPEN,2024-12-28 04:07:52,True,False,,,53.335742,-6.24551,40,4,36,2,2,0,2,40,4,36,2,2,0,2
4634,117,dublin,HANOVER QUAY EAST,Hanover Quay East,False,False,OPEN,2024-12-28 04:07:52,True,False,,,53.343653,-6.231755,40,5,35,1,4,0,4,40,5,35,1,4,0,4
4635,8,dublin,CUSTOM HOUSE QUAY,Custom House Quay,False,False,OPEN,2024-12-28 03:58:21,True,False,,,53.347884,-6.248048,30,21,9,14,7,0,7,30,21,9,14,7,0,7
4636,27,dublin,MOLESWORTH STREET,Molesworth Street,False,False,OPEN,2024-12-28 04:06:46,True,False,,,53.341288,-6.258117,20,5,15,2,3,0,3,20,5,15,2,3,0,3
4637,16,dublin,GEORGES QUAY,Georges Quay,False,False,OPEN,2024-12-28 04:05:45,True,False,,,53.347508,-6.252192,20,17,3,9,8,0,8,20,17,3,9,8,0,8
4638,96,dublin,KILMAINHAM LANE,Kilmainham Lane,False,False,OPEN,2024-12-28 04:05:49,True,False,,,53.341805,-6.305085,30,4,26,4,0,0,0,30,4,26,4,0,0,0
4639,82,dublin,MOUNT BROWN,Mount Brown,False,False,OPEN,2024-12-28 04:07:46,True,False,,,53.341645,-6.29719,22,11,11,2,9,0,9,22,11,11,2,9,0,9
4640,76,dublin,MARKET STREET SOUTH,Market Street South,False,False,OPEN,2024-12-28 04:05:50,True,False,,,53.342296,-6.287661,38,2,36,0,2,0,2,38,2,36,0,2,0,2
4641,71,dublin,KEVIN STREET,Kevin Street,False,False,OPEN,2024-12-28 04:06:49,True,False,,,53.337757,-6.267699,40,13,27,5,8,0,8,40,13,27,5,8,0,8
4642,79,dublin,ECCLES STREET EAST,Eccles Street East,False,False,OPEN,2024-12-28 03:59:13,True,False,,,53.358115,-6.265601,27,0,27,0,0,0,0,27,0,27,0,0,0,0
4643,69,dublin,GRAND CANAL DOCK,Grand Canal Dock,False,False,OPEN,2024-12-28 04:04:21,True,False,,,53.342638,-6.238695,40,36,4,23,13,0,13,40,36,4,23,13,0,13
4644,25,dublin,MERRION SQUARE EAST,Merrion Square East,False,False,OPEN,2024-12-28 04:03:29,True,False,,,53.339434,-6.246548,30,0,30,0,0,0,0,30,0,30,0,0,0,0
4645,51,dublin,YORK STREET WEST,York Street West,False,False,OPEN,2024-12-28 04:06:49,True,False,,,53.339334,-6.264699,40,0,0,0,0,0,0,40,0,0,0,0,0,0
4646,37,dublin,ST. STEPHEN'S GREEN SOUTH,St. Stephen's Green South,False,False,OPEN,2024-12-28 04:06:58,True,False,,,53.337494,-6.26199,30,17,13,10,7,0,7,30,17,13,10,7,0,7
4647,59,dublin,DENMARK STREET GREAT,Denmark Street Great,False,False,OPEN,2024-12-28 03:59:17,True,False,,,53.35561,-6.261397,20,2,18,1,1,0,1,20,2,18,1,1,0,1
4648,95,dublin,ROYAL HOSPITAL,Royal Hospital,False,False,OPEN,2024-12-28 04:00:42,True,False,,,53.343897,-6.29706,40,28,12,18,10,0,10,40,28,12,18,10,0,10
4649,94,dublin,HEUSTON STATION (CAR PARK),Heuston Station (Car Park),False,False,OPEN,2024-12-28 03:59:42,True,False,,,53.346985,-6.297804,40,10,30,10,0,0,0,40,10,30,10,0,0,0
4650,105,dublin,GRANGEGORMAN LOWER (NORTH),Grangegorman Lower (North),False,False,OPEN,2024-12-28 04:00:12,True,False,,,53.355954,-6.278378,36,3,33,2,1,0,1,36,3,33,2,1,0,1
4651,36,dublin,ST. STEPHEN'S GREEN EAST,St. Stephen's Green East,False,False,OPEN,2024-12-28 04:06:23,True,False,,,53.337824,-6.256035,40,15,25,7,8,0,8,40,15,25,7,8,0,8
4652,93,dublin,HEUSTON STATION (CENTRAL),Heuston Station (Central),False,False,OPEN,2024-12-28 04:07:44,True,False,,,53.346603,-6.296924,40,13,27,13,0,0,0,40,13,27,13,0,0,0
4653,22,dublin,TOWNSEND STREET,Townsend Street,False,False,OPEN,2024-12-28 04:07:23,True,False,,,53.345922,-6.254614,20,13,7,11,2,0,2,20,13,7,11,2,0,2
4654,50,dublin,GEORGES LANE,George's Lane,False,False,OPEN,2024-12-28 03:59:43,True,False,,,53.35023,-6.279696,40,11,29,10,1,0,1,40,11,29,10,1,0,1
4655,110,dublin,PHIBSBOROUGH ROAD,Phibsborough Road,False,False,OPEN,2024-12-28 04:01:16,True,False,,,53.356307,-6.273717,40,8,32,1,7,0,7,40,8,32,1,7,0,7
4656,12,dublin,ECCLES STREET,Eccles Street,False,False,OPEN,2024-12-28 03:57:58,True,False,,,53.359246,-6.269779,20,3,17,3,0,0,0,20,3,17,3,0,0,0
4657,34,dublin,PORTOBELLO HARBOUR,Portobello Harbour,False,False,OPEN,2024-12-28 03:58:25,True,False,,,53.330362,-6.265163,30,6,24,4,2,0,2,30,6,24,4,2,0,2
4658,78,dublin,MATER HOSPITAL,Mater Hospital,False,False,OPEN,2024-12-28 03:58:45,True,False,,,53.359967,-6.264828,40,1,39,1,0,0,0,40,1,39,1,0,0,0
4659,2,dublin,BLESSINGTON STREET,Blessington Street,False,False,OPEN,2024-12-28 04:07:14,True,False,,,53.356769,-6.26814,20,5,15,3,2,0,2,20,5,15,3,2,0,2
4660,75,dublin,JAMES STREET,James Street,False,False,OPEN,2024-12-28 04:00:10,True,False,,,53.343456,-6.287409,40,3,37,2,1,0,1,40,3,37,2,1,0,1
4661,111,dublin,MOUNTJOY SQUARE EAST,Mountjoy Square East,False,False,OPEN,2024-12-28 04:06:53,True,False,,,53.356717,-6.256359,40,0,40,0,0,0,0,40,0,40,0,0,0,0
4662,26,dublin,MERRION SQUARE WEST,Merrion Square West,False,False,OPEN,2024-12-28 04:06:57,True,False,,,53.339764,-6.251988,20,12,8,4,8,0,8,20,12,8,4,8,0,8
4663,65,dublin,CONVENTION CENTRE,Convention Centre,False,False,OPEN,2024-12-28 04:00:42,True,False,,,53.34744,-6.238523,40,12,28,10,2,0,2,40,12,28,10,2,0,2
4664,15,dublin,HARDWICKE STREET,Hardwicke Street,False,False,OPEN,2024-12-28 04:00:10,True,False,,,53.355473,-6.264423,16,4,12,3,1,0,1,16,4,12,3,1,0,1
4665,86,dublin,PARKGATE STREET,Parkgate Street,False,False,OPEN,2024-12-28 04:06:20,True,False,,,53.347972,-6.291804,38,33,5,3,30,0,30,38,33,5,3,30,0,30
4666,35,dublin,SMITHFIELD,Smithfield,False,False,OPEN,2024-12-28 04:00:43,True,False,,,53.347692,-6.278214,30,9,21,5,4,0,4,30,9,21,5,4,0,4
4667,10,dublin,DAME STREET,Dame Street,False,False,OPEN,2024-12-28 04:00:44,True,False,,,53.344007,-6.266802,16,14,2,10,4,0,4,16,14,2,10,4,0,4
4668,100,dublin,HEUSTON BRIDGE (SOUTH),Heuston Bridge (South),False,False,OPEN,2024-12-28 04:04:38,True,False,,,53.347106,-6.292041,25,15,10,8,7,0,7,25,15,10,8,7,0,7
4669,24,dublin,CATHAL BRUGHA STREET,Cathal Brugha Street,False,False,OPEN,2024-12-28 03:59:22,True,False,,,53.352149,-6.260533,20,12,8,11,1,0,1,20,12,8,11,1,0,1
4670,64,dublin,SANDWITH STREET,Sandwith Street,False,False,OPEN,2024-12-28 03:59:16,True,False,,,53.345203,-6.247163,40,23,17,19,4,0,4,40,23,17,19,4,0,4
4671,109,dublin,BUCKINGHAM STREET LOWER,Buckingham Street Lower,False,False,OPEN,2024-12-28 03:59:46,True,False,,,53.353331,-6.249319,29,13,16,4,9,0,9,29,13,16,4,9,0,9
4672,85,dublin,ROTHE ABBEY,Rothe Abbey,False,False,OPEN,2024-12-28 04:00:48,True,False,,,53.338776,-6.30395,35,30,5,16,14,0,14,35,30,5,16,14,0,14
4673,107,dublin,CHARLEVILLE ROAD,Charleville Road,False,False,OPEN,2024-12-28 04:07:45,True,False,,,53.359157,-6.281866,40,17,23,10,7,0,7,40,17,23,10,7,0,7
4674,33,dublin,PRINCES STREET / O'CONNELL STREET,Princes Street / O'Connell Street,False,False,OPEN,2024-12-28 03:58:20,True,False,,,53.349013,-6.260311,23,15,8,6,9,0,9,23,15,8,6,9,0,9
4675,44,dublin,UPPER SHERRARD STREET,Upper Sherrard Street,False,False,OPEN,2024-12-28 03:59:48,True,False,,,53.358437,-6.260641,30,8,22,7,1,0,1,30,8,22,7,1,0,1
4676,89,dublin,FITZWILLIAM SQUARE EAST,Fitzwilliam Square East,False,False,OPEN,2024-12-28 03:59:44,True,False,,,53.335211,-6.2509,40,23,17,12,11,0,11,40,23,17,12,11,0,11
4677,57,dublin,GRATTAN STREET,Grattan Street,False,False,OPEN,2024-12-28 04:07:46,True,False,,,53.339629,-6.243778,23,6,17,4,2,0,2,23,6,17,4,2,0,2
4678,80,dublin,ST JAMES HOSPITAL (LUAS),St James Hospital (Luas),False,False,OPEN,2024-12-28 04:00:11,True,False,,,53.341359,-6.292951,40,2,38,2,0,0,0,40,2,38,2,0,0,0
4679,41,dublin,HARCOURT TERRACE,Harcourt Terrace,False,False,OPEN,2024-12-28 04:05:56,True,False,,,53.332763,-6.257942,20,2,18,1,1,0,1,20,2,18,1,1,0,1
4680,3,dublin,BOLTON STREET,Bolton Street,False,False,OPEN,2024-12-28 04:07:55,True,False,,,53.351182,-6.269859,20,9,11,8,1,0,1,20,9,11,8,1,0,1
4681,40,dublin,JERVIS STREET,Jervis Street,False,False,OPEN,2024-12-28 03:59:42,True,False,,,53.3483,-6.266651,21,9,12,5,4,0,4,21,9,12,5,4,0,4
4682,29,dublin,ORMOND QUAY UPPER,Ormond Quay Upper,False,False,OPEN,2024-12-28 03:59:51,True,False,,,53.346057,-6.268001,29,28,1,15,13,0,13,29,28,1,15,13,0,13
4683,103,dublin,GRANGEGORMAN LOWER (SOUTH),Grangegorman Lower (South),False,False,OPEN,2024-12-28 03:58:41,True,False,,,53.354663,-6.278681,40,0,40,0,0,0,0,40,0,40,0,0,0,0
4684,28,dublin,MOUNTJOY SQUARE WEST,Mountjoy Square West,False,False,OPEN,2024-12-28 04:07:48,True,False,,,53.356299,-6.258586,30,0,30,0,0,0,0,30,0,30,0,0,0,0
4685,39,dublin,WILTON TERRACE,Wilton Terrace,False,False,OPEN,2024-12-28 03:59:41,True,False,,,53.332383,-6.252717,20,2,18,0,2,0,2,20,2,18,0,2,0,2
4686,83,dublin,EMMET ROAD,Emmet Road,False,False,OPEN,2024-12-28 03:58:48,True,False,,,53.340714,-6.308191,40,13,26,11,2,0,2,40,13,26,11,2,0,2
4687,92,dublin,HEUSTON BRIDGE (NORTH),Heuston Bridge (North),False,False,OPEN,2024-12-28 04:06:49,True,False,,,53.347802,-6.292432,40,39,1,29,10,0,10,40,39,1,29,10,0,10
4688,21,dublin,LEINSTER STREET SOUTH,Leinster Street South,False,False,OPEN,2024-12-28 04:06:51,True,False,,,53.34218,-6.254485,30,2,28,2,0,0,0,30,2,28,2,0,0,0
4689,88,dublin,BLACKHALL PLACE,Blackhall Place,False,False,OPEN,2024-12-28 04:07:51,True,False,,,53.3488,-6.281637,30,4,26,2,2,0,2,30,4,26,2,2,0,2
4690,42,dublin,SMITHFIELD NORTH,Smithfield North,False,False,OPEN,2024-12-28 04:27:32,True,False,,,53.349562,-6.278198,30,7,23,4,3,0,3,30,7,23,4,3,0,3
4691,30,dublin,PARNELL SQUARE NORTH,Parnell Square North,False,False,OPEN,2024-12-28 04:20:29,True,False,,,53.3537415547453,-6.26530144781526,20,6,14,4,2,0,2,20,6,14,4,2,0,2
4692,54,dublin,CLONMEL STREET,Clonmel Street,False,False,OPEN,2024-12-28 04:22:49,True,False,,,53.336021,-6.26298,33,13,20,3,10,0,10,33,13,20,3,10,0,10
4693,108,dublin,AVONDALE ROAD,Avondale Road,False,False,OPEN,2024-12-28 04:18:18,True,False,,,53.359405,-6.276142,35,19,16,12,7,0,7,35,19,16,12,7,0,7
4694,20,dublin,JAMES STREET EAST,James Street East,False,False,OPEN,2024-12-28 04:20:53,True,False,,,53.336597,-6.248109,30,2,28,2,0,0,0,30,2,28,2,0,0,0
4695,56,dublin,MOUNT STREET LOWER,Mount Street Lower,False,False,OPEN,2024-12-28 04:26:53,True,False,,,53.33796,-6.24153,40,24,16,12,12,0,12,40,24,16,12,12,0,12
4696,6,dublin,CHRISTCHURCH PLACE,Christchurch Place,False,False,OPEN,2024-12-28 04:26:56,True,False,,,53.343368,-6.27012,20,6,14,2,4,0,4,20,6,14,2,4,0,4
4697,18,dublin,GRANTHAM STREET,Grantham Street,False,False,OPEN,2024-12-28 04:19:24,True,False,,,53.334123,-6.265436,30,12,18,4,8,0,8,30,12,18,4,8,0,8
4698,32,dublin,PEARSE STREET,Pearse Street,False,False,OPEN,2024-12-28 04:26:55,True,False,,,53.344304,-6.250427,30,21,9,16,5,0,5,30,21,9,16,5,0,5
4699,52,dublin,YORK STREET EAST,York Street East,False,False,OPEN,2024-12-28 04:17:52,True,False,,,53.338755,-6.262003,32,27,5,16,11,0,11,32,27,5,16,11,0,11
4700,48,dublin,EXCISE WALK,Excise Walk,False,False,OPEN,2024-12-28 04:18:17,True,False,,,53.347777,-6.244239,40,0,40,0,0,0,0,40,0,40,0,0,0,0
4701,13,dublin,FITZWILLIAM SQUARE WEST,Fitzwilliam Square West,False,False,OPEN,2024-12-28 04:21:26,True,False,,,53.336074,-6.252825,30,27,3,11,16,0,16,30,27,3,11,16,0,16
4702,43,dublin,PORTOBELLO ROAD,Portobello Road,False,False,OPEN,2024-12-28 04:18:48,True,False,,,53.330091,-6.268044,30,9,21,6,3,0,3,30,9,21,6,3,0,3
4703,31,dublin,PARNELL STREET,Parnell Street,False,False,OPEN,2024-12-28 04:26:28,True,False,,,53.350929,-6.265125,20,14,6,9,5,0,5,20,14,6,9,5,0,5
4704,98,dublin,FREDERICK STREET SOUTH,Frederick Street South,False,False,OPEN,2024-12-28 04:18:59,True,False,,,53.341515,-6.256853,40,19,21,9,10,0,10,40,19,21,9,10,0,10
4705,14,dublin,FOWNES STREET UPPER,Fownes Street Upper,False,False,OPEN,2024-12-28 04:19:49,True,False,,,53.344603,-6.263371,30,28,2,16,12,0,12,30,28,2,16,12,0,12
4706,1,dublin,CLARENDON ROW,Clarendon Row,False,False,OPEN,2024-12-28 04:19:27,True,False,,,53.340927,-6.262501,31,18,13,13,5,0,5,31,18,13,13,5,0,5
4707,23,dublin,CUSTOM HOUSE,Custom House,False,False,OPEN,2024-12-28 04:18:06,True,False,,,53.348279,-6.254662,30,17,13,8,9,0,9,30,17,13,8,9,0,9
4708,106,dublin,RATHDOWN ROAD,Rathdown Road,False,False,OPEN,2024-12-28 04:27:03,True,False,,,53.35893,-6.280337,40,0,40,0,0,0,0,40,0,40,0,0,0,0
4709,112,dublin,NORTH CIRCULAR ROAD (O'CONNELL'S),North Circular Road (O'Connell's),False,False,OPEN,2024-12-28 04:19:12,True,False,,,53.357841,-6.251557,30,11,19,9,2,0,2,30,11,19,9,2,0,2
4710,68,dublin,HANOVER QUAY,Hanover Quay,False,False,OPEN,2024-12-28 04:17:53,True,False,,,53.344115,-6.237153,40,26,14,17,9,0,9,40,26,14,17,9,0,9
4711,74,dublin,OLIVER BOND STREET,Oliver Bond Street,False,False,OPEN,2024-12-28 04:19:48,True,False,,,53.343893,-6.280531,30,23,7,17,6,0,6,30,23,7,17,6,0,6
4712,87,dublin,COLLINS BARRACKS MUSEUM,Collins Barracks Museum,False,False,OPEN,2024-12-28 04:18:16,True,False,,,53.347477,-6.28525,38,21,17,12,9,0,9,38,21,17,12,9,0,9
4713,84,dublin,BROOKFIELD ROAD,Brookfield Road,False,False,OPEN,2024-12-28 04:19:50,True,False,,,53.339005,-6.300217,30,14,16,8,6,0,6,30,14,16,8,6,0,6
4714,90,dublin,BENSON STREET,Benson Street,False,False,OPEN,2024-12-28 04:20:50,True,False,,,53.344153,-6.233451,40,7,33,5,2,0,2,40,7,33,5,2,0,2
4715,11,dublin,EARLSFORT TERRACE,Earlsfort Terrace,False,False,OPEN,2024-12-28 04:26:51,True,False,,,53.334295,-6.258503,30,17,13,13,4,0,4,30,17,13,13,4,0,4
4716,17,dublin,GOLDEN LANE,Golden Lane,False,False,OPEN,2024-12-28 04:27:28,True,False,,,53.340803,-6.267732,20,13,7,5,8,0,8,20,13,7,5,8,0,8
4717,45,dublin,DEVERELL PLACE,Deverell Place,False,False,OPEN,2024-12-28 04:23:38,True,False,,,53.351464,-6.255265,30,13,17,6,7,0,7,30,13,17,6,7,0,7
4718,114,dublin,WILTON TERRACE (PARK),Wilton Terrace (Park),False,False,OPEN,2024-12-28 04:23:48,True,False,,,53.333653,-6.248345,40,1,39,0,1,0,1,40,1,39,0,1,0,1
4719,72,dublin,JOHN STREET WEST,John Street West,False,False,OPEN,2024-12-28 04:27:52,True,False,,,53.343105,-6.277167,31,1,30,1,0,0,0,31,1,30,1,0,0,0
4720,63,dublin,FENIAN STREET,Fenian Street,False,False,OPEN,2024-12-28 04:19:52,True,False,,,53.341428,-6.24672,35,20,15,10,10,0,10,35,20,15,10,10,0,10
4721,113,dublin,MERRION SQUARE SOUTH,Merrion Square South,False,False,OPEN,2024-12-28 04:18:55,True,False,,,53.338614,-6.248606,40,6,23,5,1,0,1,40,6,23,5,1,0,1
4722,91,dublin,SOUTH DOCK ROAD,South Dock Road,False,False,OPEN,2024-12-28 04:26:10,True,False,,,53.341833,-6.231291,30,30,0,19,11,0,11,30,30,0,19,11,0,11
4723,99,dublin,CITY QUAY,City Quay,False,False,OPEN,2024-12-28 04:23:56,True,False,,,53.346637,-6.246154,30,18,12,9,9,0,9,30,18,12,9,9,0,9
4724,9,dublin,EXCHEQUER STREET,Exchequer Street,False,False,OPEN,2024-12-28 04:19:58,True,False,,,53.343034,-6.263578,24,13,11,3,10,0,10,24,13,11,3,10,0,10
4725,67,dublin,THE POINT,The Point,False,False,OPEN,2024-12-28 04:18:50,True,False,,,53.346867,-6.230852,40,19,21,10,9,0,9,40,19,21,10,9,0,9
4726,116,dublin,BROADSTONE,Broadstone,False,False,OPEN,2024-12-28 04:26:24,True,False,,,53.3547,-6.272314,30,17,13,6,11,0,11,30,17,13,6,11,0,11
4727,55,dublin,HATCH STREET,Hatch Street,False,False,OPEN,2024-12-28 04:20:50,True,False,,,53.33403,-6.260714,36,15,20,9,6,0,6,36,15,20,9,6,0,6
4728,62,dublin,LIME STREET,Lime Street,False,False,OPEN,2024-12-28 04:27:30,True,False,,,53.346026,-6.243576,40,16,24,5,11,0,11,40,16,24,5,11,0,11
4729,5,dublin,CHARLEMONT PLACE,Charlemont Street,False,False,OPEN,2024-12-28 04:20:21,True,False,,,53.330662,-6.260177,40,13,27,10,3,0,3,40,13,27,10,3,0,3
4730,97,dublin,KILMAINHAM GAOL,Kilmainham Gaol,False,False,OPEN,2024-12-28 04:27:25,True,False,,,53.342113,-6.310015,40,8,32,5,3,0,3,40,8,32,5,3,0,3
4731,61,dublin,HARDWICKE PLACE,Hardwicke Place,False,False,OPEN,2024-12-28 04:26:30,True,False,,,53.357043,-6.263232,25,0,25,0,0,0,0,25,0,25,0,0,0,0
4732,77,dublin,WOLFE TONE STREET,Wolfe Tone Street,False,False,OPEN,2024-12-28 04:26:50,True,False,,,53.348875,-6.267459,29,24,5,14,10,0,10,29,24,5,14,10,0,10
4733,73,dublin,FRANCIS STREET,Francis Street,False,False,OPEN,2024-12-28 04:18:49,True,False,,,53.342081,-6.275233,30,8,22,7,1,0,1,30,8,22,7,1,0,1
4734,4,dublin,GREEK STREET,Greek Street,False,False,OPEN,2024-12-28 04:19:30,True,False,,,53.346874,-6.272976,20,12,8,2,10,0,10,20,12,8,2,10,0,10
4735,49,dublin,GUILD STREET,Guild Street,False,False,OPEN,2024-12-28 04:19:13,True,False,,,53.347932,-6.240928,40,35,4,24,11,0,11,40,35,4,24,11,0,11
4736,19,dublin,HERBERT PLACE,Herbert Place,False,False,OPEN,2024-12-28 04:19:54,True,False,,,53.334432,-6.245575,30,6,24,4,2,0,2,30,6,24,4,2,0,2
4737,7,dublin,HIGH STREET,High Street,False,False,OPEN,2024-12-28 04:27:34,True,False,,,53.343565,-6.275071,29,0,29,0,0,0,0,29,0,29,0,0,0,0
4738,60,dublin,NORTH CIRCULAR ROAD,North Circular Road,False,False,OPEN,2024-12-28 04:20:49,True,False,,,53.359624,-6.260348,30,9,21,7,2,0,2,30,9,21,7,2,0,2
4739,102,dublin,WESTERN WAY,Western Way,False,False,OPEN,2024-12-28 04:27:39,True,False,,,53.354929,-6.269425,40,13,27,11,2,0,2,40,13,27,11,2,0,2
4740,38,dublin,TALBOT STREET,Talbot Street,False,False,OPEN,2024-12-28 04:18:50,True,False,,,53.350974,-6.25294,40,22,18,17,5,0,5,40,22,18,17,5,0,5
4741,53,dublin,NEWMAN HOUSE,Newman House,False,False,OPEN,2024-12-28 04:18:49,True,False,,,53.337132,-6.26059,40,11,29,11,0,0,0,40,11,29,11,0,0,0
4742,58,dublin,SIR PATRICK DUN'S,Sir Patrick's Dun,False,False,OPEN,2024-12-28 04:18:32,True,False,,,53.339218,-6.240642,40,35,5,28,7,0,7,40,35,5,28,7,0,7
4743,66,dublin,NEW CENTRAL BANK,New Central Bank,False,False,OPEN,2024-12-28 04:26:54,True,False,,,53.347122,-6.234749,40,5,35,1,4,0,4,40,5,35,1,4,0,4
4744,104,dublin,GRANGEGORMAN LOWER (CENTRAL),Grangegorman Lower (Central),False,False,OPEN,2024-12-28 04:19:28,True,False,,,53.355173,-6.278424,40,1,39,1,0,0,0,40,1,39,1,0,0,0
4745,101,dublin,KING STREET NORTH,King Street North,False,False,OPEN,2024-12-28 04:26:36,True,False,,,53.350291,-6.273507,30,13,17,8,5,0,5,30,13,17,8,5,0,5
4746,115,dublin,KILLARNEY STREET,Killarney Street,False,False,OPEN,2024-12-28 04:20:26,True,False,,,53.354845,-6.247579,30,27,3,19,8,0,8,30,27,3,19,8,0,8
4747,47,dublin,HERBERT STREET,Herbert Street,False,False,OPEN,2024-12-28 04:17:58,True,False,,,53.335742,-6.24551,40,4,36,2,2,0,2,40,4,36,2,2,0,2
4748,117,dublin,HANOVER QUAY EAST,Hanover Quay East,False,False,OPEN,2024-12-28 04:17:58,True,False,,,53.343653,-6.231755,40,5,35,1,4,0,4,40,5,35,1,4,0,4
4749,8,dublin,CUSTOM HOUSE QUAY,Custom House Quay,False,False,OPEN,2024-12-28 04:18:32,True,False,,,53.347884,-6.248048,30,21,9,14,7,0,7,30,21,9,14,7,0,7
4750,27,dublin,MOLESWORTH STREET,Molesworth Street,False,False,OPEN,2024-12-28 04:26:53,True,False,,,53.341288,-6.258117,20,5,15,2,3,0,3,20,5,15,2,3,0,3
4751,16,dublin,GEORGES QUAY,Georges Quay,False,False,OPEN,2024-12-28 04:25:53,True,False,,,53.347508,-6.252192,20,17,3,9,8,0,8,20,17,3,9,8,0,8
4752,96,dublin,KILMAINHAM LANE,Kilmainham Lane,False,False,OPEN,2024-12-28 04:25:57,True,False,,,53.341805,-6.305085,30,4,26,4,0,0,0,30,4,26,4,0,0,0
4753,82,dublin,MOUNT BROWN,Mount Brown,False,False,OPEN,2024-12-28 04:27:53,True,False,,,53.341645,-6.29719,22,11,11,2,9,0,9,22,11,11,2,9,0,9
4754,76,dublin,MARKET STREET SOUTH,Market Street South,False,False,OPEN,2024-12-28 04:25:58,True,False,,,53.342296,-6.287661,38,2,36,0,2,0,2,38,2,36,0,2,0,2
4755,71,dublin,KEVIN STREET,Kevin Street,False,False,OPEN,2024-12-28 04:26:58,True,False,,,53.337757,-6.267699,40,13,27,5,8,0,8,40,13,27,5,8,0,8
4756,79,dublin,ECCLES STREET EAST,Eccles Street East,False,False,OPEN,2024-12-28 04:19:21,True,False,,,53.358115,-6.265601,27,0,27,0,0,0,0,27,0,27,0,0,0,0
4757,69,dublin,GRAND CANAL DOCK,Grand Canal Dock,False,False,OPEN,2024-12-28 04:19:23,True,False,,,53.342638,-6.238695,40,36,4,23,13,0,13,40,36,4,23,13,0,13
4758,25,dublin,MERRION SQUARE EAST,Merrion Square East,False,False,OPEN,2024-12-28 04:23:40,True,False,,,53.339434,-6.246548,30,0,30,0,0,0,0,30,0,30,0,0,0,0
4759,51,dublin,YORK STREET WEST,York Street West,False,False,OPEN,2024-12-28 04:26:58,True,False,,,53.339334,-6.264699,40,0,0,0,0,0,0,40,0,0,0,0,0,0
4760,37,dublin,ST. STEPHEN'S GREEN SOUTH,St. Stephen's Green South,False,False,OPEN,2024-12-28 04:27:09,True,False,,,53.337494,-6.26199,30,17,13,10,7,0,7,30,17,13,10,7,0,7
4761,59,dublin,DENMARK STREET GREAT,Denmark Street Great,False,False,OPEN,2024-12-28 04:19:28,True,False,,,53.35561,-6.261397,20,2,18,1,1,0,1,20,2,18,1,1,0,1
4762,95,dublin,ROYAL HOSPITAL,Royal Hospital,False,False,OPEN,2024-12-28 04:20:50,True,False,,,53.343897,-6.29706,40,28,12,18,10,0,10,40,28,12,18,10,0,10
4763,94,dublin,HEUSTON STATION (CAR PARK),Heuston Station (Car Park),False,False,OPEN,2024-12-28 04:19:49,True,False,,,53.346985,-6.297804,40,10,30,10,0,0,0,40,10,30,10,0,0,0
4764,105,dublin,GRANGEGORMAN LOWER (NORTH),Grangegorman Lower (North),False,False,OPEN,2024-12-28 04:20:20,True,False,,,53.355954,-6.278378,36,3,33,2,1,0,1,36,3,33,2,1,0,1
4765,36,dublin,ST. STEPHEN'S GREEN EAST,St. Stephen's Green East,False,False,OPEN,2024-12-28 04:27:43,True,False,,,53.337824,-6.256035,40,15,25,7,8,0,8,40,15,25,7,8,0,8
4766,93,dublin,HEUSTON STATION (CENTRAL),Heuston Station (Central),False,False,OPEN,2024-12-28 04:27:50,True,False,,,53.346603,-6.296924,40,13,27,13,0,0,0,40,13,27,13,0,0,0
4767,22,dublin,TOWNSEND STREET,Townsend Street,False,False,OPEN,2024-12-28 04:27:34,True,False,,,53.345922,-6.254614,20,13,7,11,2,0,2,20,13,7,11,2,0,2
4768,50,dublin,GEORGES LANE,George's Lane,False,False,OPEN,2024-12-28 04:19:52,True,False,,,53.35023,-6.279696,40,11,29,10,1,0,1,40,11,29,10,1,0,1
4769,110,dublin,PHIBSBOROUGH ROAD,Phibsborough Road,False,False,OPEN,2024-12-28 04:21:24,True,False,,,53.356307,-6.273717,40,8,32,1,7,0,7,40,8,32,1,7,0,7
4770,12,dublin,ECCLES STREET,Eccles Street,False,False,OPEN,2024-12-28 04:18:08,True,False,,,53.359246,-6.269779,20,3,17,3,0,0,0,20,3,17,3,0,0,0
4771,34,dublin,PORTOBELLO HARBOUR,Portobello Harbour,False,False,OPEN,2024-12-28 04:18:32,True,False,,,53.330362,-6.265163,30,6,24,4,2,0,2,30,6,24,4,2,0,2
4772,78,dublin,MATER HOSPITAL,Mater Hospital,False,False,OPEN,2024-12-28 04:18:54,True,False,,,53.359967,-6.264828,40,1,39,1,0,0,0,40,1,39,1,0,0,0
4773,2,dublin,BLESSINGTON STREET,Blessington Street,False,False,OPEN,2024-12-28 04:27:21,True,False,,,53.356769,-6.26814,20,5,15,3,2,0,2,20,5,15,3,2,0,2
4774,75,dublin,JAMES STREET,James Street,False,False,OPEN,2024-12-28 04:20:18,True,False,,,53.343456,-6.287409,40,3,37,2,1,0,1,40,3,37,2,1,0,1
4775,111,dublin,MOUNTJOY SQUARE EAST,Mountjoy Square East,False,False,OPEN,2024-12-28 04:27:03,True,False,,,53.356717,-6.256359,40,0,40,0,0,0,0,40,0,40,0,0,0,0
4776,26,dublin,MERRION SQUARE WEST,Merrion Square West,False,False,OPEN,2024-12-28 04:27:09,True,False,,,53.339764,-6.251988,20,12,8,4,8,0,8,20,12,8,4,8,0,8
4777,65,dublin,CONVENTION CENTRE,Convention Centre,False,False,OPEN,2024-12-28 04:20:50,True,False,,,53.34744,-6.238523,40,12,28,10,2,0,2,40,12,28,10,2,0,2
4778,15,dublin,HARDWICKE STREET,Hardwicke Street,False,False,OPEN,2024-12-28 04:20:18,True,False,,,53.355473,-6.264423,16,4,12,3,1,0,1,16,4,12,3,1,0,1
4779,86,dublin,PARKGATE STREET,Parkgate Street,False,False,OPEN,2024-12-28 04:26:28,True,False,,,53.347972,-6.291804,38,33,5,3,30,0,30,38,33,5,3,30,0,30
4780,35,dublin,SMITHFIELD,Smithfield,False,False,OPEN,2024-12-28 04:20:51,True,False,,,53.347692,-6.278214,30,9,21,5,4,0,4,30,9,21,5,4,0,4
4781,10,dublin,DAME STREET,Dame Street,False,False,OPEN,2024-12-28 04:20:54,True,False,,,53.344007,-6.266802,16,14,2,10,4,0,4,16,14,2,10,4,0,4
4782,100,dublin,HEUSTON BRIDGE (SOUTH),Heuston Bridge (South),False,False,OPEN,2024-12-28 04:26:32,True,False,,,53.347106,-6.292041,25,15,10,8,7,0,7,25,15,10,8,7,0,7
4783,24,dublin,CATHAL BRUGHA STREET,Cathal Brugha Street,False,False,OPEN,2024-12-28 04:19:33,True,False,,,53.352149,-6.260533,20,12,8,11,1,0,1,20,12,8,11,1,0,1
4784,64,dublin,SANDWITH STREET,Sandwith Street,False,False,OPEN,2024-12-28 04:19:27,True,False,,,53.345203,-6.247163,40,23,17,19,4,0,4,40,23,17,19,4,0,4
4785,109,dublin,BUCKINGHAM STREET LOWER,Buckingham Street Lower,False,False,OPEN,2024-12-28 04:19:54,True,False,,,53.353331,-6.249319,29,13,16,4,9,0,9,29,13,16,4,9,0,9
4786,85,dublin,ROTHE ABBEY,Rothe Abbey,False,False,OPEN,2024-12-28 04:20:59,True,False,,,53.338776,-6.30395,35,30,5,16,14,0,14,35,30,5,16,14,0,14
4787,107,dublin,CHARLEVILLE ROAD,Charleville Road,False,False,OPEN,2024-12-28 04:27:53,True,False,,,53.359157,-6.281866,40,17,23,10,7,0,7,40,17,23,10,7,0,7
4788,33,dublin,PRINCES STREET / O'CONNELL STREET,Princes Street / O'Connell Street,False,False,OPEN,2024-12-28 04:18:29,True,False,,,53.349013,-6.260311,23,15,8,6,9,0,9,23,15,8,6,9,0,9
4789,44,dublin,UPPER SHERRARD STREET,Upper Sherrard Street,False,False,OPEN,2024-12-28 04:19:59,True,False,,,53.358437,-6.260641,30,8,22,7,1,0,1,30,8,22,7,1,0,1
4790,89,dublin,FITZWILLIAM SQUARE EAST,Fitzwilliam Square East,False,False,OPEN,2024-12-28 04:19:51,True,False,,,53.335211,-6.2509,40,23,17,12,11,0,11,40,23,17,12,11,0,11
4791,57,dublin,GRATTAN STREET,Grattan Street,False,False,OPEN,2024-12-28 04:27:55,True,False,,,53.339629,-6.243778,23,6,17,4,2,0,2,23,6,17,4,2,0,2
4792,80,dublin,ST JAMES HOSPITAL (LUAS),St James Hospital (Luas),False,False,OPEN,2024-12-28 04:20:18,True,False,,,53.341359,-6.292951,40,2,38,2,0,0,0,40,2,38,2,0,0,0
4793,41,dublin,HARCOURT TERRACE,Harcourt Terrace,False,False,OPEN,2024-12-28 04:26:06,True,False,,,53.332763,-6.257942,20,2,18,1,1,0,1,20,2,18,1,1,0,1
4794,3,dublin,BOLTON STREET,Bolton Street,False,False,OPEN,2024-12-28 04:18:02,True,False,,,53.351182,-6.269859,20,9,11,8,1,0,1,20,9,11,8,1,0,1
4795,40,dublin,JERVIS STREET,Jervis Street,False,False,OPEN,2024-12-28 04:19:51,True,False,,,53.3483,-6.266651,21,9,12,5,4,0,4,21,9,12,5,4,0,4
4796,29,dublin,ORMOND QUAY UPPER,Ormond Quay Upper,False,False,OPEN,2024-12-28 04:20:01,True,False,,,53.346057,-6.268001,29,28,1,15,13,0,13,29,28,1,15,13,0,13
4797,103,dublin,GRANGEGORMAN LOWER (SOUTH),Grangegorman Lower (South),False,False,OPEN,2024-12-28 04:18:48,True,False,,,53.354663,-6.278681,40,0,40,0,0,0,0,40,0,40,0,0,0,0
4798,28,dublin,MOUNTJOY SQUARE WEST,Mountjoy Square West,False,False,OPEN,2024-12-28 04:17:53,True,False,,,53.356299,-6.258586,30,0,30,0,0,0,0,30,0,30,0,0,0,0
4799,39,dublin,WILTON TERRACE,Wilton Terrace,False,False,OPEN,2024-12-28 04:19:49,True,False,,,53.332383,-6.252717,20,2,18,0,2,0,2,20,2,18,0,2,0,2
4800,83,dublin,EMMET ROAD,Emmet Road,False,False,OPEN,2024-12-28 04:18:59,True,False,,,53.340714,-6.308191,40,13,26,11,2,0,2,40,13,26,11,2,0,2
4801,92,dublin,HEUSTON BRIDGE (NORTH),Heuston Bridge (North),False,False,OPEN,2024-12-28 04:26:57,True,False,,,53.347802,-6.292432,40,39,1,29,10,0,10,40,39,1,29,10,0,10
4802,21,dublin,LEINSTER STREET SOUTH,Leinster Street South,False,False,OPEN,2024-12-28 04:27:00,True,False,,,53.34218,-6.254485,30,2,28,2,0,0,0,30,2,28,2,0,0,0
4803,88,dublin,BLACKHALL PLACE,Blackhall Place,False,False,OPEN,2024-12-28 04:26:01,True,False,,,53.3488,-6.281637,30,4,26,2,2,0,2,30,4,26,2,2,0,2
4804,42,dublin,SMITHFIELD NORTH,Smithfield North,False,False,OPEN,2024-12-28 04:47:43,True,False,,,53.349562,-6.278198,30,7,23,4,3,0,3,30,7,23,4,3,0,3
4805,30,dublin,PARNELL SQUARE NORTH,Parnell Square North,False,False,OPEN,2024-12-28 04:40:40,True,False,,,53.3537415547453,-6.26530144781526,20,6,14,4,2,0,2,20,6,14,4,2,0,2
4806,54,dublin,CLONMEL STREET,Clonmel Street,False,False,OPEN,2024-12-28 04:43:26,True,False,,,53.336021,-6.26298,33,13,20,3,10,0,10,33,13,20,3,10,0,10
4807,108,dublin,AVONDALE ROAD,Avondale Road,False,False,OPEN,2024-12-28 04:41:32,True,False,,,53.359405,-6.276142,35,19,16,12,7,0,7,35,19,16,12,7,0,7
4808,20,dublin,JAMES STREET EAST,James Street East,False,False,OPEN,2024-12-28 04:41:00,True,False,,,53.336597,-6.248109,30,2,28,2,0,0,0,30,2,28,2,0,0,0
4809,56,dublin,MOUNT STREET LOWER,Mount Street Lower,False,False,OPEN,2024-12-28 04:47:00,True,False,,,53.33796,-6.24153,40,24,16,12,12,0,12,40,24,16,12,12,0,12
4810,6,dublin,CHRISTCHURCH PLACE,Christchurch Place,False,False,OPEN,2024-12-28 04:47:04,True,False,,,53.343368,-6.27012,20,6,14,2,4,0,4,20,6,14,2,4,0,4
4811,18,dublin,GRANTHAM STREET,Grantham Street,False,False,OPEN,2024-12-28 04:39:33,True,False,,,53.334123,-6.265436,30,12,18,4,8,0,8,30,12,18,4,8,0,8
4812,32,dublin,PEARSE STREET,Pearse Street,False,False,OPEN,2024-12-28 04:47:04,True,False,,,53.344304,-6.250427,30,21,9,16,5,0,5,30,21,9,16,5,0,5
4813,52,dublin,YORK STREET EAST,York Street East,False,False,OPEN,2024-12-28 04:45:41,True,False,,,53.338755,-6.262003,32,27,5,16,11,0,11,32,27,5,16,11,0,11
4814,48,dublin,EXCISE WALK,Excise Walk,False,False,OPEN,2024-12-28 04:38:24,True,False,,,53.347777,-6.244239,40,0,40,0,0,0,0,40,0,40,0,0,0,0
4815,13,dublin,FITZWILLIAM SQUARE WEST,Fitzwilliam Square West,False,False,OPEN,2024-12-28 04:38:58,True,False,,,53.336074,-6.252825,30,27,3,11,16,0,16,30,27,3,11,16,0,16
4816,43,dublin,PORTOBELLO ROAD,Portobello Road,False,False,OPEN,2024-12-28 04:38:55,True,False,,,53.330091,-6.268044,30,9,21,6,3,0,3,30,9,21,6,3,0,3
4817,31,dublin,PARNELL STREET,Parnell Street,False,False,OPEN,2024-12-28 04:46:37,True,False,,,53.350929,-6.265125,20,14,6,9,5,0,5,20,14,6,9,5,0,5
4818,98,dublin,FREDERICK STREET SOUTH,Frederick Street South,False,False,OPEN,2024-12-28 04:39:10,True,False,,,53.341515,-6.256853,40,19,21,9,10,0,10,40,19,21,9,10,0,10
4819,14,dublin,FOWNES STREET UPPER,Fownes Street Upper,False,False,OPEN,2024-12-28 04:39:57,True,False,,,53.344603,-6.263371,30,28,2,16,12,0,12,30,28,2,16,12,0,12
4820,1,dublin,CLARENDON ROW,Clarendon Row,False,False,OPEN,2024-12-28 04:39:35,True,False,,,53.340927,-6.262501,31,18,13,13,5,0,5,31,18,13,13,5,0,5
4821,23,dublin,CUSTOM HOUSE,Custom House,False,False,OPEN,2024-12-28 04:38:17,True,False,,,53.348279,-6.254662,30,17,13,8,9,0,9,30,17,13,8,9,0,9
4822,106,dublin,RATHDOWN ROAD,Rathdown Road,False,False,OPEN,2024-12-28 04:47:14,True,False,,,53.35893,-6.280337,40,0,40,0,0,0,0,40,0,40,0,0,0,0
4823,112,dublin,NORTH CIRCULAR ROAD (O'CONNELL'S),North Circular Road (O'Connell's),False,False,OPEN,2024-12-28 04:39:23,True,False,,,53.357841,-6.251557,30,11,19,9,2,0,2,30,11,19,9,2,0,2
4824,68,dublin,HANOVER QUAY,Hanover Quay,False,False,OPEN,2024-12-28 04:38:01,True,False,,,53.344115,-6.237153,40,26,14,17,9,0,9,40,26,14,17,9,0,9
4825,74,dublin,OLIVER BOND STREET,Oliver Bond Street,False,False,OPEN,2024-12-28 04:39:54,True,False,,,53.343893,-6.280531,30,23,7,17,6,0,6,30,23,7,17,6,0,6
4826,87,dublin,COLLINS BARRACKS MUSEUM,Collins Barracks Museum,False,False,OPEN,2024-12-28 04:38:27,True,False,,,53.347477,-6.28525,38,21,17,12,9,0,9,38,21,17,12,9,0,9
4827,84,dublin,BROOKFIELD ROAD,Brookfield Road,False,False,OPEN,2024-12-28 04:39:58,True,False,,,53.339005,-6.300217,30,14,16,8,6,0,6,30,14,16,8,6,0,6
4828,90,dublin,BENSON STREET,Benson Street,False,False,OPEN,2024-12-28 04:40:57,True,False,,,53.344153,-6.233451,40,7,33,5,2,0,2,40,7,33,5,2,0,2
4829,11,dublin,EARLSFORT TERRACE,Earlsfort Terrace,False,False,OPEN,2024-12-28 04:46:58,True,False,,,53.334295,-6.258503,30,17,13,13,4,0,4,30,17,13,13,4,0,4
4830,17,dublin,GOLDEN LANE,Golden Lane,False,False,OPEN,2024-12-28 04:47:36,True,False,,,53.340803,-6.267732,20,13,7,5,8,0,8,20,13,7,5,8,0,8
4831,45,dublin,DEVERELL PLACE,Deverell Place,False,False,OPEN,2024-12-28 04:45:46,True,False,,,53.351464,-6.255265,30,13,17,6,7,0,7,30,13,17,6,7,0,7
4832,114,dublin,WILTON TERRACE (PARK),Wilton Terrace (Park),False,False,OPEN,2024-12-28 04:43:55,True,False,,,53.333653,-6.248345,40,1,39,0,1,0,1,40,1,39,0,1,0,1
4833,72,dublin,JOHN STREET WEST,John Street West,False,False,OPEN,2024-12-28 04:37:56,True,False,,,53.343105,-6.277167,31,1,30,1,0,0,0,31,1,30,1,0,0,0
4834,63,dublin,FENIAN STREET,Fenian Street,False,False,OPEN,2024-12-28 04:44:36,True,False,,,53.341428,-6.24672,35,20,15,10,10,0,10,35,20,15,10,10,0,10
4835,113,dublin,MERRION SQUARE SOUTH,Merrion Square South,False,False,OPEN,2024-12-28 04:39:04,True,False,,,53.338614,-6.248606,40,6,23,5,1,0,1,40,6,23,5,1,0,1
4836,91,dublin,SOUTH DOCK ROAD,South Dock Road,False,False,OPEN,2024-12-28 04:46:20,True,False,,,53.341833,-6.231291,30,30,0,19,11,0,11,30,30,0,19,11,0,11
4837,99,dublin,CITY QUAY,City Quay,False,False,OPEN,2024-12-28 04:39:25,True,False,,,53.346637,-6.246154,30,18,12,9,9,0,9,30,18,12,9,9,0,9
4838,9,dublin,EXCHEQUER STREET,Exchequer Street,False,False,OPEN,2024-12-28 04:40:09,True,False,,,53.343034,-6.263578,24,13,11,3,10,0,10,24,13,11,3,10,0,10
4839,67,dublin,THE POINT,The Point,False,False,OPEN,2024-12-28 04:38:59,True,False,,,53.346867,-6.230852,40,19,21,10,9,0,9,40,19,21,10,9,0,9
4840,116,dublin,BROADSTONE,Broadstone,False,False,OPEN,2024-12-28 04:46:31,True,False,,,53.3547,-6.272314,30,17,13,6,11,0,11,30,17,13,6,11,0,11
4841,55,dublin,HATCH STREET,Hatch Street,False,False,OPEN,2024-12-28 04:40:57,True,False,,,53.33403,-6.260714,36,15,20,9,6,0,6,36,15,20,9,6,0,6
4842,62,dublin,LIME STREET,Lime Street,False,False,OPEN,2024-12-28 04:47:39,True,False,,,53.346026,-6.243576,40,16,24,5,11,0,11,40,16,24,5,11,0,11
4843,5,dublin,CHARLEMONT PLACE,Charlemont Street,False,False,OPEN,2024-12-28 04:40:29,True,False,,,53.330662,-6.260177,40,13,27,10,3,0,3,40,13,27,10,3,0,3
4844,97,dublin,KILMAINHAM GAOL,Kilmainham Gaol,False,False,OPEN,2024-12-28 04:47:32,True,False,,,53.342113,-6.310015,40,8,32,5,3,0,3,40,8,32,5,3,0,3
4845,61,dublin,HARDWICKE PLACE,Hardwicke Place,False,False,OPEN,2024-12-28 04:46:39,True,False,,,53.357043,-6.263232,25,0,25,0,0,0,0,25,0,25,0,0,0,0
4846,77,dublin,WOLFE TONE STREET,Wolfe Tone Street,False,False,OPEN,2024-12-28 04:38:02,True,False,,,53.348875,-6.267459,29,24,5,14,10,0,10,29,24,5,14,10,0,10
4847,73,dublin,FRANCIS STREET,Francis Street,False,False,OPEN,2024-12-28 04:38:58,True,False,,,53.342081,-6.275233,30,8,22,7,1,0,1,30,8,22,7,1,0,1
4848,4,dublin,GREEK STREET,Greek Street,False,False,OPEN,2024-12-28 04:39:41,True,False,,,53.346874,-6.272976,20,12,8,2,10,0,10,20,12,8,2,10,0,10
4849,49,dublin,GUILD STREET,Guild Street,False,False,OPEN,2024-12-28 04:39:24,True,False,,,53.347932,-6.240928,40,35,4,24,11,0,11,40,35,4,24,11,0,11
4850,19,dublin,HERBERT PLACE,Herbert Place,False,False,OPEN,2024-12-28 04:40:02,True,False,,,53.334432,-6.245575,30,6,24,4,2,0,2,30,6,24,4,2,0,2
4851,7,dublin,HIGH STREET,High Street,False,False,OPEN,2024-12-28 04:47:42,True,False,,,53.343565,-6.275071,29,0,29,0,0,0,0,29,0,29,0,0,0,0
4852,60,dublin,NORTH CIRCULAR ROAD,North Circular Road,False,False,OPEN,2024-12-28 04:40:57,True,False,,,53.359624,-6.260348,30,9,21,7,2,0,2,30,9,21,7,2,0,2
4853,102,dublin,WESTERN WAY,Western Way,False,False,OPEN,2024-12-28 04:47:50,True,False,,,53.354929,-6.269425,40,13,27,11,2,0,2,40,13,27,11,2,0,2
4854,38,dublin,TALBOT STREET,Talbot Street,False,False,OPEN,2024-12-28 04:38:59,True,False,,,53.350974,-6.25294,40,22,18,17,5,0,5,40,22,18,17,5,0,5
4855,53,dublin,NEWMAN HOUSE,Newman House,False,False,OPEN,2024-12-28 04:38:57,True,False,,,53.337132,-6.26059,40,11,29,11,0,0,0,40,11,29,11,0,0,0
4856,58,dublin,SIR PATRICK DUN'S,Sir Patrick's Dun,False,False,OPEN,2024-12-28 04:38:43,True,False,,,53.339218,-6.240642,40,35,5,28,7,0,7,40,35,5,28,7,0,7
4857,66,dublin,NEW CENTRAL BANK,New Central Bank,False,False,OPEN,2024-12-28 04:47:01,True,False,,,53.347122,-6.234749,40,5,35,1,4,0,4,40,5,35,1,4,0,4
4858,104,dublin,GRANGEGORMAN LOWER (CENTRAL),Grangegorman Lower (Central),False,False,OPEN,2024-12-28 04:39:39,True,False,,,53.355173,-6.278424,40,1,39,1,0,0,0,40,1,39,1,0,0,0
4859,101,dublin,KING STREET NORTH,King Street North,False,False,OPEN,2024-12-28 04:46:43,True,False,,,53.350291,-6.273507,30,13,17,8,5,0,5,30,13,17,8,5,0,5
4860,115,dublin,KILLARNEY STREET,Killarney Street,False,False,OPEN,2024-12-28 04:43:10,True,False,,,53.354845,-6.247579,30,27,3,19,8,0,8,30,27,3,19,8,0,8
4861,47,dublin,HERBERT STREET,Herbert Street,False,False,OPEN,2024-12-28 04:39:28,True,False,,,53.335742,-6.24551,40,4,36,2,2,0,2,40,4,36,2,2,0,2
4862,117,dublin,HANOVER QUAY EAST,Hanover Quay East,False,False,OPEN,2024-12-28 04:38:08,True,False,,,53.343653,-6.231755,40,5,35,1,4,0,4,40,5,35,1,4,0,4
4863,8,dublin,CUSTOM HOUSE QUAY,Custom House Quay,False,False,OPEN,2024-12-28 04:38:43,True,False,,,53.347884,-6.248048,30,21,9,14,7,0,7,30,21,9,14,7,0,7
4864,27,dublin,MOLESWORTH STREET,Molesworth Street,False,False,OPEN,2024-12-28 04:47:00,True,False,,,53.341288,-6.258117,20,5,15,2,3,0,3,20,5,15,2,3,0,3
4865,16,dublin,GEORGES QUAY,Georges Quay,False,False,OPEN,2024-12-28 04:46:00,True,False,,,53.347508,-6.252192,20,17,3,9,8,0,8,20,17,3,9,8,0,8
4866,96,dublin,KILMAINHAM LANE,Kilmainham Lane,False,False,OPEN,2024-12-28 04:46:05,True,False,,,53.341805,-6.305085,30,4,26,4,0,0,0,30,4,26,4,0,0,0
4867,82,dublin,MOUNT BROWN,Mount Brown,False,False,OPEN,2024-12-28 04:37:57,True,False,,,53.341645,-6.29719,22,11,11,2,9,0,9,22,11,11,2,9,0,9
4868,76,dublin,MARKET STREET SOUTH,Market Street South,False,False,OPEN,2024-12-28 04:46:07,True,False,,,53.342296,-6.287661,38,2,36,0,2,0,2,38,2,36,0,2,0,2
4869,71,dublin,KEVIN STREET,Kevin Street,False,False,OPEN,2024-12-28 04:47:07,True,False,,,53.337757,-6.267699,40,13,27,5,8,0,8,40,13,27,5,8,0,8
4870,79,dublin,ECCLES STREET EAST,Eccles Street East,False,False,OPEN,2024-12-28 04:39:30,True,False,,,53.358115,-6.265601,27,0,27,0,0,0,0,27,0,27,0,0,0,0
4871,69,dublin,GRAND CANAL DOCK,Grand Canal Dock,False,False,OPEN,2024-12-28 04:39:31,True,False,,,53.342638,-6.238695,40,36,4,23,13,0,13,40,36,4,23,13,0,13
4872,25,dublin,MERRION SQUARE EAST,Merrion Square East,False,False,OPEN,2024-12-28 04:43:51,True,False,,,53.339434,-6.246548,30,0,30,0,0,0,0,30,0,30,0,0,0,0
4873,51,dublin,YORK STREET WEST,York Street West,False,False,OPEN,2024-12-28 04:47:08,True,False,,,53.339334,-6.264699,40,0,0,0,0,0,0,40,0,0,0,0,0,0
4874,37,dublin,ST. STEPHEN'S GREEN SOUTH,St. Stephen's Green South,False,False,OPEN,2024-12-28 04:47:19,True,False,,,53.337494,-6.26199,30,17,13,10,7,0,7,30,17,13,10,7,0,7
4875,59,dublin,DENMARK STREET GREAT,Denmark Street Great,False,False,OPEN,2024-12-28 04:39:39,True,False,,,53.35561,-6.261397,20,2,18,1,1,0,1,20,2,18,1,1,0,1
4876,95,dublin,ROYAL HOSPITAL,Royal Hospital,False,False,OPEN,2024-12-28 04:40:57,True,False,,,53.343897,-6.29706,40,28,12,18,10,0,10,40,28,12,18,10,0,10
4877,94,dublin,HEUSTON STATION (CAR PARK),Heuston Station (Car Park),False,False,OPEN,2024-12-28 04:39:57,True,False,,,53.346985,-6.297804,40,10,30,10,0,0,0,40,10,30,10,0,0,0
4878,105,dublin,GRANGEGORMAN LOWER (NORTH),Grangegorman Lower (North),False,False,OPEN,2024-12-28 04:40:28,True,False,,,53.355954,-6.278378,36,3,33,2,1,0,1,36,3,33,2,1,0,1
4879,36,dublin,ST. STEPHEN'S GREEN EAST,St. Stephen's Green East,False,False,OPEN,2024-12-28 04:46:47,True,False,,,53.337824,-6.256035,40,15,25,7,8,0,8,40,15,25,7,8,0,8
4880,93,dublin,HEUSTON STATION (CENTRAL),Heuston Station (Central),False,False,OPEN,2024-12-28 04:37:54,True,False,,,53.346603,-6.296924,40,13,27,13,0,0,0,40,13,27,13,0,0,0
4881,22,dublin,TOWNSEND STREET,Townsend Street,False,False,OPEN,2024-12-28 04:47:45,True,False,,,53.345922,-6.254614,20,13,7,11,2,0,2,20,13,7,11,2,0,2
4882,50,dublin,GEORGES LANE,George's Lane,False,False,OPEN,2024-12-28 04:40:01,True,False,,,53.35023,-6.279696,40,11,29,10,1,0,1,40,11,29,10,1,0,1
4883,110,dublin,PHIBSBOROUGH ROAD,Phibsborough Road,False,False,OPEN,2024-12-28 04:41:33,True,False,,,53.356307,-6.273717,40,8,32,1,7,0,7,40,8,32,1,7,0,7
4884,12,dublin,ECCLES STREET,Eccles Street,False,False,OPEN,2024-12-28 04:38:20,True,False,,,53.359246,-6.269779,20,3,17,3,0,0,0,20,3,17,3,0,0,0
4885,34,dublin,PORTOBELLO HARBOUR,Portobello Harbour,False,False,OPEN,2024-12-28 04:38:39,True,False,,,53.330362,-6.265163,30,6,24,4,2,0,2,30,6,24,4,2,0,2
4886,78,dublin,MATER HOSPITAL,Mater Hospital,False,False,OPEN,2024-12-28 04:39:04,True,False,,,53.359967,-6.264828,40,1,39,1,0,0,0,40,1,39,1,0,0,0
4887,2,dublin,BLESSINGTON STREET,Blessington Street,False,False,OPEN,2024-12-28 04:47:28,True,False,,,53.356769,-6.26814,20,5,15,3,2,0,2,20,5,15,3,2,0,2
4888,75,dublin,JAMES STREET,James Street,False,False,OPEN,2024-12-28 04:40:26,True,False,,,53.343456,-6.287409,40,3,37,2,1,0,1,40,3,37,2,1,0,1
4889,111,dublin,MOUNTJOY SQUARE EAST,Mountjoy Square East,False,False,OPEN,2024-12-28 04:47:14,True,False,,,53.356717,-6.256359,40,0,40,0,0,0,0,40,0,40,0,0,0,0
4890,26,dublin,MERRION SQUARE WEST,Merrion Square West,False,False,OPEN,2024-12-28 04:47:20,True,False,,,53.339764,-6.251988,20,12,8,4,8,0,8,20,12,8,4,8,0,8
4891,65,dublin,CONVENTION CENTRE,Convention Centre,False,False,OPEN,2024-12-28 04:40:57,True,False,,,53.34744,-6.238523,40,12,28,10,2,0,2,40,12,28,10,2,0,2
4892,15,dublin,HARDWICKE STREET,Hardwicke Street,False,False,OPEN,2024-12-28 04:40:25,True,False,,,53.355473,-6.264423,16,4,12,3,1,0,1,16,4,12,3,1,0,1
4893,86,dublin,PARKGATE STREET,Parkgate Street,False,False,OPEN,2024-12-28 04:46:37,True,False,,,53.347972,-6.291804,38,33,5,3,30,0,30,38,33,5,3,30,0,30
4894,35,dublin,SMITHFIELD,Smithfield,False,False,OPEN,2024-12-28 04:40:58,True,False,,,53.347692,-6.278214,30,9,21,5,4,0,4,30,9,21,5,4,0,4
4895,10,dublin,DAME STREET,Dame Street,False,False,OPEN,2024-12-28 04:41:03,True,False,,,53.344007,-6.266802,16,14,2,10,4,0,4,16,14,2,10,4,0,4
4896,100,dublin,HEUSTON BRIDGE (SOUTH),Heuston Bridge (South),False,False,OPEN,2024-12-28 04:37:29,True,False,,,53.347106,-6.292041,25,15,10,8,7,0,7,25,15,10,8,7,0,7
4897,24,dublin,CATHAL BRUGHA STREET,Cathal Brugha Street,False,False,OPEN,2024-12-28 04:39:44,True,False,,,53.352149,-6.260533,20,12,8,11,1,0,1,20,12,8,11,1,0,1
4898,64,dublin,SANDWITH STREET,Sandwith Street,False,False,OPEN,2024-12-28 04:39:37,True,False,,,53.345203,-6.247163,40,23,17,19,4,0,4,40,23,17,19,4,0,4
4899,109,dublin,BUCKINGHAM STREET LOWER,Buckingham Street Lower,False,False,OPEN,2024-12-28 04:40:03,True,False,,,53.353331,-6.249319,29,13,16,4,9,0,9,29,13,16,4,9,0,9
4900,85,dublin,ROTHE ABBEY,Rothe Abbey,False,False,OPEN,2024-12-28 04:42:36,True,False,,,53.338776,-6.30395,35,30,5,16,14,0,14,35,30,5,16,14,0,14
4901,107,dublin,CHARLEVILLE ROAD,Charleville Road,False,False,OPEN,2024-12-28 04:37:57,True,False,,,53.359157,-6.281866,40,17,23,10,7,0,7,40,17,23,10,7,0,7
4902,33,dublin,PRINCES STREET / O'CONNELL STREET,Princes Street / O'Connell Street,False,False,OPEN,2024-12-28 04:38:38,True,False,,,53.349013,-6.260311,23,15,8,6,9,0,9,23,15,8,6,9,0,9
4903,44,dublin,UPPER SHERRARD STREET,Upper Sherrard Street,False,False,OPEN,2024-12-28 04:40:09,True,False,,,53.358437,-6.260641,30,8,22,7,1,0,1,30,8,22,7,1,0,1
4904,89,dublin,FITZWILLIAM SQUARE EAST,Fitzwilliam Square East,False,False,OPEN,2024-12-28 04:39:58,True,False,,,53.335211,-6.2509,40,23,17,12,11,0,11,40,23,17,12,11,0,11
4905,57,dublin,GRATTAN STREET,Grattan Street,False,False,OPEN,2024-12-28 04:37:58,True,False,,,53.339629,-6.243778,23,6,17,4,2,0,2,23,6,17,4,2,0,2
4906,80,dublin,ST JAMES HOSPITAL (LUAS),St James Hospital (Luas),False,False,OPEN,2024-12-28 04:40:26,True,False,,,53.341359,-6.292951,40,2,38,2,0,0,0,40,2,38,2,0,0,0
4907,41,dublin,HARCOURT TERRACE,Harcourt Terrace,False,False,OPEN,2024-12-28 04:46:17,True,False,,,53.332763,-6.257942,20,2,18,1,1,0,1,20,2,18,1,1,0,1
4908,3,dublin,BOLTON STREET,Bolton Street,False,False,OPEN,2024-12-28 04:38:12,True,False,,,53.351182,-6.269859,20,9,11,8,1,0,1,20,9,11,8,1,0,1
4909,40,dublin,JERVIS STREET,Jervis Street,False,False,OPEN,2024-12-28 04:39:59,True,False,,,53.3483,-6.266651,21,9,12,5,4,0,4,21,9,12,5,4,0,4
4910,29,dublin,ORMOND QUAY UPPER,Ormond Quay Upper,False,False,OPEN,2024-12-28 04:41:27,True,False,,,53.346057,-6.268001,29,28,1,15,13,0,13,29,28,1,15,13,0,13
4911,103,dublin,GRANGEGORMAN LOWER (SOUTH),Grangegorman Lower (South),False,False,OPEN,2024-12-28 04:38:55,True,False,,,53.354663,-6.278681,40,0,40,0,0,0,0,40,0,40,0,0,0,0
4912,28,dublin,MOUNTJOY SQUARE WEST,Mountjoy Square West,False,False,OPEN,2024-12-28 04:38:03,True,False,,,53.356299,-6.258586,30,0,30,0,0,0,0,30,0,30,0,0,0,0
4913,39,dublin,WILTON TERRACE,Wilton Terrace,False,False,OPEN,2024-12-28 04:39:57,True,False,,,53.332383,-6.252717,20,2,18,0,2,0,2,20,2,18,0,2,0,2
4914,83,dublin,EMMET ROAD,Emmet Road,False,False,OPEN,2024-12-28 04:39:09,True,False,,,53.340714,-6.308191,40,13,26,11,2,0,2,40,13,26,11,2,0,2
4915,92,dublin,HEUSTON BRIDGE (NORTH),Heuston Bridge (North),False,False,OPEN,2024-12-28 04:47:10,True,False,,,53.347802,-6.292432,40,39,1,29,10,0,10,40,39,1,29,10,0,10
4916,21,dublin,LEINSTER STREET SOUTH,Leinster Street South,False,False,OPEN,2024-12-28 04:47:09,True,False,,,53.34218,-6.254485,30,2,28,2,0,0,0,30,2,28,2,0,0,0
4917,88,dublin,BLACKHALL PLACE,Blackhall Place,False,False,OPEN,2024-12-28 04:38:05,True,False,,,53.3488,-6.281637,30,4,26,2,2,0,2,30,4,26,2,2,0,2
4918,42,dublin,SMITHFIELD NORTH,Smithfield North,False,False,OPEN,2024-12-28 05:07:55,True,False,,,53.349562,-6.278198,30,7,23,4,3,0,3,30,7,23,4,3,0,3
4919,30,dublin,PARNELL SQUARE NORTH,Parnell Square North,False,False,OPEN,2024-12-28 05:00:52,True,False,,,53.3537415547453,-6.26530144781526,20,6,14,4,2,0,2,20,6,14,4,2,0,2
4920,54,dublin,CLONMEL STREET,Clonmel Street,False,False,OPEN,2024-12-28 05:04:03,True,False,,,53.336021,-6.26298,33,13,20,3,10,0,10,33,13,20,3,10,0,10
4921,108,dublin,AVONDALE ROAD,Avondale Road,False,False,OPEN,2024-12-28 05:02:37,True,False,,,53.359405,-6.276142,35,18,17,11,7,0,7,35,18,17,11,7,0,7
4922,20,dublin,JAMES STREET EAST,James Street East,False,False,OPEN,2024-12-28 05:01:09,True,False,,,53.336597,-6.248109,30,2,28,2,0,0,0,30,2,28,2,0,0,0
4923,56,dublin,MOUNT STREET LOWER,Mount Street Lower,False,False,OPEN,2024-12-28 05:07:10,True,False,,,53.33796,-6.24153,40,24,16,12,12,0,12,40,24,16,12,12,0,12
4924,6,dublin,CHRISTCHURCH PLACE,Christchurch Place,False,False,OPEN,2024-12-28 05:07:14,True,False,,,53.343368,-6.27012,20,6,14,2,4,0,4,20,6,14,2,4,0,4
4925,18,dublin,GRANTHAM STREET,Grantham Street,False,False,OPEN,2024-12-28 05:00:01,True,False,,,53.334123,-6.265436,30,12,18,4,8,0,8,30,12,18,4,8,0,8
4926,32,dublin,PEARSE STREET,Pearse Street,False,False,OPEN,2024-12-28 05:07:13,True,False,,,53.344304,-6.250427,30,21,9,16,5,0,5,30,21,9,16,5,0,5
4927,52,dublin,YORK STREET EAST,York Street East,False,False,OPEN,2024-12-28 05:00:01,True,False,,,53.338755,-6.262003,32,27,5,16,11,0,11,32,27,5,16,11,0,11
4928,48,dublin,EXCISE WALK,Excise Walk,False,False,OPEN,2024-12-28 05:00:01,True,False,,,53.347777,-6.244239,40,0,40,0,0,0,0,40,0,40,0,0,0,0
4929,13,dublin,FITZWILLIAM SQUARE WEST,Fitzwilliam Square West,False,False,OPEN,2024-12-28 05:00:01,True,False,,,53.336074,-6.252825,30,27,3,11,16,0,16,30,27,3,11,16,0,16
4930,43,dublin,PORTOBELLO ROAD,Portobello Road,False,False,OPEN,2024-12-28 05:00:01,True,False,,,53.330091,-6.268044,30,9,21,6,3,0,3,30,9,21,6,3,0,3
4931,31,dublin,PARNELL STREET,Parnell Street,False,False,OPEN,2024-12-28 05:07:30,True,False,,,53.350929,-6.265125,20,15,5,10,5,0,5,20,15,5,10,5,0,5
4932,98,dublin,FREDERICK STREET SOUTH,Frederick Street South,False,False,OPEN,2024-12-28 05:00:01,True,False,,,53.341515,-6.256853,40,19,21,9,10,0,10,40,19,21,9,10,0,10
4933,14,dublin,FOWNES STREET UPPER,Fownes Street Upper,False,False,OPEN,2024-12-28 05:00:06,True,False,,,53.344603,-6.263371,30,28,2,16,12,0,12,30,28,2,16,12,0,12
4934,1,dublin,CLARENDON ROW,Clarendon Row,False,False,OPEN,2024-12-28 05:00:01,True,False,,,53.340927,-6.262501,31,18,13,13,5,0,5,31,18,13,13,5,0,5
4935,23,dublin,CUSTOM HOUSE,Custom House,False,False,OPEN,2024-12-28 05:00:02,True,False,,,53.348279,-6.254662,30,17,13,8,9,0,9,30,17,13,8,9,0,9
4936,106,dublin,RATHDOWN ROAD,Rathdown Road,False,False,OPEN,2024-12-28 05:07:26,True,False,,,53.35893,-6.280337,40,0,40,0,0,0,0,40,0,40,0,0,0,0
4937,112,dublin,NORTH CIRCULAR ROAD (O'CONNELL'S),North Circular Road (O'Connell's),False,False,OPEN,2024-12-28 05:00:02,True,False,,,53.357841,-6.251557,30,11,19,9,2,0,2,30,11,19,9,2,0,2
4938,68,dublin,HANOVER QUAY,Hanover Quay,False,False,OPEN,2024-12-28 05:00:01,True,False,,,53.344115,-6.237153,40,26,14,17,9,0,9,40,26,14,17,9,0,9
4939,74,dublin,OLIVER BOND STREET,Oliver Bond Street,False,False,OPEN,2024-12-28 05:00:04,True,False,,,53.343893,-6.280531,30,23,7,17,6,0,6,30,23,7,17,6,0,6
4940,87,dublin,COLLINS BARRACKS MUSEUM,Collins Barracks Museum,False,False,OPEN,2024-12-28 05:00:01,True,False,,,53.347477,-6.28525,38,21,17,12,9,0,9,38,21,17,12,9,0,9
4941,84,dublin,BROOKFIELD ROAD,Brookfield Road,False,False,OPEN,2024-12-28 05:00:08,True,False,,,53.339005,-6.300217,30,14,16,8,6,0,6,30,14,16,8,6,0,6
4942,90,dublin,BENSON STREET,Benson Street,False,False,OPEN,2024-12-28 05:01:07,True,False,,,53.344153,-6.233451,40,7,33,5,2,0,2,40,7,33,5,2,0,2
4943,11,dublin,EARLSFORT TERRACE,Earlsfort Terrace,False,False,OPEN,2024-12-28 05:07:07,True,False,,,53.334295,-6.258503,30,17,13,13,4,0,4,30,17,13,13,4,0,4
4944,17,dublin,GOLDEN LANE,Golden Lane,False,False,OPEN,2024-12-28 05:07:47,True,False,,,53.340803,-6.267732,20,13,7,5,8,0,8,20,13,7,5,8,0,8
4945,45,dublin,DEVERELL PLACE,Deverell Place,False,False,OPEN,2024-12-28 05:00:44,True,False,,,53.351464,-6.255265,30,13,17,6,7,0,7,30,13,17,6,7,0,7
4946,114,dublin,WILTON TERRACE (PARK),Wilton Terrace (Park),False,False,OPEN,2024-12-28 05:04:06,True,False,,,53.333653,-6.248345,40,0,40,0,0,0,0,40,0,40,0,0,0,0
4947,72,dublin,JOHN STREET WEST,John Street West,False,False,OPEN,2024-12-28 05:00:01,True,False,,,53.343105,-6.277167,31,1,30,1,0,0,0,31,1,30,1,0,0,0
4948,63,dublin,FENIAN STREET,Fenian Street,False,False,OPEN,2024-12-28 05:00:13,True,False,,,53.341428,-6.24672,35,20,15,10,10,0,10,35,20,15,10,10,0,10
4949,113,dublin,MERRION SQUARE SOUTH,Merrion Square South,False,False,OPEN,2024-12-28 05:00:01,True,False,,,53.338614,-6.248606,40,6,23,5,1,0,1,40,6,23,5,1,0,1
4950,91,dublin,SOUTH DOCK ROAD,South Dock Road,False,False,OPEN,2024-12-28 05:06:35,True,False,,,53.341833,-6.231291,30,30,0,19,11,0,11,30,30,0,19,11,0,11
4951,99,dublin,CITY QUAY,City Quay,False,False,OPEN,2024-12-28 05:00:01,True,False,,,53.346637,-6.246154,30,18,12,9,9,0,9,30,18,12,9,9,0,9
4952,9,dublin,EXCHEQUER STREET,Exchequer Street,False,False,OPEN,2024-12-28 05:00:22,True,False,,,53.343034,-6.263578,24,13,11,3,10,0,10,24,13,11,3,10,0,10
4953,67,dublin,THE POINT,The Point,False,False,OPEN,2024-12-28 05:00:00,True,False,,,53.346867,-6.230852,40,19,21,10,9,0,9,40,19,21,10,9,0,9
4954,116,dublin,BROADSTONE,Broadstone,False,False,OPEN,2024-12-28 05:07:24,True,False,,,53.3547,-6.272314,30,17,13,6,11,0,11,30,17,13,6,11,0,11
4955,55,dublin,HATCH STREET,Hatch Street,False,False,OPEN,2024-12-28 05:01:07,True,False,,,53.33403,-6.260714,36,15,20,9,6,0,6,36,15,20,9,6,0,6
4956,62,dublin,LIME STREET,Lime Street,False,False,OPEN,2024-12-28 05:07:49,True,False,,,53.346026,-6.243576,40,16,24,5,11,0,11,40,16,24,5,11,0,11
4957,5,dublin,CHARLEMONT PLACE,Charlemont Street,False,False,OPEN,2024-12-28 05:00:40,True,False,,,53.330662,-6.260177,40,13,27,10,3,0,3,40,13,27,10,3,0,3
4958,97,dublin,KILMAINHAM GAOL,Kilmainham Gaol,False,False,OPEN,2024-12-28 05:07:43,True,False,,,53.342113,-6.310015,40,8,32,5,3,0,3,40,8,32,5,3,0,3
4959,61,dublin,HARDWICKE PLACE,Hardwicke Place,False,False,OPEN,2024-12-28 05:06:49,True,False,,,53.357043,-6.263232,25,0,25,0,0,0,0,25,0,25,0,0,0,0
4960,77,dublin,WOLFE TONE STREET,Wolfe Tone Street,False,False,OPEN,2024-12-28 05:00:01,True,False,,,53.348875,-6.267459,29,24,5,14,10,0,10,29,24,5,14,10,0,10
4961,73,dublin,FRANCIS STREET,Francis Street,False,False,OPEN,2024-12-28 05:00:01,True,False,,,53.342081,-6.275233,30,8,22,7,1,0,1,30,8,22,7,1,0,1
4962,4,dublin,GREEK STREET,Greek Street,False,False,OPEN,2024-12-28 05:00:01,True,False,,,53.346874,-6.272976,20,12,8,2,10,0,10,20,12,8,2,10,0,10
4963,49,dublin,GUILD STREET,Guild Street,False,False,OPEN,2024-12-28 05:00:01,True,False,,,53.347932,-6.240928,40,35,4,24,11,0,11,40,35,4,24,11,0,11
4964,19,dublin,HERBERT PLACE,Herbert Place,False,False,OPEN,2024-12-28 05:00:12,True,False,,,53.334432,-6.245575,30,6,24,4,2,0,2,30,6,24,4,2,0,2
4965,7,dublin,HIGH STREET,High Street,False,False,OPEN,2024-12-28 05:07:53,True,False,,,53.343565,-6.275071,29,0,29,0,0,0,0,29,0,29,0,0,0,0
4966,60,dublin,NORTH CIRCULAR ROAD,North Circular Road,False,False,OPEN,2024-12-28 05:01:06,True,False,,,53.359624,-6.260348,30,9,21,7,2,0,2,30,9,21,7,2,0,2
4967,102,dublin,WESTERN WAY,Western Way,False,False,OPEN,2024-12-28 05:00:00,True,False,,,53.354929,-6.269425,40,13,27,11,2,0,2,40,13,27,11,2,0,2
4968,38,dublin,TALBOT STREET,Talbot Street,False,False,OPEN,2024-12-28 05:05:19,True,False,,,53.350974,-6.25294,40,22,18,17,5,0,5,40,22,18,17,5,0,5
4969,53,dublin,NEWMAN HOUSE,Newman House,False,False,OPEN,2024-12-28 05:00:01,True,False,,,53.337132,-6.26059,40,11,29,11,0,0,0,40,11,29,11,0,0,0
4970,58,dublin,SIR PATRICK DUN'S,Sir Patrick's Dun,False,False,OPEN,2024-12-28 05:00:01,True,False,,,53.339218,-6.240642,40,35,5,28,7,0,7,40,35,5,28,7,0,7
4971,66,dublin,NEW CENTRAL BANK,New Central Bank,False,False,OPEN,2024-12-28 05:07:10,True,False,,,53.347122,-6.234749,40,5,35,1,4,0,4,40,5,35,1,4,0,4
4972,104,dublin,GRANGEGORMAN LOWER (CENTRAL),Grangegorman Lower (Central),False,False,OPEN,2024-12-28 05:00:01,True,False,,,53.355173,-6.278424,40,1,39,1,0,0,0,40,1,39,1,0,0,0
4973,101,dublin,KING STREET NORTH,King Street North,False,False,OPEN,2024-12-28 05:06:53,True,False,,,53.350291,-6.273507,30,13,17,8,5,0,5,30,13,17,8,5,0,5
4974,115,dublin,KILLARNEY STREET,Killarney Street,False,False,OPEN,2024-12-28 05:00:46,True,False,,,53.354845,-6.247579,30,27,3,19,8,0,8,30,27,3,19,8,0,8
4975,47,dublin,HERBERT STREET,Herbert Street,False,False,OPEN,2024-12-28 05:00:01,True,False,,,53.335742,-6.24551,40,4,36,2,2,0,2,40,4,36,2,2,0,2
4976,117,dublin,HANOVER QUAY EAST,Hanover Quay East,False,False,OPEN,2024-12-28 05:00:01,True,False,,,53.343653,-6.231755,40,5,35,1,4,0,4,40,5,35,1,4,0,4
4977,8,dublin,CUSTOM HOUSE QUAY,Custom House Quay,False,False,OPEN,2024-12-28 05:00:01,True,False,,,53.347884,-6.248048,30,21,9,14,7,0,7,30,21,9,14,7,0,7
4978,27,dublin,MOLESWORTH STREET,Molesworth Street,False,False,OPEN,2024-12-28 05:07:09,True,False,,,53.341288,-6.258117,20,5,15,2,3,0,3,20,5,15,2,3,0,3
4979,16,dublin,GEORGES QUAY,Georges Quay,False,False,OPEN,2024-12-28 05:06:10,True,False,,,53.347508,-6.252192,20,17,3,9,8,0,8,20,17,3,9,8,0,8
4980,96,dublin,KILMAINHAM LANE,Kilmainham Lane,False,False,OPEN,2024-12-28 05:06:14,True,False,,,53.341805,-6.305085,30,4,26,4,0,0,0,30,4,26,4,0,0,0
4981,82,dublin,MOUNT BROWN,Mount Brown,False,False,OPEN,2024-12-28 05:00:00,True,False,,,53.341645,-6.29719,22,11,11,2,9,0,9,22,11,11,2,9,0,9
4982,76,dublin,MARKET STREET SOUTH,Market Street South,False,False,OPEN,2024-12-28 05:06:18,True,False,,,53.342296,-6.287661,38,2,36,0,2,0,2,38,2,36,0,2,0,2
4983,71,dublin,KEVIN STREET,Kevin Street,False,False,OPEN,2024-12-28 05:07:17,True,False,,,53.337757,-6.267699,40,13,27,5,8,0,8,40,13,27,5,8,0,8
4984,79,dublin,ECCLES STREET EAST,Eccles Street East,False,False,OPEN,2024-12-28 05:00:01,True,False,,,53.358115,-6.265601,27,0,27,0,0,0,0,27,0,27,0,0,0,0
4985,69,dublin,GRAND CANAL DOCK,Grand Canal Dock,False,False,OPEN,2024-12-28 05:00:02,True,False,,,53.342638,-6.238695,40,36,4,23,13,0,13,40,36,4,23,13,0,13
4986,25,dublin,MERRION SQUARE EAST,Merrion Square East,False,False,OPEN,2024-12-28 05:04:04,True,False,,,53.339434,-6.246548,30,0,30,0,0,0,0,30,0,30,0,0,0,0
4987,51,dublin,YORK STREET WEST,York Street West,False,False,OPEN,2024-12-28 05:07:19,True,False,,,53.339334,-6.264699,40,0,0,0,0,0,0,40,0,0,0,0,0,0
4988,37,dublin,ST. STEPHEN'S GREEN SOUTH,St. Stephen's Green South,False,False,OPEN,2024-12-28 05:07:32,True,False,,,53.337494,-6.26199,30,17,13,10,7,0,7,30,17,13,10,7,0,7
4989,59,dublin,DENMARK STREET GREAT,Denmark Street Great,False,False,OPEN,2024-12-28 05:00:01,True,False,,,53.35561,-6.261397,20,2,18,1,1,0,1,20,2,18,1,1,0,1
4990,95,dublin,ROYAL HOSPITAL,Royal Hospital,False,False,OPEN,2024-12-28 05:01:39,True,False,,,53.343897,-6.29706,40,28,12,18,10,0,10,40,28,12,18,10,0,10
4991,94,dublin,HEUSTON STATION (CAR PARK),Heuston Station (Car Park),False,False,OPEN,2024-12-28 05:00:07,True,False,,,53.346985,-6.297804,40,10,30,10,0,0,0,40,10,30,10,0,0,0
4992,105,dublin,GRANGEGORMAN LOWER (NORTH),Grangegorman Lower (North),False,False,OPEN,2024-12-28 05:00:37,True,False,,,53.355954,-6.278378,36,3,33,2,1,0,1,36,3,33,2,1,0,1
4993,36,dublin,ST. STEPHEN'S GREEN EAST,St. Stephen's Green East,False,False,OPEN,2024-12-28 05:06:59,True,False,,,53.337824,-6.256035,40,15,25,7,8,0,8,40,15,25,7,8,0,8
4994,93,dublin,HEUSTON STATION (CENTRAL),Heuston Station (Central),False,False,OPEN,2024-12-28 05:00:01,True,False,,,53.346603,-6.296924,40,13,27,13,0,0,0,40,13,27,13,0,0,0
4995,22,dublin,TOWNSEND STREET,Townsend Street,False,False,OPEN,2024-12-28 05:00:01,True,False,,,53.345922,-6.254614,20,13,7,11,2,0,2,20,13,7,11,2,0,2
4996,50,dublin,GEORGES LANE,George's Lane,False,False,OPEN,2024-12-28 05:00:12,True,False,,,53.35023,-6.279696,40,11,29,10,1,0,1,40,11,29,10,1,0,1
4997,110,dublin,PHIBSBOROUGH ROAD,Phibsborough Road,False,False,OPEN,2024-12-28 05:01:42,True,False,,,53.356307,-6.273717,40,8,32,1,7,0,7,40,8,32,1,7,0,7
4998,12,dublin,ECCLES STREET,Eccles Street,False,False,OPEN,2024-12-28 05:00:01,True,False,,,53.359246,-6.269779,20,3,17,3,0,0,0,20,3,17,3,0,0,0
4999,34,dublin,PORTOBELLO HARBOUR,Portobello Harbour,False,False,OPEN,2024-12-28 05:00:01,True,False,,,53.330362,-6.265163,30,6,24,4,2,0,2,30,6,24,4,2,0,2
5000,78,dublin,MATER HOSPITAL,Mater Hospital,False,False,OPEN,2024-12-28 05:00:01,True,False,,,53.359967,-6.264828,40,1,39,1,0,0,0,40,1,39,1,0,0,0
5001,2,dublin,BLESSINGTON STREET,Blessington Street,False,False,OPEN,2024-12-28 05:07:37,True,False,,,53.356769,-6.26814,20,5,15,3,2,0,2,20,5,15,3,2,0,2
5002,75,dublin,JAMES STREET,James Street,False,False,OPEN,2024-12-28 05:00:35,True,False,,,53.343456,-6.287409,40,3,37,2,1,0,1,40,3,37,2,1,0,1
5003,111,dublin,MOUNTJOY SQUARE EAST,Mountjoy Square East,False,False,OPEN,2024-12-28 05:07:26,True,False,,,53.356717,-6.256359,40,0,40,0,0,0,0,40,0,40,0,0,0,0
5004,26,dublin,MERRION SQUARE WEST,Merrion Square West,False,False,OPEN,2024-12-28 05:07:32,True,False,,,53.339764,-6.251988,20,12,8,4,8,0,8,20,12,8,4,8,0,8
5005,65,dublin,CONVENTION CENTRE,Convention Centre,False,False,OPEN,2024-12-28 05:01:06,True,False,,,53.34744,-6.238523,40,12,28,10,2,0,2,40,12,28,10,2,0,2
5006,15,dublin,HARDWICKE STREET,Hardwicke Street,False,False,OPEN,2024-12-28 05:00:34,True,False,,,53.355473,-6.264423,16,4,12,3,1,0,1,16,4,12,3,1,0,1
5007,86,dublin,PARKGATE STREET,Parkgate Street,False,False,OPEN,2024-12-28 05:06:46,True,False,,,53.347972,-6.291804,38,33,5,3,30,0,30,38,33,5,3,30,0,30
5008,35,dublin,SMITHFIELD,Smithfield,False,False,OPEN,2024-12-28 05:01:07,True,False,,,53.347692,-6.278214,30,9,21,5,4,0,4,30,9,21,5,4,0,4
5009,10,dublin,DAME STREET,Dame Street,False,False,OPEN,2024-12-28 05:05:17,True,False,,,53.344007,-6.266802,16,13,3,10,3,0,3,16,13,3,10,3,0,3
5010,100,dublin,HEUSTON BRIDGE (SOUTH),Heuston Bridge (South),False,False,OPEN,2024-12-28 05:00:00,True,False,,,53.347106,-6.292041,25,15,10,8,7,0,7,25,15,10,8,7,0,7
5011,24,dublin,CATHAL BRUGHA STREET,Cathal Brugha Street,False,False,OPEN,2024-12-28 05:00:01,True,False,,,53.352149,-6.260533,20,12,8,11,1,0,1,20,12,8,11,1,0,1
5012,64,dublin,SANDWITH STREET,Sandwith Street,False,False,OPEN,2024-12-28 05:00:01,True,False,,,53.345203,-6.247163,40,23,17,19,4,0,4,40,23,17,19,4,0,4
5013,109,dublin,BUCKINGHAM STREET LOWER,Buckingham Street Lower,False,False,OPEN,2024-12-28 05:00:13,True,False,,,53.353331,-6.249319,29,13,16,4,9,0,9,29,13,16,4,9,0,9
5014,85,dublin,ROTHE ABBEY,Rothe Abbey,False,False,OPEN,2024-12-28 05:01:23,True,False,,,53.338776,-6.30395,35,30,5,16,14,0,14,35,30,5,16,14,0,14
5015,107,dublin,CHARLEVILLE ROAD,Charleville Road,False,False,OPEN,2024-12-28 05:00:00,True,False,,,53.359157,-6.281866,40,17,23,10,7,0,7,40,17,23,10,7,0,7
5016,33,dublin,PRINCES STREET / O'CONNELL STREET,Princes Street / O'Connell Street,False,False,OPEN,2024-12-28 05:00:01,True,False,,,53.349013,-6.260311,23,15,8,6,9,0,9,23,15,8,6,9,0,9
5017,44,dublin,UPPER SHERRARD STREET,Upper Sherrard Street,False,False,OPEN,2024-12-28 05:00:21,True,False,,,53.358437,-6.260641,30,8,22,7,1,0,1,30,8,22,7,1,0,1
5018,89,dublin,FITZWILLIAM SQUARE EAST,Fitzwilliam Square East,False,False,OPEN,2024-12-28 05:00:07,True,False,,,53.335211,-6.2509,40,23,17,12,11,0,11,40,23,17,12,11,0,11
5019,57,dublin,GRATTAN STREET,Grattan Street,False,False,OPEN,2024-12-28 05:00:01,True,False,,,53.339629,-6.243778,23,6,17,4,2,0,2,23,6,17,4,2,0,2
5020,80,dublin,ST JAMES HOSPITAL (LUAS),St James Hospital (Luas),False,False,OPEN,2024-12-28 05:00:35,True,False,,,53.341359,-6.292951,40,2,38,2,0,0,0,40,2,38,2,0,0,0
5021,41,dublin,HARCOURT TERRACE,Harcourt Terrace,False,False,OPEN,2024-12-28 05:06:29,True,False,,,53.332763,-6.257942,20,2,18,1,1,0,1,20,2,18,1,1,0,1
5022,3,dublin,BOLTON STREET,Bolton Street,False,False,OPEN,2024-12-28 05:00:01,True,False,,,53.351182,-6.269859,20,9,11,8,1,0,1,20,9,11,8,1,0,1
5023,40,dublin,JERVIS STREET,Jervis Street,False,False,OPEN,2024-12-28 05:00:08,True,False,,,53.3483,-6.266651,21,9,12,5,4,0,4,21,9,12,5,4,0,4
5024,29,dublin,ORMOND QUAY UPPER,Ormond Quay Upper,False,False,OPEN,2024-12-28 05:00:27,True,False,,,53.346057,-6.268001,29,28,1,15,13,0,13,29,28,1,15,13,0,13
5025,103,dublin,GRANGEGORMAN LOWER (SOUTH),Grangegorman Lower (South),False,False,OPEN,2024-12-28 05:00:01,True,False,,,53.354663,-6.278681,40,0,40,0,0,0,0,40,0,40,0,0,0,0
5026,28,dublin,MOUNTJOY SQUARE WEST,Mountjoy Square West,False,False,OPEN,2024-12-28 05:00:01,True,False,,,53.356299,-6.258586,30,0,30,0,0,0,0,30,0,30,0,0,0,0
5027,39,dublin,WILTON TERRACE,Wilton Terrace,False,False,OPEN,2024-12-28 05:00:07,True,False,,,53.332383,-6.252717,20,2,18,0,2,0,2,20,2,18,0,2,0,2
5028,83,dublin,EMMET ROAD,Emmet Road,False,False,OPEN,2024-12-28 05:00:01,True,False,,,53.340714,-6.308191,40,13,26,11,2,0,2,40,13,26,11,2,0,2
5029,92,dublin,HEUSTON BRIDGE (NORTH),Heuston Bridge (North),False,False,OPEN,2024-12-28 05:07:21,True,False,,,53.347802,-6.292432,40,39,1,29,10,0,10,40,39,1,29,10,0,10
5030,21,dublin,LEINSTER STREET SOUTH,Leinster Street South,False,False,OPEN,2024-12-28 05:07:19,True,False,,,53.34218,-6.254485,30,2,28,2,0,0,0,30,2,28,2,0,0,0
5031,88,dublin,BLACKHALL PLACE,Blackhall Place,False,False,OPEN,2024-12-28 05:00:01,True,False,,,53.3488,-6.281637,30,4,26,2,2,0,2,30,4,26,2,2,0,2
5032,42,dublin,SMITHFIELD NORTH,Smithfield North,False,False,OPEN,2024-12-28 05:18:01,True,False,,,53.349562,-6.278198,30,7,23,4,3,0,3,30,7,23,4,3,0,3
5033,30,dublin,PARNELL SQUARE NORTH,Parnell Square North,False,False,OPEN,2024-12-28 05:21:03,True,False,,,53.3537415547453,-6.26530144781526,20,6,14,4,2,0,2,20,6,14,4,2,0,2
5034,54,dublin,CLONMEL STREET,Clonmel Street,False,False,OPEN,2024-12-28 05:25:03,True,False,,,53.336021,-6.26298,33,13,20,3,10,0,10,33,13,20,3,10,0,10
5035,108,dublin,AVONDALE ROAD,Avondale Road,False,False,OPEN,2024-12-28 05:18:44,True,False,,,53.359405,-6.276142,35,18,17,11,7,0,7,35,18,17,11,7,0,7
5036,20,dublin,JAMES STREET EAST,James Street East,False,False,OPEN,2024-12-28 05:21:17,True,False,,,53.336597,-6.248109,30,2,28,2,0,0,0,30,2,28,2,0,0,0
5037,56,dublin,MOUNT STREET LOWER,Mount Street Lower,False,False,OPEN,2024-12-28 05:27:18,True,False,,,53.33796,-6.24153,40,25,15,12,13,0,13,40,25,15,12,13,0,13
5038,6,dublin,CHRISTCHURCH PLACE,Christchurch Place,False,False,OPEN,2024-12-28 05:27:22,True,False,,,53.343368,-6.27012,20,6,14,2,4,0,4,20,6,14,2,4,0,4
5039,18,dublin,GRANTHAM STREET,Grantham Street,False,False,OPEN,2024-12-28 05:19:52,True,False,,,53.334123,-6.265436,30,12,18,4,8,0,8,30,12,18,4,8,0,8
5040,32,dublin,PEARSE STREET,Pearse Street,False,False,OPEN,2024-12-28 05:27:22,True,False,,,53.344304,-6.250427,30,21,9,16,5,0,5,30,21,9,16,5,0,5
5041,52,dublin,YORK STREET EAST,York Street East,False,False,OPEN,2024-12-28 05:18:23,True,False,,,53.338755,-6.262003,32,27,5,16,11,0,11,32,27,5,16,11,0,11
5042,48,dublin,EXCISE WALK,Excise Walk,False,False,OPEN,2024-12-28 05:18:40,True,False,,,53.347777,-6.244239,40,0,40,0,0,0,0,40,0,40,0,0,0,0
5043,13,dublin,FITZWILLIAM SQUARE WEST,Fitzwilliam Square West,False,False,OPEN,2024-12-28 05:19:14,True,False,,,53.336074,-6.252825,30,27,3,11,16,0,16,30,27,3,11,16,0,16
5044,43,dublin,PORTOBELLO ROAD,Portobello Road,False,False,OPEN,2024-12-28 05:19:12,True,False,,,53.330091,-6.268044,30,9,21,6,3,0,3,30,9,21,6,3,0,3
5045,31,dublin,PARNELL STREET,Parnell Street,False,False,OPEN,2024-12-28 05:26:58,True,False,,,53.350929,-6.265125,20,15,5,10,5,0,5,20,15,5,10,5,0,5
5046,98,dublin,FREDERICK STREET SOUTH,Frederick Street South,False,False,OPEN,2024-12-28 05:19:32,True,False,,,53.341515,-6.256853,40,19,21,9,10,0,10,40,19,21,9,10,0,10
5047,14,dublin,FOWNES STREET UPPER,Fownes Street Upper,False,False,OPEN,2024-12-28 05:20:15,True,False,,,53.344603,-6.263371,30,28,2,16,12,0,12,30,28,2,16,12,0,12
5048,1,dublin,CLARENDON ROW,Clarendon Row,False,False,OPEN,2024-12-28 05:26:03,True,False,,,53.340927,-6.262501,31,20,11,14,6,0,6,31,20,11,14,6,0,6
5049,23,dublin,CUSTOM HOUSE,Custom House,False,False,OPEN,2024-12-28 05:18:41,True,False,,,53.348279,-6.254662,30,17,13,8,9,0,9,30,17,13,8,9,0,9
5050,106,dublin,RATHDOWN ROAD,Rathdown Road,False,False,OPEN,2024-12-28 05:27:37,True,False,,,53.35893,-6.280337,40,0,40,0,0,0,0,40,0,40,0,0,0,0
5051,112,dublin,NORTH CIRCULAR ROAD (O'CONNELL'S),North Circular Road (O'Connell's),False,False,OPEN,2024-12-28 05:19:46,True,False,,,53.357841,-6.251557,30,11,19,9,2,0,2,30,11,19,9,2,0,2
5052,68,dublin,HANOVER QUAY,Hanover Quay,False,False,OPEN,2024-12-28 05:18:20,True,False,,,53.344115,-6.237153,40,26,14,17,9,0,9,40,26,14,17,9,0,9
5053,74,dublin,OLIVER BOND STREET,Oliver Bond Street,False,False,OPEN,2024-12-28 05:20:10,True,False,,,53.343893,-6.280531,30,23,7,17,6,0,6,30,23,7,17,6,0,6
5054,87,dublin,COLLINS BARRACKS MUSEUM,Collins Barracks Museum,False,False,OPEN,2024-12-28 05:25:01,True,False,,,53.347477,-6.28525,38,22,16,13,9,0,9,38,22,16,13,9,0,9
5055,84,dublin,BROOKFIELD ROAD,Brookfield Road,False,False,OPEN,2024-12-28 05:22:08,True,False,,,53.339005,-6.300217,30,14,16,8,6,0,6,30,14,16,8,6,0,6
5056,90,dublin,BENSON STREET,Benson Street,False,False,OPEN,2024-12-28 05:21:15,True,False,,,53.344153,-6.233451,40,7,33,5,2,0,2,40,7,33,5,2,0,2
5057,11,dublin,EARLSFORT TERRACE,Earlsfort Terrace,False,False,OPEN,2024-12-28 05:27:14,True,False,,,53.334295,-6.258503,30,17,13,13,4,0,4,30,17,13,13,4,0,4
5058,17,dublin,GOLDEN LANE,Golden Lane,False,False,OPEN,2024-12-28 05:17:52,True,False,,,53.340803,-6.267732,20,13,7,5,8,0,8,20,13,7,5,8,0,8
5059,45,dublin,DEVERELL PLACE,Deverell Place,False,False,OPEN,2024-12-28 05:20:53,True,False,,,53.351464,-6.255265,30,13,17,6,7,0,7,30,13,17,6,7,0,7
5060,114,dublin,WILTON TERRACE (PARK),Wilton Terrace (Park),False,False,OPEN,2024-12-28 05:24:14,True,False,,,53.333653,-6.248345,40,1,39,0,1,0,1,40,1,39,0,1,0,1
5061,72,dublin,JOHN STREET WEST,John Street West,False,False,OPEN,2024-12-28 05:18:12,True,False,,,53.343105,-6.277167,31,1,30,1,0,0,0,31,1,30,1,0,0,0
5062,63,dublin,FENIAN STREET,Fenian Street,False,False,OPEN,2024-12-28 05:20:22,True,False,,,53.341428,-6.24672,35,20,15,10,10,0,10,35,20,15,10,10,0,10
5063,113,dublin,MERRION SQUARE SOUTH,Merrion Square South,False,False,OPEN,2024-12-28 05:19:24,True,False,,,53.338614,-6.248606,40,6,23,5,1,0,1,40,6,23,5,1,0,1
5064,91,dublin,SOUTH DOCK ROAD,South Dock Road,False,False,OPEN,2024-12-28 05:26:46,True,False,,,53.341833,-6.231291,30,30,0,19,11,0,11,30,30,0,19,11,0,11
5065,99,dublin,CITY QUAY,City Quay,False,False,OPEN,2024-12-28 05:19:43,True,False,,,53.346637,-6.246154,30,18,12,9,9,0,9,30,18,12,9,9,0,9
5066,9,dublin,EXCHEQUER STREET,Exchequer Street,False,False,OPEN,2024-12-28 05:20:32,True,False,,,53.343034,-6.263578,24,13,11,3,10,0,10,24,13,11,3,10,0,10
5067,67,dublin,THE POINT,The Point,False,False,OPEN,2024-12-28 05:19:19,True,False,,,53.346867,-6.230852,40,19,21,10,9,0,9,40,19,21,10,9,0,9
5068,116,dublin,BROADSTONE,Broadstone,False,False,OPEN,2024-12-28 05:26:48,True,False,,,53.3547,-6.272314,30,17,13,6,11,0,11,30,17,13,6,11,0,11
5069,55,dublin,HATCH STREET,Hatch Street,False,False,OPEN,2024-12-28 05:21:15,True,False,,,53.33403,-6.260714,36,15,20,9,6,0,6,36,15,20,9,6,0,6
5070,62,dublin,LIME STREET,Lime Street,False,False,OPEN,2024-12-28 05:17:55,True,False,,,53.346026,-6.243576,40,16,24,5,11,0,11,40,16,24,5,11,0,11
5071,5,dublin,CHARLEMONT PLACE,Charlemont Street,False,False,OPEN,2024-12-28 05:20:48,True,False,,,53.330662,-6.260177,40,13,27,10,3,0,3,40,13,27,10,3,0,3
5072,97,dublin,KILMAINHAM GAOL,Kilmainham Gaol,False,False,OPEN,2024-12-28 05:27:51,True,False,,,53.342113,-6.310015,40,8,32,5,3,0,3,40,8,32,5,3,0,3
5073,61,dublin,HARDWICKE PLACE,Hardwicke Place,False,False,OPEN,2024-12-28 05:26:58,True,False,,,53.357043,-6.263232,25,0,25,0,0,0,0,25,0,25,0,0,0,0
5074,77,dublin,WOLFE TONE STREET,Wolfe Tone Street,False,False,OPEN,2024-12-28 05:18:21,True,False,,,53.348875,-6.267459,29,24,5,14,10,0,10,29,24,5,14,10,0,10
5075,73,dublin,FRANCIS STREET,Francis Street,False,False,OPEN,2024-12-28 05:19:15,True,False,,,53.342081,-6.275233,30,8,22,7,1,0,1,30,8,22,7,1,0,1
5076,4,dublin,GREEK STREET,Greek Street,False,False,OPEN,2024-12-28 05:20:06,True,False,,,53.346874,-6.272976,20,12,8,2,10,0,10,20,12,8,2,10,0,10
5077,49,dublin,GUILD STREET,Guild Street,False,False,OPEN,2024-12-28 05:19:48,True,False,,,53.347932,-6.240928,40,35,4,24,11,0,11,40,35,4,24,11,0,11
5078,19,dublin,HERBERT PLACE,Herbert Place,False,False,OPEN,2024-12-28 05:20:21,True,False,,,53.334432,-6.245575,30,6,24,4,2,0,2,30,6,24,4,2,0,2
5079,7,dublin,HIGH STREET,High Street,False,False,OPEN,2024-12-28 05:17:58,True,False,,,53.343565,-6.275071,29,0,29,0,0,0,0,29,0,29,0,0,0,0
5080,60,dublin,NORTH CIRCULAR ROAD,North Circular Road,False,False,OPEN,2024-12-28 05:21:14,True,False,,,53.359624,-6.260348,30,9,21,7,2,0,2,30,9,21,7,2,0,2
5081,102,dublin,WESTERN WAY,Western Way,False,False,OPEN,2024-12-28 05:18:09,True,False,,,53.354929,-6.269425,40,13,27,11,2,0,2,40,13,27,11,2,0,2
5082,38,dublin,TALBOT STREET,Talbot Street,False,False,OPEN,2024-12-28 05:19:16,True,False,,,53.350974,-6.25294,40,22,18,17,5,0,5,40,22,18,17,5,0,5
5083,53,dublin,NEWMAN HOUSE,Newman House,False,False,OPEN,2024-12-28 05:19:14,True,False,,,53.337132,-6.26059,40,11,29,11,0,0,0,40,11,29,11,0,0,0
5084,58,dublin,SIR PATRICK DUN'S,Sir Patrick's Dun,False,False,OPEN,2024-12-28 05:19:06,True,False,,,53.339218,-6.240642,40,35,5,28,7,0,7,40,35,5,28,7,0,7
5085,66,dublin,NEW CENTRAL BANK,New Central Bank,False,False,OPEN,2024-12-28 05:27:17,True,False,,,53.347122,-6.234749,40,5,35,1,4,0,4,40,5,35,1,4,0,4
5086,104,dublin,GRANGEGORMAN LOWER (CENTRAL),Grangegorman Lower (Central),False,False,OPEN,2024-12-28 05:20:01,True,False,,,53.355173,-6.278424,40,1,39,1,0,0,0,40,1,39,1,0,0,0
5087,101,dublin,KING STREET NORTH,King Street North,False,False,OPEN,2024-12-28 05:27:01,True,False,,,53.350291,-6.273507,30,13,17,8,5,0,5,30,13,17,8,5,0,5
5088,115,dublin,KILLARNEY STREET,Killarney Street,False,False,OPEN,2024-12-28 05:20:55,True,False,,,53.354845,-6.247579,30,27,3,19,8,0,8,30,27,3,19,8,0,8
5089,47,dublin,HERBERT STREET,Herbert Street,False,False,OPEN,2024-12-28 05:18:33,True,False,,,53.335742,-6.24551,40,4,36,2,2,0,2,40,4,36,2,2,0,2
5090,117,dublin,HANOVER QUAY EAST,Hanover Quay East,False,False,OPEN,2024-12-28 05:18:31,True,False,,,53.343653,-6.231755,40,5,35,1,4,0,4,40,5,35,1,4,0,4
5091,8,dublin,CUSTOM HOUSE QUAY,Custom House Quay,False,False,OPEN,2024-12-28 05:25:23,True,False,,,53.347884,-6.248048,30,20,10,14,6,0,6,30,20,10,14,6,0,6
5092,27,dublin,MOLESWORTH STREET,Molesworth Street,False,False,OPEN,2024-12-28 05:27:16,True,False,,,53.341288,-6.258117,20,5,15,2,3,0,3,20,5,15,2,3,0,3
5093,16,dublin,GEORGES QUAY,Georges Quay,False,False,OPEN,2024-12-28 05:26:17,True,False,,,53.347508,-6.252192,20,17,3,9,8,0,8,20,17,3,9,8,0,8
5094,96,dublin,KILMAINHAM LANE,Kilmainham Lane,False,False,OPEN,2024-12-28 05:26:22,True,False,,,53.341805,-6.305085,30,4,26,4,0,0,0,30,4,26,4,0,0,0
5095,82,dublin,MOUNT BROWN,Mount Brown,False,False,OPEN,2024-12-28 05:18:14,True,False,,,53.341645,-6.29719,22,11,11,2,9,0,9,22,11,11,2,9,0,9
5096,76,dublin,MARKET STREET SOUTH,Market Street South,False,False,OPEN,2024-12-28 05:26:27,True,False,,,53.342296,-6.287661,38,2,36,0,2,0,2,38,2,36,0,2,0,2
5097,71,dublin,KEVIN STREET,Kevin Street,False,False,OPEN,2024-12-28 05:27:28,True,False,,,53.337757,-6.267699,40,12,28,4,8,0,8,40,12,28,4,8,0,8
5098,79,dublin,ECCLES STREET EAST,Eccles Street East,False,False,OPEN,2024-12-28 05:19:48,True,False,,,53.358115,-6.265601,27,0,27,0,0,0,0,27,0,27,0,0,0,0
5099,69,dublin,GRAND CANAL DOCK,Grand Canal Dock,False,False,OPEN,2024-12-28 05:19:48,True,False,,,53.342638,-6.238695,40,36,4,23,13,0,13,40,36,4,23,13,0,13
5100,25,dublin,MERRION SQUARE EAST,Merrion Square East,False,False,OPEN,2024-12-28 05:24:15,True,False,,,53.339434,-6.246548,30,0,30,0,0,0,0,30,0,30,0,0,0,0
5101,51,dublin,YORK STREET WEST,York Street West,False,False,OPEN,2024-12-28 05:27:28,True,False,,,53.339334,-6.264699,40,0,0,0,0,0,0,40,0,0,0,0,0,0
5102,37,dublin,ST. STEPHEN'S GREEN SOUTH,St. Stephen's Green South,False,False,OPEN,2024-12-28 05:27:43,True,False,,,53.337494,-6.26199,30,17,13,10,7,0,7,30,17,13,10,7,0,7
5103,59,dublin,DENMARK STREET GREAT,Denmark Street Great,False,False,OPEN,2024-12-28 05:20:02,True,False,,,53.35561,-6.261397,20,2,18,1,1,0,1,20,2,18,1,1,0,1
5104,95,dublin,ROYAL HOSPITAL,Royal Hospital,False,False,OPEN,2024-12-28 05:21:15,True,False,,,53.343897,-6.29706,40,28,12,18,10,0,10,40,28,12,18,10,0,10
5105,94,dublin,HEUSTON STATION (CAR PARK),Heuston Station (Car Park),False,False,OPEN,2024-12-28 05:20:13,True,False,,,53.346985,-6.297804,40,10,30,10,0,0,0,40,10,30,10,0,0,0
5106,105,dublin,GRANGEGORMAN LOWER (NORTH),Grangegorman Lower (North),False,False,OPEN,2024-12-28 05:20:45,True,False,,,53.355954,-6.278378,36,3,33,2,1,0,1,36,3,33,2,1,0,1
5107,36,dublin,ST. STEPHEN'S GREEN EAST,St. Stephen's Green East,False,False,OPEN,2024-12-28 05:27:10,True,False,,,53.337824,-6.256035,40,15,25,7,8,0,8,40,15,25,7,8,0,8
5108,93,dublin,HEUSTON STATION (CENTRAL),Heuston Station (Central),False,False,OPEN,2024-12-28 05:18:10,True,False,,,53.346603,-6.296924,40,13,27,13,0,0,0,40,13,27,13,0,0,0
5109,22,dublin,TOWNSEND STREET,Townsend Street,False,False,OPEN,2024-12-28 05:18:03,True,False,,,53.345922,-6.254614,20,13,7,11,2,0,2,20,13,7,11,2,0,2
5110,50,dublin,GEORGES LANE,George's Lane,False,False,OPEN,2024-12-28 05:20:22,True,False,,,53.35023,-6.279696,40,11,29,10,1,0,1,40,11,29,10,1,0,1
5111,110,dublin,PHIBSBOROUGH ROAD,Phibsborough Road,False,False,OPEN,2024-12-28 05:21:54,True,False,,,53.356307,-6.273717,40,8,32,1,7,0,7,40,8,32,1,7,0,7
5112,12,dublin,ECCLES STREET,Eccles Street,False,False,OPEN,2024-12-28 05:23:13,True,False,,,53.359246,-6.269779,20,2,18,2,0,0,0,20,2,18,2,0,0,0
5113,34,dublin,PORTOBELLO HARBOUR,Portobello Harbour,False,False,OPEN,2024-12-28 05:26:39,True,False,,,53.330362,-6.265163,30,5,25,3,2,0,2,30,5,25,3,2,0,2
5114,78,dublin,MATER HOSPITAL,Mater Hospital,False,False,OPEN,2024-12-28 05:19:24,True,False,,,53.359967,-6.264828,40,1,39,1,0,0,0,40,1,39,1,0,0,0
5115,2,dublin,BLESSINGTON STREET,Blessington Street,False,False,OPEN,2024-12-28 05:27:44,True,False,,,53.356769,-6.26814,20,5,15,3,2,0,2,20,5,15,3,2,0,2
5116,75,dublin,JAMES STREET,James Street,False,False,OPEN,2024-12-28 05:20:43,True,False,,,53.343456,-6.287409,40,3,37,2,1,0,1,40,3,37,2,1,0,1
5117,111,dublin,MOUNTJOY SQUARE EAST,Mountjoy Square East,False,False,OPEN,2024-12-28 05:27:36,True,False,,,53.356717,-6.256359,40,0,40,0,0,0,0,40,0,40,0,0,0,0
5118,26,dublin,MERRION SQUARE WEST,Merrion Square West,False,False,OPEN,2024-12-28 05:27:43,True,False,,,53.339764,-6.251988,20,12,8,4,8,0,8,20,12,8,4,8,0,8
5119,65,dublin,CONVENTION CENTRE,Convention Centre,False,False,OPEN,2024-12-28 05:21:13,True,False,,,53.34744,-6.238523,40,12,28,10,2,0,2,40,12,28,10,2,0,2
5120,15,dublin,HARDWICKE STREET,Hardwicke Street,False,False,OPEN,2024-12-28 05:20:42,True,False,,,53.355473,-6.264423,16,4,12,3,1,0,1,16,4,12,3,1,0,1
5121,86,dublin,PARKGATE STREET,Parkgate Street,False,False,OPEN,2024-12-28 05:26:54,True,False,,,53.347972,-6.291804,38,33,5,3,30,0,30,38,33,5,3,30,0,30
5122,35,dublin,SMITHFIELD,Smithfield,False,False,OPEN,2024-12-28 05:21:18,True,False,,,53.347692,-6.278214,30,10,20,5,5,0,5,30,10,20,5,5,0,5
5123,10,dublin,DAME STREET,Dame Street,False,False,OPEN,2024-12-28 05:21:24,True,False,,,53.344007,-6.266802,16,13,3,10,3,0,3,16,13,3,10,3,0,3
5124,100,dublin,HEUSTON BRIDGE (SOUTH),Heuston Bridge (South),False,False,OPEN,2024-12-28 05:22:44,True,False,,,53.347106,-6.292041,25,15,10,8,7,0,7,25,15,10,8,7,0,7
5125,24,dublin,CATHAL BRUGHA STREET,Cathal Brugha Street,False,False,OPEN,2024-12-28 05:20:08,True,False,,,53.352149,-6.260533,20,12,8,11,1,0,1,20,12,8,11,1,0,1
5126,64,dublin,SANDWITH STREET,Sandwith Street,False,False,OPEN,2024-12-28 05:20:01,True,False,,,53.345203,-6.247163,40,23,17,19,4,0,4,40,23,17,19,4,0,4
5127,109,dublin,BUCKINGHAM STREET LOWER,Buckingham Street Lower,False,False,OPEN,2024-12-28 05:20:22,True,False,,,53.353331,-6.249319,29,13,16,4,9,0,9,29,13,16,4,9,0,9
5128,85,dublin,ROTHE ABBEY,Rothe Abbey,False,False,OPEN,2024-12-28 05:21:33,True,False,,,53.338776,-6.30395,35,30,5,16,14,0,14,35,30,5,16,14,0,14
5129,107,dublin,CHARLEVILLE ROAD,Charleville Road,False,False,OPEN,2024-12-28 05:18:13,True,False,,,53.359157,-6.281866,40,17,23,10,7,0,7,40,17,23,10,7,0,7
5130,33,dublin,PRINCES STREET / O'CONNELL STREET,Princes Street / O'Connell Street,False,False,OPEN,2024-12-28 05:26:10,True,False,,,53.349013,-6.260311,23,14,9,6,8,0,8,23,14,9,6,8,0,8
5131,44,dublin,UPPER SHERRARD STREET,Upper Sherrard Street,False,False,OPEN,2024-12-28 05:20:33,True,False,,,53.358437,-6.260641,30,8,22,7,1,0,1,30,8,22,7,1,0,1
5132,89,dublin,FITZWILLIAM SQUARE EAST,Fitzwilliam Square East,False,False,OPEN,2024-12-28 05:20:15,True,False,,,53.335211,-6.2509,40,23,17,12,11,0,11,40,23,17,12,11,0,11
5133,57,dublin,GRATTAN STREET,Grattan Street,False,False,OPEN,2024-12-28 05:18:19,True,False,,,53.339629,-6.243778,23,5,18,4,1,0,1,23,5,18,4,1,0,1
5134,80,dublin,ST JAMES HOSPITAL (LUAS),St James Hospital (Luas),False,False,OPEN,2024-12-28 05:20:42,True,False,,,53.341359,-6.292951,40,2,38,2,0,0,0,40,2,38,2,0,0,0
5135,41,dublin,HARCOURT TERRACE,Harcourt Terrace,False,False,OPEN,2024-12-28 05:26:40,True,False,,,53.332763,-6.257942,20,2,18,1,1,0,1,20,2,18,1,1,0,1
5136,3,dublin,BOLTON STREET,Bolton Street,False,False,OPEN,2024-12-28 05:27:15,True,False,,,53.351182,-6.269859,20,7,13,6,1,0,1,20,7,13,6,1,0,1
5137,40,dublin,JERVIS STREET,Jervis Street,False,False,OPEN,2024-12-28 05:20:16,True,False,,,53.3483,-6.266651,21,9,12,5,4,0,4,21,9,12,5,4,0,4
5138,29,dublin,ORMOND QUAY UPPER,Ormond Quay Upper,False,False,OPEN,2024-12-28 05:23:47,True,False,,,53.346057,-6.268001,29,28,1,15,13,0,13,29,28,1,15,13,0,13
5139,103,dublin,GRANGEGORMAN LOWER (SOUTH),Grangegorman Lower (South),False,False,OPEN,2024-12-28 05:19:11,True,False,,,53.354663,-6.278681,40,0,40,0,0,0,0,40,0,40,0,0,0,0
5140,28,dublin,MOUNTJOY SQUARE WEST,Mountjoy Square West,False,False,OPEN,2024-12-28 05:18:23,True,False,,,53.356299,-6.258586,30,0,30,0,0,0,0,30,0,30,0,0,0,0
5141,39,dublin,WILTON TERRACE,Wilton Terrace,False,False,OPEN,2024-12-28 05:20:16,True,False,,,53.332383,-6.252717,20,2,18,0,2,0,2,20,2,18,0,2,0,2
5142,83,dublin,EMMET ROAD,Emmet Road,False,False,OPEN,2024-12-28 05:19:32,True,False,,,53.340714,-6.308191,40,13,26,11,2,0,2,40,13,26,11,2,0,2
5143,92,dublin,HEUSTON BRIDGE (NORTH),Heuston Bridge (North),False,False,OPEN,2024-12-28 05:27:29,True,False,,,53.347802,-6.292432,40,39,1,29,10,0,10,40,39,1,29,10,0,10
5144,21,dublin,LEINSTER STREET SOUTH,Leinster Street South,False,False,OPEN,2024-12-28 05:27:29,True,False,,,53.34218,-6.254485,30,2,28,2,0,0,0,30,2,28,2,0,0,0
5145,88,dublin,BLACKHALL PLACE,Blackhall Place,False,False,OPEN,2024-12-28 05:18:25,True,False,,,53.3488,-6.281637,30,4,26,2,2,0,2,30,4,26,2,2,0,2
5146,42,dublin,SMITHFIELD NORTH,Smithfield North,False,False,OPEN,2024-12-28 05:38:11,True,False,,,53.349562,-6.278198,30,7,23,4,3,0,3,30,7,23,4,3,0,3
5147,30,dublin,PARNELL SQUARE NORTH,Parnell Square North,False,False,OPEN,2024-12-28 05:41:13,True,False,,,53.3537415547453,-6.26530144781526,20,6,14,4,2,0,2,20,6,14,4,2,0,2
5148,54,dublin,CLONMEL STREET,Clonmel Street,False,False,OPEN,2024-12-28 05:46:03,True,False,,,53.336021,-6.26298,33,13,20,3,10,0,10,33,13,20,3,10,0,10
5149,108,dublin,AVONDALE ROAD,Avondale Road,False,False,OPEN,2024-12-28 05:47:26,True,False,,,53.359405,-6.276142,35,17,18,11,6,0,6,35,17,18,11,6,0,6
5150,20,dublin,JAMES STREET EAST,James Street East,False,False,OPEN,2024-12-28 05:41:25,True,False,,,53.336597,-6.248109,30,2,28,2,0,0,0,30,2,28,2,0,0,0
5151,56,dublin,MOUNT STREET LOWER,Mount Street Lower,False,False,OPEN,2024-12-28 05:47:27,True,False,,,53.33796,-6.24153,40,24,16,11,13,0,13,40,24,16,11,13,0,13
5152,6,dublin,CHRISTCHURCH PLACE,Christchurch Place,False,False,OPEN,2024-12-28 05:47:33,True,False,,,53.343368,-6.27012,20,5,15,2,3,0,3,20,5,15,2,3,0,3
5153,18,dublin,GRANTHAM STREET,Grantham Street,False,False,OPEN,2024-12-28 05:40:00,True,False,,,53.334123,-6.265436,30,12,18,4,8,0,8,30,12,18,4,8,0,8
5154,32,dublin,PEARSE STREET,Pearse Street,False,False,OPEN,2024-12-28 05:47:30,True,False,,,53.344304,-6.250427,30,21,9,16,5,0,5,30,21,9,16,5,0,5
5155,52,dublin,YORK STREET EAST,York Street East,False,False,OPEN,2024-12-28 05:38:32,True,False,,,53.338755,-6.262003,32,27,5,16,11,0,11,32,27,5,16,11,0,11
5156,48,dublin,EXCISE WALK,Excise Walk,False,False,OPEN,2024-12-28 05:38:47,True,False,,,53.347777,-6.244239,40,0,40,0,0,0,0,40,0,40,0,0,0,0
5157,13,dublin,FITZWILLIAM SQUARE WEST,Fitzwilliam Square West,False,False,OPEN,2024-12-28 05:39:21,True,False,,,53.336074,-6.252825,30,27,3,11,16,0,16,30,27,3,11,16,0,16
5158,43,dublin,PORTOBELLO ROAD,Portobello Road,False,False,OPEN,2024-12-28 05:45:37,True,False,,,53.330091,-6.268044,30,8,22,5,3,0,3,30,8,22,5,3,0,3
5159,31,dublin,PARNELL STREET,Parnell Street,False,False,OPEN,2024-12-28 05:47:07,True,False,,,53.350929,-6.265125,20,15,5,10,5,0,5,20,15,5,10,5,0,5
5160,98,dublin,FREDERICK STREET SOUTH,Frederick Street South,False,False,OPEN,2024-12-28 05:39:43,True,False,,,53.341515,-6.256853,40,19,21,9,10,0,10,40,19,21,9,10,0,10
5161,14,dublin,FOWNES STREET UPPER,Fownes Street Upper,False,False,OPEN,2024-12-28 05:40:23,True,False,,,53.344603,-6.263371,30,28,2,16,12,0,12,30,28,2,16,12,0,12
5162,1,dublin,CLARENDON ROW,Clarendon Row,False,False,OPEN,2024-12-28 05:40:04,True,False,,,53.340927,-6.262501,31,20,11,14,6,0,6,31,20,11,14,6,0,6
5163,23,dublin,CUSTOM HOUSE,Custom House,False,False,OPEN,2024-12-28 05:38:51,True,False,,,53.348279,-6.254662,30,17,13,8,9,0,9,30,17,13,8,9,0,9
5164,106,dublin,RATHDOWN ROAD,Rathdown Road,False,False,OPEN,2024-12-28 05:47:47,True,False,,,53.35893,-6.280337,40,0,40,0,0,0,0,40,0,40,0,0,0,0
5165,112,dublin,NORTH CIRCULAR ROAD (O'CONNELL'S),North Circular Road (O'Connell's),False,False,OPEN,2024-12-28 05:39:57,True,False,,,53.357841,-6.251557,30,11,19,9,2,0,2,30,11,19,9,2,0,2
5166,68,dublin,HANOVER QUAY,Hanover Quay,False,False,OPEN,2024-12-28 05:38:28,True,False,,,53.344115,-6.237153,40,26,14,17,9,0,9,40,26,14,17,9,0,9
5167,74,dublin,OLIVER BOND STREET,Oliver Bond Street,False,False,OPEN,2024-12-28 05:40:17,True,False,,,53.343893,-6.280531,30,23,7,17,6,0,6,30,23,7,17,6,0,6
5168,87,dublin,COLLINS BARRACKS MUSEUM,Collins Barracks Museum,False,False,OPEN,2024-12-28 05:40:14,True,False,,,53.347477,-6.28525,38,22,16,13,9,0,9,38,22,16,13,9,0,9
5169,84,dublin,BROOKFIELD ROAD,Brookfield Road,False,False,OPEN,2024-12-28 05:40:25,True,False,,,53.339005,-6.300217,30,14,16,8,6,0,6,30,14,16,8,6,0,6
5170,90,dublin,BENSON STREET,Benson Street,False,False,OPEN,2024-12-28 05:41:23,True,False,,,53.344153,-6.233451,40,7,33,5,2,0,2,40,7,33,5,2,0,2
5171,11,dublin,EARLSFORT TERRACE,Earlsfort Terrace,False,False,OPEN,2024-12-28 05:47:24,True,False,,,53.334295,-6.258503,30,16,14,12,4,0,4,30,16,14,12,4,0,4
5172,17,dublin,GOLDEN LANE,Golden Lane,False,False,OPEN,2024-12-28 05:37:59,True,False,,,53.340803,-6.267732,20,13,7,5,8,0,8,20,13,7,5,8,0,8
5173,45,dublin,DEVERELL PLACE,Deverell Place,False,False,OPEN,2024-12-28 05:41:02,True,False,,,53.351464,-6.255265,30,13,17,6,7,0,7,30,13,17,6,7,0,7
5174,114,dublin,WILTON TERRACE (PARK),Wilton Terrace (Park),False,False,OPEN,2024-12-28 05:44:22,True,False,,,53.333653,-6.248345,40,1,39,0,1,0,1,40,1,39,0,1,0,1
5175,72,dublin,JOHN STREET WEST,John Street West,False,False,OPEN,2024-12-28 05:38:20,True,False,,,53.343105,-6.277167,31,1,30,1,0,0,0,31,1,30,1,0,0,0
5176,63,dublin,FENIAN STREET,Fenian Street,False,False,OPEN,2024-12-28 05:43:09,True,False,,,53.341428,-6.24672,35,20,15,10,10,0,10,35,20,15,10,10,0,10
5177,113,dublin,MERRION SQUARE SOUTH,Merrion Square South,False,False,OPEN,2024-12-28 05:39:32,True,False,,,53.338614,-6.248606,40,6,23,5,1,0,1,40,6,23,5,1,0,1
5178,91,dublin,SOUTH DOCK ROAD,South Dock Road,False,False,OPEN,2024-12-28 05:46:58,True,False,,,53.341833,-6.231291,30,30,0,19,11,0,11,30,30,0,19,11,0,11
5179,99,dublin,CITY QUAY,City Quay,False,False,OPEN,2024-12-28 05:39:51,True,False,,,53.346637,-6.246154,30,18,12,9,9,0,9,30,18,12,9,9,0,9
5180,9,dublin,EXCHEQUER STREET,Exchequer Street,False,False,OPEN,2024-12-28 05:40:43,True,False,,,53.343034,-6.263578,24,13,11,3,10,0,10,24,13,11,3,10,0,10
5181,67,dublin,THE POINT,The Point,False,False,OPEN,2024-12-28 05:45:57,True,False,,,53.346867,-6.230852,40,18,22,9,9,0,9,40,18,22,9,9,0,9
5182,116,dublin,BROADSTONE,Broadstone,False,False,OPEN,2024-12-28 05:46:56,True,False,,,53.3547,-6.272314,30,17,13,6,11,0,11,30,17,13,6,11,0,11
5183,55,dublin,HATCH STREET,Hatch Street,False,False,OPEN,2024-12-28 05:41:24,True,False,,,53.33403,-6.260714,36,15,20,9,6,0,6,36,15,20,9,6,0,6
5184,62,dublin,LIME STREET,Lime Street,False,False,OPEN,2024-12-28 05:38:04,True,False,,,53.346026,-6.243576,40,16,24,5,11,0,11,40,16,24,5,11,0,11
5185,5,dublin,CHARLEMONT PLACE,Charlemont Street,False,False,OPEN,2024-12-28 05:40:56,True,False,,,53.330662,-6.260177,40,13,27,10,3,0,3,40,13,27,10,3,0,3
5186,97,dublin,KILMAINHAM GAOL,Kilmainham Gaol,False,False,OPEN,2024-12-28 05:37:54,True,False,,,53.342113,-6.310015,40,8,32,5,3,0,3,40,8,32,5,3,0,3
5187,61,dublin,HARDWICKE PLACE,Hardwicke Place,False,False,OPEN,2024-12-28 05:47:07,True,False,,,53.357043,-6.263232,25,0,25,0,0,0,0,25,0,25,0,0,0,0
5188,77,dublin,WOLFE TONE STREET,Wolfe Tone Street,False,False,OPEN,2024-12-28 05:38:30,True,False,,,53.348875,-6.267459,29,24,5,14,10,0,10,29,24,5,14,10,0,10
5189,73,dublin,FRANCIS STREET,Francis Street,False,False,OPEN,2024-12-28 05:39:23,True,False,,,53.342081,-6.275233,30,8,22,7,1,0,1,30,8,22,7,1,0,1
5190,4,dublin,GREEK STREET,Greek Street,False,False,OPEN,2024-12-28 05:40:17,True,False,,,53.346874,-6.272976,20,12,8,2,10,0,10,20,12,8,2,10,0,10
5191,49,dublin,GUILD STREET,Guild Street,False,False,OPEN,2024-12-28 05:40:29,True,False,,,53.347932,-6.240928,40,34,5,24,10,0,10,40,34,5,24,10,0,10
5192,19,dublin,HERBERT PLACE,Herbert Place,False,False,OPEN,2024-12-28 05:40:29,True,False,,,53.334432,-6.245575,30,6,24,4,2,0,2,30,6,24,4,2,0,2
5193,7,dublin,HIGH STREET,High Street,False,False,OPEN,2024-12-28 05:38:05,True,False,,,53.343565,-6.275071,29,0,29,0,0,0,0,29,0,29,0,0,0,0
5194,60,dublin,NORTH CIRCULAR ROAD,North Circular Road,False,False,OPEN,2024-12-28 05:41:24,True,False,,,53.359624,-6.260348,30,8,22,6,2,0,2,30,8,22,6,2,0,2
5195,102,dublin,WESTERN WAY,Western Way,False,False,OPEN,2024-12-28 05:38:19,True,False,,,53.354929,-6.269425,40,13,27,11,2,0,2,40,13,27,11,2,0,2
5196,38,dublin,TALBOT STREET,Talbot Street,False,False,OPEN,2024-12-28 05:39:24,True,False,,,53.350974,-6.25294,40,22,18,17,5,0,5,40,22,18,17,5,0,5
5197,53,dublin,NEWMAN HOUSE,Newman House,False,False,OPEN,2024-12-28 05:39:22,True,False,,,53.337132,-6.26059,40,11,29,11,0,0,0,40,11,29,11,0,0,0
5198,58,dublin,SIR PATRICK DUN'S,Sir Patrick's Dun,False,False,OPEN,2024-12-28 05:39:16,True,False,,,53.339218,-6.240642,40,35,5,28,7,0,7,40,35,5,28,7,0,7
5199,66,dublin,NEW CENTRAL BANK,New Central Bank,False,False,OPEN,2024-12-28 05:47:24,True,False,,,53.347122,-6.234749,40,6,34,1,5,0,5,40,6,34,1,5,0,5
5200,104,dublin,GRANGEGORMAN LOWER (CENTRAL),Grangegorman Lower (Central),False,False,OPEN,2024-12-28 05:40:11,True,False,,,53.355173,-6.278424,40,1,39,1,0,0,0,40,1,39,1,0,0,0
5201,101,dublin,KING STREET NORTH,King Street North,False,False,OPEN,2024-12-28 05:47:09,True,False,,,53.350291,-6.273507,30,13,17,8,5,0,5,30,13,17,8,5,0,5
5202,115,dublin,KILLARNEY STREET,Killarney Street,False,False,OPEN,2024-12-28 05:41:04,True,False,,,53.354845,-6.247579,30,27,3,19,8,0,8,30,27,3,19,8,0,8
5203,47,dublin,HERBERT STREET,Herbert Street,False,False,OPEN,2024-12-28 05:38:43,True,False,,,53.335742,-6.24551,40,4,36,2,2,0,2,40,4,36,2,2,0,2
5204,117,dublin,HANOVER QUAY EAST,Hanover Quay East,False,False,OPEN,2024-12-28 05:38:42,True,False,,,53.343653,-6.231755,40,5,35,1,4,0,4,40,5,35,1,4,0,4
5205,8,dublin,CUSTOM HOUSE QUAY,Custom House Quay,False,False,OPEN,2024-12-28 05:39:19,True,False,,,53.347884,-6.248048,30,20,10,14,6,0,6,30,20,10,14,6,0,6
5206,27,dublin,MOLESWORTH STREET,Molesworth Street,False,False,OPEN,2024-12-28 05:47:28,True,False,,,53.341288,-6.258117,20,4,16,2,2,0,2,20,4,16,2,2,0,2
5207,16,dublin,GEORGES QUAY,Georges Quay,False,False,OPEN,2024-12-28 05:46:25,True,False,,,53.347508,-6.252192,20,17,3,9,8,0,8,20,17,3,9,8,0,8
5208,96,dublin,KILMAINHAM LANE,Kilmainham Lane,False,False,OPEN,2024-12-28 05:46:30,True,False,,,53.341805,-6.305085,30,4,26,4,0,0,0,30,4,26,4,0,0,0
5209,82,dublin,MOUNT BROWN,Mount Brown,False,False,OPEN,2024-12-28 05:38:22,True,False,,,53.341645,-6.29719,22,11,11,2,9,0,9,22,11,11,2,9,0,9
5210,76,dublin,MARKET STREET SOUTH,Market Street South,False,False,OPEN,2024-12-28 05:46:39,True,False,,,53.342296,-6.287661,38,2,36,0,2,0,2,38,2,36,0,2,0,2
5211,71,dublin,KEVIN STREET,Kevin Street,False,False,OPEN,2024-12-28 05:47:37,True,False,,,53.337757,-6.267699,40,12,28,4,8,0,8,40,12,28,4,8,0,8
5212,79,dublin,ECCLES STREET EAST,Eccles Street East,False,False,OPEN,2024-12-28 05:39:56,True,False,,,53.358115,-6.265601,27,0,27,0,0,0,0,27,0,27,0,0,0,0
5213,69,dublin,GRAND CANAL DOCK,Grand Canal Dock,False,False,OPEN,2024-12-28 05:39:56,True,False,,,53.342638,-6.238695,40,36,4,23,13,0,13,40,36,4,23,13,0,13
5214,25,dublin,MERRION SQUARE EAST,Merrion Square East,False,False,OPEN,2024-12-28 05:44:25,True,False,,,53.339434,-6.246548,30,0,30,0,0,0,0,30,0,30,0,0,0,0
5215,51,dublin,YORK STREET WEST,York Street West,False,False,OPEN,2024-12-28 05:47:37,True,False,,,53.339334,-6.264699,40,0,0,0,0,0,0,40,0,0,0,0,0,0
5216,37,dublin,ST. STEPHEN'S GREEN SOUTH,St. Stephen's Green South,False,False,OPEN,2024-12-28 05:47:55,True,False,,,53.337494,-6.26199,30,17,13,10,7,0,7,30,17,13,10,7,0,7
5217,59,dublin,DENMARK STREET GREAT,Denmark Street Great,False,False,OPEN,2024-12-28 05:40:13,True,False,,,53.35561,-6.261397,20,2,18,1,1,0,1,20,2,18,1,1,0,1
5218,95,dublin,ROYAL HOSPITAL,Royal Hospital,False,False,OPEN,2024-12-28 05:41:23,True,False,,,53.343897,-6.29706,40,28,12,18,10,0,10,40,28,12,18,10,0,10
5219,94,dublin,HEUSTON STATION (CAR PARK),Heuston Station (Car Park),False,False,OPEN,2024-12-28 05:40:20,True,False,,,53.346985,-6.297804,40,10,30,10,0,0,0,40,10,30,10,0,0,0
5220,105,dublin,GRANGEGORMAN LOWER (NORTH),Grangegorman Lower (North),False,False,OPEN,2024-12-28 05:40:53,True,False,,,53.355954,-6.278378,36,3,33,2,1,0,1,36,3,33,2,1,0,1
5221,36,dublin,ST. STEPHEN'S GREEN EAST,St. Stephen's Green East,False,False,OPEN,2024-12-28 05:47:21,True,False,,,53.337824,-6.256035,40,15,25,7,8,0,8,40,15,25,7,8,0,8
5222,93,dublin,HEUSTON STATION (CENTRAL),Heuston Station (Central),False,False,OPEN,2024-12-28 05:38:17,True,False,,,53.346603,-6.296924,40,13,27,13,0,0,0,40,13,27,13,0,0,0
5223,22,dublin,TOWNSEND STREET,Townsend Street,False,False,OPEN,2024-12-28 05:45:41,True,False,,,53.345922,-6.254614,20,14,6,12,2,0,2,20,14,6,12,2,0,2
5224,50,dublin,GEORGES LANE,George's Lane,False,False,OPEN,2024-12-28 05:40:31,True,False,,,53.35023,-6.279696,40,11,29,10,1,0,1,40,11,29,10,1,0,1
5225,110,dublin,PHIBSBOROUGH ROAD,Phibsborough Road,False,False,OPEN,2024-12-28 05:42:02,True,False,,,53.356307,-6.273717,40,8,32,1,7,0,7,40,8,32,1,7,0,7
5226,12,dublin,ECCLES STREET,Eccles Street,False,False,OPEN,2024-12-28 05:38:54,True,False,,,53.359246,-6.269779,20,2,18,2,0,0,0,20,2,18,2,0,0,0
5227,34,dublin,PORTOBELLO HARBOUR,Portobello Harbour,False,False,OPEN,2024-12-28 05:45:08,True,False,,,53.330362,-6.265163,30,4,26,3,1,0,1,30,4,26,3,1,0,1
5228,78,dublin,MATER HOSPITAL,Mater Hospital,False,False,OPEN,2024-12-28 05:39:33,True,False,,,53.359967,-6.264828,40,1,39,1,0,0,0,40,1,39,1,0,0,0
5229,2,dublin,BLESSINGTON STREET,Blessington Street,False,False,OPEN,2024-12-28 05:47:51,True,False,,,53.356769,-6.26814,20,5,15,3,2,0,2,20,5,15,3,2,0,2
5230,75,dublin,JAMES STREET,James Street,False,False,OPEN,2024-12-28 05:40:51,True,False,,,53.343456,-6.287409,40,3,37,2,1,0,1,40,3,37,2,1,0,1
5231,111,dublin,MOUNTJOY SQUARE EAST,Mountjoy Square East,False,False,OPEN,2024-12-28 05:47:47,True,False,,,53.356717,-6.256359,40,0,40,0,0,0,0,40,0,40,0,0,0,0
5232,26,dublin,MERRION SQUARE WEST,Merrion Square West,False,False,OPEN,2024-12-28 05:47:53,True,False,,,53.339764,-6.251988,20,12,8,4,8,0,8,20,12,8,4,8,0,8
5233,65,dublin,CONVENTION CENTRE,Convention Centre,False,False,OPEN,2024-12-28 05:41:21,True,False,,,53.34744,-6.238523,40,12,28,10,2,0,2,40,12,28,10,2,0,2
5234,15,dublin,HARDWICKE STREET,Hardwicke Street,False,False,OPEN,2024-12-28 05:44:04,True,False,,,53.355473,-6.264423,16,3,13,3,0,0,0,16,3,13,3,0,0,0
5235,86,dublin,PARKGATE STREET,Parkgate Street,False,False,OPEN,2024-12-28 05:47:01,True,False,,,53.347972,-6.291804,38,33,5,3,30,0,30,38,33,5,3,30,0,30
5236,35,dublin,SMITHFIELD,Smithfield,False,False,OPEN,2024-12-28 05:41:25,True,False,,,53.347692,-6.278214,30,10,20,5,5,0,5,30,10,20,5,5,0,5
5237,10,dublin,DAME STREET,Dame Street,False,False,OPEN,2024-12-28 05:41:34,True,False,,,53.344007,-6.266802,16,12,4,10,2,0,2,16,12,4,10,2,0,2
5238,100,dublin,HEUSTON BRIDGE (SOUTH),Heuston Bridge (South),False,False,OPEN,2024-12-28 05:44:37,True,False,,,53.347106,-6.292041,25,15,10,8,7,0,7,25,15,10,8,7,0,7
5239,24,dublin,CATHAL BRUGHA STREET,Cathal Brugha Street,False,False,OPEN,2024-12-28 05:40:19,True,False,,,53.352149,-6.260533,20,12,8,11,1,0,1,20,12,8,11,1,0,1
5240,64,dublin,SANDWITH STREET,Sandwith Street,False,False,OPEN,2024-12-28 05:40:11,True,False,,,53.345203,-6.247163,40,23,17,19,4,0,4,40,23,17,19,4,0,4
5241,109,dublin,BUCKINGHAM STREET LOWER,Buckingham Street Lower,False,False,OPEN,2024-12-28 05:40:30,True,False,,,53.353331,-6.249319,29,13,16,4,9,0,9,29,13,16,4,9,0,9
5242,85,dublin,ROTHE ABBEY,Rothe Abbey,False,False,OPEN,2024-12-28 05:41:44,True,False,,,53.338776,-6.30395,35,30,5,16,14,0,14,35,30,5,16,14,0,14
5243,107,dublin,CHARLEVILLE ROAD,Charleville Road,False,False,OPEN,2024-12-28 05:38:21,True,False,,,53.359157,-6.281866,40,17,23,10,7,0,7,40,17,23,10,7,0,7
5244,33,dublin,PRINCES STREET / O'CONNELL STREET,Princes Street / O'Connell Street,False,False,OPEN,2024-12-28 05:39:11,True,False,,,53.349013,-6.260311,23,16,7,8,8,0,8,23,16,7,8,8,0,8
5245,44,dublin,UPPER SHERRARD STREET,Upper Sherrard Street,False,False,OPEN,2024-12-28 05:40:43,True,False,,,53.358437,-6.260641,30,8,22,7,1,0,1,30,8,22,7,1,0,1
5246,89,dublin,FITZWILLIAM SQUARE EAST,Fitzwilliam Square East,False,False,OPEN,2024-12-28 05:40:22,True,False,,,53.335211,-6.2509,40,23,17,12,11,0,11,40,23,17,12,11,0,11
5247,57,dublin,GRATTAN STREET,Grattan Street,False,False,OPEN,2024-12-28 05:38:27,True,False,,,53.339629,-6.243778,23,5,18,4,1,0,1,23,5,18,4,1,0,1
5248,80,dublin,ST JAMES HOSPITAL (LUAS),St James Hospital (Luas),False,False,OPEN,2024-12-28 05:40:49,True,False,,,53.341359,-6.292951,40,2,38,2,0,0,0,40,2,38,2,0,0,0
5249,41,dublin,HARCOURT TERRACE,Harcourt Terrace,False,False,OPEN,2024-12-28 05:46:50,True,False,,,53.332763,-6.257942,20,2,18,1,1,0,1,20,2,18,1,1,0,1
5250,3,dublin,BOLTON STREET,Bolton Street,False,False,OPEN,2024-12-28 05:38:49,True,False,,,53.351182,-6.269859,20,7,13,6,1,0,1,20,7,13,6,1,0,1
5251,40,dublin,JERVIS STREET,Jervis Street,False,False,OPEN,2024-12-28 05:43:11,True,False,,,53.3483,-6.266651,21,11,10,7,4,0,4,21,11,10,7,4,0,4
5252,29,dublin,ORMOND QUAY UPPER,Ormond Quay Upper,False,False,OPEN,2024-12-28 05:40:51,True,False,,,53.346057,-6.268001,29,28,1,15,13,0,13,29,28,1,15,13,0,13
5253,103,dublin,GRANGEGORMAN LOWER (SOUTH),Grangegorman Lower (South),False,False,OPEN,2024-12-28 05:39:18,True,False,,,53.354663,-6.278681,40,0,40,0,0,0,0,40,0,40,0,0,0,0
5254,28,dublin,MOUNTJOY SQUARE WEST,Mountjoy Square West,False,False,OPEN,2024-12-28 05:38:32,True,False,,,53.356299,-6.258586,30,0,30,0,0,0,0,30,0,30,0,0,0,0
5255,39,dublin,WILTON TERRACE,Wilton Terrace,False,False,OPEN,2024-12-28 05:40:23,True,False,,,53.332383,-6.252717,20,2,18,0,2,0,2,20,2,18,0,2,0,2
5256,83,dublin,EMMET ROAD,Emmet Road,False,False,OPEN,2024-12-28 05:39:42,True,False,,,53.340714,-6.308191,40,13,26,11,2,0,2,40,13,26,11,2,0,2
5257,92,dublin,HEUSTON BRIDGE (NORTH),Heuston Bridge (North),False,False,OPEN,2024-12-28 05:47:38,True,False,,,53.347802,-6.292432,40,39,1,29,10,0,10,40,39,1,29,10,0,10
5258,21,dublin,LEINSTER STREET SOUTH,Leinster Street South,False,False,OPEN,2024-12-28 05:47:38,True,False,,,53.34218,-6.254485,30,2,28,2,0,0,0,30,2,28,2,0,0,0
5259,88,dublin,BLACKHALL PLACE,Blackhall Place,False,False,OPEN,2024-12-28 05:38:34,True,False,,,53.3488,-6.281637,30,4,26,2,2,0,2,30,4,26,2,2,0,2
5260,42,dublin,SMITHFIELD NORTH,Smithfield North,False,False,OPEN,2024-12-28 05:58:22,True,False,,,53.349562,-6.278198,30,7,23,4,3,0,3,30,7,23,4,3,0,3
5261,30,dublin,PARNELL SQUARE NORTH,Parnell Square North,False,False,OPEN,2024-12-28 06:01:25,True,False,,,53.3537415547453,-6.26530144781526,20,6,14,4,2,0,2,20,6,14,4,2,0,2
5262,54,dublin,CLONMEL STREET,Clonmel Street,False,False,OPEN,2024-12-28 06:07:30,True,False,,,53.336021,-6.26298,33,13,20,3,10,0,10,33,13,20,3,10,0,10
5263,108,dublin,AVONDALE ROAD,Avondale Road,False,False,OPEN,2024-12-28 05:59:00,True,False,,,53.359405,-6.276142,35,17,18,11,6,0,6,35,17,18,11,6,0,6
5264,20,dublin,JAMES STREET EAST,James Street East,False,False,OPEN,2024-12-28 06:01:34,True,False,,,53.336597,-6.248109,30,2,28,2,0,0,0,30,2,28,2,0,0,0
5265,56,dublin,MOUNT STREET LOWER,Mount Street Lower,False,False,OPEN,2024-12-28 06:07:37,True,False,,,53.33796,-6.24153,40,23,17,10,13,0,13,40,23,17,10,13,0,13
5266,6,dublin,CHRISTCHURCH PLACE,Christchurch Place,False,False,OPEN,2024-12-28 06:07:41,True,False,,,53.343368,-6.27012,20,5,15,2,3,0,3,20,5,15,2,3,0,3
5267,18,dublin,GRANTHAM STREET,Grantham Street,False,False,OPEN,2024-12-28 06:00:09,True,False,,,53.334123,-6.265436,30,12,18,4,8,0,8,30,12,18,4,8,0,8
5268,32,dublin,PEARSE STREET,Pearse Street,False,False,OPEN,2024-12-28 06:07:38,True,False,,,53.344304,-6.250427,30,22,8,16,6,0,6,30,22,8,16,6,0,6
5269,52,dublin,YORK STREET EAST,York Street East,False,False,OPEN,2024-12-28 05:58:41,True,False,,,53.338755,-6.262003,32,27,5,16,11,0,11,32,27,5,16,11,0,11
5270,48,dublin,EXCISE WALK,Excise Walk,False,False,OPEN,2024-12-28 05:58:55,True,False,,,53.347777,-6.244239,40,0,40,0,0,0,0,40,0,40,0,0,0,0
5271,13,dublin,FITZWILLIAM SQUARE WEST,Fitzwilliam Square West,False,False,OPEN,2024-12-28 05:59:30,True,False,,,53.336074,-6.252825,30,27,3,11,16,0,16,30,27,3,11,16,0,16
5272,43,dublin,PORTOBELLO ROAD,Portobello Road,False,False,OPEN,2024-12-28 05:59:28,True,False,,,53.330091,-6.268044,30,8,22,5,3,0,3,30,8,22,5,3,0,3
5273,31,dublin,PARNELL STREET,Parnell Street,False,False,OPEN,2024-12-28 06:07:17,True,False,,,53.350929,-6.265125,20,16,4,10,6,0,6,20,16,4,10,6,0,6
5274,98,dublin,FREDERICK STREET SOUTH,Frederick Street South,False,False,OPEN,2024-12-28 05:59:53,True,False,,,53.341515,-6.256853,40,19,21,9,10,0,10,40,19,21,9,10,0,10
5275,14,dublin,FOWNES STREET UPPER,Fownes Street Upper,False,False,OPEN,2024-12-28 06:00:31,True,False,,,53.344603,-6.263371,30,28,2,16,12,0,12,30,28,2,16,12,0,12
5276,1,dublin,CLARENDON ROW,Clarendon Row,False,False,OPEN,2024-12-28 06:00:12,True,False,,,53.340927,-6.262501,31,22,9,14,8,0,8,31,22,9,14,8,0,8
5277,23,dublin,CUSTOM HOUSE,Custom House,False,False,OPEN,2024-12-28 05:59:02,True,False,,,53.348279,-6.254662,30,17,13,8,9,0,9,30,17,13,8,9,0,9
5278,106,dublin,RATHDOWN ROAD,Rathdown Road,False,False,OPEN,2024-12-28 05:57:53,True,False,,,53.35893,-6.280337,40,0,40,0,0,0,0,40,0,40,0,0,0,0
5279,112,dublin,NORTH CIRCULAR ROAD (O'CONNELL'S),North Circular Road (O'Connell's),False,False,OPEN,2024-12-28 06:07:10,True,False,,,53.357841,-6.251557,30,10,20,8,2,0,2,30,10,20,8,2,0,2
5280,68,dublin,HANOVER QUAY,Hanover Quay,False,False,OPEN,2024-12-28 05:59:57,True,False,,,53.344115,-6.237153,40,25,15,17,8,0,8,40,25,15,17,8,0,8
5281,74,dublin,OLIVER BOND STREET,Oliver Bond Street,False,False,OPEN,2024-12-28 06:00:26,True,False,,,53.343893,-6.280531,30,23,7,17,6,0,6,30,23,7,17,6,0,6
5282,87,dublin,COLLINS BARRACKS MUSEUM,Collins Barracks Museum,False,False,OPEN,2024-12-28 06:00:25,True,False,,,53.347477,-6.28525,38,22,16,13,9,0,9,38,22,16,13,9,0,9
5283,84,dublin,BROOKFIELD ROAD,Brookfield Road,False,False,OPEN,2024-12-28 06:00:33,True,False,,,53.339005,-6.300217,30,14,16,8,6,0,6,30,14,16,8,6,0,6
5284,90,dublin,BENSON STREET,Benson Street,False,False,OPEN,2024-12-28 06:01:31,True,False,,,53.344153,-6.233451,40,7,33,5,2,0,2,40,7,33,5,2,0,2
5285,11,dublin,EARLSFORT TERRACE,Earlsfort Terrace,False,False,OPEN,2024-12-28 06:07:32,True,False,,,53.334295,-6.258503,30,16,14,12,4,0,4,30,16,14,12,4,0,4
5286,17,dublin,GOLDEN LANE,Golden Lane,False,False,OPEN,2024-12-28 05:58:08,True,False,,,53.340803,-6.267732,20,13,7,5,8,0,8,20,13,7,5,8,0,8
5287,45,dublin,DEVERELL PLACE,Deverell Place,False,False,OPEN,2024-12-28 06:06:25,True,False,,,53.351464,-6.255265,30,12,18,5,7,0,7,30,12,18,5,7,0,7
5288,114,dublin,WILTON TERRACE (PARK),Wilton Terrace (Park),False,False,OPEN,2024-12-28 06:04:30,True,False,,,53.333653,-6.248345,40,1,39,0,1,0,1,40,1,39,0,1,0,1
5289,72,dublin,JOHN STREET WEST,John Street West,False,False,OPEN,2024-12-28 05:58:29,True,False,,,53.343105,-6.277167,31,1,30,1,0,0,0,31,1,30,1,0,0,0
5290,63,dublin,FENIAN STREET,Fenian Street,False,False,OPEN,2024-12-28 06:00:44,True,False,,,53.341428,-6.24672,35,21,14,11,10,0,10,35,21,14,11,10,0,10
5291,113,dublin,MERRION SQUARE SOUTH,Merrion Square South,False,False,OPEN,2024-12-28 05:59:41,True,False,,,53.338614,-6.248606,40,6,23,5,1,0,1,40,6,23,5,1,0,1
5292,91,dublin,SOUTH DOCK ROAD,South Dock Road,False,False,OPEN,2024-12-28 06:07:08,True,False,,,53.341833,-6.231291,30,30,0,19,11,0,11,30,30,0,19,11,0,11
5293,99,dublin,CITY QUAY,City Quay,False,False,OPEN,2024-12-28 05:59:59,True,False,,,53.346637,-6.246154,30,18,12,9,9,0,9,30,18,12,9,9,0,9
5294,9,dublin,EXCHEQUER STREET,Exchequer Street,False,False,OPEN,2024-12-28 06:00:54,True,False,,,53.343034,-6.263578,24,13,11,3,10,0,10,24,13,11,3,10,0,10
5295,67,dublin,THE POINT,The Point,False,False,OPEN,2024-12-28 05:59:41,True,False,,,53.346867,-6.230852,40,17,23,8,9,0,9,40,17,23,8,9,0,9
5296,116,dublin,BROADSTONE,Broadstone,False,False,OPEN,2024-12-28 06:07:03,True,False,,,53.3547,-6.272314,30,17,13,6,11,0,11,30,17,13,6,11,0,11
5297,55,dublin,HATCH STREET,Hatch Street,False,False,OPEN,2024-12-28 06:06:26,True,False,,,53.33403,-6.260714,36,15,20,9,6,0,6,36,15,20,9,6,0,6
5298,62,dublin,LIME STREET,Lime Street,False,False,OPEN,2024-12-28 05:58:13,True,False,,,53.346026,-6.243576,40,16,24,5,11,0,11,40,16,24,5,11,0,11
5299,5,dublin,CHARLEMONT PLACE,Charlemont Street,False,False,OPEN,2024-12-28 06:01:04,True,False,,,53.330662,-6.260177,40,13,27,10,3,0,3,40,13,27,10,3,0,3
5300,97,dublin,KILMAINHAM GAOL,Kilmainham Gaol,False,False,OPEN,2024-12-28 05:58:02,True,False,,,53.342113,-6.310015,40,8,32,5,3,0,3,40,8,32,5,3,0,3
5301,61,dublin,HARDWICKE PLACE,Hardwicke Place,False,False,OPEN,2024-12-28 06:07:16,True,False,,,53.357043,-6.263232,25,0,25,0,0,0,0,25,0,25,0,0,0,0
5302,77,dublin,WOLFE TONE STREET,Wolfe Tone Street,False,False,OPEN,2024-12-28 05:58:37,True,False,,,53.348875,-6.267459,29,25,4,14,11,0,11,29,25,4,14,11,0,11
5303,73,dublin,FRANCIS STREET,Francis Street,False,False,OPEN,2024-12-28 05:59:31,True,False,,,53.342081,-6.275233,30,8,22,7,1,0,1,30,8,22,7,1,0,1
5304,4,dublin,GREEK STREET,Greek Street,False,False,OPEN,2024-12-28 06:00:27,True,False,,,53.346874,-6.272976,20,13,7,2,11,0,11,20,13,7,2,11,0,11
5305,49,dublin,GUILD STREET,Guild Street,False,False,OPEN,2024-12-28 06:00:14,True,False,,,53.347932,-6.240928,40,33,6,23,10,0,10,40,33,6,23,10,0,10
5306,19,dublin,HERBERT PLACE,Herbert Place,False,False,OPEN,2024-12-28 06:00:37,True,False,,,53.334432,-6.245575,30,6,24,4,2,0,2,30,6,24,4,2,0,2
5307,7,dublin,HIGH STREET,High Street,False,False,OPEN,2024-12-28 05:58:13,True,False,,,53.343565,-6.275071,29,0,29,0,0,0,0,29,0,29,0,0,0,0
5308,60,dublin,NORTH CIRCULAR ROAD,North Circular Road,False,False,OPEN,2024-12-28 06:01:32,True,False,,,53.359624,-6.260348,30,8,22,6,2,0,2,30,8,22,6,2,0,2
5309,102,dublin,WESTERN WAY,Western Way,False,False,OPEN,2024-12-28 05:58:29,True,False,,,53.354929,-6.269425,40,13,27,11,2,0,2,40,13,27,11,2,0,2
5310,38,dublin,TALBOT STREET,Talbot Street,False,False,OPEN,2024-12-28 05:59:33,True,False,,,53.350974,-6.25294,40,21,19,17,4,0,4,40,21,19,17,4,0,4
5311,53,dublin,NEWMAN HOUSE,Newman House,False,False,OPEN,2024-12-28 05:59:30,True,False,,,53.337132,-6.26059,40,11,29,11,0,0,0,40,11,29,11,0,0,0
5312,58,dublin,SIR PATRICK DUN'S,Sir Patrick's Dun,False,False,OPEN,2024-12-28 06:00:58,True,False,,,53.339218,-6.240642,40,36,4,29,7,0,7,40,36,4,29,7,0,7
5313,66,dublin,NEW CENTRAL BANK,New Central Bank,False,False,OPEN,2024-12-28 06:07:32,True,False,,,53.347122,-6.234749,40,6,34,1,5,0,5,40,6,34,1,5,0,5
5314,104,dublin,GRANGEGORMAN LOWER (CENTRAL),Grangegorman Lower (Central),False,False,OPEN,2024-12-28 06:00:22,True,False,,,53.355173,-6.278424,40,1,39,1,0,0,0,40,1,39,1,0,0,0
5315,101,dublin,KING STREET NORTH,King Street North,False,False,OPEN,2024-12-28 06:07:21,True,False,,,53.350291,-6.273507,30,11,19,7,4,0,4,30,11,19,7,4,0,4
5316,115,dublin,KILLARNEY STREET,Killarney Street,False,False,OPEN,2024-12-28 06:03:39,True,False,,,53.354845,-6.247579,30,28,2,20,8,0,8,30,28,2,20,8,0,8
5317,47,dublin,HERBERT STREET,Herbert Street,False,False,OPEN,2024-12-28 05:58:53,True,False,,,53.335742,-6.24551,40,4,36,2,2,0,2,40,4,36,2,2,0,2
5318,117,dublin,HANOVER QUAY EAST,Hanover Quay East,False,False,OPEN,2024-12-28 05:58:53,True,False,,,53.343653,-6.231755,40,5,35,1,4,0,4,40,5,35,1,4,0,4
5319,8,dublin,CUSTOM HOUSE QUAY,Custom House Quay,False,False,OPEN,2024-12-28 05:59:32,True,False,,,53.347884,-6.248048,30,21,9,14,7,0,7,30,21,9,14,7,0,7
5320,27,dublin,MOLESWORTH STREET,Molesworth Street,False,False,OPEN,2024-12-28 06:07:36,True,False,,,53.341288,-6.258117,20,4,16,2,2,0,2,20,4,16,2,2,0,2
5321,16,dublin,GEORGES QUAY,Georges Quay,False,False,OPEN,2024-12-28 06:06:34,True,False,,,53.347508,-6.252192,20,17,3,9,8,0,8,20,17,3,9,8,0,8
5322,96,dublin,KILMAINHAM LANE,Kilmainham Lane,False,False,OPEN,2024-12-28 06:06:38,True,False,,,53.341805,-6.305085,30,4,26,4,0,0,0,30,4,26,4,0,0,0
5323,82,dublin,MOUNT BROWN,Mount Brown,False,False,OPEN,2024-12-28 05:58:30,True,False,,,53.341645,-6.29719,22,11,11,2,9,0,9,22,11,11,2,9,0,9
5324,76,dublin,MARKET STREET SOUTH,Market Street South,False,False,OPEN,2024-12-28 06:06:52,True,False,,,53.342296,-6.287661,38,4,34,0,4,0,4,38,4,34,0,4,0,4
5325,71,dublin,KEVIN STREET,Kevin Street,False,False,OPEN,2024-12-28 06:07:47,True,False,,,53.337757,-6.267699,40,13,27,5,8,0,8,40,13,27,5,8,0,8
5326,79,dublin,ECCLES STREET EAST,Eccles Street East,False,False,OPEN,2024-12-28 06:00:05,True,False,,,53.358115,-6.265601,27,0,27,0,0,0,0,27,0,27,0,0,0,0
5327,69,dublin,GRAND CANAL DOCK,Grand Canal Dock,False,False,OPEN,2024-12-28 06:00:05,True,False,,,53.342638,-6.238695,40,37,3,24,13,0,13,40,37,3,24,13,0,13
5328,25,dublin,MERRION SQUARE EAST,Merrion Square East,False,False,OPEN,2024-12-28 06:04:36,True,False,,,53.339434,-6.246548,30,0,30,0,0,0,0,30,0,30,0,0,0,0
5329,51,dublin,YORK STREET WEST,York Street West,False,False,OPEN,2024-12-28 06:07:46,True,False,,,53.339334,-6.264699,40,0,0,0,0,0,0,40,0,0,0,0,0,0
5330,37,dublin,ST. STEPHEN'S GREEN SOUTH,St. Stephen's Green South,False,False,OPEN,2024-12-28 05:58:00,True,False,,,53.337494,-6.26199,30,17,13,10,7,0,7,30,17,13,10,7,0,7
5331,59,dublin,DENMARK STREET GREAT,Denmark Street Great,False,False,OPEN,2024-12-28 06:00:26,True,False,,,53.35561,-6.261397,20,1,19,1,0,0,0,20,1,19,1,0,0,0
5332,95,dublin,ROYAL HOSPITAL,Royal Hospital,False,False,OPEN,2024-12-28 06:01:31,True,False,,,53.343897,-6.29706,40,28,12,18,10,0,10,40,28,12,18,10,0,10
5333,94,dublin,HEUSTON STATION (CAR PARK),Heuston Station (Car Park),False,False,OPEN,2024-12-28 06:00:28,True,False,,,53.346985,-6.297804,40,10,30,10,0,0,0,40,10,30,10,0,0,0
5334,105,dublin,GRANGEGORMAN LOWER (NORTH),Grangegorman Lower (North),False,False,OPEN,2024-12-28 06:01:01,True,False,,,53.355954,-6.278378,36,3,33,2,1,0,1,36,3,33,2,1,0,1
5335,36,dublin,ST. STEPHEN'S GREEN EAST,St. Stephen's Green East,False,False,OPEN,2024-12-28 06:07:31,True,False,,,53.337824,-6.256035,40,16,24,7,9,0,9,40,16,24,7,9,0,9
5336,93,dublin,HEUSTON STATION (CENTRAL),Heuston Station (Central),False,False,OPEN,2024-12-28 05:58:25,True,False,,,53.346603,-6.296924,40,13,27,13,0,0,0,40,13,27,13,0,0,0
5337,22,dublin,TOWNSEND STREET,Townsend Street,False,False,OPEN,2024-12-28 05:58:24,True,False,,,53.345922,-6.254614,20,14,6,12,2,0,2,20,14,6,12,2,0,2
5338,50,dublin,GEORGES LANE,George's Lane,False,False,OPEN,2024-12-28 06:00:40,True,False,,,53.35023,-6.279696,40,11,29,10,1,0,1,40,11,29,10,1,0,1
5339,110,dublin,PHIBSBOROUGH ROAD,Phibsborough Road,False,False,OPEN,2024-12-28 06:02:11,True,False,,,53.356307,-6.273717,40,8,32,1,7,0,7,40,8,32,1,7,0,7
5340,12,dublin,ECCLES STREET,Eccles Street,False,False,OPEN,2024-12-28 05:59:05,True,False,,,53.359246,-6.269779,20,2,18,2,0,0,0,20,2,18,2,0,0,0
5341,34,dublin,PORTOBELLO HARBOUR,Portobello Harbour,False,False,OPEN,2024-12-28 05:59:15,True,False,,,53.330362,-6.265163,30,3,27,3,0,0,0,30,3,27,3,0,0,0
5342,78,dublin,MATER HOSPITAL,Mater Hospital,False,False,OPEN,2024-12-28 05:59:42,True,False,,,53.359967,-6.264828,40,1,39,1,0,0,0,40,1,39,1,0,0,0
5343,2,dublin,BLESSINGTON STREET,Blessington Street,False,False,OPEN,2024-12-28 05:57:54,True,False,,,53.356769,-6.26814,20,5,15,3,2,0,2,20,5,15,3,2,0,2
5344,75,dublin,JAMES STREET,James Street,False,False,OPEN,2024-12-28 06:00:59,True,False,,,53.343456,-6.287409,40,3,37,2,1,0,1,40,3,37,2,1,0,1
5345,111,dublin,MOUNTJOY SQUARE EAST,Mountjoy Square East,False,False,OPEN,2024-12-28 05:57:53,True,False,,,53.356717,-6.256359,40,0,40,0,0,0,0,40,0,40,0,0,0,0
5346,26,dublin,MERRION SQUARE WEST,Merrion Square West,False,False,OPEN,2024-12-28 05:57:58,True,False,,,53.339764,-6.251988,20,12,8,4,8,0,8,20,12,8,4,8,0,8
5347,65,dublin,CONVENTION CENTRE,Convention Centre,False,False,OPEN,2024-12-28 06:01:28,True,False,,,53.34744,-6.238523,40,12,28,10,2,0,2,40,12,28,10,2,0,2
5348,15,dublin,HARDWICKE STREET,Hardwicke Street,False,False,OPEN,2024-12-28 06:01:00,True,False,,,53.355473,-6.264423,16,3,13,3,0,0,0,16,3,13,3,0,0,0
5349,86,dublin,PARKGATE STREET,Parkgate Street,False,False,OPEN,2024-12-28 06:07:09,True,False,,,53.347972,-6.291804,38,33,5,3,30,0,30,38,33,5,3,30,0,30
5350,35,dublin,SMITHFIELD,Smithfield,False,False,OPEN,2024-12-28 06:07:22,True,False,,,53.347692,-6.278214,30,9,21,5,4,0,4,30,9,21,5,4,0,4
5351,10,dublin,DAME STREET,Dame Street,False,False,OPEN,2024-12-28 06:01:43,True,False,,,53.344007,-6.266802,16,12,4,10,2,0,2,16,12,4,10,2,0,2
5352,100,dublin,HEUSTON BRIDGE (SOUTH),Heuston Bridge (South),False,False,OPEN,2024-12-28 06:07:51,True,False,,,53.347106,-6.292041,25,15,10,8,7,0,7,25,15,10,8,7,0,7
5353,24,dublin,CATHAL BRUGHA STREET,Cathal Brugha Street,False,False,OPEN,2024-12-28 06:00:30,True,False,,,53.352149,-6.260533,20,12,8,11,1,0,1,20,12,8,11,1,0,1
5354,64,dublin,SANDWITH STREET,Sandwith Street,False,False,OPEN,2024-12-28 06:00:22,True,False,,,53.345203,-6.247163,40,23,17,19,4,0,4,40,23,17,19,4,0,4
5355,109,dublin,BUCKINGHAM STREET LOWER,Buckingham Street Lower,False,False,OPEN,2024-12-28 06:00:38,True,False,,,53.353331,-6.249319,29,13,16,4,9,0,9,29,13,16,4,9,0,9
5356,85,dublin,ROTHE ABBEY,Rothe Abbey,False,False,OPEN,2024-12-28 06:01:55,True,False,,,53.338776,-6.30395,35,30,5,16,14,0,14,35,30,5,16,14,0,14
5357,107,dublin,CHARLEVILLE ROAD,Charleville Road,False,False,OPEN,2024-12-28 06:07:15,True,False,,,53.359157,-6.281866,40,18,22,10,8,0,8,40,18,22,10,8,0,8
5358,33,dublin,PRINCES STREET / O'CONNELL STREET,Princes Street / O'Connell Street,False,False,OPEN,2024-12-28 06:00:17,True,False,,,53.349013,-6.260311,23,17,6,9,8,0,8,23,17,6,9,8,0,8
5359,44,dublin,UPPER SHERRARD STREET,Upper Sherrard Street,False,False,OPEN,2024-12-28 06:00:54,True,False,,,53.358437,-6.260641,30,8,22,7,1,0,1,30,8,22,7,1,0,1
5360,89,dublin,FITZWILLIAM SQUARE EAST,Fitzwilliam Square East,False,False,OPEN,2024-12-28 06:00:29,True,False,,,53.335211,-6.2509,40,23,17,12,11,0,11,40,23,17,12,11,0,11
5361,57,dublin,GRATTAN STREET,Grattan Street,False,False,OPEN,2024-12-28 05:58:35,True,False,,,53.339629,-6.243778,23,5,18,4,1,0,1,23,5,18,4,1,0,1
5362,80,dublin,ST JAMES HOSPITAL (LUAS),St James Hospital (Luas),False,False,OPEN,2024-12-28 06:00:57,True,False,,,53.341359,-6.292951,40,2,38,2,0,0,0,40,2,38,2,0,0,0
5363,41,dublin,HARCOURT TERRACE,Harcourt Terrace,False,False,OPEN,2024-12-28 06:07:01,True,False,,,53.332763,-6.257942,20,2,18,1,1,0,1,20,2,18,1,1,0,1
5364,3,dublin,BOLTON STREET,Bolton Street,False,False,OPEN,2024-12-28 05:58:59,True,False,,,53.351182,-6.269859,20,7,13,6,1,0,1,20,7,13,6,1,0,1
5365,40,dublin,JERVIS STREET,Jervis Street,False,False,OPEN,2024-12-28 06:05:37,True,False,,,53.3483,-6.266651,21,11,10,7,4,0,4,21,11,10,7,4,0,4
5366,29,dublin,ORMOND QUAY UPPER,Ormond Quay Upper,False,False,OPEN,2024-12-28 06:01:02,True,False,,,53.346057,-6.268001,29,29,0,15,14,0,14,29,29,0,15,14,0,14
5367,103,dublin,GRANGEGORMAN LOWER (SOUTH),Grangegorman Lower (South),False,False,OPEN,2024-12-28 05:59:25,True,False,,,53.354663,-6.278681,40,0,40,0,0,0,0,40,0,40,0,0,0,0
5368,28,dublin,MOUNTJOY SQUARE WEST,Mountjoy Square West,False,False,OPEN,2024-12-28 05:58:41,True,False,,,53.356299,-6.258586,30,0,30,0,0,0,0,30,0,30,0,0,0,0
5369,39,dublin,WILTON TERRACE,Wilton Terrace,False,False,OPEN,2024-12-28 06:00:31,True,False,,,53.332383,-6.252717,20,2,18,0,2,0,2,20,2,18,0,2,0,2
5370,83,dublin,EMMET ROAD,Emmet Road,False,False,OPEN,2024-12-28 05:59:53,True,False,,,53.340714,-6.308191,40,13,26,11,2,0,2,40,13,26,11,2,0,2
5371,92,dublin,HEUSTON BRIDGE (NORTH),Heuston Bridge (North),False,False,OPEN,2024-12-28 06:07:47,True,False,,,53.347802,-6.292432,40,39,1,29,10,0,10,40,39,1,29,10,0,10
5372,21,dublin,LEINSTER STREET SOUTH,Leinster Street South,False,False,OPEN,2024-12-28 06:07:48,True,False,,,53.34218,-6.254485,30,2,28,2,0,0,0,30,2,28,2,0,0,0
5373,88,dublin,BLACKHALL PLACE,Blackhall Place,False,False,OPEN,2024-12-28 05:58:43,True,False,,,53.3488,-6.281637,30,4,26,2,2,0,2,30,4,26,2,2,0,2
5374,42,dublin,SMITHFIELD NORTH,Smithfield North,False,False,OPEN,2024-12-28 06:18:33,True,False,,,53.349562,-6.278198,30,7,23,4,3,0,3,30,7,23,4,3,0,3
5375,30,dublin,PARNELL SQUARE NORTH,Parnell Square North,False,False,OPEN,2024-12-28 06:21:35,True,False,,,53.3537415547453,-6.26530144781526,20,6,14,4,2,0,2,20,6,14,4,2,0,2
5376,54,dublin,CLONMEL STREET,Clonmel Street,False,False,OPEN,2024-12-28 06:27:13,True,False,,,53.336021,-6.26298,33,13,20,3,10,0,10,33,13,20,3,10,0,10
5377,108,dublin,AVONDALE ROAD,Avondale Road,False,False,OPEN,2024-12-28 06:19:09,True,False,,,53.359405,-6.276142,35,16,19,11,5,0,5,35,16,19,11,5,0,5
5378,20,dublin,JAMES STREET EAST,James Street East,False,False,OPEN,2024-12-28 06:21:42,True,False,,,53.336597,-6.248109,30,2,28,2,0,0,0,30,2,28,2,0,0,0
5379,56,dublin,MOUNT STREET LOWER,Mount Street Lower,False,False,OPEN,2024-12-28 06:27:44,True,False,,,53.33796,-6.24153,40,23,17,10,13,0,13,40,23,17,10,13,0,13
5380,6,dublin,CHRISTCHURCH PLACE,Christchurch Place,False,False,OPEN,2024-12-28 06:27:52,True,False,,,53.343368,-6.27012,20,5,15,2,3,0,3,20,5,15,2,3,0,3
5381,18,dublin,GRANTHAM STREET,Grantham Street,False,False,OPEN,2024-12-28 06:20:19,True,False,,,53.334123,-6.265436,30,11,19,3,8,0,8,30,11,19,3,8,0,8
5382,32,dublin,PEARSE STREET,Pearse Street,False,False,OPEN,2024-12-28 06:27:48,True,False,,,53.344304,-6.250427,30,22,8,16,6,0,6,30,22,8,16,6,0,6
5383,52,dublin,YORK STREET EAST,York Street East,False,False,OPEN,2024-12-28 06:18:54,True,False,,,53.338755,-6.262003,32,26,6,16,10,0,10,32,26,6,16,10,0,10
5384,48,dublin,EXCISE WALK,Excise Walk,False,False,OPEN,2024-12-28 06:19:03,True,False,,,53.347777,-6.244239,40,0,40,0,0,0,0,40,0,40,0,0,0,0
5385,13,dublin,FITZWILLIAM SQUARE WEST,Fitzwilliam Square West,False,False,OPEN,2024-12-28 06:19:38,True,False,,,53.336074,-6.252825,30,27,3,11,16,0,16,30,27,3,11,16,0,16
5386,43,dublin,PORTOBELLO ROAD,Portobello Road,False,False,OPEN,2024-12-28 06:19:35,True,False,,,53.330091,-6.268044,30,8,22,5,3,0,3,30,8,22,5,3,0,3
5387,31,dublin,PARNELL STREET,Parnell Street,False,False,OPEN,2024-12-28 06:27:27,True,False,,,53.350929,-6.265125,20,17,3,11,6,0,6,20,17,3,11,6,0,6
5388,98,dublin,FREDERICK STREET SOUTH,Frederick Street South,False,False,OPEN,2024-12-28 06:20:03,True,False,,,53.341515,-6.256853,40,19,21,9,10,0,10,40,19,21,9,10,0,10
5389,14,dublin,FOWNES STREET UPPER,Fownes Street Upper,False,False,OPEN,2024-12-28 06:21:52,True,False,,,53.344603,-6.263371,30,28,2,15,13,0,13,30,28,2,15,13,0,13
5390,1,dublin,CLARENDON ROW,Clarendon Row,False,False,OPEN,2024-12-28 06:27:26,True,False,,,53.340927,-6.262501,31,24,7,15,9,0,9,31,24,7,15,9,0,9
5391,23,dublin,CUSTOM HOUSE,Custom House,False,False,OPEN,2024-12-28 06:19:12,True,False,,,53.348279,-6.254662,30,17,13,8,9,0,9,30,17,13,8,9,0,9
5392,106,dublin,RATHDOWN ROAD,Rathdown Road,False,False,OPEN,2024-12-28 06:18:03,True,False,,,53.35893,-6.280337,40,0,40,0,0,0,0,40,0,40,0,0,0,0
5393,112,dublin,NORTH CIRCULAR ROAD (O'CONNELL'S),North Circular Road (O'Connell's),False,False,OPEN,2024-12-28 06:26:36,True,False,,,53.357841,-6.251557,30,8,22,6,2,0,2,30,8,22,6,2,0,2
5394,68,dublin,HANOVER QUAY,Hanover Quay,False,False,OPEN,2024-12-28 06:18:48,True,False,,,53.344115,-6.237153,40,25,15,17,8,0,8,40,25,15,17,8,0,8
5395,74,dublin,OLIVER BOND STREET,Oliver Bond Street,False,False,OPEN,2024-12-28 06:20:33,True,False,,,53.343893,-6.280531,30,23,7,17,6,0,6,30,23,7,17,6,0,6
5396,87,dublin,COLLINS BARRACKS MUSEUM,Collins Barracks Museum,False,False,OPEN,2024-12-28 06:20:35,True,False,,,53.347477,-6.28525,38,22,16,13,9,0,9,38,22,16,13,9,0,9
5397,84,dublin,BROOKFIELD ROAD,Brookfield Road,False,False,OPEN,2024-12-28 06:20:40,True,False,,,53.339005,-6.300217,30,14,16,8,6,0,6,30,14,16,8,6,0,6
5398,90,dublin,BENSON STREET,Benson Street,False,False,OPEN,2024-12-28 06:21:38,True,False,,,53.344153,-6.233451,40,7,33,5,2,0,2,40,7,33,5,2,0,2
5399,11,dublin,EARLSFORT TERRACE,Earlsfort Terrace,False,False,OPEN,2024-12-28 06:27:41,True,False,,,53.334295,-6.258503,30,17,13,13,4,0,4,30,17,13,13,4,0,4
5400,17,dublin,GOLDEN LANE,Golden Lane,False,False,OPEN,2024-12-28 06:18:16,True,False,,,53.340803,-6.267732,20,13,7,5,8,0,8,20,13,7,5,8,0,8
5401,45,dublin,DEVERELL PLACE,Deverell Place,False,False,OPEN,2024-12-28 06:21:21,True,False,,,53.351464,-6.255265,30,12,18,5,7,0,7,30,12,18,5,7,0,7
5402,114,dublin,WILTON TERRACE (PARK),Wilton Terrace (Park),False,False,OPEN,2024-12-28 06:24:38,True,False,,,53.333653,-6.248345,40,0,40,0,0,0,0,40,0,40,0,0,0,0
5403,72,dublin,JOHN STREET WEST,John Street West,False,False,OPEN,2024-12-28 06:18:37,True,False,,,53.343105,-6.277167,31,1,30,1,0,0,0,31,1,30,1,0,0,0
5404,63,dublin,FENIAN STREET,Fenian Street,False,False,OPEN,2024-12-28 06:20:52,True,False,,,53.341428,-6.24672,35,21,14,11,10,0,10,35,21,14,11,10,0,10
5405,113,dublin,MERRION SQUARE SOUTH,Merrion Square South,False,False,OPEN,2024-12-28 06:19:50,True,False,,,53.338614,-6.248606,40,6,23,5,1,0,1,40,6,23,5,1,0,1
5406,91,dublin,SOUTH DOCK ROAD,South Dock Road,False,False,OPEN,2024-12-28 06:27:20,True,False,,,53.341833,-6.231291,30,30,0,19,11,0,11,30,30,0,19,11,0,11
5407,99,dublin,CITY QUAY,City Quay,False,False,OPEN,2024-12-28 06:20:06,True,False,,,53.346637,-6.246154,30,18,12,9,9,0,9,30,18,12,9,9,0,9
5408,9,dublin,EXCHEQUER STREET,Exchequer Street,False,False,OPEN,2024-12-28 06:21:05,True,False,,,53.343034,-6.263578,24,13,11,3,10,0,10,24,13,11,3,10,0,10
5409,67,dublin,THE POINT,The Point,False,False,OPEN,2024-12-28 06:19:50,True,False,,,53.346867,-6.230852,40,17,23,8,9,0,9,40,17,23,8,9,0,9
5410,116,dublin,BROADSTONE,Broadstone,False,False,OPEN,2024-12-28 06:27:10,True,False,,,53.3547,-6.272314,30,17,13,6,11,0,11,30,17,13,6,11,0,11
5411,55,dublin,HATCH STREET,Hatch Street,False,False,OPEN,2024-12-28 06:21:41,True,False,,,53.33403,-6.260714,36,15,20,9,6,0,6,36,15,20,9,6,0,6
5412,62,dublin,LIME STREET,Lime Street,False,False,OPEN,2024-12-28 06:18:22,True,False,,,53.346026,-6.243576,40,16,24,5,11,0,11,40,16,24,5,11,0,11
5413,5,dublin,CHARLEMONT PLACE,Charlemont Street,False,False,OPEN,2024-12-28 06:26:58,True,False,,,53.330662,-6.260177,40,13,27,11,2,0,2,40,13,27,11,2,0,2
5414,97,dublin,KILMAINHAM GAOL,Kilmainham Gaol,False,False,OPEN,2024-12-28 06:18:11,True,False,,,53.342113,-6.310015,40,8,32,5,3,0,3,40,8,32,5,3,0,3
5415,61,dublin,HARDWICKE PLACE,Hardwicke Place,False,False,OPEN,2024-12-28 06:27:24,True,False,,,53.357043,-6.263232,25,0,25,0,0,0,0,25,0,25,0,0,0,0
5416,77,dublin,WOLFE TONE STREET,Wolfe Tone Street,False,False,OPEN,2024-12-28 06:18:47,True,False,,,53.348875,-6.267459,29,25,4,14,11,0,11,29,25,4,14,11,0,11
5417,73,dublin,FRANCIS STREET,Francis Street,False,False,OPEN,2024-12-28 06:23:12,True,False,,,53.342081,-6.275233,30,7,23,7,0,0,0,30,7,23,7,0,0,0
5418,4,dublin,GREEK STREET,Greek Street,False,False,OPEN,2024-12-28 06:20:37,True,False,,,53.346874,-6.272976,20,13,7,2,11,0,11,20,13,7,2,11,0,11
5419,49,dublin,GUILD STREET,Guild Street,False,False,OPEN,2024-12-28 06:27:16,True,False,,,53.347932,-6.240928,40,33,6,23,10,0,10,40,33,6,23,10,0,10
5420,19,dublin,HERBERT PLACE,Herbert Place,False,False,OPEN,2024-12-28 06:20:46,True,False,,,53.334432,-6.245575,30,6,24,4,2,0,2,30,6,24,4,2,0,2
5421,7,dublin,HIGH STREET,High Street,False,False,OPEN,2024-12-28 06:18:22,True,False,,,53.343565,-6.275071,29,0,29,0,0,0,0,29,0,29,0,0,0,0
5422,60,dublin,NORTH CIRCULAR ROAD,North Circular Road,False,False,OPEN,2024-12-28 06:21:40,True,False,,,53.359624,-6.260348,30,8,22,6,2,0,2,30,8,22,6,2,0,2
5423,102,dublin,WESTERN WAY,Western Way,False,False,OPEN,2024-12-28 06:18:41,True,False,,,53.354929,-6.269425,40,12,28,10,2,0,2,40,12,28,10,2,0,2
5424,38,dublin,TALBOT STREET,Talbot Street,False,False,OPEN,2024-12-28 06:19:42,True,False,,,53.350974,-6.25294,40,20,20,16,4,0,4,40,20,20,16,4,0,4
5425,53,dublin,NEWMAN HOUSE,Newman House,False,False,OPEN,2024-12-28 06:19:38,True,False,,,53.337132,-6.26059,40,11,29,11,0,0,0,40,11,29,11,0,0,0
5426,58,dublin,SIR PATRICK DUN'S,Sir Patrick's Dun,False,False,OPEN,2024-12-28 06:19:38,True,False,,,53.339218,-6.240642,40,36,4,29,7,0,7,40,36,4,29,7,0,7
5427,66,dublin,NEW CENTRAL BANK,New Central Bank,False,False,OPEN,2024-12-28 06:27:39,True,False,,,53.347122,-6.234749,40,6,34,1,5,0,5,40,6,34,1,5,0,5
5428,104,dublin,GRANGEGORMAN LOWER (CENTRAL),Grangegorman Lower (Central),False,False,OPEN,2024-12-28 06:20:32,True,False,,,53.355173,-6.278424,40,1,39,1,0,0,0,40,1,39,1,0,0,0
5429,101,dublin,KING STREET NORTH,King Street North,False,False,OPEN,2024-12-28 06:27:29,True,False,,,53.350291,-6.273507,30,11,19,7,4,0,4,30,11,19,7,4,0,4
5430,115,dublin,KILLARNEY STREET,Killarney Street,False,False,OPEN,2024-12-28 06:21:24,True,False,,,53.354845,-6.247579,30,28,2,19,9,0,9,30,28,2,19,9,0,9
5431,47,dublin,HERBERT STREET,Herbert Street,False,False,OPEN,2024-12-28 06:21:49,True,False,,,53.335742,-6.24551,40,3,37,1,2,0,2,40,3,37,1,2,0,2
5432,117,dublin,HANOVER QUAY EAST,Hanover Quay East,False,False,OPEN,2024-12-28 06:19:04,True,False,,,53.343653,-6.231755,40,5,35,1,4,0,4,40,5,35,1,4,0,4
5433,8,dublin,CUSTOM HOUSE QUAY,Custom House Quay,False,False,OPEN,2024-12-28 06:19:42,True,False,,,53.347884,-6.248048,30,21,9,14,7,0,7,30,21,9,14,7,0,7
5434,27,dublin,MOLESWORTH STREET,Molesworth Street,False,False,OPEN,2024-12-28 06:27:43,True,False,,,53.341288,-6.258117,20,4,16,2,2,0,2,20,4,16,2,2,0,2
5435,16,dublin,GEORGES QUAY,Georges Quay,False,False,OPEN,2024-12-28 06:26:43,True,False,,,53.347508,-6.252192,20,18,2,9,9,0,9,20,18,2,9,9,0,9
5436,96,dublin,KILMAINHAM LANE,Kilmainham Lane,False,False,OPEN,2024-12-28 06:26:45,True,False,,,53.341805,-6.305085,30,4,26,4,0,0,0,30,4,26,4,0,0,0
5437,82,dublin,MOUNT BROWN,Mount Brown,False,False,OPEN,2024-12-28 06:18:39,True,False,,,53.341645,-6.29719,22,11,11,2,9,0,9,22,11,11,2,9,0,9
5438,76,dublin,MARKET STREET SOUTH,Market Street South,False,False,OPEN,2024-12-28 06:27:00,True,False,,,53.342296,-6.287661,38,4,34,0,4,0,4,38,4,34,0,4,0,4
5439,71,dublin,KEVIN STREET,Kevin Street,False,False,OPEN,2024-12-28 06:21:38,True,False,,,53.337757,-6.267699,40,14,26,6,8,0,8,40,14,26,6,8,0,8
5440,79,dublin,ECCLES STREET EAST,Eccles Street East,False,False,OPEN,2024-12-28 06:20:13,True,False,,,53.358115,-6.265601,27,0,27,0,0,0,0,27,0,27,0,0,0,0
5441,69,dublin,GRAND CANAL DOCK,Grand Canal Dock,False,False,OPEN,2024-12-28 06:24:02,True,False,,,53.342638,-6.238695,40,39,1,26,13,0,13,40,39,1,26,13,0,13
5442,25,dublin,MERRION SQUARE EAST,Merrion Square East,False,False,OPEN,2024-12-28 06:24:47,True,False,,,53.339434,-6.246548,30,0,30,0,0,0,0,30,0,30,0,0,0,0
5443,51,dublin,YORK STREET WEST,York Street West,False,False,OPEN,2024-12-28 06:27:55,True,False,,,53.339334,-6.264699,40,0,0,0,0,0,0,40,0,0,0,0,0,0
5444,37,dublin,ST. STEPHEN'S GREEN SOUTH,St. Stephen's Green South,False,False,OPEN,2024-12-28 06:18:10,True,False,,,53.337494,-6.26199,30,17,13,10,7,0,7,30,17,13,10,7,0,7
5445,59,dublin,DENMARK STREET GREAT,Denmark Street Great,False,False,OPEN,2024-12-28 06:20:36,True,False,,,53.35561,-6.261397,20,1,19,1,0,0,0,20,1,19,1,0,0,0
5446,95,dublin,ROYAL HOSPITAL,Royal Hospital,False,False,OPEN,2024-12-28 06:21:39,True,False,,,53.343897,-6.29706,40,28,12,18,10,0,10,40,28,12,18,10,0,10
5447,94,dublin,HEUSTON STATION (CAR PARK),Heuston Station (Car Park),False,False,OPEN,2024-12-28 06:20:35,True,False,,,53.346985,-6.297804,40,10,30,10,0,0,0,40,10,30,10,0,0,0
5448,105,dublin,GRANGEGORMAN LOWER (NORTH),Grangegorman Lower (North),False,False,OPEN,2024-12-28 06:21:09,True,False,,,53.355954,-6.278378,36,3,33,2,1,0,1,36,3,33,2,1,0,1
5449,36,dublin,ST. STEPHEN'S GREEN EAST,St. Stephen's Green East,False,False,OPEN,2024-12-28 06:27:41,True,False,,,53.337824,-6.256035,40,16,24,7,9,0,9,40,16,24,7,9,0,9
5450,93,dublin,HEUSTON STATION (CENTRAL),Heuston Station (Central),False,False,OPEN,2024-12-28 06:18:32,True,False,,,53.346603,-6.296924,40,13,27,13,0,0,0,40,13,27,13,0,0,0
5451,22,dublin,TOWNSEND STREET,Townsend Street,False,False,OPEN,2024-12-28 06:24:01,True,False,,,53.345922,-6.254614,20,14,6,12,2,0,2,20,14,6,12,2,0,2
5452,50,dublin,GEORGES LANE,George's Lane,False,False,OPEN,2024-12-28 06:24:59,True,False,,,53.35023,-6.279696,40,11,29,10,1,0,1,40,11,29,10,1,0,1
5453,110,dublin,PHIBSBOROUGH ROAD,Phibsborough Road,False,False,OPEN,2024-12-28 06:22:20,True,False,,,53.356307,-6.273717,40,8,32,1,7,0,7,40,8,32,1,7,0,7
5454,12,dublin,ECCLES STREET,Eccles Street,False,False,OPEN,2024-12-28 06:19:15,True,False,,,53.359246,-6.269779,20,2,18,2,0,0,0,20,2,18,2,0,0,0
5455,34,dublin,PORTOBELLO HARBOUR,Portobello Harbour,False,False,OPEN,2024-12-28 06:19:22,True,False,,,53.330362,-6.265163,30,3,27,3,0,0,0,30,3,27,3,0,0,0
5456,78,dublin,MATER HOSPITAL,Mater Hospital,False,False,OPEN,2024-12-28 06:19:51,True,False,,,53.359967,-6.264828,40,1,39,1,0,0,0,40,1,39,1,0,0,0
5457,2,dublin,BLESSINGTON STREET,Blessington Street,False,False,OPEN,2024-12-28 06:18:01,True,False,,,53.356769,-6.26814,20,5,15,3,2,0,2,20,5,15,3,2,0,2
5458,75,dublin,JAMES STREET,James Street,False,False,OPEN,2024-12-28 06:21:07,True,False,,,53.343456,-6.287409,40,3,37,2,1,0,1,40,3,37,2,1,0,1
5459,111,dublin,MOUNTJOY SQUARE EAST,Mountjoy Square East,False,False,OPEN,2024-12-28 06:18:05,True,False,,,53.356717,-6.256359,40,1,39,1,0,0,0,40,1,39,1,0,0,0
5460,26,dublin,MERRION SQUARE WEST,Merrion Square West,False,False,OPEN,2024-12-28 06:18:08,True,False,,,53.339764,-6.251988,20,12,8,4,8,0,8,20,12,8,4,8,0,8
5461,65,dublin,CONVENTION CENTRE,Convention Centre,False,False,OPEN,2024-12-28 06:21:36,True,False,,,53.34744,-6.238523,40,12,28,10,2,0,2,40,12,28,10,2,0,2
5462,15,dublin,HARDWICKE STREET,Hardwicke Street,False,False,OPEN,2024-12-28 06:21:07,True,False,,,53.355473,-6.264423,16,3,13,3,0,0,0,16,3,13,3,0,0,0
5463,86,dublin,PARKGATE STREET,Parkgate Street,False,False,OPEN,2024-12-28 06:27:17,True,False,,,53.347972,-6.291804,38,33,5,3,30,0,30,38,33,5,3,30,0,30
5464,35,dublin,SMITHFIELD,Smithfield,False,False,OPEN,2024-12-28 06:21:45,True,False,,,53.347692,-6.278214,30,10,20,6,4,0,4,30,10,20,6,4,0,4
5465,10,dublin,DAME STREET,Dame Street,False,False,OPEN,2024-12-28 06:25:20,True,False,,,53.344007,-6.266802,16,12,4,10,2,0,2,16,12,4,10,2,0,2
5466,100,dublin,HEUSTON BRIDGE (SOUTH),Heuston Bridge (South),False,False,OPEN,2024-12-28 06:24:00,True,False,,,53.347106,-6.292041,25,15,10,8,7,0,7,25,15,10,8,7,0,7
5467,24,dublin,CATHAL BRUGHA STREET,Cathal Brugha Street,False,False,OPEN,2024-12-28 06:20:41,True,False,,,53.352149,-6.260533,20,13,7,12,1,0,1,20,13,7,12,1,0,1
5468,64,dublin,SANDWITH STREET,Sandwith Street,False,False,OPEN,2024-12-28 06:26:31,True,False,,,53.345203,-6.247163,40,23,17,19,4,0,4,40,23,17,19,4,0,4
5469,109,dublin,BUCKINGHAM STREET LOWER,Buckingham Street Lower,False,False,OPEN,2024-12-28 06:20:46,True,False,,,53.353331,-6.249319,29,13,16,4,9,0,9,29,13,16,4,9,0,9
5470,85,dublin,ROTHE ABBEY,Rothe Abbey,False,False,OPEN,2024-12-28 06:22:05,True,False,,,53.338776,-6.30395,35,30,5,16,14,0,14,35,30,5,16,14,0,14
5471,107,dublin,CHARLEVILLE ROAD,Charleville Road,False,False,OPEN,2024-12-28 06:25:34,True,False,,,53.359157,-6.281866,40,16,24,9,7,0,7,40,16,24,9,7,0,7
5472,33,dublin,PRINCES STREET / O'CONNELL STREET,Princes Street / O'Connell Street,False,False,OPEN,2024-12-28 06:19:30,True,False,,,53.349013,-6.260311,23,17,6,9,8,0,8,23,17,6,9,8,0,8
5473,44,dublin,UPPER SHERRARD STREET,Upper Sherrard Street,False,False,OPEN,2024-12-28 06:21:05,True,False,,,53.358437,-6.260641,30,8,22,7,1,0,1,30,8,22,7,1,0,1
5474,89,dublin,FITZWILLIAM SQUARE EAST,Fitzwilliam Square East,False,False,OPEN,2024-12-28 06:20:37,True,False,,,53.335211,-6.2509,40,23,17,12,11,0,11,40,23,17,12,11,0,11
5475,57,dublin,GRATTAN STREET,Grattan Street,False,False,OPEN,2024-12-28 06:18:44,True,False,,,53.339629,-6.243778,23,5,18,4,1,0,1,23,5,18,4,1,0,1
5476,80,dublin,ST JAMES HOSPITAL (LUAS),St James Hospital (Luas),False,False,OPEN,2024-12-28 06:21:04,True,False,,,53.341359,-6.292951,40,2,38,2,0,0,0,40,2,38,2,0,0,0
5477,41,dublin,HARCOURT TERRACE,Harcourt Terrace,False,False,OPEN,2024-12-28 06:27:11,True,False,,,53.332763,-6.257942,20,2,18,1,1,0,1,20,2,18,1,1,0,1
5478,3,dublin,BOLTON STREET,Bolton Street,False,False,OPEN,2024-12-28 06:19:09,True,False,,,53.351182,-6.269859,20,7,13,6,1,0,1,20,7,13,6,1,0,1
5479,40,dublin,JERVIS STREET,Jervis Street,False,False,OPEN,2024-12-28 06:20:45,True,False,,,53.3483,-6.266651,21,10,11,6,4,0,4,21,10,11,6,4,0,4
5480,29,dublin,ORMOND QUAY UPPER,Ormond Quay Upper,False,False,OPEN,2024-12-28 06:21:12,True,False,,,53.346057,-6.268001,29,29,0,15,14,0,14,29,29,0,15,14,0,14
5481,103,dublin,GRANGEGORMAN LOWER (SOUTH),Grangegorman Lower (South),False,False,OPEN,2024-12-28 06:19:32,True,False,,,53.354663,-6.278681,40,0,40,0,0,0,0,40,0,40,0,0,0,0
5482,28,dublin,MOUNTJOY SQUARE WEST,Mountjoy Square West,False,False,OPEN,2024-12-28 06:18:51,True,False,,,53.356299,-6.258586,30,0,30,0,0,0,0,30,0,30,0,0,0,0
5483,39,dublin,WILTON TERRACE,Wilton Terrace,False,False,OPEN,2024-12-28 06:20:40,True,False,,,53.332383,-6.252717,20,2,18,0,2,0,2,20,2,18,0,2,0,2
5484,83,dublin,EMMET ROAD,Emmet Road,False,False,OPEN,2024-12-28 06:20:03,True,False,,,53.340714,-6.308191,40,13,26,11,2,0,2,40,13,26,11,2,0,2
5485,92,dublin,HEUSTON BRIDGE (NORTH),Heuston Bridge (North),False,False,OPEN,2024-12-28 06:25:28,True,False,,,53.347802,-6.292432,40,39,1,29,10,0,10,40,39,1,29,10,0,10
5486,21,dublin,LEINSTER STREET SOUTH,Leinster Street South,False,False,OPEN,2024-12-28 06:17:52,True,False,,,53.34218,-6.254485,30,2,28,2,0,0,0,30,2,28,2,0,0,0
5487,88,dublin,BLACKHALL PLACE,Blackhall Place,False,False,OPEN,2024-12-28 06:18:52,True,False,,,53.3488,-6.281637,30,4,26,1,3,0,3,30,4,26,1,3,0,3
5488,42,dublin,SMITHFIELD NORTH,Smithfield North,False,False,OPEN,2024-12-28 06:38:43,True,False,,,53.349562,-6.278198,30,7,23,4,3,0,3,30,7,23,4,3,0,3
5489,30,dublin,PARNELL SQUARE NORTH,Parnell Square North,False,False,OPEN,2024-12-28 06:41:45,True,False,,,53.3537415547453,-6.26530144781526,20,6,14,4,2,0,2,20,6,14,4,2,0,2
5490,54,dublin,CLONMEL STREET,Clonmel Street,False,False,OPEN,2024-12-28 06:47:49,True,False,,,53.336021,-6.26298,33,14,19,4,10,0,10,33,14,19,4,10,0,10
5491,108,dublin,AVONDALE ROAD,Avondale Road,False,False,OPEN,2024-12-28 06:39:18,True,False,,,53.359405,-6.276142,35,15,20,11,4,0,4,35,15,20,11,4,0,4
5492,20,dublin,JAMES STREET EAST,James Street East,False,False,OPEN,2024-12-28 06:41:50,True,False,,,53.336597,-6.248109,30,2,28,2,0,0,0,30,2,28,2,0,0,0
5493,56,dublin,MOUNT STREET LOWER,Mount Street Lower,False,False,OPEN,2024-12-28 06:47:52,True,False,,,53.33796,-6.24153,40,24,16,11,13,0,13,40,24,16,11,13,0,13
5494,6,dublin,CHRISTCHURCH PLACE,Christchurch Place,False,False,OPEN,2024-12-28 06:37:56,True,False,,,53.343368,-6.27012,20,5,15,2,3,0,3,20,5,15,2,3,0,3
5495,18,dublin,GRANTHAM STREET,Grantham Street,False,False,OPEN,2024-12-28 06:47:28,True,False,,,53.334123,-6.265436,30,10,20,2,8,0,8,30,10,20,2,8,0,8
5496,32,dublin,PEARSE STREET,Pearse Street,False,False,OPEN,2024-12-28 06:37:52,True,False,,,53.344304,-6.250427,30,22,8,16,6,0,6,30,22,8,16,6,0,6
5497,52,dublin,YORK STREET EAST,York Street East,False,False,OPEN,2024-12-28 06:46:27,True,False,,,53.338755,-6.262003,32,27,5,17,10,0,10,32,27,5,17,10,0,10
5498,48,dublin,EXCISE WALK,Excise Walk,False,False,OPEN,2024-12-28 06:39:10,True,False,,,53.347777,-6.244239,40,0,40,0,0,0,0,40,0,40,0,0,0,0
5499,13,dublin,FITZWILLIAM SQUARE WEST,Fitzwilliam Square West,False,False,OPEN,2024-12-28 06:39:46,True,False,,,53.336074,-6.252825,30,27,3,11,16,0,16,30,27,3,11,16,0,16
5500,43,dublin,PORTOBELLO ROAD,Portobello Road,False,False,OPEN,2024-12-28 06:39:43,True,False,,,53.330091,-6.268044,30,8,22,5,3,0,3,30,8,22,5,3,0,3
5501,31,dublin,PARNELL STREET,Parnell Street,False,False,OPEN,2024-12-28 06:47:38,True,False,,,53.350929,-6.265125,20,16,4,10,6,0,6,20,16,4,10,6,0,6
5502,98,dublin,FREDERICK STREET SOUTH,Frederick Street South,False,False,OPEN,2024-12-28 06:40:13,True,False,,,53.341515,-6.256853,40,19,21,9,10,0,10,40,19,21,9,10,0,10
5503,14,dublin,FOWNES STREET UPPER,Fownes Street Upper,False,False,OPEN,2024-12-28 06:40:50,True,False,,,53.344603,-6.263371,30,28,2,15,13,0,13,30,28,2,15,13,0,13
5504,1,dublin,CLARENDON ROW,Clarendon Row,False,False,OPEN,2024-12-28 06:40:31,True,False,,,53.340927,-6.262501,31,25,6,16,9,0,9,31,25,6,16,9,0,9
5505,23,dublin,CUSTOM HOUSE,Custom House,False,False,OPEN,2024-12-28 06:39:23,True,False,,,53.348279,-6.254662,30,17,13,8,9,0,9,30,17,13,8,9,0,9
5506,106,dublin,RATHDOWN ROAD,Rathdown Road,False,False,OPEN,2024-12-28 06:38:14,True,False,,,53.35893,-6.280337,40,0,40,0,0,0,0,40,0,40,0,0,0,0
5507,112,dublin,NORTH CIRCULAR ROAD (O'CONNELL'S),North Circular Road (O'Connell's),False,False,OPEN,2024-12-28 06:40:34,True,False,,,53.357841,-6.251557,30,7,23,5,2,0,2,30,7,23,5,2,0,2
5508,68,dublin,HANOVER QUAY,Hanover Quay,False,False,OPEN,2024-12-28 06:38:57,True,False,,,53.344115,-6.237153,40,27,13,19,8,0,8,40,27,13,19,8,0,8
5509,74,dublin,OLIVER BOND STREET,Oliver Bond Street,False,False,OPEN,2024-12-28 06:41:03,True,False,,,53.343893,-6.280531,30,22,8,17,5,0,5,30,22,8,17,5,0,5
5510,87,dublin,COLLINS BARRACKS MUSEUM,Collins Barracks Museum,False,False,OPEN,2024-12-28 06:46:30,True,False,,,53.347477,-6.28525,38,23,15,13,10,0,10,38,23,15,13,10,0,10
5511,84,dublin,BROOKFIELD ROAD,Brookfield Road,False,False,OPEN,2024-12-28 06:40:48,True,False,,,53.339005,-6.300217,30,14,16,8,6,0,6,30,14,16,8,6,0,6
5512,90,dublin,BENSON STREET,Benson Street,False,False,OPEN,2024-12-28 06:41:46,True,False,,,53.344153,-6.233451,40,7,33,5,2,0,2,40,7,33,5,2,0,2
5513,11,dublin,EARLSFORT TERRACE,Earlsfort Terrace,False,False,OPEN,2024-12-28 06:47:48,True,False,,,53.334295,-6.258503,30,17,13,13,4,0,4,30,17,13,13,4,0,4
5514,17,dublin,GOLDEN LANE,Golden Lane,False,False,OPEN,2024-12-28 06:45:25,True,False,,,53.340803,-6.267732,20,14,6,5,9,0,9,20,14,6,5,9,0,9
5515,45,dublin,DEVERELL PLACE,Deverell Place,False,False,OPEN,2024-12-28 06:42:52,True,False,,,53.351464,-6.255265,30,13,17,6,7,0,7,30,13,17,6,7,0,7
5516,114,dublin,WILTON TERRACE (PARK),Wilton Terrace (Park),False,False,OPEN,2024-12-28 06:44:46,True,False,,,53.333653,-6.248345,40,0,40,0,0,0,0,40,0,40,0,0,0,0
5517,72,dublin,JOHN STREET WEST,John Street West,False,False,OPEN,2024-12-28 06:38:45,True,False,,,53.343105,-6.277167,31,1,30,1,0,0,0,31,1,30,1,0,0,0
5518,63,dublin,FENIAN STREET,Fenian Street,False,False,OPEN,2024-12-28 06:41:02,True,False,,,53.341428,-6.24672,35,21,14,11,10,0,10,35,21,14,11,10,0,10
5519,113,dublin,MERRION SQUARE SOUTH,Merrion Square South,False,False,OPEN,2024-12-28 06:39:59,True,False,,,53.338614,-6.248606,40,6,23,5,1,0,1,40,6,23,5,1,0,1
5520,91,dublin,SOUTH DOCK ROAD,South Dock Road,False,False,OPEN,2024-12-28 06:47:31,True,False,,,53.341833,-6.231291,30,30,0,19,11,0,11,30,30,0,19,11,0,11
5521,99,dublin,CITY QUAY,City Quay,False,False,OPEN,2024-12-28 06:40:14,True,False,,,53.346637,-6.246154,30,18,12,9,9,0,9,30,18,12,9,9,0,9
5522,9,dublin,EXCHEQUER STREET,Exchequer Street,False,False,OPEN,2024-12-28 06:41:16,True,False,,,53.343034,-6.263578,24,13,11,3,10,0,10,24,13,11,3,10,0,10
5523,67,dublin,THE POINT,The Point,False,False,OPEN,2024-12-28 06:39:59,True,False,,,53.346867,-6.230852,40,17,23,8,9,0,9,40,17,23,8,9,0,9
5524,116,dublin,BROADSTONE,Broadstone,False,False,OPEN,2024-12-28 06:47:17,True,False,,,53.3547,-6.272314,30,17,13,6,11,0,11,30,17,13,6,11,0,11
5525,55,dublin,HATCH STREET,Hatch Street,False,False,OPEN,2024-12-28 06:41:48,True,False,,,53.33403,-6.260714,36,15,20,9,6,0,6,36,15,20,9,6,0,6
5526,62,dublin,LIME STREET,Lime Street,False,False,OPEN,2024-12-28 06:38:30,True,False,,,53.346026,-6.243576,40,16,24,5,11,0,11,40,16,24,5,11,0,11
5527,5,dublin,CHARLEMONT PLACE,Charlemont Street,False,False,OPEN,2024-12-28 06:41:25,True,False,,,53.330662,-6.260177,40,13,27,11,2,0,2,40,13,27,11,2,0,2
5528,97,dublin,KILMAINHAM GAOL,Kilmainham Gaol,False,False,OPEN,2024-12-28 06:47:47,True,False,,,53.342113,-6.310015,40,8,32,5,3,0,3,40,8,32,5,3,0,3
5529,61,dublin,HARDWICKE PLACE,Hardwicke Place,False,False,OPEN,2024-12-28 06:47:33,True,False,,,53.357043,-6.263232,25,0,25,0,0,0,0,25,0,25,0,0,0,0
5530,77,dublin,WOLFE TONE STREET,Wolfe Tone Street,False,False,OPEN,2024-12-28 06:38:55,True,False,,,53.348875,-6.267459,29,25,4,14,11,0,11,29,25,4,14,11,0,11
5531,73,dublin,FRANCIS STREET,Francis Street,False,False,OPEN,2024-12-28 06:47:09,True,False,,,53.342081,-6.275233,30,7,23,7,0,0,0,30,7,23,7,0,0,0
5532,4,dublin,GREEK STREET,Greek Street,False,False,OPEN,2024-12-28 06:40:48,True,False,,,53.346874,-6.272976,20,13,7,2,11,0,11,20,13,7,2,11,0,11
5533,49,dublin,GUILD STREET,Guild Street,False,False,OPEN,2024-12-28 06:47:47,True,False,,,53.347932,-6.240928,40,32,8,22,10,0,10,40,32,8,22,10,0,10
5534,19,dublin,HERBERT PLACE,Herbert Place,False,False,OPEN,2024-12-28 06:40:54,True,False,,,53.334432,-6.245575,30,6,24,4,2,0,2,30,6,24,4,2,0,2
5535,7,dublin,HIGH STREET,High Street,False,False,OPEN,2024-12-28 06:38:29,True,False,,,53.343565,-6.275071,29,0,29,0,0,0,0,29,0,29,0,0,0,0
5536,60,dublin,NORTH CIRCULAR ROAD,North Circular Road,False,False,OPEN,2024-12-28 06:45:12,True,False,,,53.359624,-6.260348,30,6,24,4,2,0,2,30,6,24,4,2,0,2
5537,102,dublin,WESTERN WAY,Western Way,False,False,OPEN,2024-12-28 06:38:51,True,False,,,53.354929,-6.269425,40,12,28,10,2,0,2,40,12,28,10,2,0,2
5538,38,dublin,TALBOT STREET,Talbot Street,False,False,OPEN,2024-12-28 06:39:51,True,False,,,53.350974,-6.25294,40,21,19,17,4,0,4,40,21,19,17,4,0,4
5539,53,dublin,NEWMAN HOUSE,Newman House,False,False,OPEN,2024-12-28 06:39:45,True,False,,,53.337132,-6.26059,40,11,29,11,0,0,0,40,11,29,11,0,0,0
5540,58,dublin,SIR PATRICK DUN'S,Sir Patrick's Dun,False,False,OPEN,2024-12-28 06:45:03,True,False,,,53.339218,-6.240642,40,36,4,29,7,0,7,40,36,4,29,7,0,7
5541,66,dublin,NEW CENTRAL BANK,New Central Bank,False,False,OPEN,2024-12-28 06:47:46,True,False,,,53.347122,-6.234749,40,6,34,1,5,0,5,40,6,34,1,5,0,5
5542,104,dublin,GRANGEGORMAN LOWER (CENTRAL),Grangegorman Lower (Central),False,False,OPEN,2024-12-28 06:40:43,True,False,,,53.355173,-6.278424,40,1,39,1,0,0,0,40,1,39,1,0,0,0
5543,101,dublin,KING STREET NORTH,King Street North,False,False,OPEN,2024-12-28 06:47:36,True,False,,,53.350291,-6.273507,30,11,19,7,4,0,4,30,11,19,7,4,0,4
5544,115,dublin,KILLARNEY STREET,Killarney Street,False,False,OPEN,2024-12-28 06:41:32,True,False,,,53.354845,-6.247579,30,28,2,19,9,0,9,30,28,2,19,9,0,9
5545,47,dublin,HERBERT STREET,Herbert Street,False,False,OPEN,2024-12-28 06:39:17,True,False,,,53.335742,-6.24551,40,3,37,1,2,0,2,40,3,37,1,2,0,2
5546,117,dublin,HANOVER QUAY EAST,Hanover Quay East,False,False,OPEN,2024-12-28 06:41:21,True,False,,,53.343653,-6.231755,40,6,34,2,4,0,4,40,6,34,2,4,0,4
5547,8,dublin,CUSTOM HOUSE QUAY,Custom House Quay,False,False,OPEN,2024-12-28 06:39:53,True,False,,,53.347884,-6.248048,30,21,9,14,7,0,7,30,21,9,14,7,0,7
5548,27,dublin,MOLESWORTH STREET,Molesworth Street,False,False,OPEN,2024-12-28 06:47:50,True,False,,,53.341288,-6.258117,20,4,16,2,2,0,2,20,4,16,2,2,0,2
5549,16,dublin,GEORGES QUAY,Georges Quay,False,False,OPEN,2024-12-28 06:46:50,True,False,,,53.347508,-6.252192,20,18,2,9,9,0,9,20,18,2,9,9,0,9
5550,96,dublin,KILMAINHAM LANE,Kilmainham Lane,False,False,OPEN,2024-12-28 06:46:53,True,False,,,53.341805,-6.305085,30,4,26,4,0,0,0,30,4,26,4,0,0,0
5551,82,dublin,MOUNT BROWN,Mount Brown,False,False,OPEN,2024-12-28 06:38:47,True,False,,,53.341645,-6.29719,22,11,11,2,9,0,9,22,11,11,2,9,0,9
5552,76,dublin,MARKET STREET SOUTH,Market Street South,False,False,OPEN,2024-12-28 06:47:12,True,False,,,53.342296,-6.287661,38,3,35,0,3,0,3,38,3,35,0,3,0,3
5553,71,dublin,KEVIN STREET,Kevin Street,False,False,OPEN,2024-12-28 06:38:02,True,False,,,53.337757,-6.267699,40,14,26,6,8,0,8,40,14,26,6,8,0,8
5554,79,dublin,ECCLES STREET EAST,Eccles Street East,False,False,OPEN,2024-12-28 06:42:25,True,False,,,53.358115,-6.265601,27,1,26,1,0,0,0,27,1,26,1,0,0,0
5555,69,dublin,GRAND CANAL DOCK,Grand Canal Dock,False,False,OPEN,2024-12-28 06:40:23,True,False,,,53.342638,-6.238695,40,39,1,26,13,0,13,40,39,1,26,13,0,13
5556,25,dublin,MERRION SQUARE EAST,Merrion Square East,False,False,OPEN,2024-12-28 06:44:56,True,False,,,53.339434,-6.246548,30,0,30,0,0,0,0,30,0,30,0,0,0,0
5557,51,dublin,YORK STREET WEST,York Street West,False,False,OPEN,2024-12-28 06:37:59,True,False,,,53.339334,-6.264699,40,0,0,0,0,0,0,40,0,0,0,0,0,0
5558,37,dublin,ST. STEPHEN'S GREEN SOUTH,St. Stephen's Green South,False,False,OPEN,2024-12-28 06:38:21,True,False,,,53.337494,-6.26199,30,17,13,10,7,0,7,30,17,13,10,7,0,7
5559,59,dublin,DENMARK STREET GREAT,Denmark Street Great,False,False,OPEN,2024-12-28 06:40:49,True,False,,,53.35561,-6.261397,20,0,20,0,0,0,0,20,0,20,0,0,0,0
5560,95,dublin,ROYAL HOSPITAL,Royal Hospital,False,False,OPEN,2024-12-28 06:41:47,True,False,,,53.343897,-6.29706,40,28,12,18,10,0,10,40,28,12,18,10,0,10
5561,94,dublin,HEUSTON STATION (CAR PARK),Heuston Station (Car Park),False,False,OPEN,2024-12-28 06:40:42,True,False,,,53.346985,-6.297804,40,10,30,10,0,0,0,40,10,30,10,0,0,0
5562,105,dublin,GRANGEGORMAN LOWER (NORTH),Grangegorman Lower (North),False,False,OPEN,2024-12-28 06:41:17,True,False,,,53.355954,-6.278378,36,3,33,2,1,0,1,36,3,33,2,1,0,1
5563,36,dublin,ST. STEPHEN'S GREEN EAST,St. Stephen's Green East,False,False,OPEN,2024-12-28 06:47:52,True,False,,,53.337824,-6.256035,40,16,24,7,9,0,9,40,16,24,7,9,0,9
5564,93,dublin,HEUSTON STATION (CENTRAL),Heuston Station (Central),False,False,OPEN,2024-12-28 06:38:40,True,False,,,53.346603,-6.296924,40,13,27,13,0,0,0,40,13,27,13,0,0,0
5565,22,dublin,TOWNSEND STREET,Townsend Street,False,False,OPEN,2024-12-28 06:38:46,True,False,,,53.345922,-6.254614,20,14,6,12,2,0,2,20,14,6,12,2,0,2
5566,50,dublin,GEORGES LANE,George's Lane,False,False,OPEN,2024-12-28 06:41:01,True,False,,,53.35023,-6.279696,40,10,30,9,1,0,1,40,10,30,9,1,0,1
5567,110,dublin,PHIBSBOROUGH ROAD,Phibsborough Road,False,False,OPEN,2024-12-28 06:42:28,True,False,,,53.356307,-6.273717,40,8,32,1,7,0,7,40,8,32,1,7,0,7
5568,12,dublin,ECCLES STREET,Eccles Street,False,False,OPEN,2024-12-28 06:39:26,True,False,,,53.359246,-6.269779,20,2,18,2,0,0,0,20,2,18,2,0,0,0
5569,34,dublin,PORTOBELLO HARBOUR,Portobello Harbour,False,False,OPEN,2024-12-28 06:39:33,True,False,,,53.330362,-6.265163,30,1,29,1,0,0,0,30,1,29,1,0,0,0
5570,78,dublin,MATER HOSPITAL,Mater Hospital,False,False,OPEN,2024-12-28 06:40:00,True,False,,,53.359967,-6.264828,40,1,39,1,0,0,0,40,1,39,1,0,0,0
5571,2,dublin,BLESSINGTON STREET,Blessington Street,False,False,OPEN,2024-12-28 06:47:09,True,False,,,53.356769,-6.26814,20,4,16,3,1,0,1,20,4,16,3,1,0,1
5572,75,dublin,JAMES STREET,James Street,False,False,OPEN,2024-12-28 06:41:15,True,False,,,53.343456,-6.287409,40,3,37,2,1,0,1,40,3,37,2,1,0,1
5573,111,dublin,MOUNTJOY SQUARE EAST,Mountjoy Square East,False,False,OPEN,2024-12-28 06:45:59,True,False,,,53.356717,-6.256359,40,0,40,0,0,0,0,40,0,40,0,0,0,0
5574,26,dublin,MERRION SQUARE WEST,Merrion Square West,False,False,OPEN,2024-12-28 06:42:52,True,False,,,53.339764,-6.251988,20,13,7,5,8,0,8,20,13,7,5,8,0,8
5575,65,dublin,CONVENTION CENTRE,Convention Centre,False,False,OPEN,2024-12-28 06:46:10,True,False,,,53.34744,-6.238523,40,11,29,9,2,0,2,40,11,29,9,2,0,2
5576,15,dublin,HARDWICKE STREET,Hardwicke Street,False,False,OPEN,2024-12-28 06:41:15,True,False,,,53.355473,-6.264423,16,3,13,3,0,0,0,16,3,13,3,0,0,0
5577,86,dublin,PARKGATE STREET,Parkgate Street,False,False,OPEN,2024-12-28 06:47:25,True,False,,,53.347972,-6.291804,38,33,5,3,30,0,30,38,33,5,3,30,0,30
5578,35,dublin,SMITHFIELD,Smithfield,False,False,OPEN,2024-12-28 06:41:56,True,False,,,53.347692,-6.278214,30,9,21,6,3,0,3,30,9,21,6,3,0,3
5579,10,dublin,DAME STREET,Dame Street,False,False,OPEN,2024-12-28 06:42:04,True,False,,,53.344007,-6.266802,16,12,4,10,2,0,2,16,12,4,10,2,0,2
5580,100,dublin,HEUSTON BRIDGE (SOUTH),Heuston Bridge (South),False,False,OPEN,2024-12-28 06:46:30,True,False,,,53.347106,-6.292041,25,16,9,8,8,0,8,25,16,9,8,8,0,8
5581,24,dublin,CATHAL BRUGHA STREET,Cathal Brugha Street,False,False,OPEN,2024-12-28 06:45:36,True,False,,,53.352149,-6.260533,20,15,5,12,3,0,3,20,15,5,12,3,0,3
5582,64,dublin,SANDWITH STREET,Sandwith Street,False,False,OPEN,2024-12-28 06:40:44,True,False,,,53.345203,-6.247163,40,23,17,19,4,0,4,40,23,17,19,4,0,4
5583,109,dublin,BUCKINGHAM STREET LOWER,Buckingham Street Lower,False,False,OPEN,2024-12-28 06:40:57,True,False,,,53.353331,-6.249319,29,12,17,3,9,0,9,29,12,17,3,9,0,9
5584,85,dublin,ROTHE ABBEY,Rothe Abbey,False,False,OPEN,2024-12-28 06:42:16,True,False,,,53.338776,-6.30395,35,30,5,16,14,0,14,35,30,5,16,14,0,14
5585,107,dublin,CHARLEVILLE ROAD,Charleville Road,False,False,OPEN,2024-12-28 06:38:50,True,False,,,53.359157,-6.281866,40,16,24,9,7,0,7,40,16,24,9,7,0,7
5586,33,dublin,PRINCES STREET / O'CONNELL STREET,Princes Street / O'Connell Street,False,False,OPEN,2024-12-28 06:39:40,True,False,,,53.349013,-6.260311,23,17,6,9,8,0,8,23,17,6,9,8,0,8
5587,44,dublin,UPPER SHERRARD STREET,Upper Sherrard Street,False,False,OPEN,2024-12-28 06:46:56,True,False,,,53.358437,-6.260641,30,7,23,6,1,0,1,30,7,23,6,1,0,1
5588,89,dublin,FITZWILLIAM SQUARE EAST,Fitzwilliam Square East,False,False,OPEN,2024-12-28 06:40:44,True,False,,,53.335211,-6.2509,40,23,17,12,11,0,11,40,23,17,12,11,0,11
5589,57,dublin,GRATTAN STREET,Grattan Street,False,False,OPEN,2024-12-28 06:47:41,True,False,,,53.339629,-6.243778,23,5,18,4,1,0,1,23,5,18,4,1,0,1
5590,80,dublin,ST JAMES HOSPITAL (LUAS),St James Hospital (Luas),False,False,OPEN,2024-12-28 06:41:12,True,False,,,53.341359,-6.292951,40,2,38,2,0,0,0,40,2,38,2,0,0,0
5591,41,dublin,HARCOURT TERRACE,Harcourt Terrace,False,False,OPEN,2024-12-28 06:47:21,True,False,,,53.332763,-6.257942,20,2,18,1,1,0,1,20,2,18,1,1,0,1
5592,3,dublin,BOLTON STREET,Bolton Street,False,False,OPEN,2024-12-28 06:39:20,True,False,,,53.351182,-6.269859,20,7,13,6,1,0,1,20,7,13,6,1,0,1
5593,40,dublin,JERVIS STREET,Jervis Street,False,False,OPEN,2024-12-28 06:40:53,True,False,,,53.3483,-6.266651,21,10,11,6,4,0,4,21,10,11,6,4,0,4
5594,29,dublin,ORMOND QUAY UPPER,Ormond Quay Upper,False,False,OPEN,2024-12-28 06:44:12,True,False,,,53.346057,-6.268001,29,28,1,15,13,0,13,29,28,1,15,13,0,13
5595,103,dublin,GRANGEGORMAN LOWER (SOUTH),Grangegorman Lower (South),False,False,OPEN,2024-12-28 06:39:40,True,False,,,53.354663,-6.278681,40,0,40,0,0,0,0,40,0,40,0,0,0,0
5596,28,dublin,MOUNTJOY SQUARE WEST,Mountjoy Square West,False,False,OPEN,2024-12-28 06:38:59,True,False,,,53.356299,-6.258586,30,0,30,0,0,0,0,30,0,30,0,0,0,0
5597,39,dublin,WILTON TERRACE,Wilton Terrace,False,False,OPEN,2024-12-28 06:40:48,True,False,,,53.332383,-6.252717,20,2,18,0,2,0,2,20,2,18,0,2,0,2
5598,83,dublin,EMMET ROAD,Emmet Road,False,False,OPEN,2024-12-28 06:40:14,True,False,,,53.340714,-6.308191,40,13,26,11,2,0,2,40,13,26,11,2,0,2
5599,92,dublin,HEUSTON BRIDGE (NORTH),Heuston Bridge (North),False,False,OPEN,2024-12-28 06:38:01,True,False,,,53.347802,-6.292432,40,39,1,29,10,0,10,40,39,1,29,10,0,10
5600,21,dublin,LEINSTER STREET SOUTH,Leinster Street South,False,False,OPEN,2024-12-28 06:38:01,True,False,,,53.34218,-6.254485,30,2,28,2,0,0,0,30,2,28,2,0,0,0
5601,88,dublin,BLACKHALL PLACE,Blackhall Place,False,False,OPEN,2024-12-28 06:39:02,True,False,,,53.3488,-6.281637,30,4,26,1,3,0,3,30,4,26,1,3,0,3
5602,42,dublin,SMITHFIELD NORTH,Smithfield North,False,False,OPEN,2024-12-28 06:58:54,True,False,,,53.349562,-6.278198,30,8,22,5,3,0,3,30,8,22,5,3,0,3
5603,30,dublin,PARNELL SQUARE NORTH,Parnell Square North,False,False,OPEN,2024-12-28 07:01:56,True,False,,,53.3537415547453,-6.26530144781526,20,6,14,4,2,0,2,20,6,14,4,2,0,2
5604,54,dublin,CLONMEL STREET,Clonmel Street,False,False,OPEN,2024-12-28 06:57:55,True,False,,,53.336021,-6.26298,33,14,19,4,10,0,10,33,14,19,4,10,0,10
5605,108,dublin,AVONDALE ROAD,Avondale Road,False,False,OPEN,2024-12-28 06:59:25,True,False,,,53.359405,-6.276142,35,15,20,11,4,0,4,35,15,20,11,4,0,4
5606,20,dublin,JAMES STREET EAST,James Street East,False,False,OPEN,2024-12-28 07:01:58,True,False,,,53.336597,-6.248109,30,2,28,2,0,0,0,30,2,28,2,0,0,0
5607,56,dublin,MOUNT STREET LOWER,Mount Street Lower,False,False,OPEN,2024-12-28 06:57:55,True,False,,,53.33796,-6.24153,40,25,15,12,13,0,13,40,25,15,12,13,0,13
5608,6,dublin,CHRISTCHURCH PLACE,Christchurch Place,False,False,OPEN,2024-12-28 06:58:04,True,False,,,53.343368,-6.27012,20,5,15,2,3,0,3,20,5,15,2,3,0,3
5609,18,dublin,GRANTHAM STREET,Grantham Street,False,False,OPEN,2024-12-28 07:00:38,True,False,,,53.334123,-6.265436,30,10,20,2,8,0,8,30,10,20,2,8,0,8
5610,32,dublin,PEARSE STREET,Pearse Street,False,False,OPEN,2024-12-28 06:58:00,True,False,,,53.344304,-6.250427,30,22,8,16,6,0,6,30,22,8,16,6,0,6
5611,52,dublin,YORK STREET EAST,York Street East,False,False,OPEN,2024-12-28 06:59:12,True,False,,,53.338755,-6.262003,32,27,5,17,10,0,10,32,27,5,17,10,0,10
5612,48,dublin,EXCISE WALK,Excise Walk,False,False,OPEN,2024-12-28 06:59:17,True,False,,,53.347777,-6.244239,40,0,40,0,0,0,0,40,0,40,0,0,0,0
5613,13,dublin,FITZWILLIAM SQUARE WEST,Fitzwilliam Square West,False,False,OPEN,2024-12-28 06:59:54,True,False,,,53.336074,-6.252825,30,27,3,11,16,0,16,30,27,3,11,16,0,16
5614,43,dublin,PORTOBELLO ROAD,Portobello Road,False,False,OPEN,2024-12-28 06:59:50,True,False,,,53.330091,-6.268044,30,8,22,5,3,0,3,30,8,22,5,3,0,3
5615,31,dublin,PARNELL STREET,Parnell Street,False,False,OPEN,2024-12-28 07:07:47,True,False,,,53.350929,-6.265125,20,17,3,11,6,0,6,20,17,3,11,6,0,6
5616,98,dublin,FREDERICK STREET SOUTH,Frederick Street South,False,False,OPEN,2024-12-28 07:00:24,True,False,,,53.341515,-6.256853,40,19,21,9,10,0,10,40,19,21,9,10,0,10
5617,14,dublin,FOWNES STREET UPPER,Fownes Street Upper,False,False,OPEN,2024-12-28 07:00:58,True,False,,,53.344603,-6.263371,30,28,2,15,13,0,13,30,28,2,15,13,0,13
5618,1,dublin,CLARENDON ROW,Clarendon Row,False,False,OPEN,2024-12-28 07:00:41,True,False,,,53.340927,-6.262501,31,27,4,17,10,0,10,31,27,4,17,10,0,10
5619,23,dublin,CUSTOM HOUSE,Custom House,False,False,OPEN,2024-12-28 06:59:35,True,False,,,53.348279,-6.254662,30,19,11,9,10,0,10,30,19,11,9,10,0,10
5620,106,dublin,RATHDOWN ROAD,Rathdown Road,False,False,OPEN,2024-12-28 06:58:26,True,False,,,53.35893,-6.280337,40,0,40,0,0,0,0,40,0,40,0,0,0,0
5621,112,dublin,NORTH CIRCULAR ROAD (O'CONNELL'S),North Circular Road (O'Connell's),False,False,OPEN,2024-12-28 07:05:15,True,False,,,53.357841,-6.251557,30,6,24,4,2,0,2,30,6,24,4,2,0,2
5622,68,dublin,HANOVER QUAY,Hanover Quay,False,False,OPEN,2024-12-28 06:59:05,True,False,,,53.344115,-6.237153,40,27,13,19,8,0,8,40,27,13,19,8,0,8
5623,74,dublin,OLIVER BOND STREET,Oliver Bond Street,False,False,OPEN,2024-12-28 07:01:05,True,False,,,53.343893,-6.280531,30,21,9,16,5,0,5,30,21,9,16,5,0,5
5624,87,dublin,COLLINS BARRACKS MUSEUM,Collins Barracks Museum,False,False,OPEN,2024-12-28 07:00:58,True,False,,,53.347477,-6.28525,38,23,15,13,10,0,10,38,23,15,13,10,0,10
5625,84,dublin,BROOKFIELD ROAD,Brookfield Road,False,False,OPEN,2024-12-28 07:00:57,True,False,,,53.339005,-6.300217,30,14,16,8,6,0,6,30,14,16,8,6,0,6
5626,90,dublin,BENSON STREET,Benson Street,False,False,OPEN,2024-12-28 07:05:52,True,False,,,53.344153,-6.233451,40,6,31,6,2,0,2,40,6,31,6,2,0,2
5627,11,dublin,EARLSFORT TERRACE,Earlsfort Terrace,False,False,OPEN,2024-12-28 06:57:51,True,False,,,53.334295,-6.258503,30,17,13,13,4,0,4,30,17,13,13,4,0,4
5628,17,dublin,GOLDEN LANE,Golden Lane,False,False,OPEN,2024-12-28 06:58:34,True,False,,,53.340803,-6.267732,20,14,6,5,9,0,9,20,14,6,5,9,0,9
5629,45,dublin,DEVERELL PLACE,Deverell Place,False,False,OPEN,2024-12-28 07:01:40,True,False,,,53.351464,-6.255265,30,13,17,6,7,0,7,30,13,17,6,7,0,7
5630,114,dublin,WILTON TERRACE (PARK),Wilton Terrace (Park),False,False,OPEN,2024-12-28 07:04:54,True,False,,,53.333653,-6.248345,40,0,40,0,0,0,0,40,0,40,0,0,0,0
5631,72,dublin,JOHN STREET WEST,John Street West,False,False,OPEN,2024-12-28 07:07:38,True,False,,,53.343105,-6.277167,31,0,31,0,0,0,0,31,0,31,0,0,0,0
5632,63,dublin,FENIAN STREET,Fenian Street,False,False,OPEN,2024-12-28 07:01:11,True,False,,,53.341428,-6.24672,35,21,14,11,10,0,10,35,21,14,11,10,0,10
5633,113,dublin,MERRION SQUARE SOUTH,Merrion Square South,False,False,OPEN,2024-12-28 07:00:07,True,False,,,53.338614,-6.248606,40,6,23,5,1,0,1,40,6,23,5,1,0,1
5634,91,dublin,SOUTH DOCK ROAD,South Dock Road,False,False,OPEN,2024-12-28 07:07:42,True,False,,,53.341833,-6.231291,30,30,0,19,11,0,11,30,30,0,19,11,0,11
5635,99,dublin,CITY QUAY,City Quay,False,False,OPEN,2024-12-28 07:00:22,True,False,,,53.346637,-6.246154,30,18,12,9,9,0,9,30,18,12,9,9,0,9
5636,9,dublin,EXCHEQUER STREET,Exchequer Street,False,False,OPEN,2024-12-28 07:01:26,True,False,,,53.343034,-6.263578,24,13,11,3,10,0,10,24,13,11,3,10,0,10
5637,67,dublin,THE POINT,The Point,False,False,OPEN,2024-12-28 07:01:37,True,False,,,53.346867,-6.230852,40,18,22,10,8,0,8,40,18,22,10,8,0,8
5638,116,dublin,BROADSTONE,Broadstone,False,False,OPEN,2024-12-28 07:07:25,True,False,,,53.3547,-6.272314,30,17,13,6,11,0,11,30,17,13,6,11,0,11
5639,55,dublin,HATCH STREET,Hatch Street,False,False,OPEN,2024-12-28 07:01:56,True,False,,,53.33403,-6.260714,36,15,20,9,6,0,6,36,15,20,9,6,0,6
5640,62,dublin,LIME STREET,Lime Street,False,False,OPEN,2024-12-28 06:58:40,True,False,,,53.346026,-6.243576,40,16,24,5,11,0,11,40,16,24,5,11,0,11
5641,5,dublin,CHARLEMONT PLACE,Charlemont Street,False,False,OPEN,2024-12-28 07:07:47,True,False,,,53.330662,-6.260177,40,13,27,10,3,0,3,40,13,27,10,3,0,3
5642,97,dublin,KILMAINHAM GAOL,Kilmainham Gaol,False,False,OPEN,2024-12-28 06:58:29,True,False,,,53.342113,-6.310015,40,8,32,5,3,0,3,40,8,32,5,3,0,3
5643,61,dublin,HARDWICKE PLACE,Hardwicke Place,False,False,OPEN,2024-12-28 07:07:42,True,False,,,53.357043,-6.263232,25,0,25,0,0,0,0,25,0,25,0,0,0,0
5644,77,dublin,WOLFE TONE STREET,Wolfe Tone Street,False,False,OPEN,2024-12-28 06:59:03,True,False,,,53.348875,-6.267459,29,25,4,14,11,0,11,29,25,4,14,11,0,11
5645,73,dublin,FRANCIS STREET,Francis Street,False,False,OPEN,2024-12-28 07:00:02,True,False,,,53.342081,-6.275233,30,5,25,5,0,0,0,30,5,25,5,0,0,0
5646,4,dublin,GREEK STREET,Greek Street,False,False,OPEN,2024-12-28 07:00:59,True,False,,,53.346874,-6.272976,20,13,7,2,11,0,11,20,13,7,2,11,0,11
5647,49,dublin,GUILD STREET,Guild Street,False,False,OPEN,2024-12-28 07:01:41,True,False,,,53.347932,-6.240928,40,32,8,22,10,0,10,40,32,8,22,10,0,10
5648,19,dublin,HERBERT PLACE,Herbert Place,False,False,OPEN,2024-12-28 07:01:02,True,False,,,53.334432,-6.245575,30,6,24,4,2,0,2,30,6,24,4,2,0,2
5649,7,dublin,HIGH STREET,High Street,False,False,OPEN,2024-12-28 07:04:10,True,False,,,53.343565,-6.275071,29,1,28,1,0,0,0,29,1,28,1,0,0,0
5650,60,dublin,NORTH CIRCULAR ROAD,North Circular Road,False,False,OPEN,2024-12-28 07:01:57,True,False,,,53.359624,-6.260348,30,6,24,4,2,0,2,30,6,24,4,2,0,2
5651,102,dublin,WESTERN WAY,Western Way,False,False,OPEN,2024-12-28 06:59:02,True,False,,,53.354929,-6.269425,40,12,28,10,2,0,2,40,12,28,10,2,0,2
5652,38,dublin,TALBOT STREET,Talbot Street,False,False,OPEN,2024-12-28 07:04:04,True,False,,,53.350974,-6.25294,40,21,19,17,4,0,4,40,21,19,17,4,0,4
5653,53,dublin,NEWMAN HOUSE,Newman House,False,False,OPEN,2024-12-28 06:59:53,True,False,,,53.337132,-6.26059,40,11,29,11,0,0,0,40,11,29,11,0,0,0
5654,58,dublin,SIR PATRICK DUN'S,Sir Patrick's Dun,False,False,OPEN,2024-12-28 07:00:00,True,False,,,53.339218,-6.240642,40,36,4,29,7,0,7,40,36,4,29,7,0,7
5655,66,dublin,NEW CENTRAL BANK,New Central Bank,False,False,OPEN,2024-12-28 07:07:54,True,False,,,53.347122,-6.234749,40,6,34,1,5,0,5,40,6,34,1,5,0,5
5656,104,dublin,GRANGEGORMAN LOWER (CENTRAL),Grangegorman Lower (Central),False,False,OPEN,2024-12-28 07:00:53,True,False,,,53.355173,-6.278424,40,1,39,1,0,0,0,40,1,39,1,0,0,0
5657,101,dublin,KING STREET NORTH,King Street North,False,False,OPEN,2024-12-28 07:07:45,True,False,,,53.350291,-6.273507,30,12,18,8,4,0,4,30,12,18,8,4,0,4
5658,115,dublin,KILLARNEY STREET,Killarney Street,False,False,OPEN,2024-12-28 07:01:41,True,False,,,53.354845,-6.247579,30,28,2,19,9,0,9,30,28,2,19,9,0,9
5659,47,dublin,HERBERT STREET,Herbert Street,False,False,OPEN,2024-12-28 06:59:27,True,False,,,53.335742,-6.24551,40,3,37,1,2,0,2,40,3,37,1,2,0,2
5660,117,dublin,HANOVER QUAY EAST,Hanover Quay East,False,False,OPEN,2024-12-28 06:59:27,True,False,,,53.343653,-6.231755,40,6,34,2,4,0,4,40,6,34,2,4,0,4
5661,8,dublin,CUSTOM HOUSE QUAY,Custom House Quay,False,False,OPEN,2024-12-28 07:04:51,True,False,,,53.347884,-6.248048,30,20,10,13,7,0,7,30,20,10,13,7,0,7
5662,27,dublin,MOLESWORTH STREET,Molesworth Street,False,False,OPEN,2024-12-28 07:05:32,True,False,,,53.341288,-6.258117,20,3,17,1,2,0,2,20,3,17,1,2,0,2
5663,16,dublin,GEORGES QUAY,Georges Quay,False,False,OPEN,2024-12-28 07:06:59,True,False,,,53.347508,-6.252192,20,18,2,9,9,0,9,20,18,2,9,9,0,9
5664,96,dublin,KILMAINHAM LANE,Kilmainham Lane,False,False,OPEN,2024-12-28 07:07:01,True,False,,,53.341805,-6.305085,30,4,26,4,0,0,0,30,4,26,4,0,0,0
5665,82,dublin,MOUNT BROWN,Mount Brown,False,False,OPEN,2024-12-28 06:58:54,True,False,,,53.341645,-6.29719,22,11,11,2,9,0,9,22,11,11,2,9,0,9
5666,76,dublin,MARKET STREET SOUTH,Market Street South,False,False,OPEN,2024-12-28 07:07:21,True,False,,,53.342296,-6.287661,38,3,35,0,3,0,3,38,3,35,0,3,0,3
5667,71,dublin,KEVIN STREET,Kevin Street,False,False,OPEN,2024-12-28 06:58:10,True,False,,,53.337757,-6.267699,40,14,26,6,8,0,8,40,14,26,6,8,0,8
5668,79,dublin,ECCLES STREET EAST,Eccles Street East,False,False,OPEN,2024-12-28 07:02:15,True,False,,,53.358115,-6.265601,27,2,25,2,0,0,0,27,2,25,2,0,0,0
5669,69,dublin,GRAND CANAL DOCK,Grand Canal Dock,False,False,OPEN,2024-12-28 07:00:32,True,False,,,53.342638,-6.238695,40,39,1,26,13,0,13,40,39,1,26,13,0,13
5670,25,dublin,MERRION SQUARE EAST,Merrion Square East,False,False,OPEN,2024-12-28 07:05:08,True,False,,,53.339434,-6.246548,30,0,30,0,0,0,0,30,0,30,0,0,0,0
5671,51,dublin,YORK STREET WEST,York Street West,False,False,OPEN,2024-12-28 06:58:08,True,False,,,53.339334,-6.264699,40,0,0,0,0,0,0,40,0,0,0,0,0,0
5672,37,dublin,ST. STEPHEN'S GREEN SOUTH,St. Stephen's Green South,False,False,OPEN,2024-12-28 06:58:31,True,False,,,53.337494,-6.26199,30,17,13,10,7,0,7,30,17,13,10,7,0,7
5673,59,dublin,DENMARK STREET GREAT,Denmark Street Great,False,False,OPEN,2024-12-28 07:01:00,True,False,,,53.35561,-6.261397,20,0,20,0,0,0,0,20,0,20,0,0,0,0
5674,95,dublin,ROYAL HOSPITAL,Royal Hospital,False,False,OPEN,2024-12-28 07:01:55,True,False,,,53.343897,-6.29706,40,28,12,18,10,0,10,40,28,12,18,10,0,10
5675,94,dublin,HEUSTON STATION (CAR PARK),Heuston Station (Car Park),False,False,OPEN,2024-12-28 07:00:49,True,False,,,53.346985,-6.297804,40,10,30,10,0,0,0,40,10,30,10,0,0,0
5676,105,dublin,GRANGEGORMAN LOWER (NORTH),Grangegorman Lower (North),False,False,OPEN,2024-12-28 07:01:25,True,False,,,53.355954,-6.278378,36,3,33,2,1,0,1,36,3,33,2,1,0,1
5677,36,dublin,ST. STEPHEN'S GREEN EAST,St. Stephen's Green East,False,False,OPEN,2024-12-28 06:57:57,True,False,,,53.337824,-6.256035,40,16,24,7,9,0,9,40,16,24,7,9,0,9
5678,93,dublin,HEUSTON STATION (CENTRAL),Heuston Station (Central),False,False,OPEN,2024-12-28 06:58:47,True,False,,,53.346603,-6.296924,40,13,27,13,0,0,0,40,13,27,13,0,0,0
5679,22,dublin,TOWNSEND STREET,Townsend Street,False,False,OPEN,2024-12-28 06:58:56,True,False,,,53.345922,-6.254614,20,14,6,12,2,0,2,20,14,6,12,2,0,2
5680,50,dublin,GEORGES LANE,George's Lane,False,False,OPEN,2024-12-28 07:01:10,True,False,,,53.35023,-6.279696,40,10,30,9,1,0,1,40,10,30,9,1,0,1
5681,110,dublin,PHIBSBOROUGH ROAD,Phibsborough Road,False,False,OPEN,2024-12-28 07:02:39,True,False,,,53.356307,-6.273717,40,7,33,0,7,0,7,40,7,33,0,7,0,7
5682,12,dublin,ECCLES STREET,Eccles Street,False,False,OPEN,2024-12-28 06:59:36,True,False,,,53.359246,-6.269779,20,2,18,2,0,0,0,20,2,18,2,0,0,0
5683,34,dublin,PORTOBELLO HARBOUR,Portobello Harbour,False,False,OPEN,2024-12-28 06:59:40,True,False,,,53.330362,-6.265163,30,1,29,1,0,0,0,30,1,29,1,0,0,0
5684,78,dublin,MATER HOSPITAL,Mater Hospital,False,False,OPEN,2024-12-28 07:07:30,True,False,,,53.359967,-6.264828,40,0,40,0,0,0,0,40,0,40,0,0,0,0
5685,2,dublin,BLESSINGTON STREET,Blessington Street,False,False,OPEN,2024-12-28 06:58:45,True,False,,,53.356769,-6.26814,20,1,19,1,0,0,0,20,1,19,1,0,0,0
5686,75,dublin,JAMES STREET,James Street,False,False,OPEN,2024-12-28 07:01:22,True,False,,,53.343456,-6.287409,40,3,37,2,1,0,1,40,3,37,2,1,0,1
5687,111,dublin,MOUNTJOY SQUARE EAST,Mountjoy Square East,False,False,OPEN,2024-12-28 06:58:27,True,False,,,53.356717,-6.256359,40,0,40,0,0,0,0,40,0,40,0,0,0,0
5688,26,dublin,MERRION SQUARE WEST,Merrion Square West,False,False,OPEN,2024-12-28 06:59:53,True,False,,,53.339764,-6.251988,20,13,7,5,8,0,8,20,13,7,5,8,0,8
5689,65,dublin,CONVENTION CENTRE,Convention Centre,False,False,OPEN,2024-12-28 07:01:54,True,False,,,53.34744,-6.238523,40,11,29,9,2,0,2,40,11,29,9,2,0,2
5690,15,dublin,HARDWICKE STREET,Hardwicke Street,False,False,OPEN,2024-12-28 07:01:26,True,False,,,53.355473,-6.264423,16,2,14,2,0,0,0,16,2,14,2,0,0,0
5691,86,dublin,PARKGATE STREET,Parkgate Street,False,False,OPEN,2024-12-28 07:07:33,True,False,,,53.347972,-6.291804,38,33,5,3,30,0,30,38,33,5,3,30,0,30
5692,35,dublin,SMITHFIELD,Smithfield,False,False,OPEN,2024-12-28 07:02:04,True,False,,,53.347692,-6.278214,30,9,21,6,3,0,3,30,9,21,6,3,0,3
5693,10,dublin,DAME STREET,Dame Street,False,False,OPEN,2024-12-28 07:05:28,True,False,,,53.344007,-6.266802,16,13,3,11,2,0,2,16,13,3,11,2,0,2
5694,100,dublin,HEUSTON BRIDGE (SOUTH),Heuston Bridge (South),False,False,OPEN,2024-12-28 07:07:47,True,False,,,53.347106,-6.292041,25,15,10,7,8,0,8,25,15,10,7,8,0,8
5695,24,dublin,CATHAL BRUGHA STREET,Cathal Brugha Street,False,False,OPEN,2024-12-28 07:01:09,True,False,,,53.352149,-6.260533,20,16,4,13,3,0,3,20,16,4,13,3,0,3
5696,64,dublin,SANDWITH STREET,Sandwith Street,False,False,OPEN,2024-12-28 07:05:05,True,False,,,53.345203,-6.247163,40,22,18,18,4,0,4,40,22,18,18,4,0,4
5697,109,dublin,BUCKINGHAM STREET LOWER,Buckingham Street Lower,False,False,OPEN,2024-12-28 07:01:05,True,False,,,53.353331,-6.249319,29,12,17,3,9,0,9,29,12,17,3,9,0,9
5698,85,dublin,ROTHE ABBEY,Rothe Abbey,False,False,OPEN,2024-12-28 07:02:27,True,False,,,53.338776,-6.30395,35,30,5,16,14,0,14,35,30,5,16,14,0,14
5699,107,dublin,CHARLEVILLE ROAD,Charleville Road,False,False,OPEN,2024-12-28 06:58:59,True,False,,,53.359157,-6.281866,40,15,25,8,7,0,7,40,15,25,8,7,0,7
5700,33,dublin,PRINCES STREET / O'CONNELL STREET,Princes Street / O'Connell Street,False,False,OPEN,2024-12-28 06:59:49,True,False,,,53.349013,-6.260311,23,17,6,9,8,0,8,23,17,6,9,8,0,8
5701,44,dublin,UPPER SHERRARD STREET,Upper Sherrard Street,False,False,OPEN,2024-12-28 07:01:27,True,False,,,53.358437,-6.260641,30,7,23,6,1,0,1,30,7,23,6,1,0,1
5702,89,dublin,FITZWILLIAM SQUARE EAST,Fitzwilliam Square East,False,False,OPEN,2024-12-28 07:00:52,True,False,,,53.335211,-6.2509,40,23,17,12,11,0,11,40,23,17,12,11,0,11
5703,57,dublin,GRATTAN STREET,Grattan Street,False,False,OPEN,2024-12-28 06:59:00,True,False,,,53.339629,-6.243778,23,5,18,4,1,0,1,23,5,18,4,1,0,1
5704,80,dublin,ST JAMES HOSPITAL (LUAS),St James Hospital (Luas),False,False,OPEN,2024-12-28 07:01:19,True,False,,,53.341359,-6.292951,40,2,38,2,0,0,0,40,2,38,2,0,0,0
5705,41,dublin,HARCOURT TERRACE,Harcourt Terrace,False,False,OPEN,2024-12-28 07:07:32,True,False,,,53.332763,-6.257942,20,2,18,1,1,0,1,20,2,18,1,1,0,1
5706,3,dublin,BOLTON STREET,Bolton Street,False,False,OPEN,2024-12-28 06:59:30,True,False,,,53.351182,-6.269859,20,7,13,6,1,0,1,20,7,13,6,1,0,1
5707,40,dublin,JERVIS STREET,Jervis Street,False,False,OPEN,2024-12-28 07:03:52,True,False,,,53.3483,-6.266651,21,11,10,7,4,0,4,21,11,10,7,4,0,4
5708,29,dublin,ORMOND QUAY UPPER,Ormond Quay Upper,False,False,OPEN,2024-12-28 07:01:35,True,False,,,53.346057,-6.268001,29,29,0,16,13,0,13,29,29,0,16,13,0,13
5709,103,dublin,GRANGEGORMAN LOWER (SOUTH),Grangegorman Lower (South),False,False,OPEN,2024-12-28 06:59:47,True,False,,,53.354663,-6.278681,40,0,40,0,0,0,0,40,0,40,0,0,0,0
5710,28,dublin,MOUNTJOY SQUARE WEST,Mountjoy Square West,False,False,OPEN,2024-12-28 06:59:08,True,False,,,53.356299,-6.258586,30,0,30,0,0,0,0,30,0,30,0,0,0,0
5711,39,dublin,WILTON TERRACE,Wilton Terrace,False,False,OPEN,2024-12-28 07:00:57,True,False,,,53.332383,-6.252717,20,2,18,0,2,0,2,20,2,18,0,2,0,2
5712,83,dublin,EMMET ROAD,Emmet Road,False,False,OPEN,2024-12-28 07:00:27,True,False,,,53.340714,-6.308191,40,12,27,10,2,0,2,40,12,27,10,2,0,2
5713,92,dublin,HEUSTON BRIDGE (NORTH),Heuston Bridge (North),False,False,OPEN,2024-12-28 06:58:29,True,False,,,53.347802,-6.292432,40,39,1,29,10,0,10,40,39,1,29,10,0,10
5714,21,dublin,LEINSTER STREET SOUTH,Leinster Street South,False,False,OPEN,2024-12-28 06:58:10,True,False,,,53.34218,-6.254485,30,2,28,2,0,0,0,30,2,28,2,0,0,0
5715,88,dublin,BLACKHALL PLACE,Blackhall Place,False,False,OPEN,2024-12-28 06:59:10,True,False,,,53.3488,-6.281637,30,4,26,1,3,0,3,30,4,26,1,3,0,3
5716,42,dublin,SMITHFIELD NORTH,Smithfield North,False,False,OPEN,2024-12-28 07:19:04,True,False,,,53.349562,-6.278198,30,8,22,5,3,0,3,30,8,22,5,3,0,3
5717,30,dublin,PARNELL SQUARE NORTH,Parnell Square North,False,False,OPEN,2024-12-28 07:22:07,True,False,,,53.3537415547453,-6.26530144781526,20,6,14,4,2,0,2,20,6,14,4,2,0,2
5718,54,dublin,CLONMEL STREET,Clonmel Street,False,False,OPEN,2024-12-28 07:18:06,True,False,,,53.336021,-6.26298,33,14,19,4,10,0,10,33,14,19,4,10,0,10
5719,108,dublin,AVONDALE ROAD,Avondale Road,False,False,OPEN,2024-12-28 07:19:33,True,False,,,53.359405,-6.276142,35,15,20,11,4,0,4,35,15,20,11,4,0,4
5720,20,dublin,JAMES STREET EAST,James Street East,False,False,OPEN,2024-12-28 07:22:06,True,False,,,53.336597,-6.248109,30,2,28,2,0,0,0,30,2,28,2,0,0,0
5721,56,dublin,MOUNT STREET LOWER,Mount Street Lower,False,False,OPEN,2024-12-28 07:18:02,True,False,,,53.33796,-6.24153,40,25,15,12,13,0,13,40,25,15,12,13,0,13
5722,6,dublin,CHRISTCHURCH PLACE,Christchurch Place,False,False,OPEN,2024-12-28 07:18:12,True,False,,,53.343368,-6.27012,20,5,15,2,3,0,3,20,5,15,2,3,0,3
5723,18,dublin,GRANTHAM STREET,Grantham Street,False,False,OPEN,2024-12-28 07:20:46,True,False,,,53.334123,-6.265436,30,10,20,2,8,0,8,30,10,20,2,8,0,8
5724,32,dublin,PEARSE STREET,Pearse Street,False,False,OPEN,2024-12-28 07:22:31,True,False,,,53.344304,-6.250427,30,22,8,16,6,0,6,30,22,8,16,6,0,6
5725,52,dublin,YORK STREET EAST,York Street East,False,False,OPEN,2024-12-28 07:19:21,True,False,,,53.338755,-6.262003,32,27,5,17,10,0,10,32,27,5,17,10,0,10
5726,48,dublin,EXCISE WALK,Excise Walk,False,False,OPEN,2024-12-28 07:19:26,True,False,,,53.347777,-6.244239,40,0,40,0,0,0,0,40,0,40,0,0,0,0
5727,13,dublin,FITZWILLIAM SQUARE WEST,Fitzwilliam Square West,False,False,OPEN,2024-12-28 07:20:01,True,False,,,53.336074,-6.252825,30,27,3,11,16,0,16,30,27,3,11,16,0,16
5728,43,dublin,PORTOBELLO ROAD,Portobello Road,False,False,OPEN,2024-12-28 07:19:58,True,False,,,53.330091,-6.268044,30,8,22,5,3,0,3,30,8,22,5,3,0,3
5729,31,dublin,PARNELL STREET,Parnell Street,False,False,OPEN,2024-12-28 07:17:52,True,False,,,53.350929,-6.265125,20,18,2,12,6,0,6,20,18,2,12,6,0,6
5730,98,dublin,FREDERICK STREET SOUTH,Frederick Street South,False,False,OPEN,2024-12-28 07:20:35,True,False,,,53.341515,-6.256853,40,19,21,9,10,0,10,40,19,21,9,10,0,10
5731,14,dublin,FOWNES STREET UPPER,Fownes Street Upper,False,False,OPEN,2024-12-28 07:22:32,True,False,,,53.344603,-6.263371,30,11,19,6,5,0,5,30,11,19,6,5,0,5
5732,1,dublin,CLARENDON ROW,Clarendon Row,False,False,OPEN,2024-12-28 07:20:49,True,False,,,53.340927,-6.262501,31,27,4,17,10,0,10,31,27,4,17,10,0,10
5733,23,dublin,CUSTOM HOUSE,Custom House,False,False,OPEN,2024-12-28 07:19:47,True,False,,,53.348279,-6.254662,30,19,11,9,10,0,10,30,19,11,9,10,0,10
5734,106,dublin,RATHDOWN ROAD,Rathdown Road,False,False,OPEN,2024-12-28 07:18:36,True,False,,,53.35893,-6.280337,40,0,40,0,0,0,0,40,0,40,0,0,0,0
5735,112,dublin,NORTH CIRCULAR ROAD (O'CONNELL'S),North Circular Road (O'Connell's),False,False,OPEN,2024-12-28 07:20:59,True,False,,,53.357841,-6.251557,30,5,25,3,2,0,2,30,5,25,3,2,0,2
5736,68,dublin,HANOVER QUAY,Hanover Quay,False,False,OPEN,2024-12-28 07:19:14,True,False,,,53.344115,-6.237153,40,27,13,19,8,0,8,40,27,13,19,8,0,8
5737,74,dublin,OLIVER BOND STREET,Oliver Bond Street,False,False,OPEN,2024-12-28 07:21:01,True,False,,,53.343893,-6.280531,30,22,8,17,5,0,5,30,22,8,17,5,0,5
5738,87,dublin,COLLINS BARRACKS MUSEUM,Collins Barracks Museum,False,False,OPEN,2024-12-28 07:21:09,True,False,,,53.347477,-6.28525,38,23,15,13,10,0,10,38,23,15,13,10,0,10
5739,84,dublin,BROOKFIELD ROAD,Brookfield Road,False,False,OPEN,2024-12-28 07:21:04,True,False,,,53.339005,-6.300217,30,14,16,8,6,0,6,30,14,16,8,6,0,6
5740,90,dublin,BENSON STREET,Benson Street,False,False,OPEN,2024-12-28 07:26:39,True,False,,,53.344153,-6.233451,40,8,32,7,1,0,1,40,8,32,7,1,0,1
5741,11,dublin,EARLSFORT TERRACE,Earlsfort Terrace,False,False,OPEN,2024-12-28 07:17:59,True,False,,,53.334295,-6.258503,30,17,13,13,4,0,4,30,17,13,13,4,0,4
5742,17,dublin,GOLDEN LANE,Golden Lane,False,False,OPEN,2024-12-28 07:18:42,True,False,,,53.340803,-6.267732,20,14,6,5,9,0,9,20,14,6,5,9,0,9
5743,45,dublin,DEVERELL PLACE,Deverell Place,False,False,OPEN,2024-12-28 07:21:50,True,False,,,53.351464,-6.255265,30,14,16,7,7,0,7,30,14,16,7,7,0,7
5744,114,dublin,WILTON TERRACE (PARK),Wilton Terrace (Park),False,False,OPEN,2024-12-28 07:25:01,True,False,,,53.333653,-6.248345,40,0,40,0,0,0,0,40,0,40,0,0,0,0
5745,72,dublin,JOHN STREET WEST,John Street West,False,False,OPEN,2024-12-28 07:19:02,True,False,,,53.343105,-6.277167,31,0,31,0,0,0,0,31,0,31,0,0,0,0
5746,63,dublin,FENIAN STREET,Fenian Street,False,False,OPEN,2024-12-28 07:21:20,True,False,,,53.341428,-6.24672,35,21,14,11,10,0,10,35,21,14,11,10,0,10
5747,113,dublin,MERRION SQUARE SOUTH,Merrion Square South,False,False,OPEN,2024-12-28 07:20:16,True,False,,,53.338614,-6.248606,40,6,23,5,1,0,1,40,6,23,5,1,0,1
5748,91,dublin,SOUTH DOCK ROAD,South Dock Road,False,False,OPEN,2024-12-28 07:27:54,True,False,,,53.341833,-6.231291,30,29,1,18,11,0,11,30,29,1,18,11,0,11
5749,99,dublin,CITY QUAY,City Quay,False,False,OPEN,2024-12-28 07:20:31,True,False,,,53.346637,-6.246154,30,18,12,9,9,0,9,30,18,12,9,9,0,9
5750,9,dublin,EXCHEQUER STREET,Exchequer Street,False,False,OPEN,2024-12-28 07:21:38,True,False,,,53.343034,-6.263578,24,14,10,4,10,0,10,24,14,10,4,10,0,10
5751,67,dublin,THE POINT,The Point,False,False,OPEN,2024-12-28 07:20:19,True,False,,,53.346867,-6.230852,40,18,22,10,8,0,8,40,18,22,10,8,0,8
5752,116,dublin,BROADSTONE,Broadstone,False,False,OPEN,2024-12-28 07:27:33,True,False,,,53.3547,-6.272314,30,17,13,6,11,0,11,30,17,13,6,11,0,11
5753,55,dublin,HATCH STREET,Hatch Street,False,False,OPEN,2024-12-28 07:22:05,True,False,,,53.33403,-6.260714,36,15,20,9,6,0,6,36,15,20,9,6,0,6
5754,62,dublin,LIME STREET,Lime Street,False,False,OPEN,2024-12-28 07:18:48,True,False,,,53.346026,-6.243576,40,16,24,5,11,0,11,40,16,24,5,11,0,11
5755,5,dublin,CHARLEMONT PLACE,Charlemont Street,False,False,OPEN,2024-12-28 07:22:23,True,False,,,53.330662,-6.260177,40,10,30,8,2,0,2,40,10,30,8,2,0,2
5756,97,dublin,KILMAINHAM GAOL,Kilmainham Gaol,False,False,OPEN,2024-12-28 07:21:08,True,False,,,53.342113,-6.310015,40,7,33,4,3,0,3,40,7,33,4,3,0,3
5757,61,dublin,HARDWICKE PLACE,Hardwicke Place,False,False,OPEN,2024-12-28 07:27:52,True,False,,,53.357043,-6.263232,25,1,24,1,0,0,0,25,1,24,1,0,0,0
5758,77,dublin,WOLFE TONE STREET,Wolfe Tone Street,False,False,OPEN,2024-12-28 07:19:13,True,False,,,53.348875,-6.267459,29,24,5,13,11,0,11,29,24,5,13,11,0,11
5759,73,dublin,FRANCIS STREET,Francis Street,False,False,OPEN,2024-12-28 07:20:12,True,False,,,53.342081,-6.275233,30,4,26,4,0,0,0,30,4,26,4,0,0,0
5760,4,dublin,GREEK STREET,Greek Street,False,False,OPEN,2024-12-28 07:21:10,True,False,,,53.346874,-6.272976,20,13,7,2,11,0,11,20,13,7,2,11,0,11
5761,49,dublin,GUILD STREET,Guild Street,False,False,OPEN,2024-12-28 07:24:36,True,False,,,53.347932,-6.240928,40,32,8,22,10,0,10,40,32,8,22,10,0,10
5762,19,dublin,HERBERT PLACE,Herbert Place,False,False,OPEN,2024-12-28 07:21:11,True,False,,,53.334432,-6.245575,30,6,24,4,2,0,2,30,6,24,4,2,0,2
5763,7,dublin,HIGH STREET,High Street,False,False,OPEN,2024-12-28 07:27:24,True,False,,,53.343565,-6.275071,29,0,29,0,0,0,0,29,0,29,0,0,0,0
5764,60,dublin,NORTH CIRCULAR ROAD,North Circular Road,False,False,OPEN,2024-12-28 07:22:05,True,False,,,53.359624,-6.260348,30,6,24,4,2,0,2,30,6,24,4,2,0,2
5765,102,dublin,WESTERN WAY,Western Way,False,False,OPEN,2024-12-28 07:19:12,True,False,,,53.354929,-6.269425,40,12,28,10,2,0,2,40,12,28,10,2,0,2
5766,38,dublin,TALBOT STREET,Talbot Street,False,False,OPEN,2024-12-28 07:24:05,True,False,,,53.350974,-6.25294,40,23,17,18,5,0,5,40,23,17,18,5,0,5
5767,53,dublin,NEWMAN HOUSE,Newman House,False,False,OPEN,2024-12-28 07:20:01,True,False,,,53.337132,-6.26059,40,11,29,11,0,0,0,40,11,29,11,0,0,0
5768,58,dublin,SIR PATRICK DUN'S,Sir Patrick's Dun,False,False,OPEN,2024-12-28 07:20:12,True,False,,,53.339218,-6.240642,40,37,3,30,7,0,7,40,37,3,30,7,0,7
5769,66,dublin,NEW CENTRAL BANK,New Central Bank,False,False,OPEN,2024-12-28 07:17:58,True,False,,,53.347122,-6.234749,40,6,34,1,5,0,5,40,6,34,1,5,0,5
5770,104,dublin,GRANGEGORMAN LOWER (CENTRAL),Grangegorman Lower (Central),False,False,OPEN,2024-12-28 07:21:04,True,False,,,53.355173,-6.278424,40,1,39,1,0,0,0,40,1,39,1,0,0,0
5771,101,dublin,KING STREET NORTH,King Street North,False,False,OPEN,2024-12-28 07:27:52,True,False,,,53.350291,-6.273507,30,12,18,8,4,0,4,30,12,18,8,4,0,4
5772,115,dublin,KILLARNEY STREET,Killarney Street,False,False,OPEN,2024-12-28 07:21:49,True,False,,,53.354845,-6.247579,30,28,2,19,9,0,9,30,28,2,19,9,0,9
5773,47,dublin,HERBERT STREET,Herbert Street,False,False,OPEN,2024-12-28 07:19:38,True,False,,,53.335742,-6.24551,40,3,37,1,2,0,2,40,3,37,1,2,0,2
5774,117,dublin,HANOVER QUAY EAST,Hanover Quay East,False,False,OPEN,2024-12-28 07:19:37,True,False,,,53.343653,-6.231755,40,6,34,2,4,0,4,40,6,34,2,4,0,4
5775,8,dublin,CUSTOM HOUSE QUAY,Custom House Quay,False,False,OPEN,2024-12-28 07:20:14,True,False,,,53.347884,-6.248048,30,20,10,13,7,0,7,30,20,10,13,7,0,7
5776,27,dublin,MOLESWORTH STREET,Molesworth Street,False,False,OPEN,2024-12-28 07:25:54,True,False,,,53.341288,-6.258117,20,4,16,2,2,0,2,20,4,16,2,2,0,2
5777,16,dublin,GEORGES QUAY,Georges Quay,False,False,OPEN,2024-12-28 07:27:07,True,False,,,53.347508,-6.252192,20,18,2,9,9,0,9,20,18,2,9,9,0,9
5778,96,dublin,KILMAINHAM LANE,Kilmainham Lane,False,False,OPEN,2024-12-28 07:27:09,True,False,,,53.341805,-6.305085,30,4,26,4,0,0,0,30,4,26,4,0,0,0
5779,82,dublin,MOUNT BROWN,Mount Brown,False,False,OPEN,2024-12-28 07:19:02,True,False,,,53.341645,-6.29719,22,11,11,2,9,0,9,22,11,11,2,9,0,9
5780,76,dublin,MARKET STREET SOUTH,Market Street South,False,False,OPEN,2024-12-28 07:27:30,True,False,,,53.342296,-6.287661,38,3,35,0,3,0,3,38,3,35,0,3,0,3
5781,71,dublin,KEVIN STREET,Kevin Street,False,False,OPEN,2024-12-28 07:18:19,True,False,,,53.337757,-6.267699,40,14,26,6,8,0,8,40,14,26,6,8,0,8
5782,79,dublin,ECCLES STREET EAST,Eccles Street East,False,False,OPEN,2024-12-28 07:20:38,True,False,,,53.358115,-6.265601,27,2,25,2,0,0,0,27,2,25,2,0,0,0
5783,69,dublin,GRAND CANAL DOCK,Grand Canal Dock,False,False,OPEN,2024-12-28 07:20:40,True,False,,,53.342638,-6.238695,40,39,1,26,13,0,13,40,39,1,26,13,0,13
5784,25,dublin,MERRION SQUARE EAST,Merrion Square East,False,False,OPEN,2024-12-28 07:25:19,True,False,,,53.339434,-6.246548,30,0,30,0,0,0,0,30,0,30,0,0,0,0
5785,51,dublin,YORK STREET WEST,York Street West,False,False,OPEN,2024-12-28 07:18:17,True,False,,,53.339334,-6.264699,40,0,0,0,0,0,0,40,0,0,0,0,0,0
5786,37,dublin,ST. STEPHEN'S GREEN SOUTH,St. Stephen's Green South,False,False,OPEN,2024-12-28 07:18:44,True,False,,,53.337494,-6.26199,30,17,13,10,7,0,7,30,17,13,10,7,0,7
5787,59,dublin,DENMARK STREET GREAT,Denmark Street Great,False,False,OPEN,2024-12-28 07:21:11,True,False,,,53.35561,-6.261397,20,0,20,0,0,0,0,20,0,20,0,0,0,0
5788,95,dublin,ROYAL HOSPITAL,Royal Hospital,False,False,OPEN,2024-12-28 07:22:02,True,False,,,53.343897,-6.29706,40,28,12,18,10,0,10,40,28,12,18,10,0,10
5789,94,dublin,HEUSTON STATION (CAR PARK),Heuston Station (Car Park),False,False,OPEN,2024-12-28 07:20:57,True,False,,,53.346985,-6.297804,40,10,30,10,0,0,0,40,10,30,10,0,0,0
5790,105,dublin,GRANGEGORMAN LOWER (NORTH),Grangegorman Lower (North),False,False,OPEN,2024-12-28 07:21:33,True,False,,,53.355954,-6.278378,36,3,33,2,1,0,1,36,3,33,2,1,0,1
5791,36,dublin,ST. STEPHEN'S GREEN EAST,St. Stephen's Green East,False,False,OPEN,2024-12-28 07:18:08,True,False,,,53.337824,-6.256035,40,16,24,7,9,0,9,40,16,24,7,9,0,9
5792,93,dublin,HEUSTON STATION (CENTRAL),Heuston Station (Central),False,False,OPEN,2024-12-28 07:18:55,True,False,,,53.346603,-6.296924,40,13,27,13,0,0,0,40,13,27,13,0,0,0
5793,22,dublin,TOWNSEND STREET,Townsend Street,False,False,OPEN,2024-12-28 07:19:06,True,False,,,53.345922,-6.254614,20,14,6,12,2,0,2,20,14,6,12,2,0,2
5794,50,dublin,GEORGES LANE,George's Lane,False,False,OPEN,2024-12-28 07:21:19,True,False,,,53.35023,-6.279696,40,10,30,9,1,0,1,40,10,30,9,1,0,1
5795,110,dublin,PHIBSBOROUGH ROAD,Phibsborough Road,False,False,OPEN,2024-12-28 07:22:47,True,False,,,53.356307,-6.273717,40,7,33,0,7,0,7,40,7,33,0,7,0,7
5796,12,dublin,ECCLES STREET,Eccles Street,False,False,OPEN,2024-12-28 07:19:47,True,False,,,53.359246,-6.269779,20,2,18,2,0,0,0,20,2,18,2,0,0,0
5797,34,dublin,PORTOBELLO HARBOUR,Portobello Harbour,False,False,OPEN,2024-12-28 07:19:48,True,False,,,53.330362,-6.265163,30,1,29,1,0,0,0,30,1,29,1,0,0,0
5798,78,dublin,MATER HOSPITAL,Mater Hospital,False,False,OPEN,2024-12-28 07:22:24,True,False,,,53.359967,-6.264828,40,2,38,1,1,0,1,40,2,38,1,1,0,1
5799,2,dublin,BLESSINGTON STREET,Blessington Street,False,False,OPEN,2024-12-28 07:18:30,True,False,,,53.356769,-6.26814,20,1,19,1,0,0,0,20,1,19,1,0,0,0
5800,75,dublin,JAMES STREET,James Street,False,False,OPEN,2024-12-28 07:21:30,True,False,,,53.343456,-6.287409,40,5,35,4,1,0,1,40,5,35,4,1,0,1
5801,111,dublin,MOUNTJOY SQUARE EAST,Mountjoy Square East,False,False,OPEN,2024-12-28 07:18:37,True,False,,,53.356717,-6.256359,40,0,40,0,0,0,0,40,0,40,0,0,0,0
5802,26,dublin,MERRION SQUARE WEST,Merrion Square West,False,False,OPEN,2024-12-28 07:18:42,True,False,,,53.339764,-6.251988,20,12,8,4,8,0,8,20,12,8,4,8,0,8
5803,65,dublin,CONVENTION CENTRE,Convention Centre,False,False,OPEN,2024-12-28 07:24:01,True,False,,,53.34744,-6.238523,40,11,29,9,2,0,2,40,11,29,9,2,0,2
5804,15,dublin,HARDWICKE STREET,Hardwicke Street,False,False,OPEN,2024-12-28 07:21:37,True,False,,,53.355473,-6.264423,16,1,15,1,0,0,0,16,1,15,1,0,0,0
5805,86,dublin,PARKGATE STREET,Parkgate Street,False,False,OPEN,2024-12-28 07:27:42,True,False,,,53.347972,-6.291804,38,33,5,3,30,0,30,38,33,5,3,30,0,30
5806,35,dublin,SMITHFIELD,Smithfield,False,False,OPEN,2024-12-28 07:22:14,True,False,,,53.347692,-6.278214,30,8,22,6,2,0,2,30,8,22,6,2,0,2
5807,10,dublin,DAME STREET,Dame Street,False,False,OPEN,2024-12-28 07:22:23,True,False,,,53.344007,-6.266802,16,13,3,11,2,0,2,16,13,3,11,2,0,2
5808,100,dublin,HEUSTON BRIDGE (SOUTH),Heuston Bridge (South),False,False,OPEN,2024-12-28 07:21:40,True,False,,,53.347106,-6.292041,25,16,9,7,9,0,9,25,16,9,7,9,0,9
5809,24,dublin,CATHAL BRUGHA STREET,Cathal Brugha Street,False,False,OPEN,2024-12-28 07:21:24,True,False,,,53.352149,-6.260533,20,14,6,11,3,0,3,20,14,6,11,3,0,3
5810,64,dublin,SANDWITH STREET,Sandwith Street,False,False,OPEN,2024-12-28 07:21:08,True,False,,,53.345203,-6.247163,40,22,18,18,4,0,4,40,22,18,18,4,0,4
5811,109,dublin,BUCKINGHAM STREET LOWER,Buckingham Street Lower,False,False,OPEN,2024-12-28 07:21:14,True,False,,,53.353331,-6.249319,29,12,17,3,9,0,9,29,12,17,3,9,0,9
5812,85,dublin,ROTHE ABBEY,Rothe Abbey,False,False,OPEN,2024-12-28 07:22:37,True,False,,,53.338776,-6.30395,35,30,5,16,14,0,14,35,30,5,16,14,0,14
5813,107,dublin,CHARLEVILLE ROAD,Charleville Road,False,False,OPEN,2024-12-28 07:20:46,True,False,,,53.359157,-6.281866,40,16,24,9,7,0,7,40,16,24,9,7,0,7
5814,33,dublin,PRINCES STREET / O'CONNELL STREET,Princes Street / O'Connell Street,False,False,OPEN,2024-12-28 07:19:57,True,False,,,53.349013,-6.260311,23,17,6,9,8,0,8,23,17,6,9,8,0,8
5815,44,dublin,UPPER SHERRARD STREET,Upper Sherrard Street,False,False,OPEN,2024-12-28 07:21:37,True,False,,,53.358437,-6.260641,30,7,23,6,1,0,1,30,7,23,6,1,0,1
5816,89,dublin,FITZWILLIAM SQUARE EAST,Fitzwilliam Square East,False,False,OPEN,2024-12-28 07:20:59,True,False,,,53.335211,-6.2509,40,23,17,12,11,0,11,40,23,17,12,11,0,11
5817,57,dublin,GRATTAN STREET,Grattan Street,False,False,OPEN,2024-12-28 07:19:08,True,False,,,53.339629,-6.243778,23,5,18,4,1,0,1,23,5,18,4,1,0,1
5818,80,dublin,ST JAMES HOSPITAL (LUAS),St James Hospital (Luas),False,False,OPEN,2024-12-28 07:23:01,True,False,,,53.341359,-6.292951,40,1,39,1,0,0,0,40,1,39,1,0,0,0
5819,41,dublin,HARCOURT TERRACE,Harcourt Terrace,False,False,OPEN,2024-12-28 07:27:47,True,False,,,53.332763,-6.257942,20,1,19,1,0,0,0,20,1,19,1,0,0,0
5820,3,dublin,BOLTON STREET,Bolton Street,False,False,OPEN,2024-12-28 07:19:43,True,False,,,53.351182,-6.269859,20,6,14,6,0,0,0,20,6,14,6,0,0,0
5821,40,dublin,JERVIS STREET,Jervis Street,False,False,OPEN,2024-12-28 07:24:41,True,False,,,53.3483,-6.266651,21,11,10,7,4,0,4,21,11,10,7,4,0,4
5822,29,dublin,ORMOND QUAY UPPER,Ormond Quay Upper,False,False,OPEN,2024-12-28 07:21:44,True,False,,,53.346057,-6.268001,29,29,0,16,13,0,13,29,29,0,16,13,0,13
5823,103,dublin,GRANGEGORMAN LOWER (SOUTH),Grangegorman Lower (South),False,False,OPEN,2024-12-28 07:19:56,True,False,,,53.354663,-6.278681,40,0,40,0,0,0,0,40,0,40,0,0,0,0
5824,28,dublin,MOUNTJOY SQUARE WEST,Mountjoy Square West,False,False,OPEN,2024-12-28 07:22:50,True,False,,,53.356299,-6.258586,30,1,29,1,0,0,0,30,1,29,1,0,0,0
5825,39,dublin,WILTON TERRACE,Wilton Terrace,False,False,OPEN,2024-12-28 07:21:05,True,False,,,53.332383,-6.252717,20,2,18,0,2,0,2,20,2,18,0,2,0,2
5826,83,dublin,EMMET ROAD,Emmet Road,False,False,OPEN,2024-12-28 07:20:38,True,False,,,53.340714,-6.308191,40,12,27,10,2,0,2,40,12,27,10,2,0,2
5827,92,dublin,HEUSTON BRIDGE (NORTH),Heuston Bridge (North),False,False,OPEN,2024-12-28 07:18:18,True,False,,,53.347802,-6.292432,40,39,1,29,10,0,10,40,39,1,29,10,0,10
5828,21,dublin,LEINSTER STREET SOUTH,Leinster Street South,False,False,OPEN,2024-12-28 07:18:18,True,False,,,53.34218,-6.254485,30,2,28,2,0,0,0,30,2,28,2,0,0,0
5829,88,dublin,BLACKHALL PLACE,Blackhall Place,False,False,OPEN,2024-12-28 07:19:19,True,False,,,53.3488,-6.281637,30,4,26,1,3,0,3,30,4,26,1,3,0,3
5830,42,dublin,SMITHFIELD NORTH,Smithfield North,False,False,OPEN,2024-12-28 07:39:14,True,False,,,53.349562,-6.278198,30,8,22,5,3,0,3,30,8,22,5,3,0,3
5831,30,dublin,PARNELL SQUARE NORTH,Parnell Square North,False,False,OPEN,2024-12-28 07:42:19,True,False,,,53.3537415547453,-6.26530144781526,20,6,14,4,2,0,2,20,6,14,4,2,0,2
5832,54,dublin,CLONMEL STREET,Clonmel Street,False,False,OPEN,2024-12-28 07:48:22,True,False,,,53.336021,-6.26298,33,15,18,5,10,0,10,33,15,18,5,10,0,10
5833,108,dublin,AVONDALE ROAD,Avondale Road,False,False,OPEN,2024-12-28 07:39:40,True,False,,,53.359405,-6.276142,35,15,20,11,4,0,4,35,15,20,11,4,0,4
5834,20,dublin,JAMES STREET EAST,James Street East,False,False,OPEN,2024-12-28 07:42:13,True,False,,,53.336597,-6.248109,30,2,28,2,0,0,0,30,2,28,2,0,0,0
5835,56,dublin,MOUNT STREET LOWER,Mount Street Lower,False,False,OPEN,2024-12-28 07:48:43,True,False,,,53.33796,-6.24153,40,23,15,10,13,0,13,40,23,15,10,13,0,13
5836,6,dublin,CHRISTCHURCH PLACE,Christchurch Place,False,False,OPEN,2024-12-28 07:48:27,True,False,,,53.343368,-6.27012,20,4,16,1,3,0,3,20,4,16,1,3,0,3
5837,18,dublin,GRANTHAM STREET,Grantham Street,False,False,OPEN,2024-12-28 07:40:54,True,False,,,53.334123,-6.265436,30,10,20,2,8,0,8,30,10,20,2,8,0,8
5838,32,dublin,PEARSE STREET,Pearse Street,False,False,OPEN,2024-12-28 07:48:21,True,False,,,53.344304,-6.250427,30,22,8,16,6,0,6,30,22,8,16,6,0,6
5839,52,dublin,YORK STREET EAST,York Street East,False,False,OPEN,2024-12-28 07:39:29,True,False,,,53.338755,-6.262003,32,27,5,17,10,0,10,32,27,5,17,10,0,10
5840,48,dublin,EXCISE WALK,Excise Walk,False,False,OPEN,2024-12-28 07:39:34,True,False,,,53.347777,-6.244239,40,1,39,0,1,0,1,40,1,39,0,1,0,1
5841,13,dublin,FITZWILLIAM SQUARE WEST,Fitzwilliam Square West,False,False,OPEN,2024-12-28 07:46:36,True,False,,,53.336074,-6.252825,30,27,3,11,16,0,16,30,27,3,11,16,0,16
5842,43,dublin,PORTOBELLO ROAD,Portobello Road,False,False,OPEN,2024-12-28 07:40:05,True,False,,,53.330091,-6.268044,30,8,22,5,3,0,3,30,8,22,5,3,0,3
5843,31,dublin,PARNELL STREET,Parnell Street,False,False,OPEN,2024-12-28 07:48:22,True,False,,,53.350929,-6.265125,20,17,2,11,6,0,6,20,17,2,11,6,0,6
5844,98,dublin,FREDERICK STREET SOUTH,Frederick Street South,False,False,OPEN,2024-12-28 07:40:45,True,False,,,53.341515,-6.256853,40,19,21,9,10,0,10,40,19,21,9,10,0,10
5845,14,dublin,FOWNES STREET UPPER,Fownes Street Upper,False,False,OPEN,2024-12-28 07:41:27,True,False,,,53.344603,-6.263371,30,11,19,6,5,0,5,30,11,19,6,5,0,5
5846,1,dublin,CLARENDON ROW,Clarendon Row,False,False,OPEN,2024-12-28 07:47:39,True,False,,,53.340927,-6.262501,31,28,3,18,10,0,10,31,28,3,18,10,0,10
5847,23,dublin,CUSTOM HOUSE,Custom House,False,False,OPEN,2024-12-28 07:46:28,True,False,,,53.348279,-6.254662,30,18,12,8,10,0,10,30,18,12,8,10,0,10
5848,106,dublin,RATHDOWN ROAD,Rathdown Road,False,False,OPEN,2024-12-28 07:48:53,True,False,,,53.35893,-6.280337,40,0,40,0,0,0,0,40,0,40,0,0,0,0
5849,112,dublin,NORTH CIRCULAR ROAD (O'CONNELL'S),North Circular Road (O'Connell's),False,False,OPEN,2024-12-28 07:43:46,True,False,,,53.357841,-6.251557,30,3,27,2,1,0,1,30,3,27,2,1,0,1
5850,68,dublin,HANOVER QUAY,Hanover Quay,False,False,OPEN,2024-12-28 07:44:55,True,False,,,53.344115,-6.237153,40,28,12,19,9,0,9,40,28,12,19,9,0,9
5851,74,dublin,OLIVER BOND STREET,Oliver Bond Street,False,False,OPEN,2024-12-28 07:41:08,True,False,,,53.343893,-6.280531,30,22,8,17,5,0,5,30,22,8,17,5,0,5
5852,87,dublin,COLLINS BARRACKS MUSEUM,Collins Barracks Museum,False,False,OPEN,2024-12-28 07:41:19,True,False,,,53.347477,-6.28525,38,23,15,13,10,0,10,38,23,15,13,10,0,10
5853,84,dublin,BROOKFIELD ROAD,Brookfield Road,False,False,OPEN,2024-12-28 07:41:14,True,False,,,53.339005,-6.300217,30,13,17,7,6,0,6,30,13,17,7,6,0,6
5854,90,dublin,BENSON STREET,Benson Street,False,False,OPEN,2024-12-28 07:43:36,True,False,,,53.344153,-6.233451,40,9,31,7,2,0,2,40,9,31,7,2,0,2
5855,11,dublin,EARLSFORT TERRACE,Earlsfort Terrace,False,False,OPEN,2024-12-28 07:48:11,True,False,,,53.334295,-6.258503,30,17,13,13,4,0,4,30,17,13,13,4,0,4
5856,17,dublin,GOLDEN LANE,Golden Lane,False,False,OPEN,2024-12-28 07:48:52,True,False,,,53.340803,-6.267732,20,14,5,4,10,0,10,20,14,5,4,10,0,10
5857,45,dublin,DEVERELL PLACE,Deverell Place,False,False,OPEN,2024-12-28 07:41:59,True,False,,,53.351464,-6.255265,30,14,16,7,7,0,7,30,14,16,7,7,0,7
5858,114,dublin,WILTON TERRACE (PARK),Wilton Terrace (Park),False,False,OPEN,2024-12-28 07:45:09,True,False,,,53.333653,-6.248345,40,0,40,0,0,0,0,40,0,40,0,0,0,0
5859,72,dublin,JOHN STREET WEST,John Street West,False,False,OPEN,2024-12-28 07:39:37,True,False,,,53.343105,-6.277167,31,0,31,0,0,0,0,31,0,31,0,0,0,0
5860,63,dublin,FENIAN STREET,Fenian Street,False,False,OPEN,2024-12-28 07:48:19,True,False,,,53.341428,-6.24672,35,20,15,10,10,0,10,35,20,15,10,10,0,10
5861,113,dublin,MERRION SQUARE SOUTH,Merrion Square South,False,False,OPEN,2024-12-28 07:40:25,True,False,,,53.338614,-6.248606,40,6,23,5,1,0,1,40,6,23,5,1,0,1
5862,91,dublin,SOUTH DOCK ROAD,South Dock Road,False,False,OPEN,2024-12-28 07:48:06,True,False,,,53.341833,-6.231291,30,28,2,17,11,0,11,30,28,2,17,11,0,11
5863,99,dublin,CITY QUAY,City Quay,False,False,OPEN,2024-12-28 07:40:40,True,False,,,53.346637,-6.246154,30,18,12,9,9,0,9,30,18,12,9,9,0,9
5864,9,dublin,EXCHEQUER STREET,Exchequer Street,False,False,OPEN,2024-12-28 07:41:50,True,False,,,53.343034,-6.263578,24,14,10,4,10,0,10,24,14,10,4,10,0,10
5865,67,dublin,THE POINT,The Point,False,False,OPEN,2024-12-28 07:40:28,True,False,,,53.346867,-6.230852,40,18,22,10,8,0,8,40,18,22,10,8,0,8
5866,116,dublin,BROADSTONE,Broadstone,False,False,OPEN,2024-12-28 07:47:41,True,False,,,53.3547,-6.272314,30,17,13,6,11,0,11,30,17,13,6,11,0,11
5867,55,dublin,HATCH STREET,Hatch Street,False,False,OPEN,2024-12-28 07:42:12,True,False,,,53.33403,-6.260714,36,15,20,9,6,0,6,36,15,20,9,6,0,6
5868,62,dublin,LIME STREET,Lime Street,False,False,OPEN,2024-12-28 07:40:33,True,False,,,53.346026,-6.243576,40,16,24,5,11,0,11,40,16,24,5,11,0,11
5869,5,dublin,CHARLEMONT PLACE,Charlemont Street,False,False,OPEN,2024-12-28 07:41:57,True,False,,,53.330662,-6.260177,40,10,30,8,2,0,2,40,10,30,8,2,0,2
5870,97,dublin,KILMAINHAM GAOL,Kilmainham Gaol,False,False,OPEN,2024-12-28 07:48:51,True,False,,,53.342113,-6.310015,40,7,33,4,3,0,3,40,7,33,4,3,0,3
5871,61,dublin,HARDWICKE PLACE,Hardwicke Place,False,False,OPEN,2024-12-28 07:48:01,True,False,,,53.357043,-6.263232,25,1,24,1,0,0,0,25,1,24,1,0,0,0
5872,77,dublin,WOLFE TONE STREET,Wolfe Tone Street,False,False,OPEN,2024-12-28 07:39:21,True,False,,,53.348875,-6.267459,29,25,4,14,11,0,11,29,25,4,14,11,0,11
5873,73,dublin,FRANCIS STREET,Francis Street,False,False,OPEN,2024-12-28 07:40:19,True,False,,,53.342081,-6.275233,30,4,26,4,0,0,0,30,4,26,4,0,0,0
5874,4,dublin,GREEK STREET,Greek Street,False,False,OPEN,2024-12-28 07:41:20,True,False,,,53.346874,-6.272976,20,13,7,2,11,0,11,20,13,7,2,11,0,11
5875,49,dublin,GUILD STREET,Guild Street,False,False,OPEN,2024-12-28 07:42:09,True,False,,,53.347932,-6.240928,40,32,8,22,10,0,10,40,32,8,22,10,0,10
5876,19,dublin,HERBERT PLACE,Herbert Place,False,False,OPEN,2024-12-28 07:44:26,True,False,,,53.334432,-6.245575,30,7,23,5,2,0,2,30,7,23,5,2,0,2
5877,7,dublin,HIGH STREET,High Street,False,False,OPEN,2024-12-28 07:38:53,True,False,,,53.343565,-6.275071,29,0,29,0,0,0,0,29,0,29,0,0,0,0
5878,60,dublin,NORTH CIRCULAR ROAD,North Circular Road,False,False,OPEN,2024-12-28 07:43:01,True,False,,,53.359624,-6.260348,30,4,26,4,0,0,0,30,4,26,4,0,0,0
5879,102,dublin,WESTERN WAY,Western Way,False,False,OPEN,2024-12-28 07:39:23,True,False,,,53.354929,-6.269425,40,12,28,10,2,0,2,40,12,28,10,2,0,2
5880,38,dublin,TALBOT STREET,Talbot Street,False,False,OPEN,2024-12-28 07:46:21,True,False,,,53.350974,-6.25294,40,21,19,17,4,0,4,40,21,19,17,4,0,4
5881,53,dublin,NEWMAN HOUSE,Newman House,False,False,OPEN,2024-12-28 07:40:09,True,False,,,53.337132,-6.26059,40,11,29,11,0,0,0,40,11,29,11,0,0,0
5882,58,dublin,SIR PATRICK DUN'S,Sir Patrick's Dun,False,False,OPEN,2024-12-28 07:40:24,True,False,,,53.339218,-6.240642,40,36,4,30,6,0,6,40,36,4,30,6,0,6
5883,66,dublin,NEW CENTRAL BANK,New Central Bank,False,False,OPEN,2024-12-28 07:48:12,True,False,,,53.347122,-6.234749,40,6,34,1,5,0,5,40,6,34,1,5,0,5
5884,104,dublin,GRANGEGORMAN LOWER (CENTRAL),Grangegorman Lower (Central),False,False,OPEN,2024-12-28 07:41:14,True,False,,,53.355173,-6.278424,40,1,39,1,0,0,0,40,1,39,1,0,0,0
5885,101,dublin,KING STREET NORTH,King Street North,False,False,OPEN,2024-12-28 07:48:05,True,False,,,53.350291,-6.273507,30,9,21,7,2,0,2,30,9,21,7,2,0,2
5886,115,dublin,KILLARNEY STREET,Killarney Street,False,False,OPEN,2024-12-28 07:47:17,True,False,,,53.354845,-6.247579,30,26,4,17,9,0,9,30,26,4,17,9,0,9
5887,47,dublin,HERBERT STREET,Herbert Street,False,False,OPEN,2024-12-28 07:39:48,True,False,,,53.335742,-6.24551,40,3,37,1,2,0,2,40,3,37,1,2,0,2
5888,117,dublin,HANOVER QUAY EAST,Hanover Quay East,False,False,OPEN,2024-12-28 07:39:48,True,False,,,53.343653,-6.231755,40,6,34,2,4,0,4,40,6,34,2,4,0,4
5889,8,dublin,CUSTOM HOUSE QUAY,Custom House Quay,False,False,OPEN,2024-12-28 07:40:25,True,False,,,53.347884,-6.248048,30,20,10,13,7,0,7,30,20,10,13,7,0,7
5890,27,dublin,MOLESWORTH STREET,Molesworth Street,False,False,OPEN,2024-12-28 07:48:16,True,False,,,53.341288,-6.258117,20,4,16,2,2,0,2,20,4,16,2,2,0,2
5891,16,dublin,GEORGES QUAY,Georges Quay,False,False,OPEN,2024-12-28 07:47:14,True,False,,,53.347508,-6.252192,20,18,2,9,9,0,9,20,18,2,9,9,0,9
5892,96,dublin,KILMAINHAM LANE,Kilmainham Lane,False,False,OPEN,2024-12-28 07:47:17,True,False,,,53.341805,-6.305085,30,4,26,4,0,0,0,30,4,26,4,0,0,0
5893,82,dublin,MOUNT BROWN,Mount Brown,False,False,OPEN,2024-12-28 07:39:11,True,False,,,53.341645,-6.29719,22,11,11,2,9,0,9,22,11,11,2,9,0,9
5894,76,dublin,MARKET STREET SOUTH,Market Street South,False,False,OPEN,2024-12-28 07:47:39,True,False,,,53.342296,-6.287661,38,3,35,0,3,0,3,38,3,35,0,3,0,3
5895,71,dublin,KEVIN STREET,Kevin Street,False,False,OPEN,2024-12-28 07:48:37,True,False,,,53.337757,-6.267699,40,13,27,6,7,0,7,40,13,27,6,7,0,7
5896,79,dublin,ECCLES STREET EAST,Eccles Street East,False,False,OPEN,2024-12-28 07:40:47,True,False,,,53.358115,-6.265601,27,2,25,2,0,0,0,27,2,25,2,0,0,0
5897,69,dublin,GRAND CANAL DOCK,Grand Canal Dock,False,False,OPEN,2024-12-28 07:40:50,True,False,,,53.342638,-6.238695,40,39,1,26,13,0,13,40,39,1,26,13,0,13
5898,25,dublin,MERRION SQUARE EAST,Merrion Square East,False,False,OPEN,2024-12-28 07:45:30,True,False,,,53.339434,-6.246548,30,1,29,1,0,0,0,30,1,29,1,0,0,0
5899,51,dublin,YORK STREET WEST,York Street West,False,False,OPEN,2024-12-28 07:48:31,True,False,,,53.339334,-6.264699,40,0,0,0,0,0,0,40,0,0,0,0,0,0
5900,37,dublin,ST. STEPHEN'S GREEN SOUTH,St. Stephen's Green South,False,False,OPEN,2024-12-28 07:38:55,True,False,,,53.337494,-6.26199,30,17,13,10,7,0,7,30,17,13,10,7,0,7
5901,59,dublin,DENMARK STREET GREAT,Denmark Street Great,False,False,OPEN,2024-12-28 07:41:21,True,False,,,53.35561,-6.261397,20,0,20,0,0,0,0,20,0,20,0,0,0,0
5902,95,dublin,ROYAL HOSPITAL,Royal Hospital,False,False,OPEN,2024-12-28 07:42:11,True,False,,,53.343897,-6.29706,40,27,13,17,10,0,10,40,27,13,17,10,0,10
5903,94,dublin,HEUSTON STATION (CAR PARK),Heuston Station (Car Park),False,False,OPEN,2024-12-28 07:41:05,True,False,,,53.346985,-6.297804,40,10,30,10,0,0,0,40,10,30,10,0,0,0
5904,105,dublin,GRANGEGORMAN LOWER (NORTH),Grangegorman Lower (North),False,False,OPEN,2024-12-28 07:41:41,True,False,,,53.355954,-6.278378,36,3,33,2,1,0,1,36,3,33,2,1,0,1
5905,36,dublin,ST. STEPHEN'S GREEN EAST,St. Stephen's Green East,False,False,OPEN,2024-12-28 07:48:27,True,False,,,53.337824,-6.256035,40,17,23,8,9,0,9,40,17,23,8,9,0,9
5906,93,dublin,HEUSTON STATION (CENTRAL),Heuston Station (Central),False,False,OPEN,2024-12-28 07:39:02,True,False,,,53.346603,-6.296924,40,13,27,13,0,0,0,40,13,27,13,0,0,0
5907,22,dublin,TOWNSEND STREET,Townsend Street,False,False,OPEN,2024-12-28 07:39:19,True,False,,,53.345922,-6.254614,20,13,7,11,2,0,2,20,13,7,11,2,0,2
5908,50,dublin,GEORGES LANE,George's Lane,False,False,OPEN,2024-12-28 07:41:30,True,False,,,53.35023,-6.279696,40,9,31,8,1,0,1,40,9,31,8,1,0,1
5909,110,dublin,PHIBSBOROUGH ROAD,Phibsborough Road,False,False,OPEN,2024-12-28 07:48:14,True,False,,,53.356307,-6.273717,40,6,33,0,6,0,6,40,6,33,0,6,0,6
5910,12,dublin,ECCLES STREET,Eccles Street,False,False,OPEN,2024-12-28 07:39:57,True,False,,,53.359246,-6.269779,20,2,18,2,0,0,0,20,2,18,2,0,0,0
5911,34,dublin,PORTOBELLO HARBOUR,Portobello Harbour,False,False,OPEN,2024-12-28 07:45:34,True,False,,,53.330362,-6.265163,30,19,11,10,9,0,9,30,19,11,10,9,0,9
5912,78,dublin,MATER HOSPITAL,Mater Hospital,False,False,OPEN,2024-12-28 07:40:34,True,False,,,53.359967,-6.264828,40,3,37,2,1,0,1,40,3,37,2,1,0,1
5913,2,dublin,BLESSINGTON STREET,Blessington Street,False,False,OPEN,2024-12-28 07:48:42,True,False,,,53.356769,-6.26814,20,1,19,1,0,0,0,20,1,19,1,0,0,0
5914,75,dublin,JAMES STREET,James Street,False,False,OPEN,2024-12-28 07:41:38,True,False,,,53.343456,-6.287409,40,5,35,4,1,0,1,40,5,35,4,1,0,1
5915,111,dublin,MOUNTJOY SQUARE EAST,Mountjoy Square East,False,False,OPEN,2024-12-28 07:48:53,True,False,,,53.356717,-6.256359,40,0,40,0,0,0,0,40,0,40,0,0,0,0
5916,26,dublin,MERRION SQUARE WEST,Merrion Square West,False,False,OPEN,2024-12-28 07:38:52,True,False,,,53.339764,-6.251988,20,12,8,4,8,0,8,20,12,8,4,8,0,8
5917,65,dublin,CONVENTION CENTRE,Convention Centre,False,False,OPEN,2024-12-28 07:42:09,True,False,,,53.34744,-6.238523,40,11,29,9,2,0,2,40,11,29,9,2,0,2
5918,15,dublin,HARDWICKE STREET,Hardwicke Street,False,False,OPEN,2024-12-28 07:41:44,True,False,,,53.355473,-6.264423,16,1,15,1,0,0,0,16,1,15,1,0,0,0
5919,86,dublin,PARKGATE STREET,Parkgate Street,False,False,OPEN,2024-12-28 07:47:51,True,False,,,53.347972,-6.291804,38,33,5,3,30,0,30,38,33,5,3,30,0,30
5920,35,dublin,SMITHFIELD,Smithfield,False,False,OPEN,2024-12-28 07:42:21,True,False,,,53.347692,-6.278214,30,8,22,6,2,0,2,30,8,22,6,2,0,2
5921,10,dublin,DAME STREET,Dame Street,False,False,OPEN,2024-12-28 07:42:32,True,False,,,53.344007,-6.266802,16,13,3,11,2,0,2,16,13,3,11,2,0,2
5922,100,dublin,HEUSTON BRIDGE (SOUTH),Heuston Bridge (South),False,False,OPEN,2024-12-28 07:43:01,True,False,,,53.347106,-6.292041,25,16,9,7,9,0,9,25,16,9,7,9,0,9
5923,24,dublin,CATHAL BRUGHA STREET,Cathal Brugha Street,False,False,OPEN,2024-12-28 07:41:35,True,False,,,53.352149,-6.260533,20,14,6,11,3,0,3,20,14,6,11,3,0,3
5924,64,dublin,SANDWITH STREET,Sandwith Street,False,False,OPEN,2024-12-28 07:41:19,True,False,,,53.345203,-6.247163,40,22,18,18,4,0,4,40,22,18,18,4,0,4
5925,109,dublin,BUCKINGHAM STREET LOWER,Buckingham Street Lower,False,False,OPEN,2024-12-28 07:41:22,True,False,,,53.353331,-6.249319,29,12,17,3,9,0,9,29,12,17,3,9,0,9
5926,85,dublin,ROTHE ABBEY,Rothe Abbey,False,False,OPEN,2024-12-28 07:42:47,True,False,,,53.338776,-6.30395,35,30,5,16,14,0,14,35,30,5,16,14,0,14
5927,107,dublin,CHARLEVILLE ROAD,Charleville Road,False,False,OPEN,2024-12-28 07:41:58,True,False,,,53.359157,-6.281866,40,16,24,9,7,0,7,40,16,24,9,7,0,7
5928,33,dublin,PRINCES STREET / O'CONNELL STREET,Princes Street / O'Connell Street,False,False,OPEN,2024-12-28 07:44:30,True,False,,,53.349013,-6.260311,23,16,7,8,8,0,8,23,16,7,8,8,0,8
5929,44,dublin,UPPER SHERRARD STREET,Upper Sherrard Street,False,False,OPEN,2024-12-28 07:41:48,True,False,,,53.358437,-6.260641,30,7,23,6,1,0,1,30,7,23,6,1,0,1
5930,89,dublin,FITZWILLIAM SQUARE EAST,Fitzwilliam Square East,False,False,OPEN,2024-12-28 07:48:31,True,False,,,53.335211,-6.2509,40,22,17,12,10,0,10,40,22,17,12,10,0,10
5931,57,dublin,GRATTAN STREET,Grattan Street,False,False,OPEN,2024-12-28 07:39:16,True,False,,,53.339629,-6.243778,23,5,18,4,1,0,1,23,5,18,4,1,0,1
5932,80,dublin,ST JAMES HOSPITAL (LUAS),St James Hospital (Luas),False,False,OPEN,2024-12-28 07:41:38,True,False,,,53.341359,-6.292951,40,2,38,2,0,0,0,40,2,38,2,0,0,0
5933,41,dublin,HARCOURT TERRACE,Harcourt Terrace,False,False,OPEN,2024-12-28 07:47:57,True,False,,,53.332763,-6.257942,20,1,19,1,0,0,0,20,1,19,1,0,0,0
5934,3,dublin,BOLTON STREET,Bolton Street,False,False,OPEN,2024-12-28 07:47:40,True,False,,,53.351182,-6.269859,20,5,15,5,0,0,0,20,5,15,5,0,0,0
5935,40,dublin,JERVIS STREET,Jervis Street,False,False,OPEN,2024-12-28 07:41:19,True,False,,,53.3483,-6.266651,21,11,10,7,4,0,4,21,11,10,7,4,0,4
5936,29,dublin,ORMOND QUAY UPPER,Ormond Quay Upper,False,False,OPEN,2024-12-28 07:41:56,True,False,,,53.346057,-6.268001,29,29,0,16,13,0,13,29,29,0,16,13,0,13
5937,103,dublin,GRANGEGORMAN LOWER (SOUTH),Grangegorman Lower (South),False,False,OPEN,2024-12-28 07:40:03,True,False,,,53.354663,-6.278681,40,0,40,0,0,0,0,40,0,40,0,0,0,0
5938,28,dublin,MOUNTJOY SQUARE WEST,Mountjoy Square West,False,False,OPEN,2024-12-28 07:39:30,True,False,,,53.356299,-6.258586,30,1,29,1,0,0,0,30,1,29,1,0,0,0
5939,39,dublin,WILTON TERRACE,Wilton Terrace,False,False,OPEN,2024-12-28 07:41:13,True,False,,,53.332383,-6.252717,20,2,18,0,2,0,2,20,2,18,0,2,0,2
5940,83,dublin,EMMET ROAD,Emmet Road,False,False,OPEN,2024-12-28 07:40:49,True,False,,,53.340714,-6.308191,40,11,28,9,2,0,2,40,11,28,9,2,0,2
5941,92,dublin,HEUSTON BRIDGE (NORTH),Heuston Bridge (North),False,False,OPEN,2024-12-28 07:48:32,True,False,,,53.347802,-6.292432,40,39,1,29,10,0,10,40,39,1,29,10,0,10
5942,21,dublin,LEINSTER STREET SOUTH,Leinster Street South,False,False,OPEN,2024-12-28 07:48:32,True,False,,,53.34218,-6.254485,30,2,28,2,0,0,0,30,2,28,2,0,0,0
5943,88,dublin,BLACKHALL PLACE,Blackhall Place,False,False,OPEN,2024-12-28 07:39:28,True,False,,,53.3488,-6.281637,30,4,26,1,3,0,3,30,4,26,1,3,0,3
5944,42,dublin,SMITHFIELD NORTH,Smithfield North,False,False,OPEN,2024-12-28 07:59:25,True,False,,,53.349562,-6.278198,30,8,22,5,3,0,3,30,8,22,5,3,0,3
5945,30,dublin,PARNELL SQUARE NORTH,Parnell Square North,False,False,OPEN,2024-12-28 08:02:32,True,False,,,53.3537415547453,-6.26530144781526,20,6,14,4,2,0,2,20,6,14,4,2,0,2
5946,54,dublin,CLONMEL STREET,Clonmel Street,False,False,OPEN,2024-12-28 08:08:33,True,False,,,53.336021,-6.26298,33,15,18,5,10,0,10,33,15,18,5,10,0,10
5947,108,dublin,AVONDALE ROAD,Avondale Road,False,False,OPEN,2024-12-28 07:59:48,True,False,,,53.359405,-6.276142,35,15,20,11,4,0,4,35,15,20,11,4,0,4
5948,20,dublin,JAMES STREET EAST,James Street East,False,False,OPEN,2024-12-28 08:02:21,True,False,,,53.336597,-6.248109,30,2,28,2,0,0,0,30,2,28,2,0,0,0
5949,56,dublin,MOUNT STREET LOWER,Mount Street Lower,False,False,OPEN,2024-12-28 08:08:24,True,False,,,53.33796,-6.24153,40,23,15,10,13,0,13,40,23,15,10,13,0,13
5950,6,dublin,CHRISTCHURCH PLACE,Christchurch Place,False,False,OPEN,2024-12-28 08:08:37,True,False,,,53.343368,-6.27012,20,3,17,1,2,0,2,20,3,17,1,2,0,2
5951,18,dublin,GRANTHAM STREET,Grantham Street,False,False,OPEN,2024-12-28 08:04:59,True,False,,,53.334123,-6.265436,30,11,19,3,8,0,8,30,11,19,3,8,0,8
5952,32,dublin,PEARSE STREET,Pearse Street,False,False,OPEN,2024-12-28 08:08:31,True,False,,,53.344304,-6.250427,30,20,8,14,6,0,6,30,20,8,14,6,0,6
5953,52,dublin,YORK STREET EAST,York Street East,False,False,OPEN,2024-12-28 07:59:39,True,False,,,53.338755,-6.262003,32,28,4,18,10,0,10,32,28,4,18,10,0,10
5954,48,dublin,EXCISE WALK,Excise Walk,False,False,OPEN,2024-12-28 07:59:42,True,False,,,53.347777,-6.244239,40,2,38,0,2,0,2,40,2,38,0,2,0,2
5955,13,dublin,FITZWILLIAM SQUARE WEST,Fitzwilliam Square West,False,False,OPEN,2024-12-28 08:00:18,True,False,,,53.336074,-6.252825,30,27,3,11,16,0,16,30,27,3,11,16,0,16
5956,43,dublin,PORTOBELLO ROAD,Portobello Road,False,False,OPEN,2024-12-28 08:03:35,True,False,,,53.330091,-6.268044,30,7,23,4,3,0,3,30,7,23,4,3,0,3
5957,31,dublin,PARNELL STREET,Parnell Street,False,False,OPEN,2024-12-28 08:08:15,True,False,,,53.350929,-6.265125,20,17,1,12,5,0,5,20,17,1,12,5,0,5
5958,98,dublin,FREDERICK STREET SOUTH,Frederick Street South,False,False,OPEN,2024-12-28 08:00:57,True,False,,,53.341515,-6.256853,40,19,21,9,10,0,10,40,19,21,9,10,0,10
5959,14,dublin,FOWNES STREET UPPER,Fownes Street Upper,False,False,OPEN,2024-12-28 08:01:35,True,False,,,53.344603,-6.263371,30,11,19,6,5,0,5,30,11,19,6,5,0,5
5960,1,dublin,CLARENDON ROW,Clarendon Row,False,False,OPEN,2024-12-28 08:01:07,True,False,,,53.340927,-6.262501,31,30,1,20,10,0,10,31,30,1,20,10,0,10
5961,23,dublin,CUSTOM HOUSE,Custom House,False,False,OPEN,2024-12-28 08:00:13,True,False,,,53.348279,-6.254662,30,18,12,8,10,0,10,30,18,12,8,10,0,10
5962,106,dublin,RATHDOWN ROAD,Rathdown Road,False,False,OPEN,2024-12-28 07:58:58,True,False,,,53.35893,-6.280337,40,0,40,0,0,0,0,40,0,40,0,0,0,0
5963,112,dublin,NORTH CIRCULAR ROAD (O'CONNELL'S),North Circular Road (O'Connell's),False,False,OPEN,2024-12-28 08:01:24,True,False,,,53.357841,-6.251557,30,3,27,2,1,0,1,30,3,27,2,1,0,1
5964,68,dublin,HANOVER QUAY,Hanover Quay,False,False,OPEN,2024-12-28 08:02:18,True,False,,,53.344115,-6.237153,40,29,11,19,10,0,10,40,29,11,19,10,0,10
5965,74,dublin,OLIVER BOND STREET,Oliver Bond Street,False,False,OPEN,2024-12-28 08:01:15,True,False,,,53.343893,-6.280531,30,22,8,17,5,0,5,30,22,8,17,5,0,5
5966,87,dublin,COLLINS BARRACKS MUSEUM,Collins Barracks Museum,False,False,OPEN,2024-12-28 08:01:30,True,False,,,53.347477,-6.28525,38,23,15,13,10,0,10,38,23,15,13,10,0,10
5967,84,dublin,BROOKFIELD ROAD,Brookfield Road,False,False,OPEN,2024-12-28 08:01:22,True,False,,,53.339005,-6.300217,30,12,17,7,5,0,5,30,12,17,7,5,0,5
5968,90,dublin,BENSON STREET,Benson Street,False,False,OPEN,2024-12-28 08:02:26,True,False,,,53.344153,-6.233451,40,9,31,7,2,0,2,40,9,31,7,2,0,2
5969,11,dublin,EARLSFORT TERRACE,Earlsfort Terrace,False,False,OPEN,2024-12-28 08:08:19,True,False,,,53.334295,-6.258503,30,17,13,13,4,0,4,30,17,13,13,4,0,4
5970,17,dublin,GOLDEN LANE,Golden Lane,False,False,OPEN,2024-12-28 07:59:00,True,False,,,53.340803,-6.267732,20,14,5,4,10,0,10,20,14,5,4,10,0,10
5971,45,dublin,DEVERELL PLACE,Deverell Place,False,False,OPEN,2024-12-28 08:02:10,True,False,,,53.351464,-6.255265,30,13,17,7,6,0,6,30,13,17,7,6,0,6
5972,114,dublin,WILTON TERRACE (PARK),Wilton Terrace (Park),False,False,OPEN,2024-12-28 08:05:16,True,False,,,53.333653,-6.248345,40,0,40,0,0,0,0,40,0,40,0,0,0,0
5973,72,dublin,JOHN STREET WEST,John Street West,False,False,OPEN,2024-12-28 08:00:10,True,False,,,53.343105,-6.277167,31,0,31,0,0,0,0,31,0,31,0,0,0,0
5974,63,dublin,FENIAN STREET,Fenian Street,False,False,OPEN,2024-12-28 08:01:40,True,False,,,53.341428,-6.24672,35,20,15,10,10,0,10,35,20,15,10,10,0,10
5975,113,dublin,MERRION SQUARE SOUTH,Merrion Square South,False,False,OPEN,2024-12-28 08:00:34,True,False,,,53.338614,-6.248606,40,6,23,5,1,0,1,40,6,23,5,1,0,1
5976,91,dublin,SOUTH DOCK ROAD,South Dock Road,False,False,OPEN,2024-12-28 08:08:20,True,False,,,53.341833,-6.231291,30,25,2,15,10,0,10,30,25,2,15,10,0,10
5977,99,dublin,CITY QUAY,City Quay,False,False,OPEN,2024-12-28 08:00:48,True,False,,,53.346637,-6.246154,30,18,12,9,9,0,9,30,18,12,9,9,0,9
5978,9,dublin,EXCHEQUER STREET,Exchequer Street,False,False,OPEN,2024-12-28 08:02:01,True,False,,,53.343034,-6.263578,24,14,10,4,10,0,10,24,14,10,4,10,0,10
5979,67,dublin,THE POINT,The Point,False,False,OPEN,2024-12-28 08:00:40,True,False,,,53.346867,-6.230852,40,20,20,10,10,0,10,40,20,20,10,10,0,10
5980,116,dublin,BROADSTONE,Broadstone,False,False,OPEN,2024-12-28 08:07:48,True,False,,,53.3547,-6.272314,30,17,13,6,11,0,11,30,17,13,6,11,0,11
5981,55,dublin,HATCH STREET,Hatch Street,False,False,OPEN,2024-12-28 08:02:21,True,False,,,53.33403,-6.260714,36,15,20,9,6,0,6,36,15,20,9,6,0,6
5982,62,dublin,LIME STREET,Lime Street,False,False,OPEN,2024-12-28 07:59:08,True,False,,,53.346026,-6.243576,40,16,24,5,11,0,11,40,16,24,5,11,0,11
5983,5,dublin,CHARLEMONT PLACE,Charlemont Street,False,False,OPEN,2024-12-28 08:02:07,True,False,,,53.330662,-6.260177,40,11,29,8,3,0,3,40,11,29,8,3,0,3
5984,97,dublin,KILMAINHAM GAOL,Kilmainham Gaol,False,False,OPEN,2024-12-28 07:58:55,True,False,,,53.342113,-6.310015,40,7,33,4,3,0,3,40,7,33,4,3,0,3
5985,61,dublin,HARDWICKE PLACE,Hardwicke Place,False,False,OPEN,2024-12-28 08:08:11,True,False,,,53.357043,-6.263232,25,0,25,0,0,0,0,25,0,25,0,0,0,0
5986,77,dublin,WOLFE TONE STREET,Wolfe Tone Street,False,False,OPEN,2024-12-28 07:59:30,True,False,,,53.348875,-6.267459,29,26,3,15,11,0,11,29,26,3,15,11,0,11
5987,73,dublin,FRANCIS STREET,Francis Street,False,False,OPEN,2024-12-28 08:00:27,True,False,,,53.342081,-6.275233,30,4,26,4,0,0,0,30,4,26,4,0,0,0
5988,4,dublin,GREEK STREET,Greek Street,False,False,OPEN,2024-12-28 08:01:31,True,False,,,53.346874,-6.272976,20,13,7,2,11,0,11,20,13,7,2,11,0,11
5989,49,dublin,GUILD STREET,Guild Street,False,False,OPEN,2024-12-28 08:08:05,True,False,,,53.347932,-6.240928,40,33,7,23,10,0,10,40,33,7,23,10,0,10
5990,19,dublin,HERBERT PLACE,Herbert Place,False,False,OPEN,2024-12-28 08:01:28,True,False,,,53.334432,-6.245575,30,10,20,7,3,0,3,30,10,20,7,3,0,3
5991,7,dublin,HIGH STREET,High Street,False,False,OPEN,2024-12-28 07:59:02,True,False,,,53.343565,-6.275071,29,0,29,0,0,0,0,29,0,29,0,0,0,0
5992,60,dublin,NORTH CIRCULAR ROAD,North Circular Road,False,False,OPEN,2024-12-28 08:08:35,True,False,,,53.359624,-6.260348,30,2,28,2,0,0,0,30,2,28,2,0,0,0
5993,102,dublin,WESTERN WAY,Western Way,False,False,OPEN,2024-12-28 08:06:10,True,False,,,53.354929,-6.269425,40,11,29,10,1,0,1,40,11,29,10,1,0,1
5994,38,dublin,TALBOT STREET,Talbot Street,False,False,OPEN,2024-12-28 08:00:25,True,False,,,53.350974,-6.25294,40,21,19,17,4,0,4,40,21,19,17,4,0,4
5995,53,dublin,NEWMAN HOUSE,Newman House,False,False,OPEN,2024-12-28 08:00:17,True,False,,,53.337132,-6.26059,40,11,29,11,0,0,0,40,11,29,11,0,0,0
5996,58,dublin,SIR PATRICK DUN'S,Sir Patrick's Dun,False,False,OPEN,2024-12-28 08:05:38,True,False,,,53.339218,-6.240642,40,19,21,16,3,0,3,40,19,21,16,3,0,3
5997,66,dublin,NEW CENTRAL BANK,New Central Bank,False,False,OPEN,2024-12-28 08:08:22,True,False,,,53.347122,-6.234749,40,5,35,0,5,0,5,40,5,35,0,5,0,5
5998,104,dublin,GRANGEGORMAN LOWER (CENTRAL),Grangegorman Lower (Central),False,False,OPEN,2024-12-28 08:01:25,True,False,,,53.355173,-6.278424,40,1,39,1,0,0,0,40,1,39,1,0,0,0
5999,101,dublin,KING STREET NORTH,King Street North,False,False,OPEN,2024-12-28 08:08:14,True,False,,,53.350291,-6.273507,30,10,20,7,3,0,3,30,10,20,7,3,0,3
6000,115,dublin,KILLARNEY STREET,Killarney Street,False,False,OPEN,2024-12-28 08:06:18,True,False,,,53.354845,-6.247579,30,24,6,15,9,0,9,30,24,6,15,9,0,9
6001,47,dublin,HERBERT STREET,Herbert Street,False,False,OPEN,2024-12-28 07:59:59,True,False,,,53.335742,-6.24551,40,3,37,1,2,0,2,40,3,37,1,2,0,2
6002,117,dublin,HANOVER QUAY EAST,Hanover Quay East,False,False,OPEN,2024-12-28 07:59:58,True,False,,,53.343653,-6.231755,40,6,34,2,4,0,4,40,6,34,2,4,0,4
6003,8,dublin,CUSTOM HOUSE QUAY,Custom House Quay,False,False,OPEN,2024-12-28 08:00:36,True,False,,,53.347884,-6.248048,30,21,9,14,7,0,7,30,21,9,14,7,0,7
6004,27,dublin,MOLESWORTH STREET,Molesworth Street,False,False,OPEN,2024-12-28 08:08:24,True,False,,,53.341288,-6.258117,20,5,15,3,2,0,2,20,5,15,3,2,0,2
6005,16,dublin,GEORGES QUAY,Georges Quay,False,False,OPEN,2024-12-28 08:07:24,True,False,,,53.347508,-6.252192,20,18,2,9,9,0,9,20,18,2,9,9,0,9
6006,96,dublin,KILMAINHAM LANE,Kilmainham Lane,False,False,OPEN,2024-12-28 08:07:25,True,False,,,53.341805,-6.305085,30,4,26,4,0,0,0,30,4,26,4,0,0,0
6007,82,dublin,MOUNT BROWN,Mount Brown,False,False,OPEN,2024-12-28 07:59:19,True,False,,,53.341645,-6.29719,22,11,11,2,9,0,9,22,11,11,2,9,0,9
6008,76,dublin,MARKET STREET SOUTH,Market Street South,False,False,OPEN,2024-12-28 08:07:48,True,False,,,53.342296,-6.287661,38,3,35,0,3,0,3,38,3,35,0,3,0,3
6009,71,dublin,KEVIN STREET,Kevin Street,False,False,OPEN,2024-12-28 08:08:47,True,False,,,53.337757,-6.267699,40,12,27,6,6,0,6,40,12,27,6,6,0,6
6010,79,dublin,ECCLES STREET EAST,Eccles Street East,False,False,OPEN,2024-12-28 08:00:56,True,False,,,53.358115,-6.265601,27,3,24,3,0,0,0,27,3,24,3,0,0,0
6011,69,dublin,GRAND CANAL DOCK,Grand Canal Dock,False,False,OPEN,2024-12-28 08:00:59,True,False,,,53.342638,-6.238695,40,38,0,24,14,0,14,40,38,0,24,14,0,14
6012,25,dublin,MERRION SQUARE EAST,Merrion Square East,False,False,OPEN,2024-12-28 08:05:41,True,False,,,53.339434,-6.246548,30,1,29,1,0,0,0,30,1,29,1,0,0,0
6013,51,dublin,YORK STREET WEST,York Street West,False,False,OPEN,2024-12-28 08:08:40,True,False,,,53.339334,-6.264699,40,0,0,0,0,0,0,40,0,0,0,0,0,0
6014,37,dublin,ST. STEPHEN'S GREEN SOUTH,St. Stephen's Green South,False,False,OPEN,2024-12-28 07:59:06,True,False,,,53.337494,-6.26199,30,17,13,10,7,0,7,30,17,13,10,7,0,7
6015,59,dublin,DENMARK STREET GREAT,Denmark Street Great,False,False,OPEN,2024-12-28 08:01:32,True,False,,,53.35561,-6.261397,20,0,20,0,0,0,0,20,0,20,0,0,0,0
6016,95,dublin,ROYAL HOSPITAL,Royal Hospital,False,False,OPEN,2024-12-28 08:02:21,True,False,,,53.343897,-6.29706,40,26,14,16,10,0,10,40,26,14,16,10,0,10
6017,94,dublin,HEUSTON STATION (CAR PARK),Heuston Station (Car Park),False,False,OPEN,2024-12-28 08:01:12,True,False,,,53.346985,-6.297804,40,10,30,10,0,0,0,40,10,30,10,0,0,0
6018,105,dublin,GRANGEGORMAN LOWER (NORTH),Grangegorman Lower (North),False,False,OPEN,2024-12-28 08:01:48,True,False,,,53.355954,-6.278378,36,3,33,2,1,0,1,36,3,33,2,1,0,1
6019,36,dublin,ST. STEPHEN'S GREEN EAST,St. Stephen's Green East,False,False,OPEN,2024-12-28 08:08:37,True,False,,,53.337824,-6.256035,40,17,23,8,9,0,9,40,17,23,8,9,0,9
6020,93,dublin,HEUSTON STATION (CENTRAL),Heuston Station (Central),False,False,OPEN,2024-12-28 07:59:11,True,False,,,53.346603,-6.296924,40,13,27,13,0,0,0,40,13,27,13,0,0,0
6021,22,dublin,TOWNSEND STREET,Townsend Street,False,False,OPEN,2024-12-28 07:59:30,True,False,,,53.345922,-6.254614,20,13,7,11,2,0,2,20,13,7,11,2,0,2
6022,50,dublin,GEORGES LANE,George's Lane,False,False,OPEN,2024-12-28 08:02:06,True,False,,,53.35023,-6.279696,40,7,31,5,2,0,2,40,7,31,5,2,0,2
6023,110,dublin,PHIBSBOROUGH ROAD,Phibsborough Road,False,False,OPEN,2024-12-28 08:06:11,True,False,,,53.356307,-6.273717,40,6,33,0,6,0,6,40,6,33,0,6,0,6
6024,12,dublin,ECCLES STREET,Eccles Street,False,False,OPEN,2024-12-28 08:05:48,True,False,,,53.359246,-6.269779,20,1,19,1,0,0,0,20,1,19,1,0,0,0
6025,34,dublin,PORTOBELLO HARBOUR,Portobello Harbour,False,False,OPEN,2024-12-28 08:00:10,True,False,,,53.330362,-6.265163,30,19,11,10,9,0,9,30,19,11,10,9,0,9
6026,78,dublin,MATER HOSPITAL,Mater Hospital,False,False,OPEN,2024-12-28 08:00:44,True,False,,,53.359967,-6.264828,40,2,38,1,1,0,1,40,2,38,1,1,0,1
6027,2,dublin,BLESSINGTON STREET,Blessington Street,False,False,OPEN,2024-12-28 08:08:49,True,False,,,53.356769,-6.26814,20,1,19,1,0,0,0,20,1,19,1,0,0,0
6028,75,dublin,JAMES STREET,James Street,False,False,OPEN,2024-12-28 08:01:46,True,False,,,53.343456,-6.287409,40,5,35,4,1,0,1,40,5,35,4,1,0,1
6029,111,dublin,MOUNTJOY SQUARE EAST,Mountjoy Square East,False,False,OPEN,2024-12-28 07:58:59,True,False,,,53.356717,-6.256359,40,0,40,0,0,0,0,40,0,40,0,0,0,0
6030,26,dublin,MERRION SQUARE WEST,Merrion Square West,False,False,OPEN,2024-12-28 07:59:04,True,False,,,53.339764,-6.251988,20,13,7,5,8,0,8,20,13,7,5,8,0,8
6031,65,dublin,CONVENTION CENTRE,Convention Centre,False,False,OPEN,2024-12-28 08:02:18,True,False,,,53.34744,-6.238523,40,11,29,9,2,0,2,40,11,29,9,2,0,2
6032,15,dublin,HARDWICKE STREET,Hardwicke Street,False,False,OPEN,2024-12-28 08:06:57,True,False,,,53.355473,-6.264423,16,0,16,0,0,0,0,16,0,16,0,0,0,0
6033,86,dublin,PARKGATE STREET,Parkgate Street,False,False,OPEN,2024-12-28 08:07:59,True,False,,,53.347972,-6.291804,38,33,5,3,30,0,30,38,33,5,3,30,0,30
6034,35,dublin,SMITHFIELD,Smithfield,False,False,OPEN,2024-12-28 08:06:37,True,False,,,53.347692,-6.278214,30,7,23,5,2,0,2,30,7,23,5,2,0,2
6035,10,dublin,DAME STREET,Dame Street,False,False,OPEN,2024-12-28 08:02:41,True,False,,,53.344007,-6.266802,16,13,3,11,2,0,2,16,13,3,11,2,0,2
6036,100,dublin,HEUSTON BRIDGE (SOUTH),Heuston Bridge (South),False,False,OPEN,2024-12-28 08:04:55,True,False,,,53.347106,-6.292041,25,17,8,8,9,0,9,25,17,8,8,9,0,9
6037,24,dublin,CATHAL BRUGHA STREET,Cathal Brugha Street,False,False,OPEN,2024-12-28 08:01:47,True,False,,,53.352149,-6.260533,20,15,5,12,3,0,3,20,15,5,12,3,0,3
6038,64,dublin,SANDWITH STREET,Sandwith Street,False,False,OPEN,2024-12-28 08:01:30,True,False,,,53.345203,-6.247163,40,22,18,18,4,0,4,40,22,18,18,4,0,4
6039,109,dublin,BUCKINGHAM STREET LOWER,Buckingham Street Lower,False,False,OPEN,2024-12-28 08:01:30,True,False,,,53.353331,-6.249319,29,12,17,3,9,0,9,29,12,17,3,9,0,9
6040,85,dublin,ROTHE ABBEY,Rothe Abbey,False,False,OPEN,2024-12-28 08:03:00,True,False,,,53.338776,-6.30395,35,28,5,15,13,0,13,35,28,5,15,13,0,13
6041,107,dublin,CHARLEVILLE ROAD,Charleville Road,False,False,OPEN,2024-12-28 07:59:23,True,False,,,53.359157,-6.281866,40,16,24,9,7,0,7,40,16,24,9,7,0,7
6042,33,dublin,PRINCES STREET / O'CONNELL STREET,Princes Street / O'Connell Street,False,False,OPEN,2024-12-28 08:05:02,True,False,,,53.349013,-6.260311,23,19,4,11,8,0,8,23,19,4,11,8,0,8
6043,44,dublin,UPPER SHERRARD STREET,Upper Sherrard Street,False,False,OPEN,2024-12-28 08:02:00,True,False,,,53.358437,-6.260641,30,6,24,6,0,0,0,30,6,24,6,0,0,0
6044,89,dublin,FITZWILLIAM SQUARE EAST,Fitzwilliam Square East,False,False,OPEN,2024-12-28 08:01:17,True,False,,,53.335211,-6.2509,40,22,17,12,10,0,10,40,22,17,12,10,0,10
6045,57,dublin,GRATTAN STREET,Grattan Street,False,False,OPEN,2024-12-28 07:59:24,True,False,,,53.339629,-6.243778,23,5,18,4,1,0,1,23,5,18,4,1,0,1
6046,80,dublin,ST JAMES HOSPITAL (LUAS),St James Hospital (Luas),False,False,OPEN,2024-12-28 08:04:34,True,False,,,53.341359,-6.292951,40,1,39,1,0,0,0,40,1,39,1,0,0,0
6047,41,dublin,HARCOURT TERRACE,Harcourt Terrace,False,False,OPEN,2024-12-28 08:08:07,True,False,,,53.332763,-6.257942,20,1,19,1,0,0,0,20,1,19,1,0,0,0
6048,3,dublin,BOLTON STREET,Bolton Street,False,False,OPEN,2024-12-28 08:00:07,True,False,,,53.351182,-6.269859,20,4,16,4,0,0,0,20,4,16,4,0,0,0
6049,40,dublin,JERVIS STREET,Jervis Street,False,False,OPEN,2024-12-28 08:02:01,True,False,,,53.3483,-6.266651,21,12,9,8,4,0,4,21,12,9,8,4,0,4
6050,29,dublin,ORMOND QUAY UPPER,Ormond Quay Upper,False,False,OPEN,2024-12-28 08:02:06,True,False,,,53.346057,-6.268001,29,29,0,16,13,0,13,29,29,0,16,13,0,13
6051,103,dublin,GRANGEGORMAN LOWER (SOUTH),Grangegorman Lower (South),False,False,OPEN,2024-12-28 08:00:11,True,False,,,53.354663,-6.278681,40,0,40,0,0,0,0,40,0,40,0,0,0,0
6052,28,dublin,MOUNTJOY SQUARE WEST,Mountjoy Square West,False,False,OPEN,2024-12-28 08:01:23,True,False,,,53.356299,-6.258586,30,2,28,2,0,0,0,30,2,28,2,0,0,0
6053,39,dublin,WILTON TERRACE,Wilton Terrace,False,False,OPEN,2024-12-28 08:01:23,True,False,,,53.332383,-6.252717,20,1,19,0,1,0,1,20,1,19,0,1,0,1
6054,83,dublin,EMMET ROAD,Emmet Road,False,False,OPEN,2024-12-28 08:06:50,True,False,,,53.340714,-6.308191,40,11,27,9,2,0,2,40,11,27,9,2,0,2
6055,92,dublin,HEUSTON BRIDGE (NORTH),Heuston Bridge (North),False,False,OPEN,2024-12-28 08:08:41,True,False,,,53.347802,-6.292432,40,38,1,29,9,0,9,40,38,1,29,9,0,9
6056,21,dublin,LEINSTER STREET SOUTH,Leinster Street South,False,False,OPEN,2024-12-28 08:08:41,True,False,,,53.34218,-6.254485,30,2,28,2,0,0,0,30,2,28,2,0,0,0
6057,88,dublin,BLACKHALL PLACE,Blackhall Place,False,False,OPEN,2024-12-28 07:59:39,True,False,,,53.3488,-6.281637,30,3,27,0,3,0,3,30,3,27,0,3,0,3
6058,42,dublin,SMITHFIELD NORTH,Smithfield North,False,False,OPEN,2024-12-28 08:19:36,True,False,,,53.349562,-6.278198,30,9,21,6,3,0,3,30,9,21,6,3,0,3
6059,30,dublin,PARNELL SQUARE NORTH,Parnell Square North,False,False,OPEN,2024-12-28 08:22:43,True,False,,,53.3537415547453,-6.26530144781526,20,6,14,4,2,0,2,20,6,14,4,2,0,2
6060,54,dublin,CLONMEL STREET,Clonmel Street,False,False,OPEN,2024-12-28 08:28:43,True,False,,,53.336021,-6.26298,33,15,18,5,10,0,10,33,15,18,5,10,0,10
6061,108,dublin,AVONDALE ROAD,Avondale Road,False,False,OPEN,2024-12-28 08:19:55,True,False,,,53.359405,-6.276142,35,15,20,11,4,0,4,35,15,20,11,4,0,4
6062,20,dublin,JAMES STREET EAST,James Street East,False,False,OPEN,2024-12-28 08:22:29,True,False,,,53.336597,-6.248109,30,2,28,2,0,0,0,30,2,28,2,0,0,0
6063,56,dublin,MOUNT STREET LOWER,Mount Street Lower,False,False,OPEN,2024-12-28 08:28:32,True,False,,,53.33796,-6.24153,40,24,14,11,13,0,13,40,24,14,11,13,0,13
6064,6,dublin,CHRISTCHURCH PLACE,Christchurch Place,False,False,OPEN,2024-12-28 08:28:45,True,False,,,53.343368,-6.27012,20,3,17,1,2,0,2,20,3,17,1,2,0,2
6065,18,dublin,GRANTHAM STREET,Grantham Street,False,False,OPEN,2024-12-28 08:21:12,True,False,,,53.334123,-6.265436,30,11,19,3,8,0,8,30,11,19,3,8,0,8
6066,32,dublin,PEARSE STREET,Pearse Street,False,False,OPEN,2024-12-28 08:28:39,True,False,,,53.344304,-6.250427,30,20,8,14,6,0,6,30,20,8,14,6,0,6
6067,52,dublin,YORK STREET EAST,York Street East,False,False,OPEN,2024-12-28 08:19:48,True,False,,,53.338755,-6.262003,32,28,4,18,10,0,10,32,28,4,18,10,0,10
6068,48,dublin,EXCISE WALK,Excise Walk,False,False,OPEN,2024-12-28 08:19:50,True,False,,,53.347777,-6.244239,40,2,38,0,2,0,2,40,2,38,0,2,0,2
6069,13,dublin,FITZWILLIAM SQUARE WEST,Fitzwilliam Square West,False,False,OPEN,2024-12-28 08:20:26,True,False,,,53.336074,-6.252825,30,27,3,11,16,0,16,30,27,3,11,16,0,16
6070,43,dublin,PORTOBELLO ROAD,Portobello Road,False,False,OPEN,2024-12-28 08:20:24,True,False,,,53.330091,-6.268044,30,7,23,4,3,0,3,30,7,23,4,3,0,3
6071,31,dublin,PARNELL STREET,Parnell Street,False,False,OPEN,2024-12-28 08:28:40,True,False,,,53.350929,-6.265125,20,14,6,10,4,0,4,20,14,6,10,4,0,4
6072,98,dublin,FREDERICK STREET SOUTH,Frederick Street South,False,False,OPEN,2024-12-28 08:21:09,True,False,,,53.341515,-6.256853,40,19,21,9,10,0,10,40,19,21,9,10,0,10
6073,14,dublin,FOWNES STREET UPPER,Fownes Street Upper,False,False,OPEN,2024-12-28 08:21:43,True,False,,,53.344603,-6.263371,30,11,19,6,5,0,5,30,11,19,6,5,0,5
6074,1,dublin,CLARENDON ROW,Clarendon Row,False,False,OPEN,2024-12-28 08:21:16,True,False,,,53.340927,-6.262501,31,30,1,20,10,0,10,31,30,1,20,10,0,10
6075,23,dublin,CUSTOM HOUSE,Custom House,False,False,OPEN,2024-12-28 08:20:23,True,False,,,53.348279,-6.254662,30,18,12,8,10,0,10,30,18,12,8,10,0,10
6076,106,dublin,RATHDOWN ROAD,Rathdown Road,False,False,OPEN,2024-12-28 08:19:09,True,False,,,53.35893,-6.280337,40,0,40,0,0,0,0,40,0,40,0,0,0,0
6077,112,dublin,NORTH CIRCULAR ROAD (O'CONNELL'S),North Circular Road (O'Connell's),False,False,OPEN,2024-12-28 08:28:48,True,False,,,53.357841,-6.251557,30,3,27,2,1,0,1,30,3,27,2,1,0,1
6078,68,dublin,HANOVER QUAY,Hanover Quay,False,False,OPEN,2024-12-28 08:27:29,True,False,,,53.344115,-6.237153,40,30,10,20,10,0,10,40,30,10,20,10,0,10
6079,74,dublin,OLIVER BOND STREET,Oliver Bond Street,False,False,OPEN,2024-12-28 08:21:23,True,False,,,53.343893,-6.280531,30,22,8,17,5,0,5,30,22,8,17,5,0,5
6080,87,dublin,COLLINS BARRACKS MUSEUM,Collins Barracks Museum,False,False,OPEN,2024-12-28 08:21:41,True,False,,,53.347477,-6.28525,38,23,15,13,10,0,10,38,23,15,13,10,0,10
6081,84,dublin,BROOKFIELD ROAD,Brookfield Road,False,False,OPEN,2024-12-28 08:21:31,True,False,,,53.339005,-6.300217,30,12,17,7,5,0,5,30,12,17,7,5,0,5
6082,90,dublin,BENSON STREET,Benson Street,False,False,OPEN,2024-12-28 08:28:46,True,False,,,53.344153,-6.233451,40,7,32,6,1,0,1,40,7,32,6,1,0,1
6083,11,dublin,EARLSFORT TERRACE,Earlsfort Terrace,False,False,OPEN,2024-12-28 08:28:26,True,False,,,53.334295,-6.258503,30,17,13,13,4,0,4,30,17,13,13,4,0,4
6084,17,dublin,GOLDEN LANE,Golden Lane,False,False,OPEN,2024-12-28 08:19:10,True,False,,,53.340803,-6.267732,20,14,5,4,10,0,10,20,14,5,4,10,0,10
6085,45,dublin,DEVERELL PLACE,Deverell Place,False,False,OPEN,2024-12-28 08:22:19,True,False,,,53.351464,-6.255265,30,13,17,7,6,0,6,30,13,17,7,6,0,6
6086,114,dublin,WILTON TERRACE (PARK),Wilton Terrace (Park),False,False,OPEN,2024-12-28 08:25:25,True,False,,,53.333653,-6.248345,40,2,38,0,2,0,2,40,2,38,0,2,0,2
6087,72,dublin,JOHN STREET WEST,John Street West,False,False,OPEN,2024-12-28 08:20:17,True,False,,,53.343105,-6.277167,31,0,31,0,0,0,0,31,0,31,0,0,0,0
6088,63,dublin,FENIAN STREET,Fenian Street,False,False,OPEN,2024-12-28 08:26:13,True,False,,,53.341428,-6.24672,35,21,14,10,11,0,11,35,21,14,10,11,0,11
6089,113,dublin,MERRION SQUARE SOUTH,Merrion Square South,False,False,OPEN,2024-12-28 08:20:42,True,False,,,53.338614,-6.248606,40,6,23,5,1,0,1,40,6,23,5,1,0,1
6090,91,dublin,SOUTH DOCK ROAD,South Dock Road,False,False,OPEN,2024-12-28 08:28:31,True,False,,,53.341833,-6.231291,30,25,2,15,10,0,10,30,25,2,15,10,0,10
6091,99,dublin,CITY QUAY,City Quay,False,False,OPEN,2024-12-28 08:28:07,True,False,,,53.346637,-6.246154,30,18,12,9,9,0,9,30,18,12,9,9,0,9
6092,9,dublin,EXCHEQUER STREET,Exchequer Street,False,False,OPEN,2024-12-28 08:22:11,True,False,,,53.343034,-6.263578,24,14,10,4,10,0,10,24,14,10,4,10,0,10
6093,67,dublin,THE POINT,The Point,False,False,OPEN,2024-12-28 08:20:49,True,False,,,53.346867,-6.230852,40,20,20,10,10,0,10,40,20,20,10,10,0,10
6094,116,dublin,BROADSTONE,Broadstone,False,False,OPEN,2024-12-28 08:27:56,True,False,,,53.3547,-6.272314,30,17,13,6,11,0,11,30,17,13,6,11,0,11
6095,55,dublin,HATCH STREET,Hatch Street,False,False,OPEN,2024-12-28 08:22:28,True,False,,,53.33403,-6.260714,36,15,20,9,6,0,6,36,15,20,9,6,0,6
6096,62,dublin,LIME STREET,Lime Street,False,False,OPEN,2024-12-28 08:19:17,True,False,,,53.346026,-6.243576,40,16,24,5,11,0,11,40,16,24,5,11,0,11
6097,5,dublin,CHARLEMONT PLACE,Charlemont Street,False,False,OPEN,2024-12-28 08:28:25,True,False,,,53.330662,-6.260177,40,29,11,23,6,0,6,40,29,11,23,6,0,6
6098,97,dublin,KILMAINHAM GAOL,Kilmainham Gaol,False,False,OPEN,2024-12-28 08:19:04,True,False,,,53.342113,-6.310015,40,7,33,4,3,0,3,40,7,33,4,3,0,3
6099,61,dublin,HARDWICKE PLACE,Hardwicke Place,False,False,OPEN,2024-12-28 08:28:19,True,False,,,53.357043,-6.263232,25,0,25,0,0,0,0,25,0,25,0,0,0,0
6100,77,dublin,WOLFE TONE STREET,Wolfe Tone Street,False,False,OPEN,2024-12-28 08:19:38,True,False,,,53.348875,-6.267459,29,26,3,15,11,0,11,29,26,3,15,11,0,11
6101,73,dublin,FRANCIS STREET,Francis Street,False,False,OPEN,2024-12-28 08:20:35,True,False,,,53.342081,-6.275233,30,4,26,4,0,0,0,30,4,26,4,0,0,0
6102,4,dublin,GREEK STREET,Greek Street,False,False,OPEN,2024-12-28 08:21:42,True,False,,,53.346874,-6.272976,20,13,7,2,11,0,11,20,13,7,2,11,0,11
6103,49,dublin,GUILD STREET,Guild Street,False,False,OPEN,2024-12-28 08:22:34,True,False,,,53.347932,-6.240928,40,33,7,22,11,0,11,40,33,7,22,11,0,11
6104,19,dublin,HERBERT PLACE,Herbert Place,False,False,OPEN,2024-12-28 08:21:37,True,False,,,53.334432,-6.245575,30,9,20,6,3,0,3,30,9,20,6,3,0,3
6105,7,dublin,HIGH STREET,High Street,False,False,OPEN,2024-12-28 08:19:10,True,False,,,53.343565,-6.275071,29,1,28,1,0,0,0,29,1,28,1,0,0,0
6106,60,dublin,NORTH CIRCULAR ROAD,North Circular Road,False,False,OPEN,2024-12-28 08:26:10,True,False,,,53.359624,-6.260348,30,2,28,2,0,0,0,30,2,28,2,0,0,0
6107,102,dublin,WESTERN WAY,Western Way,False,False,OPEN,2024-12-28 08:19:46,True,False,,,53.354929,-6.269425,40,11,29,10,1,0,1,40,11,29,10,1,0,1
6108,38,dublin,TALBOT STREET,Talbot Street,False,False,OPEN,2024-12-28 08:20:34,True,False,,,53.350974,-6.25294,40,22,18,18,4,0,4,40,22,18,18,4,0,4
6109,53,dublin,NEWMAN HOUSE,Newman House,False,False,OPEN,2024-12-28 08:20:25,True,False,,,53.337132,-6.26059,40,11,29,11,0,0,0,40,11,29,11,0,0,0
6110,58,dublin,SIR PATRICK DUN'S,Sir Patrick's Dun,False,False,OPEN,2024-12-28 08:26:59,True,False,,,53.339218,-6.240642,40,20,20,16,4,0,4,40,20,20,16,4,0,4
6111,66,dublin,NEW CENTRAL BANK,New Central Bank,False,False,OPEN,2024-12-28 08:28:31,True,False,,,53.347122,-6.234749,40,5,35,1,4,0,4,40,5,35,1,4,0,4
6112,104,dublin,GRANGEGORMAN LOWER (CENTRAL),Grangegorman Lower (Central),False,False,OPEN,2024-12-28 08:21:36,True,False,,,53.355173,-6.278424,40,1,39,1,0,0,0,40,1,39,1,0,0,0
6113,101,dublin,KING STREET NORTH,King Street North,False,False,OPEN,2024-12-28 08:28:22,True,False,,,53.350291,-6.273507,30,10,20,7,3,0,3,30,10,20,7,3,0,3
6114,115,dublin,KILLARNEY STREET,Killarney Street,False,False,OPEN,2024-12-28 08:22:27,True,False,,,53.354845,-6.247579,30,23,7,14,9,0,9,30,23,7,14,9,0,9
6115,47,dublin,HERBERT STREET,Herbert Street,False,False,OPEN,2024-12-28 08:20:10,True,False,,,53.335742,-6.24551,40,3,37,1,2,0,2,40,3,37,1,2,0,2
6116,117,dublin,HANOVER QUAY EAST,Hanover Quay East,False,False,OPEN,2024-12-28 08:25:51,True,False,,,53.343653,-6.231755,40,6,34,2,4,0,4,40,6,34,2,4,0,4
6117,8,dublin,CUSTOM HOUSE QUAY,Custom House Quay,False,False,OPEN,2024-12-28 08:20:46,True,False,,,53.347884,-6.248048,30,21,9,14,7,0,7,30,21,9,14,7,0,7
6118,27,dublin,MOLESWORTH STREET,Molesworth Street,False,False,OPEN,2024-12-28 08:28:33,True,False,,,53.341288,-6.258117,20,4,16,3,1,0,1,20,4,16,3,1,0,1
6119,16,dublin,GEORGES QUAY,Georges Quay,False,False,OPEN,2024-12-28 08:27:32,True,False,,,53.347508,-6.252192,20,18,2,9,9,0,9,20,18,2,9,9,0,9
6120,96,dublin,KILMAINHAM LANE,Kilmainham Lane,False,False,OPEN,2024-12-28 08:27:33,True,False,,,53.341805,-6.305085,30,4,26,4,0,0,0,30,4,26,4,0,0,0
6121,82,dublin,MOUNT BROWN,Mount Brown,False,False,OPEN,2024-12-28 08:19:27,True,False,,,53.341645,-6.29719,22,11,11,2,9,0,9,22,11,11,2,9,0,9
6122,76,dublin,MARKET STREET SOUTH,Market Street South,False,False,OPEN,2024-12-28 08:27:57,True,False,,,53.342296,-6.287661,38,3,35,0,3,0,3,38,3,35,0,3,0,3
6123,71,dublin,KEVIN STREET,Kevin Street,False,False,OPEN,2024-12-28 08:18:53,True,False,,,53.337757,-6.267699,40,13,26,7,6,0,6,40,13,26,7,6,0,6
6124,79,dublin,ECCLES STREET EAST,Eccles Street East,False,False,OPEN,2024-12-28 08:21:05,True,False,,,53.358115,-6.265601,27,3,24,3,0,0,0,27,3,24,3,0,0,0
6125,69,dublin,GRAND CANAL DOCK,Grand Canal Dock,False,False,OPEN,2024-12-28 08:21:08,True,False,,,53.342638,-6.238695,40,38,0,24,14,0,14,40,38,0,24,14,0,14
6126,25,dublin,MERRION SQUARE EAST,Merrion Square East,False,False,OPEN,2024-12-28 08:25:52,True,False,,,53.339434,-6.246548,30,1,29,1,0,0,0,30,1,29,1,0,0,0
6127,51,dublin,YORK STREET WEST,York Street West,False,False,OPEN,2024-12-28 08:28:49,True,False,,,53.339334,-6.264699,40,0,0,0,0,0,0,40,0,0,0,0,0,0
6128,37,dublin,ST. STEPHEN'S GREEN SOUTH,St. Stephen's Green South,False,False,OPEN,2024-12-28 08:19:17,True,False,,,53.337494,-6.26199,30,16,13,10,6,0,6,30,16,13,10,6,0,6
6129,59,dublin,DENMARK STREET GREAT,Denmark Street Great,False,False,OPEN,2024-12-28 08:21:42,True,False,,,53.35561,-6.261397,20,0,20,0,0,0,0,20,0,20,0,0,0,0
6130,95,dublin,ROYAL HOSPITAL,Royal Hospital,False,False,OPEN,2024-12-28 08:22:28,True,False,,,53.343897,-6.29706,40,26,14,16,10,0,10,40,26,14,16,10,0,10
6131,94,dublin,HEUSTON STATION (CAR PARK),Heuston Station (Car Park),False,False,OPEN,2024-12-28 08:21:20,True,False,,,53.346985,-6.297804,40,10,30,10,0,0,0,40,10,30,10,0,0,0
6132,105,dublin,GRANGEGORMAN LOWER (NORTH),Grangegorman Lower (North),False,False,OPEN,2024-12-28 08:21:57,True,False,,,53.355954,-6.278378,36,3,33,2,1,0,1,36,3,33,2,1,0,1
6133,36,dublin,ST. STEPHEN'S GREEN EAST,St. Stephen's Green East,False,False,OPEN,2024-12-28 08:28:49,True,False,,,53.337824,-6.256035,40,18,22,9,9,0,9,40,18,22,9,9,0,9
6134,93,dublin,HEUSTON STATION (CENTRAL),Heuston Station (Central),False,False,OPEN,2024-12-28 08:19:18,True,False,,,53.346603,-6.296924,40,13,27,13,0,0,0,40,13,27,13,0,0,0
6135,22,dublin,TOWNSEND STREET,Townsend Street,False,False,OPEN,2024-12-28 08:19:40,True,False,,,53.345922,-6.254614,20,13,7,11,2,0,2,20,13,7,11,2,0,2
6136,50,dublin,GEORGES LANE,George's Lane,False,False,OPEN,2024-12-28 08:21:54,True,False,,,53.35023,-6.279696,40,8,30,6,2,0,2,40,8,30,6,2,0,2
6137,110,dublin,PHIBSBOROUGH ROAD,Phibsborough Road,False,False,OPEN,2024-12-28 08:23:14,True,False,,,53.356307,-6.273717,40,6,33,0,6,0,6,40,6,33,0,6,0,6
6138,12,dublin,ECCLES STREET,Eccles Street,False,False,OPEN,2024-12-28 08:20:21,True,False,,,53.359246,-6.269779,20,1,19,1,0,0,0,20,1,19,1,0,0,0
6139,34,dublin,PORTOBELLO HARBOUR,Portobello Harbour,False,False,OPEN,2024-12-28 08:20:20,True,False,,,53.330362,-6.265163,30,18,12,10,8,0,8,30,18,12,10,8,0,8
6140,78,dublin,MATER HOSPITAL,Mater Hospital,False,False,OPEN,2024-12-28 08:20:53,True,False,,,53.359967,-6.264828,40,2,38,1,1,0,1,40,2,38,1,1,0,1
6141,2,dublin,BLESSINGTON STREET,Blessington Street,False,False,OPEN,2024-12-28 08:18:53,True,False,,,53.356769,-6.26814,20,1,19,1,0,0,0,20,1,19,1,0,0,0
6142,75,dublin,JAMES STREET,James Street,False,False,OPEN,2024-12-28 08:21:56,True,False,,,53.343456,-6.287409,40,4,36,3,1,0,1,40,4,36,3,1,0,1
6143,111,dublin,MOUNTJOY SQUARE EAST,Mountjoy Square East,False,False,OPEN,2024-12-28 08:19:09,True,False,,,53.356717,-6.256359,40,0,40,0,0,0,0,40,0,40,0,0,0,0
6144,26,dublin,MERRION SQUARE WEST,Merrion Square West,False,False,OPEN,2024-12-28 08:19:15,True,False,,,53.339764,-6.251988,20,13,7,5,8,0,8,20,13,7,5,8,0,8
6145,65,dublin,CONVENTION CENTRE,Convention Centre,False,False,OPEN,2024-12-28 08:22:26,True,False,,,53.34744,-6.238523,40,11,29,9,2,0,2,40,11,29,9,2,0,2
6146,15,dublin,HARDWICKE STREET,Hardwicke Street,False,False,OPEN,2024-12-28 08:22:02,True,False,,,53.355473,-6.264423,16,1,15,1,0,0,0,16,1,15,1,0,0,0
6147,86,dublin,PARKGATE STREET,Parkgate Street,False,False,OPEN,2024-12-28 08:28:06,True,False,,,53.347972,-6.291804,38,33,5,3,30,0,30,38,33,5,3,30,0,30
6148,35,dublin,SMITHFIELD,Smithfield,False,False,OPEN,2024-12-28 08:22:40,True,False,,,53.347692,-6.278214,30,7,23,5,2,0,2,30,7,23,5,2,0,2
6149,10,dublin,DAME STREET,Dame Street,False,False,OPEN,2024-12-28 08:22:49,True,False,,,53.344007,-6.266802,16,13,3,11,2,0,2,16,13,3,11,2,0,2
6150,100,dublin,HEUSTON BRIDGE (SOUTH),Heuston Bridge (South),False,False,OPEN,2024-12-28 08:28:15,True,False,,,53.347106,-6.292041,25,17,8,8,9,0,9,25,17,8,8,9,0,9
6151,24,dublin,CATHAL BRUGHA STREET,Cathal Brugha Street,False,False,OPEN,2024-12-28 08:21:57,True,False,,,53.352149,-6.260533,20,15,5,12,3,0,3,20,15,5,12,3,0,3
6152,64,dublin,SANDWITH STREET,Sandwith Street,False,False,OPEN,2024-12-28 08:21:40,True,False,,,53.345203,-6.247163,40,23,17,18,5,0,5,40,23,17,18,5,0,5
6153,109,dublin,BUCKINGHAM STREET LOWER,Buckingham Street Lower,False,False,OPEN,2024-12-28 08:21:39,True,False,,,53.353331,-6.249319,29,12,17,3,9,0,9,29,12,17,3,9,0,9
6154,85,dublin,ROTHE ABBEY,Rothe Abbey,False,False,OPEN,2024-12-28 08:23:10,True,False,,,53.338776,-6.30395,35,28,5,15,13,0,13,35,28,5,15,13,0,13
6155,107,dublin,CHARLEVILLE ROAD,Charleville Road,False,False,OPEN,2024-12-28 08:19:34,True,False,,,53.359157,-6.281866,40,15,25,9,6,0,6,40,15,25,9,6,0,6
6156,33,dublin,PRINCES STREET / O'CONNELL STREET,Princes Street / O'Connell Street,False,False,OPEN,2024-12-28 08:20:29,True,False,,,53.349013,-6.260311,23,19,4,11,8,0,8,23,19,4,11,8,0,8
6157,44,dublin,UPPER SHERRARD STREET,Upper Sherrard Street,False,False,OPEN,2024-12-28 08:22:11,True,False,,,53.358437,-6.260641,30,6,24,6,0,0,0,30,6,24,6,0,0,0
6158,89,dublin,FITZWILLIAM SQUARE EAST,Fitzwilliam Square East,False,False,OPEN,2024-12-28 08:21:26,True,False,,,53.335211,-6.2509,40,21,17,11,10,0,10,40,21,17,11,10,0,10
6159,57,dublin,GRATTAN STREET,Grattan Street,False,False,OPEN,2024-12-28 08:19:32,True,False,,,53.339629,-6.243778,23,5,18,4,1,0,1,23,5,18,4,1,0,1
6160,80,dublin,ST JAMES HOSPITAL (LUAS),St James Hospital (Luas),False,False,OPEN,2024-12-28 08:21:56,True,False,,,53.341359,-6.292951,40,1,39,1,0,0,0,40,1,39,1,0,0,0
6161,41,dublin,HARCOURT TERRACE,Harcourt Terrace,False,False,OPEN,2024-12-28 08:28:18,True,False,,,53.332763,-6.257942,20,1,19,1,0,0,0,20,1,19,1,0,0,0
6162,3,dublin,BOLTON STREET,Bolton Street,False,False,OPEN,2024-12-28 08:20:17,True,False,,,53.351182,-6.269859,20,4,16,4,0,0,0,20,4,16,4,0,0,0
6163,40,dublin,JERVIS STREET,Jervis Street,False,False,OPEN,2024-12-28 08:21:37,True,False,,,53.3483,-6.266651,21,13,8,9,4,0,4,21,13,8,9,4,0,4
6164,29,dublin,ORMOND QUAY UPPER,Ormond Quay Upper,False,False,OPEN,2024-12-28 08:22:17,True,False,,,53.346057,-6.268001,29,29,0,16,13,0,13,29,29,0,16,13,0,13
6165,103,dublin,GRANGEGORMAN LOWER (SOUTH),Grangegorman Lower (South),False,False,OPEN,2024-12-28 08:20:18,True,False,,,53.354663,-6.278681,40,0,40,0,0,0,0,40,0,40,0,0,0,0
6166,28,dublin,MOUNTJOY SQUARE WEST,Mountjoy Square West,False,False,OPEN,2024-12-28 08:19:52,True,False,,,53.356299,-6.258586,30,1,29,1,0,0,0,30,1,29,1,0,0,0
6167,39,dublin,WILTON TERRACE,Wilton Terrace,False,False,OPEN,2024-12-28 08:25:25,True,False,,,53.332383,-6.252717,20,0,20,0,0,0,0,20,0,20,0,0,0,0
6168,83,dublin,EMMET ROAD,Emmet Road,False,False,OPEN,2024-12-28 08:21:14,True,False,,,53.340714,-6.308191,40,11,27,9,2,0,2,40,11,27,9,2,0,2
6169,92,dublin,HEUSTON BRIDGE (NORTH),Heuston Bridge (North),False,False,OPEN,2024-12-28 08:28:50,True,False,,,53.347802,-6.292432,40,38,1,29,9,0,9,40,38,1,29,9,0,9
6170,21,dublin,LEINSTER STREET SOUTH,Leinster Street South,False,False,OPEN,2024-12-28 08:28:53,True,False,,,53.34218,-6.254485,30,1,29,1,0,0,0,30,1,29,1,0,0,0
6171,88,dublin,BLACKHALL PLACE,Blackhall Place,False,False,OPEN,2024-12-28 08:19:51,True,False,,,53.3488,-6.281637,30,2,28,0,2,0,2,30,2,28,0,2,0,2
6172,42,dublin,SMITHFIELD NORTH,Smithfield North,False,False,OPEN,2024-12-28 08:46:31,True,False,,,53.349562,-6.278198,30,9,21,7,2,0,2,30,9,21,7,2,0,2
6173,30,dublin,PARNELL SQUARE NORTH,Parnell Square North,False,False,OPEN,2024-12-28 08:42:53,True,False,,,53.3537415547453,-6.26530144781526,20,6,14,4,2,0,2,20,6,14,4,2,0,2
6174,54,dublin,CLONMEL STREET,Clonmel Street,False,False,OPEN,2024-12-28 08:48:53,True,False,,,53.336021,-6.26298,33,15,18,5,10,0,10,33,15,18,5,10,0,10
6175,108,dublin,AVONDALE ROAD,Avondale Road,False,False,OPEN,2024-12-28 08:40:03,True,False,,,53.359405,-6.276142,35,15,20,11,4,0,4,35,15,20,11,4,0,4
6176,20,dublin,JAMES STREET EAST,James Street East,False,False,OPEN,2024-12-28 08:42:36,True,False,,,53.336597,-6.248109,30,2,28,2,0,0,0,30,2,28,2,0,0,0
6177,56,dublin,MOUNT STREET LOWER,Mount Street Lower,False,False,OPEN,2024-12-28 08:48:39,True,False,,,53.33796,-6.24153,40,24,14,11,13,0,13,40,24,14,11,13,0,13
6178,6,dublin,CHRISTCHURCH PLACE,Christchurch Place,False,False,OPEN,2024-12-28 08:48:53,True,False,,,53.343368,-6.27012,20,3,17,1,2,0,2,20,3,17,1,2,0,2
6179,18,dublin,GRANTHAM STREET,Grantham Street,False,False,OPEN,2024-12-28 08:42:59,True,False,,,53.334123,-6.265436,30,10,20,2,8,0,8,30,10,20,2,8,0,8
6180,32,dublin,PEARSE STREET,Pearse Street,False,False,OPEN,2024-12-28 08:48:48,True,False,,,53.344304,-6.250427,30,20,8,14,6,0,6,30,20,8,14,6,0,6
6181,52,dublin,YORK STREET EAST,York Street East,False,False,OPEN,2024-12-28 08:39:56,True,False,,,53.338755,-6.262003,32,28,4,18,10,0,10,32,28,4,18,10,0,10
6182,48,dublin,EXCISE WALK,Excise Walk,False,False,OPEN,2024-12-28 08:42:01,True,False,,,53.347777,-6.244239,40,1,39,0,1,0,1,40,1,39,0,1,0,1
6183,13,dublin,FITZWILLIAM SQUARE WEST,Fitzwilliam Square West,False,False,OPEN,2024-12-28 08:40:34,True,False,,,53.336074,-6.252825,30,27,3,11,16,0,16,30,27,3,11,16,0,16
6184,43,dublin,PORTOBELLO ROAD,Portobello Road,False,False,OPEN,2024-12-28 08:40:32,True,False,,,53.330091,-6.268044,30,7,23,4,3,0,3,30,7,23,4,3,0,3
6185,31,dublin,PARNELL STREET,Parnell Street,False,False,OPEN,2024-12-28 08:48:52,True,False,,,53.350929,-6.265125,20,1,19,1,0,0,0,20,1,19,1,0,0,0
6186,98,dublin,FREDERICK STREET SOUTH,Frederick Street South,False,False,OPEN,2024-12-28 08:41:19,True,False,,,53.341515,-6.256853,40,19,21,9,10,0,10,40,19,21,9,10,0,10
6187,14,dublin,FOWNES STREET UPPER,Fownes Street Upper,False,False,OPEN,2024-12-28 08:41:52,True,False,,,53.344603,-6.263371,30,12,18,7,5,0,5,30,12,18,7,5,0,5
6188,1,dublin,CLARENDON ROW,Clarendon Row,False,False,OPEN,2024-12-28 08:45:03,True,False,,,53.340927,-6.262501,31,20,11,12,8,0,8,31,20,11,12,8,0,8
6189,23,dublin,CUSTOM HOUSE,Custom House,False,False,OPEN,2024-12-28 08:40:34,True,False,,,53.348279,-6.254662,30,18,12,8,10,0,10,30,18,12,8,10,0,10
6190,106,dublin,RATHDOWN ROAD,Rathdown Road,False,False,OPEN,2024-12-28 08:39:19,True,False,,,53.35893,-6.280337,40,0,40,0,0,0,0,40,0,40,0,0,0,0
6191,112,dublin,NORTH CIRCULAR ROAD (O'CONNELL'S),North Circular Road (O'Connell's),False,False,OPEN,2024-12-28 08:44:00,True,False,,,53.357841,-6.251557,30,2,28,1,1,0,1,30,2,28,1,1,0,1
6192,68,dublin,HANOVER QUAY,Hanover Quay,False,False,OPEN,2024-12-28 08:45:25,True,False,,,53.344115,-6.237153,40,29,11,20,9,0,9,40,29,11,20,9,0,9
6193,74,dublin,OLIVER BOND STREET,Oliver Bond Street,False,False,OPEN,2024-12-28 08:41:41,True,False,,,53.343893,-6.280531,30,21,9,16,5,0,5,30,21,9,16,5,0,5
6194,87,dublin,COLLINS BARRACKS MUSEUM,Collins Barracks Museum,False,False,OPEN,2024-12-28 08:41:52,True,False,,,53.347477,-6.28525,38,23,15,13,10,0,10,38,23,15,13,10,0,10
6195,84,dublin,BROOKFIELD ROAD,Brookfield Road,False,False,OPEN,2024-12-28 08:41:38,True,False,,,53.339005,-6.300217,30,12,17,7,5,0,5,30,12,17,7,5,0,5
6196,90,dublin,BENSON STREET,Benson Street,False,False,OPEN,2024-12-28 08:42:46,True,False,,,53.344153,-6.233451,40,6,33,5,1,0,1,40,6,33,5,1,0,1
6197,11,dublin,EARLSFORT TERRACE,Earlsfort Terrace,False,False,OPEN,2024-12-28 08:48:34,True,False,,,53.334295,-6.258503,30,17,13,13,4,0,4,30,17,13,13,4,0,4
6198,17,dublin,GOLDEN LANE,Golden Lane,False,False,OPEN,2024-12-28 08:47:43,True,False,,,53.340803,-6.267732,20,14,5,5,9,0,9,20,14,5,5,9,0,9
6199,45,dublin,DEVERELL PLACE,Deverell Place,False,False,OPEN,2024-12-28 08:42:27,True,False,,,53.351464,-6.255265,30,13,17,7,6,0,6,30,13,17,7,6,0,6
6200,114,dublin,WILTON TERRACE (PARK),Wilton Terrace (Park),False,False,OPEN,2024-12-28 08:45:33,True,False,,,53.333653,-6.248345,40,2,38,0,2,0,2,40,2,38,0,2,0,2
6201,72,dublin,JOHN STREET WEST,John Street West,False,False,OPEN,2024-12-28 08:40:51,True,False,,,53.343105,-6.277167,31,0,31,0,0,0,0,31,0,31,0,0,0,0
6202,63,dublin,FENIAN STREET,Fenian Street,False,False,OPEN,2024-12-28 08:42:00,True,False,,,53.341428,-6.24672,35,21,14,10,11,0,11,35,21,14,10,11,0,11
6203,113,dublin,MERRION SQUARE SOUTH,Merrion Square South,False,False,OPEN,2024-12-28 08:40:51,True,False,,,53.338614,-6.248606,40,6,23,5,1,0,1,40,6,23,5,1,0,1
6204,91,dublin,SOUTH DOCK ROAD,South Dock Road,False,False,OPEN,2024-12-28 08:48:44,True,False,,,53.341833,-6.231291,30,24,3,14,10,0,10,30,24,3,14,10,0,10
6205,99,dublin,CITY QUAY,City Quay,False,False,OPEN,2024-12-28 08:42:46,True,False,,,53.346637,-6.246154,30,19,11,10,9,0,9,30,19,11,10,9,0,9
6206,9,dublin,EXCHEQUER STREET,Exchequer Street,False,False,OPEN,2024-12-28 08:48:01,True,False,,,53.343034,-6.263578,24,18,6,8,10,0,10,24,18,6,8,10,0,10
6207,67,dublin,THE POINT,The Point,False,False,OPEN,2024-12-28 08:47:40,True,False,,,53.346867,-6.230852,40,19,21,9,10,0,10,40,19,21,9,10,0,10
6208,116,dublin,BROADSTONE,Broadstone,False,False,OPEN,2024-12-28 08:48:03,True,False,,,53.3547,-6.272314,30,17,13,6,11,0,11,30,17,13,6,11,0,11
6209,55,dublin,HATCH STREET,Hatch Street,False,False,OPEN,2024-12-28 08:42:36,True,False,,,53.33403,-6.260714,36,15,20,9,6,0,6,36,15,20,9,6,0,6
6210,62,dublin,LIME STREET,Lime Street,False,False,OPEN,2024-12-28 08:39:26,True,False,,,53.346026,-6.243576,40,16,24,5,11,0,11,40,16,24,5,11,0,11
6211,5,dublin,CHARLEMONT PLACE,Charlemont Street,False,False,OPEN,2024-12-28 08:42:29,True,False,,,53.330662,-6.260177,40,28,12,22,6,0,6,40,28,12,22,6,0,6
6212,97,dublin,KILMAINHAM GAOL,Kilmainham Gaol,False,False,OPEN,2024-12-28 08:39:12,True,False,,,53.342113,-6.310015,40,7,33,4,3,0,3,40,7,33,4,3,0,3
6213,61,dublin,HARDWICKE PLACE,Hardwicke Place,False,False,OPEN,2024-12-28 08:48:28,True,False,,,53.357043,-6.263232,25,0,25,0,0,0,0,25,0,25,0,0,0,0
6214,77,dublin,WOLFE TONE STREET,Wolfe Tone Street,False,False,OPEN,2024-12-28 08:45:05,True,False,,,53.348875,-6.267459,29,27,2,16,11,0,11,29,27,2,16,11,0,11
6215,73,dublin,FRANCIS STREET,Francis Street,False,False,OPEN,2024-12-28 08:40:47,True,False,,,53.342081,-6.275233,30,2,28,2,0,0,0,30,2,28,2,0,0,0
6216,4,dublin,GREEK STREET,Greek Street,False,False,OPEN,2024-12-28 08:47:16,True,False,,,53.346874,-6.272976,20,14,6,2,12,0,12,20,14,6,2,12,0,12
6217,49,dublin,GUILD STREET,Guild Street,False,False,OPEN,2024-12-28 08:42:50,True,False,,,53.347932,-6.240928,40,32,8,21,11,0,11,40,32,8,21,11,0,11
6218,19,dublin,HERBERT PLACE,Herbert Place,False,False,OPEN,2024-12-28 08:47:58,True,False,,,53.334432,-6.245575,30,9,20,6,3,0,3,30,9,20,6,3,0,3
6219,7,dublin,HIGH STREET,High Street,False,False,OPEN,2024-12-28 08:44:24,True,False,,,53.343565,-6.275071,29,1,28,1,0,0,0,29,1,28,1,0,0,0
6220,60,dublin,NORTH CIRCULAR ROAD,North Circular Road,False,False,OPEN,2024-12-28 08:42:45,True,False,,,53.359624,-6.260348,30,0,30,0,0,0,0,30,0,30,0,0,0,0
6221,102,dublin,WESTERN WAY,Western Way,False,False,OPEN,2024-12-28 08:39:56,True,False,,,53.354929,-6.269425,40,11,29,10,1,0,1,40,11,29,10,1,0,1
6222,38,dublin,TALBOT STREET,Talbot Street,False,False,OPEN,2024-12-28 08:40:45,True,False,,,53.350974,-6.25294,40,24,16,19,5,0,5,40,24,16,19,5,0,5
6223,53,dublin,NEWMAN HOUSE,Newman House,False,False,OPEN,2024-12-28 08:40:32,True,False,,,53.337132,-6.26059,40,11,29,11,0,0,0,40,11,29,11,0,0,0
6224,58,dublin,SIR PATRICK DUN'S,Sir Patrick's Dun,False,False,OPEN,2024-12-28 08:41:16,True,False,,,53.339218,-6.240642,40,21,19,17,4,0,4,40,21,19,17,4,0,4
6225,66,dublin,NEW CENTRAL BANK,New Central Bank,False,False,OPEN,2024-12-28 08:48:39,True,False,,,53.347122,-6.234749,40,6,34,1,5,0,5,40,6,34,1,5,0,5
6226,104,dublin,GRANGEGORMAN LOWER (CENTRAL),Grangegorman Lower (Central),False,False,OPEN,2024-12-28 08:41:47,True,False,,,53.355173,-6.278424,40,1,39,1,0,0,0,40,1,39,1,0,0,0
6227,101,dublin,KING STREET NORTH,King Street North,False,False,OPEN,2024-12-28 08:48:30,True,False,,,53.350291,-6.273507,30,10,20,7,3,0,3,30,10,20,7,3,0,3
6228,115,dublin,KILLARNEY STREET,Killarney Street,False,False,OPEN,2024-12-28 08:42:38,True,False,,,53.354845,-6.247579,30,23,7,14,9,0,9,30,23,7,14,9,0,9
6229,47,dublin,HERBERT STREET,Herbert Street,False,False,OPEN,2024-12-28 08:40:21,True,False,,,53.335742,-6.24551,40,3,37,1,2,0,2,40,3,37,1,2,0,2
6230,117,dublin,HANOVER QUAY EAST,Hanover Quay East,False,False,OPEN,2024-12-28 08:40:20,True,False,,,53.343653,-6.231755,40,6,34,2,4,0,4,40,6,34,2,4,0,4
6231,8,dublin,CUSTOM HOUSE QUAY,Custom House Quay,False,False,OPEN,2024-12-28 08:41:33,True,False,,,53.347884,-6.248048,30,22,8,15,7,0,7,30,22,8,15,7,0,7
6232,27,dublin,MOLESWORTH STREET,Molesworth Street,False,False,OPEN,2024-12-28 08:48:41,True,False,,,53.341288,-6.258117,20,4,16,3,1,0,1,20,4,16,3,1,0,1
6233,16,dublin,GEORGES QUAY,Georges Quay,False,False,OPEN,2024-12-28 08:47:40,True,False,,,53.347508,-6.252192,20,18,2,9,9,0,9,20,18,2,9,9,0,9
6234,96,dublin,KILMAINHAM LANE,Kilmainham Lane,False,False,OPEN,2024-12-28 08:47:41,True,False,,,53.341805,-6.305085,30,4,26,4,0,0,0,30,4,26,4,0,0,0
6235,82,dublin,MOUNT BROWN,Mount Brown,False,False,OPEN,2024-12-28 08:39:35,True,False,,,53.341645,-6.29719,22,11,11,2,9,0,9,22,11,11,2,9,0,9
6236,76,dublin,MARKET STREET SOUTH,Market Street South,False,False,OPEN,2024-12-28 08:48:05,True,False,,,53.342296,-6.287661,38,3,35,0,3,0,3,38,3,35,0,3,0,3
6237,71,dublin,KEVIN STREET,Kevin Street,False,False,OPEN,2024-12-28 08:39:02,True,False,,,53.337757,-6.267699,40,13,26,7,6,0,6,40,13,26,7,6,0,6
6238,79,dublin,ECCLES STREET EAST,Eccles Street East,False,False,OPEN,2024-12-28 08:41:14,True,False,,,53.358115,-6.265601,27,3,24,3,0,0,0,27,3,24,3,0,0,0
6239,69,dublin,GRAND CANAL DOCK,Grand Canal Dock,False,False,OPEN,2024-12-28 08:45:26,True,False,,,53.342638,-6.238695,40,37,1,24,13,0,13,40,37,1,24,13,0,13
6240,25,dublin,MERRION SQUARE EAST,Merrion Square East,False,False,OPEN,2024-12-28 08:46:03,True,False,,,53.339434,-6.246548,30,1,29,1,0,0,0,30,1,29,1,0,0,0
6241,51,dublin,YORK STREET WEST,York Street West,False,False,OPEN,2024-12-28 08:38:53,True,False,,,53.339334,-6.264699,40,0,0,0,0,0,0,40,0,0,0,0,0,0
6242,37,dublin,ST. STEPHEN'S GREEN SOUTH,St. Stephen's Green South,False,False,OPEN,2024-12-28 08:39:27,True,False,,,53.337494,-6.26199,30,16,13,10,6,0,6,30,16,13,10,6,0,6
6243,59,dublin,DENMARK STREET GREAT,Denmark Street Great,False,False,OPEN,2024-12-28 08:41:52,True,False,,,53.35561,-6.261397,20,0,20,0,0,0,0,20,0,20,0,0,0,0
6244,95,dublin,ROYAL HOSPITAL,Royal Hospital,False,False,OPEN,2024-12-28 08:42:36,True,False,,,53.343897,-6.29706,40,26,14,16,10,0,10,40,26,14,16,10,0,10
6245,94,dublin,HEUSTON STATION (CAR PARK),Heuston Station (Car Park),False,False,OPEN,2024-12-28 08:41:28,True,False,,,53.346985,-6.297804,40,10,30,10,0,0,0,40,10,30,10,0,0,0
6246,105,dublin,GRANGEGORMAN LOWER (NORTH),Grangegorman Lower (North),False,False,OPEN,2024-12-28 08:42:05,True,False,,,53.355954,-6.278378,36,3,33,2,1,0,1,36,3,33,2,1,0,1
6247,36,dublin,ST. STEPHEN'S GREEN EAST,St. Stephen's Green East,False,False,OPEN,2024-12-28 08:38:55,True,False,,,53.337824,-6.256035,40,18,22,9,9,0,9,40,18,22,9,9,0,9
6248,93,dublin,HEUSTON STATION (CENTRAL),Heuston Station (Central),False,False,OPEN,2024-12-28 08:39:26,True,False,,,53.346603,-6.296924,40,13,27,13,0,0,0,40,13,27,13,0,0,0
6249,22,dublin,TOWNSEND STREET,Townsend Street,False,False,OPEN,2024-12-28 08:48:25,True,False,,,53.345922,-6.254614,20,12,8,10,2,0,2,20,12,8,10,2,0,2
6250,50,dublin,GEORGES LANE,George's Lane,False,False,OPEN,2024-12-28 08:42:03,True,False,,,53.35023,-6.279696,40,8,30,6,2,0,2,40,8,30,6,2,0,2
6251,110,dublin,PHIBSBOROUGH ROAD,Phibsborough Road,False,False,OPEN,2024-12-28 08:45:53,True,False,,,53.356307,-6.273717,40,12,28,4,8,0,8,40,12,28,4,8,0,8
6252,12,dublin,ECCLES STREET,Eccles Street,False,False,OPEN,2024-12-28 08:40:32,True,False,,,53.359246,-6.269779,20,1,19,1,0,0,0,20,1,19,1,0,0,0
6253,34,dublin,PORTOBELLO HARBOUR,Portobello Harbour,False,False,OPEN,2024-12-28 08:40:28,True,False,,,53.330362,-6.265163,30,18,12,10,8,0,8,30,18,12,10,8,0,8
6254,78,dublin,MATER HOSPITAL,Mater Hospital,False,False,OPEN,2024-12-28 08:41:34,True,False,,,53.359967,-6.264828,40,2,38,1,1,0,1,40,2,38,1,1,0,1
6255,2,dublin,BLESSINGTON STREET,Blessington Street,False,False,OPEN,2024-12-28 08:39:00,True,False,,,53.356769,-6.26814,20,1,19,1,0,0,0,20,1,19,1,0,0,0
6256,75,dublin,JAMES STREET,James Street,False,False,OPEN,2024-12-28 08:42:05,True,False,,,53.343456,-6.287409,40,4,36,3,1,0,1,40,4,36,3,1,0,1
6257,111,dublin,MOUNTJOY SQUARE EAST,Mountjoy Square East,False,False,OPEN,2024-12-28 08:39:20,True,False,,,53.356717,-6.256359,40,0,40,0,0,0,0,40,0,40,0,0,0,0
6258,26,dublin,MERRION SQUARE WEST,Merrion Square West,False,False,OPEN,2024-12-28 08:48:52,True,False,,,53.339764,-6.251988,20,14,6,6,8,0,8,20,14,6,6,8,0,8
6259,65,dublin,CONVENTION CENTRE,Convention Centre,False,False,OPEN,2024-12-28 08:42:33,True,False,,,53.34744,-6.238523,40,11,29,9,2,0,2,40,11,29,9,2,0,2
6260,15,dublin,HARDWICKE STREET,Hardwicke Street,False,False,OPEN,2024-12-28 08:42:10,True,False,,,53.355473,-6.264423,16,0,16,0,0,0,0,16,0,16,0,0,0,0
6261,86,dublin,PARKGATE STREET,Parkgate Street,False,False,OPEN,2024-12-28 08:48:14,True,False,,,53.347972,-6.291804,38,33,5,3,30,0,30,38,33,5,3,30,0,30
6262,35,dublin,SMITHFIELD,Smithfield,False,False,OPEN,2024-12-28 08:42:48,True,False,,,53.347692,-6.278214,30,7,23,5,2,0,2,30,7,23,5,2,0,2
6263,10,dublin,DAME STREET,Dame Street,False,False,OPEN,2024-12-28 08:42:58,True,False,,,53.344007,-6.266802,16,13,3,11,2,0,2,16,13,3,11,2,0,2
6264,100,dublin,HEUSTON BRIDGE (SOUTH),Heuston Bridge (South),False,False,OPEN,2024-12-28 08:41:17,True,False,,,53.347106,-6.292041,25,16,9,6,10,0,10,25,16,9,6,10,0,10
6265,24,dublin,CATHAL BRUGHA STREET,Cathal Brugha Street,False,False,OPEN,2024-12-28 08:48:01,True,False,,,53.352149,-6.260533,20,14,6,11,3,0,3,20,14,6,11,3,0,3
6266,64,dublin,SANDWITH STREET,Sandwith Street,False,False,OPEN,2024-12-28 08:41:53,True,False,,,53.345203,-6.247163,40,22,18,18,4,0,4,40,22,18,18,4,0,4
6267,109,dublin,BUCKINGHAM STREET LOWER,Buckingham Street Lower,False,False,OPEN,2024-12-28 08:48:45,True,False,,,53.353331,-6.249319,29,9,20,1,8,0,8,29,9,20,1,8,0,8
6268,85,dublin,ROTHE ABBEY,Rothe Abbey,False,False,OPEN,2024-12-28 08:43:20,True,False,,,53.338776,-6.30395,35,28,5,15,13,0,13,35,28,5,15,13,0,13
6269,107,dublin,CHARLEVILLE ROAD,Charleville Road,False,False,OPEN,2024-12-28 08:39:41,True,False,,,53.359157,-6.281866,40,15,25,9,6,0,6,40,15,25,9,6,0,6
6270,33,dublin,PRINCES STREET / O'CONNELL STREET,Princes Street / O'Connell Street,False,False,OPEN,2024-12-28 08:40:37,True,False,,,53.349013,-6.260311,23,19,4,11,8,0,8,23,19,4,11,8,0,8
6271,44,dublin,UPPER SHERRARD STREET,Upper Sherrard Street,False,False,OPEN,2024-12-28 08:47:20,True,False,,,53.358437,-6.260641,30,5,25,5,0,0,0,30,5,25,5,0,0,0
6272,89,dublin,FITZWILLIAM SQUARE EAST,Fitzwilliam Square East,False,False,OPEN,2024-12-28 08:43:17,True,False,,,53.335211,-6.2509,40,21,17,11,10,0,10,40,21,17,11,10,0,10
6273,57,dublin,GRATTAN STREET,Grattan Street,False,False,OPEN,2024-12-28 08:39:40,True,False,,,53.339629,-6.243778,23,5,18,4,1,0,1,23,5,18,4,1,0,1
6274,80,dublin,ST JAMES HOSPITAL (LUAS),St James Hospital (Luas),False,False,OPEN,2024-12-28 08:42:04,True,False,,,53.341359,-6.292951,40,1,39,1,0,0,0,40,1,39,1,0,0,0
6275,41,dublin,HARCOURT TERRACE,Harcourt Terrace,False,False,OPEN,2024-12-28 08:48:29,True,False,,,53.332763,-6.257942,20,1,19,1,0,0,0,20,1,19,1,0,0,0
6276,3,dublin,BOLTON STREET,Bolton Street,False,False,OPEN,2024-12-28 08:46:28,True,False,,,53.351182,-6.269859,20,3,17,3,0,0,0,20,3,17,3,0,0,0
6277,40,dublin,JERVIS STREET,Jervis Street,False,False,OPEN,2024-12-28 08:48:41,True,False,,,53.3483,-6.266651,21,15,6,11,4,0,4,21,15,6,11,4,0,4
6278,29,dublin,ORMOND QUAY UPPER,Ormond Quay Upper,False,False,OPEN,2024-12-28 08:42:28,True,False,,,53.346057,-6.268001,29,29,0,16,13,0,13,29,29,0,16,13,0,13
6279,103,dublin,GRANGEGORMAN LOWER (SOUTH),Grangegorman Lower (South),False,False,OPEN,2024-12-28 08:40:26,True,False,,,53.354663,-6.278681,40,0,40,0,0,0,0,40,0,40,0,0,0,0
6280,28,dublin,MOUNTJOY SQUARE WEST,Mountjoy Square West,False,False,OPEN,2024-12-28 08:40:01,True,False,,,53.356299,-6.258586,30,0,30,0,0,0,0,30,0,30,0,0,0,0
6281,39,dublin,WILTON TERRACE,Wilton Terrace,False,False,OPEN,2024-12-28 08:41:44,True,False,,,53.332383,-6.252717,20,0,20,0,0,0,0,20,0,20,0,0,0,0
6282,83,dublin,EMMET ROAD,Emmet Road,False,False,OPEN,2024-12-28 08:41:25,True,False,,,53.340714,-6.308191,40,11,27,9,2,0,2,40,11,27,9,2,0,2
6283,92,dublin,HEUSTON BRIDGE (NORTH),Heuston Bridge (North),False,False,OPEN,2024-12-28 08:38:55,True,False,,,53.347802,-6.292432,40,38,1,29,9,0,9,40,38,1,29,9,0,9
6284,21,dublin,LEINSTER STREET SOUTH,Leinster Street South,False,False,OPEN,2024-12-28 08:43:21,True,False,,,53.34218,-6.254485,30,2,28,2,0,0,0,30,2,28,2,0,0,0
6285,88,dublin,BLACKHALL PLACE,Blackhall Place,False,False,OPEN,2024-12-28 08:40:00,True,False,,,53.3488,-6.281637,30,2,28,0,2,0,2,30,2,28,0,2,0,2
6286,42,dublin,SMITHFIELD NORTH,Smithfield North,False,False,OPEN,2024-12-28 09:07:26,True,False,,,53.349562,-6.278198,30,10,20,8,2,0,2,30,10,20,8,2,0,2
6287,30,dublin,PARNELL SQUARE NORTH,Parnell Square North,False,False,OPEN,2024-12-28 09:03:04,True,False,,,53.3537415547453,-6.26530144781526,20,6,14,4,2,0,2,20,6,14,4,2,0,2
6288,54,dublin,CLONMEL STREET,Clonmel Street,False,False,OPEN,2024-12-28 08:58:59,True,False,,,53.336021,-6.26298,33,15,18,5,10,0,10,33,15,18,5,10,0,10
6289,108,dublin,AVONDALE ROAD,Avondale Road,False,False,OPEN,2024-12-28 09:05:29,True,False,,,53.359405,-6.276142,35,13,22,10,3,0,3,35,13,22,10,3,0,3
6290,20,dublin,JAMES STREET EAST,James Street East,False,False,OPEN,2024-12-28 09:02:44,True,False,,,53.336597,-6.248109,30,2,28,2,0,0,0,30,2,28,2,0,0,0
6291,56,dublin,MOUNT STREET LOWER,Mount Street Lower,False,False,OPEN,2024-12-28 09:08:47,True,False,,,53.33796,-6.24153,40,24,14,11,13,0,13,40,24,14,11,13,0,13
6292,6,dublin,CHRISTCHURCH PLACE,Christchurch Place,False,False,OPEN,2024-12-28 09:04:48,True,False,,,53.343368,-6.27012,20,2,18,0,2,0,2,20,2,18,0,2,0,2
6293,18,dublin,GRANTHAM STREET,Grantham Street,False,False,OPEN,2024-12-28 09:04:33,True,False,,,53.334123,-6.265436,30,9,21,1,8,0,8,30,9,21,1,8,0,8
6294,32,dublin,PEARSE STREET,Pearse Street,False,False,OPEN,2024-12-28 08:58:52,True,False,,,53.344304,-6.250427,30,20,8,14,6,0,6,30,20,8,14,6,0,6
6295,52,dublin,YORK STREET EAST,York Street East,False,False,OPEN,2024-12-28 09:06:29,True,False,,,53.338755,-6.262003,32,29,3,18,11,0,11,32,29,3,18,11,0,11
6296,48,dublin,EXCISE WALK,Excise Walk,False,False,OPEN,2024-12-28 09:00:06,True,False,,,53.347777,-6.244239,40,1,39,0,1,0,1,40,1,39,0,1,0,1
6297,13,dublin,FITZWILLIAM SQUARE WEST,Fitzwilliam Square West,False,False,OPEN,2024-12-28 09:00:41,True,False,,,53.336074,-6.252825,30,27,3,11,16,0,16,30,27,3,11,16,0,16
6298,43,dublin,PORTOBELLO ROAD,Portobello Road,False,False,OPEN,2024-12-28 09:06:05,True,False,,,53.330091,-6.268044,30,6,24,3,3,0,3,30,6,24,3,3,0,3
6299,31,dublin,PARNELL STREET,Parnell Street,False,False,OPEN,2024-12-28 08:58:57,True,False,,,53.350929,-6.265125,20,1,19,1,0,0,0,20,1,19,1,0,0,0
6300,98,dublin,FREDERICK STREET SOUTH,Frederick Street South,False,False,OPEN,2024-12-28 09:01:31,True,False,,,53.341515,-6.256853,40,20,20,9,11,0,11,40,20,20,9,11,0,11
6301,14,dublin,FOWNES STREET UPPER,Fownes Street Upper,False,False,OPEN,2024-12-28 09:01:59,True,False,,,53.344603,-6.263371,30,12,18,7,5,0,5,30,12,18,7,5,0,5
6302,1,dublin,CLARENDON ROW,Clarendon Row,False,False,OPEN,2024-12-28 09:01:42,True,False,,,53.340927,-6.262501,31,20,11,12,8,0,8,31,20,11,12,8,0,8
6303,23,dublin,CUSTOM HOUSE,Custom House,False,False,OPEN,2024-12-28 09:00:46,True,False,,,53.348279,-6.254662,30,19,11,8,11,0,11,30,19,11,8,11,0,11
6304,106,dublin,RATHDOWN ROAD,Rathdown Road,False,False,OPEN,2024-12-28 08:59:34,True,False,,,53.35893,-6.280337,40,9,31,6,3,0,3,40,9,31,6,3,0,3
6305,112,dublin,NORTH CIRCULAR ROAD (O'CONNELL'S),North Circular Road (O'Connell's),False,False,OPEN,2024-12-28 09:02:02,True,False,,,53.357841,-6.251557,30,2,28,1,1,0,1,30,2,28,1,1,0,1
6306,68,dublin,HANOVER QUAY,Hanover Quay,False,False,OPEN,2024-12-28 09:05:10,True,False,,,53.344115,-6.237153,40,30,10,21,9,0,9,40,30,10,21,9,0,9
6307,74,dublin,OLIVER BOND STREET,Oliver Bond Street,False,False,OPEN,2024-12-28 09:01:39,True,False,,,53.343893,-6.280531,30,21,9,16,5,0,5,30,21,9,16,5,0,5
6308,87,dublin,COLLINS BARRACKS MUSEUM,Collins Barracks Museum,False,False,OPEN,2024-12-28 09:02:03,True,False,,,53.347477,-6.28525,38,23,15,13,10,0,10,38,23,15,13,10,0,10
6309,84,dublin,BROOKFIELD ROAD,Brookfield Road,False,False,OPEN,2024-12-28 09:01:46,True,False,,,53.339005,-6.300217,30,12,17,7,5,0,5,30,12,17,7,5,0,5
6310,90,dublin,BENSON STREET,Benson Street,False,False,OPEN,2024-12-28 09:02:54,True,False,,,53.344153,-6.233451,40,6,33,5,1,0,1,40,6,33,5,1,0,1
6311,11,dublin,EARLSFORT TERRACE,Earlsfort Terrace,False,False,OPEN,2024-12-28 09:08:41,True,False,,,53.334295,-6.258503,30,17,13,13,4,0,4,30,17,13,13,4,0,4
6312,17,dublin,GOLDEN LANE,Golden Lane,False,False,OPEN,2024-12-28 08:59:27,True,False,,,53.340803,-6.267732,20,14,5,5,9,0,9,20,14,5,5,9,0,9
6313,45,dublin,DEVERELL PLACE,Deverell Place,False,False,OPEN,2024-12-28 09:02:36,True,False,,,53.351464,-6.255265,30,13,17,7,6,0,6,30,13,17,7,6,0,6
6314,114,dublin,WILTON TERRACE (PARK),Wilton Terrace (Park),False,False,OPEN,2024-12-28 09:05:40,True,False,,,53.333653,-6.248345,40,2,38,0,2,0,2,40,2,38,0,2,0,2
6315,72,dublin,JOHN STREET WEST,John Street West,False,False,OPEN,2024-12-28 09:01:23,True,False,,,53.343105,-6.277167,31,0,31,0,0,0,0,31,0,31,0,0,0,0
6316,63,dublin,FENIAN STREET,Fenian Street,False,False,OPEN,2024-12-28 09:02:10,True,False,,,53.341428,-6.24672,35,21,14,10,11,0,11,35,21,14,10,11,0,11
6317,113,dublin,MERRION SQUARE SOUTH,Merrion Square South,False,False,OPEN,2024-12-28 09:01:01,True,False,,,53.338614,-6.248606,40,7,22,6,1,0,1,40,7,22,6,1,0,1
6318,91,dublin,SOUTH DOCK ROAD,South Dock Road,False,False,OPEN,2024-12-28 08:58:50,True,False,,,53.341833,-6.231291,30,24,3,14,10,0,10,30,24,3,14,10,0,10
6319,99,dublin,CITY QUAY,City Quay,False,False,OPEN,2024-12-28 09:01:15,True,False,,,53.346637,-6.246154,30,19,11,10,9,0,9,30,19,11,10,9,0,9
6320,9,dublin,EXCHEQUER STREET,Exchequer Street,False,False,OPEN,2024-12-28 09:05:11,True,False,,,53.343034,-6.263578,24,10,14,4,6,0,6,24,10,14,4,6,0,6
6321,67,dublin,THE POINT,The Point,False,False,OPEN,2024-12-28 09:08:00,True,False,,,53.346867,-6.230852,40,18,22,9,9,0,9,40,18,22,9,9,0,9
6322,116,dublin,BROADSTONE,Broadstone,False,False,OPEN,2024-12-28 09:08:12,True,False,,,53.3547,-6.272314,30,16,14,5,11,0,11,30,16,14,5,11,0,11
6323,55,dublin,HATCH STREET,Hatch Street,False,False,OPEN,2024-12-28 09:02:44,True,False,,,53.33403,-6.260714,36,15,20,9,6,0,6,36,15,20,9,6,0,6
6324,62,dublin,LIME STREET,Lime Street,False,False,OPEN,2024-12-28 08:59:35,True,False,,,53.346026,-6.243576,40,16,24,5,11,0,11,40,16,24,5,11,0,11
6325,5,dublin,CHARLEMONT PLACE,Charlemont Street,False,False,OPEN,2024-12-28 09:02:37,True,False,,,53.330662,-6.260177,40,28,12,22,6,0,6,40,28,12,22,6,0,6
6326,97,dublin,KILMAINHAM GAOL,Kilmainham Gaol,False,False,OPEN,2024-12-28 08:59:22,True,False,,,53.342113,-6.310015,40,7,33,3,4,0,4,40,7,33,3,4,0,4
6327,61,dublin,HARDWICKE PLACE,Hardwicke Place,False,False,OPEN,2024-12-28 09:08:37,True,False,,,53.357043,-6.263232,25,0,25,0,0,0,0,25,0,25,0,0,0,0
6328,77,dublin,WOLFE TONE STREET,Wolfe Tone Street,False,False,OPEN,2024-12-28 08:59:55,True,False,,,53.348875,-6.267459,29,27,2,16,11,0,11,29,27,2,16,11,0,11
6329,73,dublin,FRANCIS STREET,Francis Street,False,False,OPEN,2024-12-28 09:00:54,True,False,,,53.342081,-6.275233,30,3,27,3,0,0,0,30,3,27,3,0,0,0
6330,4,dublin,GREEK STREET,Greek Street,False,False,OPEN,2024-12-28 09:02:05,True,False,,,53.346874,-6.272976,20,14,6,2,12,0,12,20,14,6,2,12,0,12
6331,49,dublin,GUILD STREET,Guild Street,False,False,OPEN,2024-12-28 09:03:04,True,False,,,53.347932,-6.240928,40,32,8,22,10,0,10,40,32,8,22,10,0,10
6332,19,dublin,HERBERT PLACE,Herbert Place,False,False,OPEN,2024-12-28 09:01:54,True,False,,,53.334432,-6.245575,30,9,20,6,3,0,3,30,9,20,6,3,0,3
6333,7,dublin,HIGH STREET,High Street,False,False,OPEN,2024-12-28 08:59:29,True,False,,,53.343565,-6.275071,29,1,28,1,0,0,0,29,1,28,1,0,0,0
6334,60,dublin,NORTH CIRCULAR ROAD,North Circular Road,False,False,OPEN,2024-12-28 09:04:57,True,False,,,53.359624,-6.260348,30,1,29,1,0,0,0,30,1,29,1,0,0,0
6335,102,dublin,WESTERN WAY,Western Way,False,False,OPEN,2024-12-28 09:00:07,True,False,,,53.354929,-6.269425,40,11,29,10,1,0,1,40,11,29,10,1,0,1
6336,38,dublin,TALBOT STREET,Talbot Street,False,False,OPEN,2024-12-28 09:00:51,True,False,,,53.350974,-6.25294,40,26,14,21,5,0,5,40,26,14,21,5,0,5
6337,53,dublin,NEWMAN HOUSE,Newman House,False,False,OPEN,2024-12-28 09:00:42,True,False,,,53.337132,-6.26059,40,10,30,10,0,0,0,40,10,30,10,0,0,0
6338,58,dublin,SIR PATRICK DUN'S,Sir Patrick's Dun,False,False,OPEN,2024-12-28 09:06:43,True,False,,,53.339218,-6.240642,40,22,18,18,4,0,4,40,22,18,18,4,0,4
6339,66,dublin,NEW CENTRAL BANK,New Central Bank,False,False,OPEN,2024-12-28 09:08:47,True,False,,,53.347122,-6.234749,40,6,34,1,5,0,5,40,6,34,1,5,0,5
6340,104,dublin,GRANGEGORMAN LOWER (CENTRAL),Grangegorman Lower (Central),False,False,OPEN,2024-12-28 09:01:57,True,False,,,53.355173,-6.278424,40,1,39,1,0,0,0,40,1,39,1,0,0,0
6341,101,dublin,KING STREET NORTH,King Street North,False,False,OPEN,2024-12-28 09:08:38,True,False,,,53.350291,-6.273507,30,10,20,7,3,0,3,30,10,20,7,3,0,3
6342,115,dublin,KILLARNEY STREET,Killarney Street,False,False,OPEN,2024-12-28 09:02:47,True,False,,,53.354845,-6.247579,30,23,7,14,9,0,9,30,23,7,14,9,0,9
6343,47,dublin,HERBERT STREET,Herbert Street,False,False,OPEN,2024-12-28 09:00:32,True,False,,,53.335742,-6.24551,40,3,37,1,2,0,2,40,3,37,1,2,0,2
6344,117,dublin,HANOVER QUAY EAST,Hanover Quay East,False,False,OPEN,2024-12-28 09:00:31,True,False,,,53.343653,-6.231755,40,7,33,3,4,0,4,40,7,33,3,4,0,4
6345,8,dublin,CUSTOM HOUSE QUAY,Custom House Quay,False,False,OPEN,2024-12-28 09:08:51,True,False,,,53.347884,-6.248048,30,22,8,16,6,0,6,30,22,8,16,6,0,6
6346,27,dublin,MOLESWORTH STREET,Molesworth Street,False,False,OPEN,2024-12-28 09:08:52,True,False,,,53.341288,-6.258117,20,7,13,5,2,0,2,20,7,13,5,2,0,2
6347,16,dublin,GEORGES QUAY,Georges Quay,False,False,OPEN,2024-12-28 09:07:49,True,False,,,53.347508,-6.252192,20,18,2,9,9,0,9,20,18,2,9,9,0,9
6348,96,dublin,KILMAINHAM LANE,Kilmainham Lane,False,False,OPEN,2024-12-28 09:07:49,True,False,,,53.341805,-6.305085,30,4,26,4,0,0,0,30,4,26,4,0,0,0
6349,82,dublin,MOUNT BROWN,Mount Brown,False,False,OPEN,2024-12-28 09:01:42,True,False,,,53.341645,-6.29719,22,11,11,2,9,0,9,22,11,11,2,9,0,9
6350,76,dublin,MARKET STREET SOUTH,Market Street South,False,False,OPEN,2024-12-28 09:08:16,True,False,,,53.342296,-6.287661,38,2,36,0,2,0,2,38,2,36,0,2,0,2
6351,71,dublin,KEVIN STREET,Kevin Street,False,False,OPEN,2024-12-28 09:08:36,True,False,,,53.337757,-6.267699,40,14,25,8,6,0,6,40,14,25,8,6,0,6
6352,79,dublin,ECCLES STREET EAST,Eccles Street East,False,False,OPEN,2024-12-28 09:01:24,True,False,,,53.358115,-6.265601,27,2,25,2,0,0,0,27,2,25,2,0,0,0
6353,69,dublin,GRAND CANAL DOCK,Grand Canal Dock,False,False,OPEN,2024-12-28 09:04:12,True,False,,,53.342638,-6.238695,40,36,2,22,14,0,14,40,36,2,22,14,0,14
6354,25,dublin,MERRION SQUARE EAST,Merrion Square East,False,False,OPEN,2024-12-28 09:06:14,True,False,,,53.339434,-6.246548,30,2,28,2,0,0,0,30,2,28,2,0,0,0
6355,51,dublin,YORK STREET WEST,York Street West,False,False,OPEN,2024-12-28 08:59:02,True,False,,,53.339334,-6.264699,40,0,0,0,0,0,0,40,0,0,0,0,0,0
6356,37,dublin,ST. STEPHEN'S GREEN SOUTH,St. Stephen's Green South,False,False,OPEN,2024-12-28 08:59:38,True,False,,,53.337494,-6.26199,30,16,13,10,6,0,6,30,16,13,10,6,0,6
6357,59,dublin,DENMARK STREET GREAT,Denmark Street Great,False,False,OPEN,2024-12-28 09:02:02,True,False,,,53.35561,-6.261397,20,1,19,1,0,0,0,20,1,19,1,0,0,0
6358,95,dublin,ROYAL HOSPITAL,Royal Hospital,False,False,OPEN,2024-12-28 09:02:45,True,False,,,53.343897,-6.29706,40,26,14,16,10,0,10,40,26,14,16,10,0,10
6359,94,dublin,HEUSTON STATION (CAR PARK),Heuston Station (Car Park),False,False,OPEN,2024-12-28 09:01:35,True,False,,,53.346985,-6.297804,40,10,30,10,0,0,0,40,10,30,10,0,0,0
6360,105,dublin,GRANGEGORMAN LOWER (NORTH),Grangegorman Lower (North),False,False,OPEN,2024-12-28 09:02:12,True,False,,,53.355954,-6.278378,36,3,33,2,1,0,1,36,3,33,2,1,0,1
6361,36,dublin,ST. STEPHEN'S GREEN EAST,St. Stephen's Green East,False,False,OPEN,2024-12-28 08:59:06,True,False,,,53.337824,-6.256035,40,18,22,9,9,0,9,40,18,22,9,9,0,9
6362,93,dublin,HEUSTON STATION (CENTRAL),Heuston Station (Central),False,False,OPEN,2024-12-28 08:59:33,True,False,,,53.346603,-6.296924,40,13,27,13,0,0,0,40,13,27,13,0,0,0
6363,22,dublin,TOWNSEND STREET,Townsend Street,False,False,OPEN,2024-12-28 09:00:04,True,False,,,53.345922,-6.254614,20,13,7,11,2,0,2,20,13,7,11,2,0,2
6364,50,dublin,GEORGES LANE,George's Lane,False,False,OPEN,2024-12-28 09:02:16,True,False,,,53.35023,-6.279696,40,10,30,8,2,0,2,40,10,30,8,2,0,2
6365,110,dublin,PHIBSBOROUGH ROAD,Phibsborough Road,False,False,OPEN,2024-12-28 09:03:33,True,False,,,53.356307,-6.273717,40,12,28,4,8,0,8,40,12,28,4,8,0,8
6366,12,dublin,ECCLES STREET,Eccles Street,False,False,OPEN,2024-12-28 09:00:43,True,False,,,53.359246,-6.269779,20,1,19,1,0,0,0,20,1,19,1,0,0,0
6367,34,dublin,PORTOBELLO HARBOUR,Portobello Harbour,False,False,OPEN,2024-12-28 09:00:35,True,False,,,53.330362,-6.265163,30,18,12,10,8,0,8,30,18,12,10,8,0,8
6368,78,dublin,MATER HOSPITAL,Mater Hospital,False,False,OPEN,2024-12-28 09:01:36,True,False,,,53.359967,-6.264828,40,2,38,1,1,0,1,40,2,38,1,1,0,1
6369,2,dublin,BLESSINGTON STREET,Blessington Street,False,False,OPEN,2024-12-28 08:59:09,True,False,,,53.356769,-6.26814,20,0,20,0,0,0,0,20,0,20,0,0,0,0
6370,75,dublin,JAMES STREET,James Street,False,False,OPEN,2024-12-28 09:02:12,True,False,,,53.343456,-6.287409,40,4,36,3,1,0,1,40,4,36,3,1,0,1
6371,111,dublin,MOUNTJOY SQUARE EAST,Mountjoy Square East,False,False,OPEN,2024-12-28 08:59:31,True,False,,,53.356717,-6.256359,40,0,40,0,0,0,0,40,0,40,0,0,0,0
6372,26,dublin,MERRION SQUARE WEST,Merrion Square West,False,False,OPEN,2024-12-28 08:59:41,True,False,,,53.339764,-6.251988,20,14,6,6,8,0,8,20,14,6,6,8,0,8
6373,65,dublin,CONVENTION CENTRE,Convention Centre,False,False,OPEN,2024-12-28 09:02:42,True,False,,,53.34744,-6.238523,40,11,29,9,2,0,2,40,11,29,9,2,0,2
6374,15,dublin,HARDWICKE STREET,Hardwicke Street,False,False,OPEN,2024-12-28 09:02:18,True,False,,,53.355473,-6.264423,16,0,16,0,0,0,0,16,0,16,0,0,0,0
6375,86,dublin,PARKGATE STREET,Parkgate Street,False,False,OPEN,2024-12-28 09:08:23,True,False,,,53.347972,-6.291804,38,32,6,2,30,0,30,38,32,6,2,30,0,30
6376,35,dublin,SMITHFIELD,Smithfield,False,False,OPEN,2024-12-28 09:04:16,True,False,,,53.347692,-6.278214,30,9,21,6,3,0,3,30,9,21,6,3,0,3
6377,10,dublin,DAME STREET,Dame Street,False,False,OPEN,2024-12-28 09:03:07,True,False,,,53.344007,-6.266802,16,13,3,11,2,0,2,16,13,3,11,2,0,2
6378,100,dublin,HEUSTON BRIDGE (SOUTH),Heuston Bridge (South),False,False,OPEN,2024-12-28 09:01:10,True,False,,,53.347106,-6.292041,25,15,10,6,9,0,9,25,15,10,6,9,0,9
6379,24,dublin,CATHAL BRUGHA STREET,Cathal Brugha Street,False,False,OPEN,2024-12-28 09:02:24,True,False,,,53.352149,-6.260533,20,14,6,11,3,0,3,20,14,6,11,3,0,3
6380,64,dublin,SANDWITH STREET,Sandwith Street,False,False,OPEN,2024-12-28 09:02:03,True,False,,,53.345203,-6.247163,40,22,18,18,4,0,4,40,22,18,18,4,0,4
6381,109,dublin,BUCKINGHAM STREET LOWER,Buckingham Street Lower,False,False,OPEN,2024-12-28 09:02:00,True,False,,,53.353331,-6.249319,29,9,20,1,8,0,8,29,9,20,1,8,0,8
6382,85,dublin,ROTHE ABBEY,Rothe Abbey,False,False,OPEN,2024-12-28 09:03:31,True,False,,,53.338776,-6.30395,35,28,5,15,13,0,13,35,28,5,15,13,0,13
6383,107,dublin,CHARLEVILLE ROAD,Charleville Road,False,False,OPEN,2024-12-28 08:59:54,True,False,,,53.359157,-6.281866,40,16,24,10,6,0,6,40,16,24,10,6,0,6
6384,33,dublin,PRINCES STREET / O'CONNELL STREET,Princes Street / O'Connell Street,False,False,OPEN,2024-12-28 09:08:40,True,False,,,53.349013,-6.260311,23,19,4,10,9,0,9,23,19,4,10,9,0,9
6385,44,dublin,UPPER SHERRARD STREET,Upper Sherrard Street,False,False,OPEN,2024-12-28 09:02:37,True,False,,,53.358437,-6.260641,30,2,28,2,0,0,0,30,2,28,2,0,0,0
6386,89,dublin,FITZWILLIAM SQUARE EAST,Fitzwilliam Square East,False,False,OPEN,2024-12-28 09:01:42,True,False,,,53.335211,-6.2509,40,21,17,11,10,0,10,40,21,17,11,10,0,10
6387,57,dublin,GRATTAN STREET,Grattan Street,False,False,OPEN,2024-12-28 08:59:49,True,False,,,53.339629,-6.243778,23,5,18,5,0,0,0,23,5,18,5,0,0,0
6388,80,dublin,ST JAMES HOSPITAL (LUAS),St James Hospital (Luas),False,False,OPEN,2024-12-28 09:02:11,True,False,,,53.341359,-6.292951,40,1,39,1,0,0,0,40,1,39,1,0,0,0
6389,41,dublin,HARCOURT TERRACE,Harcourt Terrace,False,False,OPEN,2024-12-28 09:08:39,True,False,,,53.332763,-6.257942,20,1,19,1,0,0,0,20,1,19,1,0,0,0
6390,3,dublin,BOLTON STREET,Bolton Street,False,False,OPEN,2024-12-28 09:00:42,True,False,,,53.351182,-6.269859,20,4,16,4,0,0,0,20,4,16,4,0,0,0
6391,40,dublin,JERVIS STREET,Jervis Street,False,False,OPEN,2024-12-28 09:01:56,True,False,,,53.3483,-6.266651,21,15,6,11,4,0,4,21,15,6,11,4,0,4
6392,29,dublin,ORMOND QUAY UPPER,Ormond Quay Upper,False,False,OPEN,2024-12-28 09:02:39,True,False,,,53.346057,-6.268001,29,29,0,16,13,0,13,29,29,0,16,13,0,13
6393,103,dublin,GRANGEGORMAN LOWER (SOUTH),Grangegorman Lower (South),False,False,OPEN,2024-12-28 09:00:34,True,False,,,53.354663,-6.278681,40,0,40,0,0,0,0,40,0,40,0,0,0,0
6394,28,dublin,MOUNTJOY SQUARE WEST,Mountjoy Square West,False,False,OPEN,2024-12-28 09:00:10,True,False,,,53.356299,-6.258586,30,0,30,0,0,0,0,30,0,30,0,0,0,0
6395,39,dublin,WILTON TERRACE,Wilton Terrace,False,False,OPEN,2024-12-28 09:01:53,True,False,,,53.332383,-6.252717,20,0,20,0,0,0,0,20,0,20,0,0,0,0
6396,83,dublin,EMMET ROAD,Emmet Road,False,False,OPEN,2024-12-28 09:01:35,True,False,,,53.340714,-6.308191,40,11,27,9,2,0,2,40,11,27,9,2,0,2
6397,92,dublin,HEUSTON BRIDGE (NORTH),Heuston Bridge (North),False,False,OPEN,2024-12-28 08:59:03,True,False,,,53.347802,-6.292432,40,38,1,29,9,0,9,40,38,1,29,9,0,9
6398,21,dublin,LEINSTER STREET SOUTH,Leinster Street South,False,False,OPEN,2024-12-28 08:59:07,True,False,,,53.34218,-6.254485,30,4,26,4,0,0,0,30,4,26,4,0,0,0
6399,88,dublin,BLACKHALL PLACE,Blackhall Place,False,False,OPEN,2024-12-28 09:00:08,True,False,,,53.3488,-6.281637,30,2,28,0,2,0,2,30,2,28,0,2,0,2
6400,42,dublin,SMITHFIELD NORTH,Smithfield North,False,False,OPEN,2024-12-28 09:20:11,True,False,,,53.349562,-6.278198,30,10,20,8,2,0,2,30,10,20,8,2,0,2
6401,30,dublin,PARNELL SQUARE NORTH,Parnell Square North,False,False,OPEN,2024-12-28 09:23:14,True,False,,,53.3537415547453,-6.26530144781526,20,6,14,4,2,0,2,20,6,14,4,2,0,2
6402,54,dublin,CLONMEL STREET,Clonmel Street,False,False,OPEN,2024-12-28 09:19:10,True,False,,,53.336021,-6.26298,33,15,18,5,10,0,10,33,15,18,5,10,0,10
6403,108,dublin,AVONDALE ROAD,Avondale Road,False,False,OPEN,2024-12-28 09:20:23,True,False,,,53.359405,-6.276142,35,13,22,10,3,0,3,35,13,22,10,3,0,3
6404,20,dublin,JAMES STREET EAST,James Street East,False,False,OPEN,2024-12-28 09:22:51,True,False,,,53.336597,-6.248109,30,2,28,2,0,0,0,30,2,28,2,0,0,0
6405,56,dublin,MOUNT STREET LOWER,Mount Street Lower,False,False,OPEN,2024-12-28 09:28:54,True,False,,,53.33796,-6.24153,40,24,14,11,13,0,13,40,24,14,11,13,0,13
6406,6,dublin,CHRISTCHURCH PLACE,Christchurch Place,False,False,OPEN,2024-12-28 09:22:57,True,False,,,53.343368,-6.27012,20,2,18,1,1,0,1,20,2,18,1,1,0,1
6407,18,dublin,GRANTHAM STREET,Grantham Street,False,False,OPEN,2024-12-28 09:21:41,True,False,,,53.334123,-6.265436,30,9,21,1,8,0,8,30,9,21,1,8,0,8
6408,32,dublin,PEARSE STREET,Pearse Street,False,False,OPEN,2024-12-28 09:19:01,True,False,,,53.344304,-6.250427,30,20,8,14,6,0,6,30,20,8,14,6,0,6
6409,52,dublin,YORK STREET EAST,York Street East,False,False,OPEN,2024-12-28 09:20:17,True,False,,,53.338755,-6.262003,32,28,4,17,11,0,11,32,28,4,17,11,0,11
6410,48,dublin,EXCISE WALK,Excise Walk,False,False,OPEN,2024-12-28 09:22:33,True,False,,,53.347777,-6.244239,40,2,38,1,1,0,1,40,2,38,1,1,0,1
6411,13,dublin,FITZWILLIAM SQUARE WEST,Fitzwilliam Square West,False,False,OPEN,2024-12-28 09:20:49,True,False,,,53.336074,-6.252825,30,27,3,11,16,0,16,30,27,3,11,16,0,16
6412,43,dublin,PORTOBELLO ROAD,Portobello Road,False,False,OPEN,2024-12-28 09:20:50,True,False,,,53.330091,-6.268044,30,6,24,3,3,0,3,30,6,24,3,3,0,3
6413,31,dublin,PARNELL STREET,Parnell Street,False,False,OPEN,2024-12-28 09:27:20,True,False,,,53.350929,-6.265125,20,1,19,1,0,0,0,20,1,19,1,0,0,0
6414,98,dublin,FREDERICK STREET SOUTH,Frederick Street South,False,False,OPEN,2024-12-28 09:21:43,True,False,,,53.341515,-6.256853,40,20,20,9,11,0,11,40,20,20,9,11,0,11
6415,14,dublin,FOWNES STREET UPPER,Fownes Street Upper,False,False,OPEN,2024-12-28 09:22:07,True,False,,,53.344603,-6.263371,30,12,18,7,5,0,5,30,12,18,7,5,0,5
6416,1,dublin,CLARENDON ROW,Clarendon Row,False,False,OPEN,2024-12-28 09:21:52,True,False,,,53.340927,-6.262501,31,19,12,11,8,0,8,31,19,12,11,8,0,8
6417,23,dublin,CUSTOM HOUSE,Custom House,False,False,OPEN,2024-12-28 09:20:57,True,False,,,53.348279,-6.254662,30,19,11,8,11,0,11,30,19,11,8,11,0,11
6418,106,dublin,RATHDOWN ROAD,Rathdown Road,False,False,OPEN,2024-12-28 09:19:46,True,False,,,53.35893,-6.280337,40,9,31,6,3,0,3,40,9,31,6,3,0,3
6419,112,dublin,NORTH CIRCULAR ROAD (O'CONNELL'S),North Circular Road (O'Connell's),False,False,OPEN,2024-12-28 09:22:12,True,False,,,53.357841,-6.251557,30,2,28,1,1,0,1,30,2,28,1,1,0,1
6420,68,dublin,HANOVER QUAY,Hanover Quay,False,False,OPEN,2024-12-28 09:28:09,True,False,,,53.344115,-6.237153,40,28,12,19,9,0,9,40,28,12,19,9,0,9
6421,74,dublin,OLIVER BOND STREET,Oliver Bond Street,False,False,OPEN,2024-12-28 09:21:46,True,False,,,53.343893,-6.280531,30,21,9,16,5,0,5,30,21,9,16,5,0,5
6422,87,dublin,COLLINS BARRACKS MUSEUM,Collins Barracks Museum,False,False,OPEN,2024-12-28 09:23:33,True,False,,,53.347477,-6.28525,38,23,15,13,10,0,10,38,23,15,13,10,0,10
6423,84,dublin,BROOKFIELD ROAD,Brookfield Road,False,False,OPEN,2024-12-28 09:21:54,True,False,,,53.339005,-6.300217,30,12,17,7,5,0,5,30,12,17,7,5,0,5
6424,90,dublin,BENSON STREET,Benson Street,False,False,OPEN,2024-12-28 09:23:04,True,False,,,53.344153,-6.233451,40,5,34,4,1,0,1,40,5,34,4,1,0,1
6425,11,dublin,EARLSFORT TERRACE,Earlsfort Terrace,False,False,OPEN,2024-12-28 09:28:49,True,False,,,53.334295,-6.258503,30,17,13,13,4,0,4,30,17,13,13,4,0,4
6426,17,dublin,GOLDEN LANE,Golden Lane,False,False,OPEN,2024-12-28 09:19:35,True,False,,,53.340803,-6.267732,20,14,5,5,9,0,9,20,14,5,5,9,0,9
6427,45,dublin,DEVERELL PLACE,Deverell Place,False,False,OPEN,2024-12-28 09:22:45,True,False,,,53.351464,-6.255265,30,13,17,7,6,0,6,30,13,17,7,6,0,6
6428,114,dublin,WILTON TERRACE (PARK),Wilton Terrace (Park),False,False,OPEN,2024-12-28 09:25:48,True,False,,,53.333653,-6.248345,40,2,38,0,2,0,2,40,2,38,0,2,0,2
6429,72,dublin,JOHN STREET WEST,John Street West,False,False,OPEN,2024-12-28 09:21:30,True,False,,,53.343105,-6.277167,31,0,31,0,0,0,0,31,0,31,0,0,0,0
6430,63,dublin,FENIAN STREET,Fenian Street,False,False,OPEN,2024-12-28 09:22:18,True,False,,,53.341428,-6.24672,35,21,14,10,11,0,11,35,21,14,10,11,0,11
6431,113,dublin,MERRION SQUARE SOUTH,Merrion Square South,False,False,OPEN,2024-12-28 09:21:10,True,False,,,53.338614,-6.248606,40,7,22,6,1,0,1,40,7,22,6,1,0,1
6432,91,dublin,SOUTH DOCK ROAD,South Dock Road,False,False,OPEN,2024-12-28 09:19:01,True,False,,,53.341833,-6.231291,30,24,3,14,10,0,10,30,24,3,14,10,0,10
6433,99,dublin,CITY QUAY,City Quay,False,False,OPEN,2024-12-28 09:21:22,True,False,,,53.346637,-6.246154,30,19,11,10,9,0,9,30,19,11,10,9,0,9
6434,9,dublin,EXCHEQUER STREET,Exchequer Street,False,False,OPEN,2024-12-28 09:22:54,True,False,,,53.343034,-6.263578,24,10,14,4,6,0,6,24,10,14,4,6,0,6
6435,67,dublin,THE POINT,The Point,False,False,OPEN,2024-12-28 09:28:17,True,False,,,53.346867,-6.230852,40,18,22,9,9,0,9,40,18,22,9,9,0,9
6436,116,dublin,BROADSTONE,Broadstone,False,False,OPEN,2024-12-28 09:28:19,True,False,,,53.3547,-6.272314,30,16,14,5,11,0,11,30,16,14,5,11,0,11
6437,55,dublin,HATCH STREET,Hatch Street,False,False,OPEN,2024-12-28 09:22:51,True,False,,,53.33403,-6.260714,36,15,20,9,6,0,6,36,15,20,9,6,0,6
6438,62,dublin,LIME STREET,Lime Street,False,False,OPEN,2024-12-28 09:26:18,True,False,,,53.346026,-6.243576,40,15,25,4,11,0,11,40,15,25,4,11,0,11
6439,5,dublin,CHARLEMONT PLACE,Charlemont Street,False,False,OPEN,2024-12-28 09:22:45,True,False,,,53.330662,-6.260177,40,28,12,22,6,0,6,40,28,12,22,6,0,6
6440,97,dublin,KILMAINHAM GAOL,Kilmainham Gaol,False,False,OPEN,2024-12-28 09:19:31,True,False,,,53.342113,-6.310015,40,7,33,3,4,0,4,40,7,33,3,4,0,4
6441,61,dublin,HARDWICKE PLACE,Hardwicke Place,False,False,OPEN,2024-12-28 09:28:46,True,False,,,53.357043,-6.263232,25,0,25,0,0,0,0,25,0,25,0,0,0,0
6442,77,dublin,WOLFE TONE STREET,Wolfe Tone Street,False,False,OPEN,2024-12-28 09:20:06,True,False,,,53.348875,-6.267459,29,29,0,16,13,0,13,29,29,0,16,13,0,13
6443,73,dublin,FRANCIS STREET,Francis Street,False,False,OPEN,2024-12-28 09:28:44,True,False,,,53.342081,-6.275233,30,1,29,1,0,0,0,30,1,29,1,0,0,0
6444,4,dublin,GREEK STREET,Greek Street,False,False,OPEN,2024-12-28 09:22:16,True,False,,,53.346874,-6.272976,20,14,6,2,12,0,12,20,14,6,2,12,0,12
6445,49,dublin,GUILD STREET,Guild Street,False,False,OPEN,2024-12-28 09:23:15,True,False,,,53.347932,-6.240928,40,32,8,22,10,0,10,40,32,8,22,10,0,10
6446,19,dublin,HERBERT PLACE,Herbert Place,False,False,OPEN,2024-12-28 09:22:04,True,False,,,53.334432,-6.245575,30,10,19,7,3,0,3,30,10,19,7,3,0,3
6447,7,dublin,HIGH STREET,High Street,False,False,OPEN,2024-12-28 09:22:17,True,False,,,53.343565,-6.275071,29,19,10,12,7,0,7,29,19,10,12,7,0,7
6448,60,dublin,NORTH CIRCULAR ROAD,North Circular Road,False,False,OPEN,2024-12-28 09:27:40,True,False,,,53.359624,-6.260348,30,0,30,0,0,0,0,30,0,30,0,0,0,0
6449,102,dublin,WESTERN WAY,Western Way,False,False,OPEN,2024-12-28 09:20:18,True,False,,,53.354929,-6.269425,40,11,29,10,1,0,1,40,11,29,10,1,0,1
6450,38,dublin,TALBOT STREET,Talbot Street,False,False,OPEN,2024-12-28 09:20:59,True,False,,,53.350974,-6.25294,40,26,14,21,5,0,5,40,26,14,21,5,0,5
6451,53,dublin,NEWMAN HOUSE,Newman House,False,False,OPEN,2024-12-28 09:20:50,True,False,,,53.337132,-6.26059,40,10,30,10,0,0,0,40,10,30,10,0,0,0
6452,58,dublin,SIR PATRICK DUN'S,Sir Patrick's Dun,False,False,OPEN,2024-12-28 09:21:39,True,False,,,53.339218,-6.240642,40,22,18,18,4,0,4,40,22,18,18,4,0,4
6453,66,dublin,NEW CENTRAL BANK,New Central Bank,False,False,OPEN,2024-12-28 09:28:54,True,False,,,53.347122,-6.234749,40,6,34,1,5,0,5,40,6,34,1,5,0,5
6454,104,dublin,GRANGEGORMAN LOWER (CENTRAL),Grangegorman Lower (Central),False,False,OPEN,2024-12-28 09:22:08,True,False,,,53.355173,-6.278424,40,1,39,1,0,0,0,40,1,39,1,0,0,0
6455,101,dublin,KING STREET NORTH,King Street North,False,False,OPEN,2024-12-28 09:28:46,True,False,,,53.350291,-6.273507,30,10,20,7,3,0,3,30,10,20,7,3,0,3
6456,115,dublin,KILLARNEY STREET,Killarney Street,False,False,OPEN,2024-12-28 09:22:55,True,False,,,53.354845,-6.247579,30,23,7,14,9,0,9,30,23,7,14,9,0,9
6457,47,dublin,HERBERT STREET,Herbert Street,False,False,OPEN,2024-12-28 09:20:43,True,False,,,53.335742,-6.24551,40,3,37,1,2,0,2,40,3,37,1,2,0,2
6458,117,dublin,HANOVER QUAY EAST,Hanover Quay East,False,False,OPEN,2024-12-28 09:28:31,True,False,,,53.343653,-6.231755,40,8,32,4,4,0,4,40,8,32,4,4,0,4
6459,8,dublin,CUSTOM HOUSE QUAY,Custom House Quay,False,False,OPEN,2024-12-28 09:21:20,True,False,,,53.347884,-6.248048,30,22,8,16,6,0,6,30,22,8,16,6,0,6
6460,27,dublin,MOLESWORTH STREET,Molesworth Street,False,False,OPEN,2024-12-28 09:21:46,True,False,,,53.341288,-6.258117,20,8,12,6,2,0,2,20,8,12,6,2,0,2
6461,16,dublin,GEORGES QUAY,Georges Quay,False,False,OPEN,2024-12-28 09:27:56,True,False,,,53.347508,-6.252192,20,18,2,9,9,0,9,20,18,2,9,9,0,9
6462,96,dublin,KILMAINHAM LANE,Kilmainham Lane,False,False,OPEN,2024-12-28 09:28:01,True,False,,,53.341805,-6.305085,30,2,28,2,0,0,0,30,2,28,2,0,0,0
6463,82,dublin,MOUNT BROWN,Mount Brown,False,False,OPEN,2024-12-28 09:19:51,True,False,,,53.341645,-6.29719,22,11,11,2,9,0,9,22,11,11,2,9,0,9
6464,76,dublin,MARKET STREET SOUTH,Market Street South,False,False,OPEN,2024-12-28 09:28:25,True,False,,,53.342296,-6.287661,38,2,36,0,2,0,2,38,2,36,0,2,0,2
6465,71,dublin,KEVIN STREET,Kevin Street,False,False,OPEN,2024-12-28 09:19:22,True,False,,,53.337757,-6.267699,40,14,25,8,6,0,6,40,14,25,8,6,0,6
6466,79,dublin,ECCLES STREET EAST,Eccles Street East,False,False,OPEN,2024-12-28 09:21:34,True,False,,,53.358115,-6.265601,27,1,26,1,0,0,0,27,1,26,1,0,0,0
6467,69,dublin,GRAND CANAL DOCK,Grand Canal Dock,False,False,OPEN,2024-12-28 09:21:33,True,False,,,53.342638,-6.238695,40,36,2,22,14,0,14,40,36,2,22,14,0,14
6468,25,dublin,MERRION SQUARE EAST,Merrion Square East,False,False,OPEN,2024-12-28 09:26:25,True,False,,,53.339434,-6.246548,30,2,28,2,0,0,0,30,2,28,2,0,0,0
6469,51,dublin,YORK STREET WEST,York Street West,False,False,OPEN,2024-12-28 09:19:11,True,False,,,53.339334,-6.264699,40,0,0,0,0,0,0,40,0,0,0,0,0,0
6470,37,dublin,ST. STEPHEN'S GREEN SOUTH,St. Stephen's Green South,False,False,OPEN,2024-12-28 09:19:48,True,False,,,53.337494,-6.26199,30,16,13,10,6,0,6,30,16,13,10,6,0,6
6471,59,dublin,DENMARK STREET GREAT,Denmark Street Great,False,False,OPEN,2024-12-28 09:22:13,True,False,,,53.35561,-6.261397,20,1,19,1,0,0,0,20,1,19,1,0,0,0
6472,95,dublin,ROYAL HOSPITAL,Royal Hospital,False,False,OPEN,2024-12-28 09:22:52,True,False,,,53.343897,-6.29706,40,26,14,16,10,0,10,40,26,14,16,10,0,10
6473,94,dublin,HEUSTON STATION (CAR PARK),Heuston Station (Car Park),False,False,OPEN,2024-12-28 09:21:42,True,False,,,53.346985,-6.297804,40,10,30,10,0,0,0,40,10,30,10,0,0,0
6474,105,dublin,GRANGEGORMAN LOWER (NORTH),Grangegorman Lower (North),False,False,OPEN,2024-12-28 09:22:20,True,False,,,53.355954,-6.278378,36,3,33,2,1,0,1,36,3,33,2,1,0,1
6475,36,dublin,ST. STEPHEN'S GREEN EAST,St. Stephen's Green East,False,False,OPEN,2024-12-28 09:19:17,True,False,,,53.337824,-6.256035,40,18,22,9,9,0,9,40,18,22,9,9,0,9
6476,93,dublin,HEUSTON STATION (CENTRAL),Heuston Station (Central),False,False,OPEN,2024-12-28 09:19:41,True,False,,,53.346603,-6.296924,40,13,27,13,0,0,0,40,13,27,13,0,0,0
6477,22,dublin,TOWNSEND STREET,Townsend Street,False,False,OPEN,2024-12-28 09:20:15,True,False,,,53.345922,-6.254614,20,13,7,11,2,0,2,20,13,7,11,2,0,2
6478,50,dublin,GEORGES LANE,George's Lane,False,False,OPEN,2024-12-28 09:22:27,True,False,,,53.35023,-6.279696,40,9,31,8,1,0,1,40,9,31,8,1,0,1
6479,110,dublin,PHIBSBOROUGH ROAD,Phibsborough Road,False,False,OPEN,2024-12-28 09:23:43,True,False,,,53.356307,-6.273717,40,11,29,3,8,0,8,40,11,29,3,8,0,8
6480,12,dublin,ECCLES STREET,Eccles Street,False,False,OPEN,2024-12-28 09:20:54,True,False,,,53.359246,-6.269779,20,1,19,1,0,0,0,20,1,19,1,0,0,0
6481,34,dublin,PORTOBELLO HARBOUR,Portobello Harbour,False,False,OPEN,2024-12-28 09:20:42,True,False,,,53.330362,-6.265163,30,18,12,10,8,0,8,30,18,12,10,8,0,8
6482,78,dublin,MATER HOSPITAL,Mater Hospital,False,False,OPEN,2024-12-28 09:21:45,True,False,,,53.359967,-6.264828,40,2,38,1,1,0,1,40,2,38,1,1,0,1
6483,2,dublin,BLESSINGTON STREET,Blessington Street,False,False,OPEN,2024-12-28 09:19:16,True,False,,,53.356769,-6.26814,20,0,20,0,0,0,0,20,0,20,0,0,0,0
6484,75,dublin,JAMES STREET,James Street,False,False,OPEN,2024-12-28 09:22:20,True,False,,,53.343456,-6.287409,40,4,36,3,1,0,1,40,4,36,3,1,0,1
6485,111,dublin,MOUNTJOY SQUARE EAST,Mountjoy Square East,False,False,OPEN,2024-12-28 09:19:42,True,False,,,53.356717,-6.256359,40,0,40,0,0,0,0,40,0,40,0,0,0,0
6486,26,dublin,MERRION SQUARE WEST,Merrion Square West,False,False,OPEN,2024-12-28 09:19:52,True,False,,,53.339764,-6.251988,20,14,6,6,8,0,8,20,14,6,6,8,0,8
6487,65,dublin,CONVENTION CENTRE,Convention Centre,False,False,OPEN,2024-12-28 09:22:50,True,False,,,53.34744,-6.238523,40,12,28,9,3,0,3,40,12,28,9,3,0,3
6488,15,dublin,HARDWICKE STREET,Hardwicke Street,False,False,OPEN,2024-12-28 09:22:25,True,False,,,53.355473,-6.264423,16,0,16,0,0,0,0,16,0,16,0,0,0,0
6489,86,dublin,PARKGATE STREET,Parkgate Street,False,False,OPEN,2024-12-28 09:28:32,True,False,,,53.347972,-6.291804,38,31,7,2,29,0,29,38,31,7,2,29,0,29
6490,35,dublin,SMITHFIELD,Smithfield,False,False,OPEN,2024-12-28 09:23:04,True,False,,,53.347692,-6.278214,30,9,21,6,3,0,3,30,9,21,6,3,0,3
6491,10,dublin,DAME STREET,Dame Street,False,False,OPEN,2024-12-28 09:23:15,True,False,,,53.344007,-6.266802,16,13,3,11,2,0,2,16,13,3,11,2,0,2
6492,100,dublin,HEUSTON BRIDGE (SOUTH),Heuston Bridge (South),False,False,OPEN,2024-12-28 09:23:59,True,False,,,53.347106,-6.292041,25,14,11,5,9,0,9,25,14,11,5,9,0,9
6493,24,dublin,CATHAL BRUGHA STREET,Cathal Brugha Street,False,False,OPEN,2024-12-28 09:28:13,True,False,,,53.352149,-6.260533,20,12,8,10,2,0,2,20,12,8,10,2,0,2
6494,64,dublin,SANDWITH STREET,Sandwith Street,False,False,OPEN,2024-12-28 09:22:14,True,False,,,53.345203,-6.247163,40,22,18,18,4,0,4,40,22,18,18,4,0,4
6495,109,dublin,BUCKINGHAM STREET LOWER,Buckingham Street Lower,False,False,OPEN,2024-12-28 09:22:08,True,False,,,53.353331,-6.249319,29,9,20,1,8,0,8,29,9,20,1,8,0,8
6496,85,dublin,ROTHE ABBEY,Rothe Abbey,False,False,OPEN,2024-12-28 09:28:01,True,False,,,53.338776,-6.30395,35,29,6,16,13,0,13,35,29,6,16,13,0,13
6497,107,dublin,CHARLEVILLE ROAD,Charleville Road,False,False,OPEN,2024-12-28 09:19:57,True,False,,,53.359157,-6.281866,40,16,24,10,6,0,6,40,16,24,10,6,0,6
6498,33,dublin,PRINCES STREET / O'CONNELL STREET,Princes Street / O'Connell Street,False,False,OPEN,2024-12-28 09:20:59,True,False,,,53.349013,-6.260311,23,19,4,10,9,0,9,23,19,4,10,9,0,9
6499,44,dublin,UPPER SHERRARD STREET,Upper Sherrard Street,False,False,OPEN,2024-12-28 09:22:47,True,False,,,53.358437,-6.260641,30,2,28,2,0,0,0,30,2,28,2,0,0,0
6500,89,dublin,FITZWILLIAM SQUARE EAST,Fitzwilliam Square East,False,False,OPEN,2024-12-28 09:26:15,True,False,,,53.335211,-6.2509,40,21,17,11,10,0,10,40,21,17,11,10,0,10
6501,57,dublin,GRATTAN STREET,Grattan Street,False,False,OPEN,2024-12-28 09:19:59,True,False,,,53.339629,-6.243778,23,4,19,4,0,0,0,23,4,19,4,0,0,0
6502,80,dublin,ST JAMES HOSPITAL (LUAS),St James Hospital (Luas),False,False,OPEN,2024-12-28 09:25:03,True,False,,,53.341359,-6.292951,40,0,40,0,0,0,0,40,0,40,0,0,0,0
6503,41,dublin,HARCOURT TERRACE,Harcourt Terrace,False,False,OPEN,2024-12-28 09:28:49,True,False,,,53.332763,-6.257942,20,1,19,1,0,0,0,20,1,19,1,0,0,0
6504,3,dublin,BOLTON STREET,Bolton Street,False,False,OPEN,2024-12-28 09:20:52,True,False,,,53.351182,-6.269859,20,4,16,4,0,0,0,20,4,16,4,0,0,0
6505,40,dublin,JERVIS STREET,Jervis Street,False,False,OPEN,2024-12-28 09:26:54,True,False,,,53.3483,-6.266651,21,17,4,12,5,0,5,21,17,4,12,5,0,5
6506,29,dublin,ORMOND QUAY UPPER,Ormond Quay Upper,False,False,OPEN,2024-12-28 09:22:49,True,False,,,53.346057,-6.268001,29,29,0,16,13,0,13,29,29,0,16,13,0,13
6507,103,dublin,GRANGEGORMAN LOWER (SOUTH),Grangegorman Lower (South),False,False,OPEN,2024-12-28 09:20:41,True,False,,,53.354663,-6.278681,40,0,40,0,0,0,0,40,0,40,0,0,0,0
6508,28,dublin,MOUNTJOY SQUARE WEST,Mountjoy Square West,False,False,OPEN,2024-12-28 09:20:19,True,False,,,53.356299,-6.258586,30,0,30,0,0,0,0,30,0,30,0,0,0,0
6509,39,dublin,WILTON TERRACE,Wilton Terrace,False,False,OPEN,2024-12-28 09:22:01,True,False,,,53.332383,-6.252717,20,0,20,0,0,0,0,20,0,20,0,0,0,0
6510,83,dublin,EMMET ROAD,Emmet Road,False,False,OPEN,2024-12-28 09:21:49,True,False,,,53.340714,-6.308191,40,12,28,9,3,0,3,40,12,28,9,3,0,3
6511,92,dublin,HEUSTON BRIDGE (NORTH),Heuston Bridge (North),False,False,OPEN,2024-12-28 09:19:16,True,False,,,53.347802,-6.292432,40,37,3,28,9,0,9,40,37,3,28,9,0,9
6512,21,dublin,LEINSTER STREET SOUTH,Leinster Street South,False,False,OPEN,2024-12-28 09:19:16,True,False,,,53.34218,-6.254485,30,4,26,4,0,0,0,30,4,26,4,0,0,0
6513,88,dublin,BLACKHALL PLACE,Blackhall Place,False,False,OPEN,2024-12-28 09:23:24,True,False,,,53.3488,-6.281637,30,3,27,1,2,0,2,30,3,27,1,2,0,2
6514,42,dublin,SMITHFIELD NORTH,Smithfield North,False,False,OPEN,2024-12-28 09:47:00,True,False,,,53.349562,-6.278198,30,8,22,6,2,0,2,30,8,22,6,2,0,2
6515,30,dublin,PARNELL SQUARE NORTH,Parnell Square North,False,False,OPEN,2024-12-28 09:44:47,True,False,,,53.3537415547453,-6.26530144781526,20,4,16,4,0,0,0,20,4,16,4,0,0,0
6516,54,dublin,CLONMEL STREET,Clonmel Street,False,False,OPEN,2024-12-28 09:39:21,True,False,,,53.336021,-6.26298,33,15,18,5,10,0,10,33,15,18,5,10,0,10
6517,108,dublin,AVONDALE ROAD,Avondale Road,False,False,OPEN,2024-12-28 09:40:30,True,False,,,53.359405,-6.276142,35,13,22,10,3,0,3,35,13,22,10,3,0,3
6518,20,dublin,JAMES STREET EAST,James Street East,False,False,OPEN,2024-12-28 09:42:59,True,False,,,53.336597,-6.248109,30,2,28,2,0,0,0,30,2,28,2,0,0,0
6519,56,dublin,MOUNT STREET LOWER,Mount Street Lower,False,False,OPEN,2024-12-28 09:39:13,True,False,,,53.33796,-6.24153,40,25,13,12,13,0,13,40,25,13,12,13,0,13
6520,6,dublin,CHRISTCHURCH PLACE,Christchurch Place,False,False,OPEN,2024-12-28 09:46:11,True,False,,,53.343368,-6.27012,20,1,19,1,0,0,0,20,1,19,1,0,0,0
6521,18,dublin,GRANTHAM STREET,Grantham Street,False,False,OPEN,2024-12-28 09:41:49,True,False,,,53.334123,-6.265436,30,9,21,1,8,0,8,30,9,21,1,8,0,8
6522,32,dublin,PEARSE STREET,Pearse Street,False,False,OPEN,2024-12-28 09:39:08,True,False,,,53.344304,-6.250427,30,20,8,14,6,0,6,30,20,8,14,6,0,6
6523,52,dublin,YORK STREET EAST,York Street East,False,False,OPEN,2024-12-28 09:40:26,True,False,,,53.338755,-6.262003,32,29,3,18,11,0,11,32,29,3,18,11,0,11
6524,48,dublin,EXCISE WALK,Excise Walk,False,False,OPEN,2024-12-28 09:40:22,True,False,,,53.347777,-6.244239,40,2,38,1,1,0,1,40,2,38,1,1,0,1
6525,13,dublin,FITZWILLIAM SQUARE WEST,Fitzwilliam Square West,False,False,OPEN,2024-12-28 09:40:59,True,False,,,53.336074,-6.252825,30,26,4,10,16,0,16,30,26,4,10,16,0,16
6526,43,dublin,PORTOBELLO ROAD,Portobello Road,False,False,OPEN,2024-12-28 09:42:02,True,False,,,53.330091,-6.268044,30,3,27,0,3,0,3,30,3,27,0,3,0,3
6527,31,dublin,PARNELL STREET,Parnell Street,False,False,OPEN,2024-12-28 09:43:47,True,False,,,53.350929,-6.265125,20,2,18,2,0,0,0,20,2,18,2,0,0,0
6528,98,dublin,FREDERICK STREET SOUTH,Frederick Street South,False,False,OPEN,2024-12-28 09:41:53,True,False,,,53.341515,-6.256853,40,20,20,9,11,0,11,40,20,20,9,11,0,11
6529,14,dublin,FOWNES STREET UPPER,Fownes Street Upper,False,False,OPEN,2024-12-28 09:42:17,True,False,,,53.344603,-6.263371,30,12,18,7,5,0,5,30,12,18,7,5,0,5
6530,1,dublin,CLARENDON ROW,Clarendon Row,False,False,OPEN,2024-12-28 09:42:01,True,False,,,53.340927,-6.262501,31,20,11,12,8,0,8,31,20,11,12,8,0,8
6531,23,dublin,CUSTOM HOUSE,Custom House,False,False,OPEN,2024-12-28 09:41:08,True,False,,,53.348279,-6.254662,30,19,11,8,11,0,11,30,19,11,8,11,0,11
6532,106,dublin,RATHDOWN ROAD,Rathdown Road,False,False,OPEN,2024-12-28 09:39:58,True,False,,,53.35893,-6.280337,40,8,32,6,2,0,2,40,8,32,6,2,0,2
6533,112,dublin,NORTH CIRCULAR ROAD (O'CONNELL'S),North Circular Road (O'Connell's),False,False,OPEN,2024-12-28 09:42:26,True,False,,,53.357841,-6.251557,30,0,30,0,0,0,0,30,0,30,0,0,0,0
6534,68,dublin,HANOVER QUAY,Hanover Quay,False,False,OPEN,2024-12-28 09:40:22,True,False,,,53.344115,-6.237153,40,28,12,19,9,0,9,40,28,12,19,9,0,9
6535,74,dublin,OLIVER BOND STREET,Oliver Bond Street,False,False,OPEN,2024-12-28 09:41:55,True,False,,,53.343893,-6.280531,30,22,8,16,6,0,6,30,22,8,16,6,0,6
6536,87,dublin,COLLINS BARRACKS MUSEUM,Collins Barracks Museum,False,False,OPEN,2024-12-28 09:42:27,True,False,,,53.347477,-6.28525,38,23,15,13,10,0,10,38,23,15,13,10,0,10
6537,84,dublin,BROOKFIELD ROAD,Brookfield Road,False,False,OPEN,2024-12-28 09:42:05,True,False,,,53.339005,-6.300217,30,12,18,7,5,0,5,30,12,18,7,5,0,5
6538,90,dublin,BENSON STREET,Benson Street,False,False,OPEN,2024-12-28 09:43:15,True,False,,,53.344153,-6.233451,40,3,36,3,0,0,0,40,3,36,3,0,0,0
6539,11,dublin,EARLSFORT TERRACE,Earlsfort Terrace,False,False,OPEN,2024-12-28 09:38:52,True,False,,,53.334295,-6.258503,30,17,13,13,4,0,4,30,17,13,13,4,0,4
6540,17,dublin,GOLDEN LANE,Golden Lane,False,False,OPEN,2024-12-28 09:39:45,True,False,,,53.340803,-6.267732,20,15,4,6,9,0,9,20,15,4,6,9,0,9
6541,45,dublin,DEVERELL PLACE,Deverell Place,False,False,OPEN,2024-12-28 09:42:54,True,False,,,53.351464,-6.255265,30,13,17,7,6,0,6,30,13,17,7,6,0,6
6542,114,dublin,WILTON TERRACE (PARK),Wilton Terrace (Park),False,False,OPEN,2024-12-28 09:45:55,True,False,,,53.333653,-6.248345,40,2,38,0,2,0,2,40,2,38,0,2,0,2
6543,72,dublin,JOHN STREET WEST,John Street West,False,False,OPEN,2024-12-28 09:42:04,True,False,,,53.343105,-6.277167,31,0,31,0,0,0,0,31,0,31,0,0,0,0
6544,63,dublin,FENIAN STREET,Fenian Street,False,False,OPEN,2024-12-28 09:47:34,True,False,,,53.341428,-6.24672,35,22,13,11,11,0,11,35,22,13,11,11,0,11
6545,113,dublin,MERRION SQUARE SOUTH,Merrion Square South,False,False,OPEN,2024-12-28 09:41:19,True,False,,,53.338614,-6.248606,40,7,22,6,1,0,1,40,7,22,6,1,0,1
6546,91,dublin,SOUTH DOCK ROAD,South Dock Road,False,False,OPEN,2024-12-28 09:39:11,True,False,,,53.341833,-6.231291,30,24,3,14,10,0,10,30,24,3,14,10,0,10
6547,99,dublin,CITY QUAY,City Quay,False,False,OPEN,2024-12-28 09:41:30,True,False,,,53.346637,-6.246154,30,19,11,10,9,0,9,30,19,11,10,9,0,9
6548,9,dublin,EXCHEQUER STREET,Exchequer Street,False,False,OPEN,2024-12-28 09:45:02,True,False,,,53.343034,-6.263578,24,12,12,5,7,0,7,24,12,12,5,7,0,7
6549,67,dublin,THE POINT,The Point,False,False,OPEN,2024-12-28 09:41:30,True,False,,,53.346867,-6.230852,40,18,22,9,9,0,9,40,18,22,9,9,0,9
6550,116,dublin,BROADSTONE,Broadstone,False,False,OPEN,2024-12-28 09:48:26,True,False,,,53.3547,-6.272314,30,16,14,5,11,0,11,30,16,14,5,11,0,11
6551,55,dublin,HATCH STREET,Hatch Street,False,False,OPEN,2024-12-28 09:42:59,True,False,,,53.33403,-6.260714,36,15,20,9,6,0,6,36,15,20,9,6,0,6
6552,62,dublin,LIME STREET,Lime Street,False,False,OPEN,2024-12-28 09:41:50,True,False,,,53.346026,-6.243576,40,14,26,3,11,0,11,40,14,26,3,11,0,11
6553,5,dublin,CHARLEMONT PLACE,Charlemont Street,False,False,OPEN,2024-12-28 09:43:30,True,False,,,53.330662,-6.260177,40,29,11,23,6,0,6,40,29,11,23,6,0,6
6554,97,dublin,KILMAINHAM GAOL,Kilmainham Gaol,False,False,OPEN,2024-12-28 09:39:41,True,False,,,53.342113,-6.310015,40,6,34,3,3,0,3,40,6,34,3,3,0,3
6555,61,dublin,HARDWICKE PLACE,Hardwicke Place,False,False,OPEN,2024-12-28 09:38:51,True,False,,,53.357043,-6.263232,25,0,25,0,0,0,0,25,0,25,0,0,0,0
6556,77,dublin,WOLFE TONE STREET,Wolfe Tone Street,False,False,OPEN,2024-12-28 09:40:15,True,False,,,53.348875,-6.267459,29,29,0,16,13,0,13,29,29,0,16,13,0,13
6557,73,dublin,FRANCIS STREET,Francis Street,False,False,OPEN,2024-12-28 09:41:12,True,False,,,53.342081,-6.275233,30,2,28,1,1,0,1,30,2,28,1,1,0,1
6558,4,dublin,GREEK STREET,Greek Street,False,False,OPEN,2024-12-28 09:42:26,True,False,,,53.346874,-6.272976,20,14,6,2,12,0,12,20,14,6,2,12,0,12
6559,49,dublin,GUILD STREET,Guild Street,False,False,OPEN,2024-12-28 09:43:25,True,False,,,53.347932,-6.240928,40,32,8,22,10,0,10,40,32,8,22,10,0,10
6560,19,dublin,HERBERT PLACE,Herbert Place,False,False,OPEN,2024-12-28 09:46:37,True,False,,,53.334432,-6.245575,30,10,19,7,3,0,3,30,10,19,7,3,0,3
6561,7,dublin,HIGH STREET,High Street,False,False,OPEN,2024-12-28 09:40:41,True,False,,,53.343565,-6.275071,29,19,10,12,7,0,7,29,19,10,12,7,0,7
6562,60,dublin,NORTH CIRCULAR ROAD,North Circular Road,False,False,OPEN,2024-12-28 09:43:09,True,False,,,53.359624,-6.260348,30,0,30,0,0,0,0,30,0,30,0,0,0,0
6563,102,dublin,WESTERN WAY,Western Way,False,False,OPEN,2024-12-28 09:48:54,True,False,,,53.354929,-6.269425,40,10,30,9,1,0,1,40,10,30,9,1,0,1
6564,38,dublin,TALBOT STREET,Talbot Street,False,False,OPEN,2024-12-28 09:41:08,True,False,,,53.350974,-6.25294,40,25,15,20,5,0,5,40,25,15,20,5,0,5
6565,53,dublin,NEWMAN HOUSE,Newman House,False,False,OPEN,2024-12-28 09:40:57,True,False,,,53.337132,-6.26059,40,10,30,10,0,0,0,40,10,30,10,0,0,0
6566,58,dublin,SIR PATRICK DUN'S,Sir Patrick's Dun,False,False,OPEN,2024-12-28 09:41:49,True,False,,,53.339218,-6.240642,40,22,18,18,4,0,4,40,22,18,18,4,0,4
6567,66,dublin,NEW CENTRAL BANK,New Central Bank,False,False,OPEN,2024-12-28 09:45:14,True,False,,,53.347122,-6.234749,40,6,34,1,5,0,5,40,6,34,1,5,0,5
6568,104,dublin,GRANGEGORMAN LOWER (CENTRAL),Grangegorman Lower (Central),False,False,OPEN,2024-12-28 09:42:18,True,False,,,53.355173,-6.278424,40,1,39,1,0,0,0,40,1,39,1,0,0,0
6569,101,dublin,KING STREET NORTH,King Street North,False,False,OPEN,2024-12-28 09:48:54,True,False,,,53.350291,-6.273507,30,10,20,7,3,0,3,30,10,20,7,3,0,3
6570,115,dublin,KILLARNEY STREET,Killarney Street,False,False,OPEN,2024-12-28 09:43:04,True,False,,,53.354845,-6.247579,30,23,7,14,9,0,9,30,23,7,14,9,0,9
6571,47,dublin,HERBERT STREET,Herbert Street,False,False,OPEN,2024-12-28 09:40:53,True,False,,,53.335742,-6.24551,40,3,37,1,2,0,2,40,3,37,1,2,0,2
6572,117,dublin,HANOVER QUAY EAST,Hanover Quay East,False,False,OPEN,2024-12-28 09:40:53,True,False,,,53.343653,-6.231755,40,8,32,4,4,0,4,40,8,32,4,4,0,4
6573,8,dublin,CUSTOM HOUSE QUAY,Custom House Quay,False,False,OPEN,2024-12-28 09:44:37,True,False,,,53.347884,-6.248048,30,23,7,17,6,0,6,30,23,7,17,6,0,6
6574,27,dublin,MOLESWORTH STREET,Molesworth Street,False,False,OPEN,2024-12-28 09:48:21,True,False,,,53.341288,-6.258117,20,9,11,6,3,0,3,20,9,11,6,3,0,3
6575,16,dublin,GEORGES QUAY,Georges Quay,False,False,OPEN,2024-12-28 09:48:03,True,False,,,53.347508,-6.252192,20,19,1,9,10,0,10,20,19,1,9,10,0,10
6576,96,dublin,KILMAINHAM LANE,Kilmainham Lane,False,False,OPEN,2024-12-28 09:48:08,True,False,,,53.341805,-6.305085,30,2,28,2,0,0,0,30,2,28,2,0,0,0
6577,82,dublin,MOUNT BROWN,Mount Brown,False,False,OPEN,2024-12-28 09:40:00,True,False,,,53.341645,-6.29719,22,11,11,2,9,0,9,22,11,11,2,9,0,9
6578,76,dublin,MARKET STREET SOUTH,Market Street South,False,False,OPEN,2024-12-28 09:48:37,True,False,,,53.342296,-6.287661,38,0,38,0,0,0,0,38,0,38,0,0,0,0
6579,71,dublin,KEVIN STREET,Kevin Street,False,False,OPEN,2024-12-28 09:43:16,True,False,,,53.337757,-6.267699,40,13,27,7,6,0,6,40,13,27,7,6,0,6
6580,79,dublin,ECCLES STREET EAST,Eccles Street East,False,False,OPEN,2024-12-28 09:41:42,True,False,,,53.358115,-6.265601,27,1,26,1,0,0,0,27,1,26,1,0,0,0
6581,69,dublin,GRAND CANAL DOCK,Grand Canal Dock,False,False,OPEN,2024-12-28 09:46:52,True,False,,,53.342638,-6.238695,40,37,1,22,15,0,15,40,37,1,22,15,0,15
6582,25,dublin,MERRION SQUARE EAST,Merrion Square East,False,False,OPEN,2024-12-28 09:46:35,True,False,,,53.339434,-6.246548,30,2,28,2,0,0,0,30,2,28,2,0,0,0
6583,51,dublin,YORK STREET WEST,York Street West,False,False,OPEN,2024-12-28 09:39:21,True,False,,,53.339334,-6.264699,40,0,0,0,0,0,0,40,0,0,0,0,0,0
6584,37,dublin,ST. STEPHEN'S GREEN SOUTH,St. Stephen's Green South,False,False,OPEN,2024-12-28 09:39:59,True,False,,,53.337494,-6.26199,30,16,13,10,6,0,6,30,16,13,10,6,0,6
6585,59,dublin,DENMARK STREET GREAT,Denmark Street Great,False,False,OPEN,2024-12-28 09:42:23,True,False,,,53.35561,-6.261397,20,1,19,1,0,0,0,20,1,19,1,0,0,0
6586,95,dublin,ROYAL HOSPITAL,Royal Hospital,False,False,OPEN,2024-12-28 09:43:00,True,False,,,53.343897,-6.29706,40,26,14,16,10,0,10,40,26,14,16,10,0,10
6587,94,dublin,HEUSTON STATION (CAR PARK),Heuston Station (Car Park),False,False,OPEN,2024-12-28 09:41:49,True,False,,,53.346985,-6.297804,40,10,30,10,0,0,0,40,10,30,10,0,0,0
6588,105,dublin,GRANGEGORMAN LOWER (NORTH),Grangegorman Lower (North),False,False,OPEN,2024-12-28 09:42:27,True,False,,,53.355954,-6.278378,36,3,33,2,1,0,1,36,3,33,2,1,0,1
6589,36,dublin,ST. STEPHEN'S GREEN EAST,St. Stephen's Green East,False,False,OPEN,2024-12-28 09:41:05,True,False,,,53.337824,-6.256035,40,20,20,11,9,0,9,40,20,20,11,9,0,9
6590,93,dublin,HEUSTON STATION (CENTRAL),Heuston Station (Central),False,False,OPEN,2024-12-28 09:39:48,True,False,,,53.346603,-6.296924,40,13,27,13,0,0,0,40,13,27,13,0,0,0
6591,22,dublin,TOWNSEND STREET,Townsend Street,False,False,OPEN,2024-12-28 09:40:25,True,False,,,53.345922,-6.254614,20,13,7,11,2,0,2,20,13,7,11,2,0,2
6592,50,dublin,GEORGES LANE,George's Lane,False,False,OPEN,2024-12-28 09:42:39,True,False,,,53.35023,-6.279696,40,9,31,7,2,0,2,40,9,31,7,2,0,2
6593,110,dublin,PHIBSBOROUGH ROAD,Phibsborough Road,False,False,OPEN,2024-12-28 09:43:51,True,False,,,53.356307,-6.273717,40,11,29,3,8,0,8,40,11,29,3,8,0,8
6594,12,dublin,ECCLES STREET,Eccles Street,False,False,OPEN,2024-12-28 09:41:04,True,False,,,53.359246,-6.269779,20,1,19,1,0,0,0,20,1,19,1,0,0,0
6595,34,dublin,PORTOBELLO HARBOUR,Portobello Harbour,False,False,OPEN,2024-12-28 09:47:13,True,False,,,53.330362,-6.265163,30,20,10,12,8,0,8,30,20,10,12,8,0,8
6596,78,dublin,MATER HOSPITAL,Mater Hospital,False,False,OPEN,2024-12-28 09:41:54,True,False,,,53.359967,-6.264828,40,2,38,1,1,0,1,40,2,38,1,1,0,1
6597,2,dublin,BLESSINGTON STREET,Blessington Street,False,False,OPEN,2024-12-28 09:39:23,True,False,,,53.356769,-6.26814,20,0,20,0,0,0,0,20,0,20,0,0,0,0
6598,75,dublin,JAMES STREET,James Street,False,False,OPEN,2024-12-28 09:42:29,True,False,,,53.343456,-6.287409,40,4,36,3,1,0,1,40,4,36,3,1,0,1
6599,111,dublin,MOUNTJOY SQUARE EAST,Mountjoy Square East,False,False,OPEN,2024-12-28 09:39:52,True,False,,,53.356717,-6.256359,40,0,40,0,0,0,0,40,0,40,0,0,0,0
6600,26,dublin,MERRION SQUARE WEST,Merrion Square West,False,False,OPEN,2024-12-28 09:40:02,True,False,,,53.339764,-6.251988,20,14,6,6,8,0,8,20,14,6,6,8,0,8
6601,65,dublin,CONVENTION CENTRE,Convention Centre,False,False,OPEN,2024-12-28 09:42:58,True,False,,,53.34744,-6.238523,40,12,28,9,3,0,3,40,12,28,9,3,0,3
6602,15,dublin,HARDWICKE STREET,Hardwicke Street,False,False,OPEN,2024-12-28 09:42:33,True,False,,,53.355473,-6.264423,16,0,16,0,0,0,0,16,0,16,0,0,0,0
6603,86,dublin,PARKGATE STREET,Parkgate Street,False,False,OPEN,2024-12-28 09:48:39,True,False,,,53.347972,-6.291804,38,31,7,2,29,0,29,38,31,7,2,29,0,29
6604,35,dublin,SMITHFIELD,Smithfield,False,False,OPEN,2024-12-28 09:46:29,True,False,,,53.347692,-6.278214,30,8,22,6,2,0,2,30,8,22,6,2,0,2
6605,10,dublin,DAME STREET,Dame Street,False,False,OPEN,2024-12-28 09:43:26,True,False,,,53.344007,-6.266802,16,14,2,11,3,0,3,16,14,2,11,3,0,3
6606,100,dublin,HEUSTON BRIDGE (SOUTH),Heuston Bridge (South),False,False,OPEN,2024-12-28 09:45:53,True,False,,,53.347106,-6.292041,25,14,11,5,9,0,9,25,14,11,5,9,0,9
6607,24,dublin,CATHAL BRUGHA STREET,Cathal Brugha Street,False,False,OPEN,2024-12-28 09:42:52,True,False,,,53.352149,-6.260533,20,10,10,10,0,0,0,20,10,10,10,0,0,0
6608,64,dublin,SANDWITH STREET,Sandwith Street,False,False,OPEN,2024-12-28 09:42:27,True,False,,,53.345203,-6.247163,40,22,18,18,4,0,4,40,22,18,18,4,0,4
6609,109,dublin,BUCKINGHAM STREET LOWER,Buckingham Street Lower,False,False,OPEN,2024-12-28 09:42:16,True,False,,,53.353331,-6.249319,29,9,20,1,8,0,8,29,9,20,1,8,0,8
6610,85,dublin,ROTHE ABBEY,Rothe Abbey,False,False,OPEN,2024-12-28 09:43:56,True,False,,,53.338776,-6.30395,35,28,7,15,13,0,13,35,28,7,15,13,0,13
6611,107,dublin,CHARLEVILLE ROAD,Charleville Road,False,False,OPEN,2024-12-28 09:40:05,True,False,,,53.359157,-6.281866,40,16,24,10,6,0,6,40,16,24,10,6,0,6
6612,33,dublin,PRINCES STREET / O'CONNELL STREET,Princes Street / O'Connell Street,False,False,OPEN,2024-12-28 09:42:52,True,False,,,53.349013,-6.260311,23,4,19,3,1,0,1,23,4,19,3,1,0,1
6613,44,dublin,UPPER SHERRARD STREET,Upper Sherrard Street,False,False,OPEN,2024-12-28 09:42:58,True,False,,,53.358437,-6.260641,30,2,28,2,0,0,0,30,2,28,2,0,0,0
6614,89,dublin,FITZWILLIAM SQUARE EAST,Fitzwilliam Square East,False,False,OPEN,2024-12-28 09:41:56,True,False,,,53.335211,-6.2509,40,21,17,11,10,0,10,40,21,17,11,10,0,10
6615,57,dublin,GRATTAN STREET,Grattan Street,False,False,OPEN,2024-12-28 09:40:07,True,False,,,53.339629,-6.243778,23,4,19,4,0,0,0,23,4,19,4,0,0,0
6616,80,dublin,ST JAMES HOSPITAL (LUAS),St James Hospital (Luas),False,False,OPEN,2024-12-28 09:42:31,True,False,,,53.341359,-6.292951,40,0,40,0,0,0,0,40,0,40,0,0,0,0
6617,41,dublin,HARCOURT TERRACE,Harcourt Terrace,False,False,OPEN,2024-12-28 09:38:55,True,False,,,53.332763,-6.257942,20,1,19,1,0,0,0,20,1,19,1,0,0,0
6618,3,dublin,BOLTON STREET,Bolton Street,False,False,OPEN,2024-12-28 09:41:03,True,False,,,53.351182,-6.269859,20,4,16,4,0,0,0,20,4,16,4,0,0,0
6619,40,dublin,JERVIS STREET,Jervis Street,False,False,OPEN,2024-12-28 09:42:20,True,False,,,53.3483,-6.266651,21,17,4,12,5,0,5,21,17,4,12,5,0,5
6620,29,dublin,ORMOND QUAY UPPER,Ormond Quay Upper,False,False,OPEN,2024-12-28 09:43:01,True,False,,,53.346057,-6.268001,29,29,0,16,13,0,13,29,29,0,16,13,0,13
6621,103,dublin,GRANGEGORMAN LOWER (SOUTH),Grangegorman Lower (South),False,False,OPEN,2024-12-28 09:40:48,True,False,,,53.354663,-6.278681,40,0,40,0,0,0,0,40,0,40,0,0,0,0
6622,28,dublin,MOUNTJOY SQUARE WEST,Mountjoy Square West,False,False,OPEN,2024-12-28 09:44:24,True,False,,,53.356299,-6.258586,30,0,30,0,0,0,0,30,0,30,0,0,0,0
6623,39,dublin,WILTON TERRACE,Wilton Terrace,False,False,OPEN,2024-12-28 09:47:09,True,False,,,53.332383,-6.252717,20,2,18,2,0,0,0,20,2,18,2,0,0,0
6624,83,dublin,EMMET ROAD,Emmet Road,False,False,OPEN,2024-12-28 09:42:02,True,False,,,53.340714,-6.308191,40,11,29,8,3,0,3,40,11,29,8,3,0,3
6625,92,dublin,HEUSTON BRIDGE (NORTH),Heuston Bridge (North),False,False,OPEN,2024-12-28 09:39:25,True,False,,,53.347802,-6.292432,40,37,3,28,9,0,9,40,37,3,28,9,0,9
6626,21,dublin,LEINSTER STREET SOUTH,Leinster Street South,False,False,OPEN,2024-12-28 09:39:25,True,False,,,53.34218,-6.254485,30,4,26,4,0,0,0,30,4,26,4,0,0,0
6627,88,dublin,BLACKHALL PLACE,Blackhall Place,False,False,OPEN,2024-12-28 09:45:23,True,False,,,53.3488,-6.281637,30,2,28,1,1,0,1,30,2,28,1,1,0,1
6628,42,dublin,SMITHFIELD NORTH,Smithfield North,False,False,OPEN,2024-12-28 10:02:03,True,False,,,53.349562,-6.278198,30,9,21,6,3,0,3,30,9,21,6,3,0,3
6629,30,dublin,PARNELL SQUARE NORTH,Parnell Square North,False,False,OPEN,2024-12-28 10:03:42,True,False,,,53.3537415547453,-6.26530144781526,20,3,17,3,0,0,0,20,3,17,3,0,0,0
6630,54,dublin,CLONMEL STREET,Clonmel Street,False,False,OPEN,2024-12-28 09:59:31,True,False,,,53.336021,-6.26298,33,15,18,5,10,0,10,33,15,18,5,10,0,10
6631,108,dublin,AVONDALE ROAD,Avondale Road,False,False,OPEN,2024-12-28 10:00:37,True,False,,,53.359405,-6.276142,35,13,22,10,3,0,3,35,13,22,10,3,0,3
6632,20,dublin,JAMES STREET EAST,James Street East,False,False,OPEN,2024-12-28 10:03:07,True,False,,,53.336597,-6.248109,30,2,28,2,0,0,0,30,2,28,2,0,0,0
6633,56,dublin,MOUNT STREET LOWER,Mount Street Lower,False,False,OPEN,2024-12-28 09:59:07,True,False,,,53.33796,-6.24153,40,25,13,12,13,0,13,40,25,13,12,13,0,13
6634,6,dublin,CHRISTCHURCH PLACE,Christchurch Place,False,False,OPEN,2024-12-28 09:59:28,True,False,,,53.343368,-6.27012,20,1,19,1,0,0,0,20,1,19,1,0,0,0
6635,18,dublin,GRANTHAM STREET,Grantham Street,False,False,OPEN,2024-12-28 10:01:59,True,False,,,53.334123,-6.265436,30,8,22,1,7,0,7,30,8,22,1,7,0,7
6636,32,dublin,PEARSE STREET,Pearse Street,False,False,OPEN,2024-12-28 09:59:19,True,False,,,53.344304,-6.250427,30,21,7,14,7,0,7,30,21,7,14,7,0,7
6637,52,dublin,YORK STREET EAST,York Street East,False,False,OPEN,2024-12-28 10:00:36,True,False,,,53.338755,-6.262003,32,29,3,18,11,0,11,32,29,3,18,11,0,11
6638,48,dublin,EXCISE WALK,Excise Walk,False,False,OPEN,2024-12-28 10:00:31,True,False,,,53.347777,-6.244239,40,1,39,0,1,0,1,40,1,39,0,1,0,1
6639,13,dublin,FITZWILLIAM SQUARE WEST,Fitzwilliam Square West,False,False,OPEN,2024-12-28 10:01:06,True,False,,,53.336074,-6.252825,30,26,4,10,16,0,16,30,26,4,10,16,0,16
6640,43,dublin,PORTOBELLO ROAD,Portobello Road,False,False,OPEN,2024-12-28 10:08:41,True,False,,,53.330091,-6.268044,30,2,28,0,2,0,2,30,2,28,0,2,0,2
6641,31,dublin,PARNELL STREET,Parnell Street,False,False,OPEN,2024-12-28 10:06:21,True,False,,,53.350929,-6.265125,20,2,18,2,0,0,0,20,2,18,2,0,0,0
6642,98,dublin,FREDERICK STREET SOUTH,Frederick Street South,False,False,OPEN,2024-12-28 10:02:06,True,False,,,53.341515,-6.256853,40,23,17,11,12,0,12,40,23,17,11,12,0,12
6643,14,dublin,FOWNES STREET UPPER,Fownes Street Upper,False,False,OPEN,2024-12-28 10:02:27,True,False,,,53.344603,-6.263371,30,14,16,8,6,0,6,30,14,16,8,6,0,6
6644,1,dublin,CLARENDON ROW,Clarendon Row,False,False,OPEN,2024-12-28 10:02:11,True,False,,,53.340927,-6.262501,31,22,9,13,9,0,9,31,22,9,13,9,0,9
6645,23,dublin,CUSTOM HOUSE,Custom House,False,False,OPEN,2024-12-28 10:01:19,True,False,,,53.348279,-6.254662,30,19,11,8,11,0,11,30,19,11,8,11,0,11
6646,106,dublin,RATHDOWN ROAD,Rathdown Road,False,False,OPEN,2024-12-28 10:08:33,True,False,,,53.35893,-6.280337,40,15,25,10,5,0,5,40,15,25,10,5,0,5
6647,112,dublin,NORTH CIRCULAR ROAD (O'CONNELL'S),North Circular Road (O'Connell's),False,False,OPEN,2024-12-28 10:02:36,True,False,,,53.357841,-6.251557,30,0,30,0,0,0,0,30,0,30,0,0,0,0
6648,68,dublin,HANOVER QUAY,Hanover Quay,False,False,OPEN,2024-12-28 10:00:32,True,False,,,53.344115,-6.237153,40,29,11,19,10,0,10,40,29,11,19,10,0,10
6649,74,dublin,OLIVER BOND STREET,Oliver Bond Street,False,False,OPEN,2024-12-28 10:02:02,True,False,,,53.343893,-6.280531,30,22,8,16,6,0,6,30,22,8,16,6,0,6
6650,87,dublin,COLLINS BARRACKS MUSEUM,Collins Barracks Museum,False,False,OPEN,2024-12-28 10:02:38,True,False,,,53.347477,-6.28525,38,23,15,13,10,0,10,38,23,15,13,10,0,10
6651,84,dublin,BROOKFIELD ROAD,Brookfield Road,False,False,OPEN,2024-12-28 10:02:12,True,False,,,53.339005,-6.300217,30,12,18,7,5,0,5,30,12,18,7,5,0,5
6652,90,dublin,BENSON STREET,Benson Street,False,False,OPEN,2024-12-28 10:03:23,True,False,,,53.344153,-6.233451,40,3,36,3,0,0,0,40,3,36,3,0,0,0
6653,11,dublin,EARLSFORT TERRACE,Earlsfort Terrace,False,False,OPEN,2024-12-28 09:58:59,True,False,,,53.334295,-6.258503,30,17,13,13,4,0,4,30,17,13,13,4,0,4
6654,17,dublin,GOLDEN LANE,Golden Lane,False,False,OPEN,2024-12-28 10:07:46,True,False,,,53.340803,-6.267732,20,15,5,6,9,0,9,20,15,5,6,9,0,9
6655,45,dublin,DEVERELL PLACE,Deverell Place,False,False,OPEN,2024-12-28 10:03:03,True,False,,,53.351464,-6.255265,30,13,17,7,6,0,6,30,13,17,7,6,0,6
6656,114,dublin,WILTON TERRACE (PARK),Wilton Terrace (Park),False,False,OPEN,2024-12-28 10:06:03,True,False,,,53.333653,-6.248345,40,2,38,0,2,0,2,40,2,38,0,2,0,2
6657,72,dublin,JOHN STREET WEST,John Street West,False,False,OPEN,2024-12-28 10:02:37,True,False,,,53.343105,-6.277167,31,0,31,0,0,0,0,31,0,31,0,0,0,0
6658,63,dublin,FENIAN STREET,Fenian Street,False,False,OPEN,2024-12-28 10:02:41,True,False,,,53.341428,-6.24672,35,21,14,11,10,0,10,35,21,14,11,10,0,10
6659,113,dublin,MERRION SQUARE SOUTH,Merrion Square South,False,False,OPEN,2024-12-28 10:01:29,True,False,,,53.338614,-6.248606,40,7,22,6,1,0,1,40,7,22,6,1,0,1
6660,91,dublin,SOUTH DOCK ROAD,South Dock Road,False,False,OPEN,2024-12-28 09:59:22,True,False,,,53.341833,-6.231291,30,24,3,14,10,0,10,30,24,3,14,10,0,10
6661,99,dublin,CITY QUAY,City Quay,False,False,OPEN,2024-12-28 10:01:38,True,False,,,53.346637,-6.246154,30,19,11,10,9,0,9,30,19,11,10,9,0,9
6662,9,dublin,EXCHEQUER STREET,Exchequer Street,False,False,OPEN,2024-12-28 10:03:39,True,False,,,53.343034,-6.263578,24,13,11,6,7,0,7,24,13,11,6,7,0,7
6663,67,dublin,THE POINT,The Point,False,False,OPEN,2024-12-28 10:01:38,True,False,,,53.346867,-6.230852,40,18,22,9,9,0,9,40,18,22,9,9,0,9
6664,116,dublin,BROADSTONE,Broadstone,False,False,OPEN,2024-12-28 10:08:34,True,False,,,53.3547,-6.272314,30,15,15,4,11,0,11,30,15,15,4,11,0,11
6665,55,dublin,HATCH STREET,Hatch Street,False,False,OPEN,2024-12-28 10:03:08,True,False,,,53.33403,-6.260714,36,15,21,9,6,0,6,36,15,21,9,6,0,6
6666,62,dublin,LIME STREET,Lime Street,False,False,OPEN,2024-12-28 10:00:07,True,False,,,53.346026,-6.243576,40,14,26,3,11,0,11,40,14,26,3,11,0,11
6667,5,dublin,CHARLEMONT PLACE,Charlemont Street,False,False,OPEN,2024-12-28 10:03:05,True,False,,,53.330662,-6.260177,40,29,11,23,6,0,6,40,29,11,23,6,0,6
6668,97,dublin,KILMAINHAM GAOL,Kilmainham Gaol,False,False,OPEN,2024-12-28 09:59:49,True,False,,,53.342113,-6.310015,40,6,34,3,3,0,3,40,6,34,3,3,0,3
6669,61,dublin,HARDWICKE PLACE,Hardwicke Place,False,False,OPEN,2024-12-28 09:58:59,True,False,,,53.357043,-6.263232,25,0,25,0,0,0,0,25,0,25,0,0,0,0
6670,77,dublin,WOLFE TONE STREET,Wolfe Tone Street,False,False,OPEN,2024-12-28 10:02:14,True,False,,,53.348875,-6.267459,29,29,0,16,13,0,13,29,29,0,16,13,0,13
6671,73,dublin,FRANCIS STREET,Francis Street,False,False,OPEN,2024-12-28 10:01:19,True,False,,,53.342081,-6.275233,30,2,28,1,1,0,1,30,2,28,1,1,0,1
6672,4,dublin,GREEK STREET,Greek Street,False,False,OPEN,2024-12-28 10:02:38,True,False,,,53.346874,-6.272976,20,14,6,2,12,0,12,20,14,6,2,12,0,12
6673,49,dublin,GUILD STREET,Guild Street,False,False,OPEN,2024-12-28 10:03:36,True,False,,,53.347932,-6.240928,40,32,8,22,10,0,10,40,32,8,22,10,0,10
6674,19,dublin,HERBERT PLACE,Herbert Place,False,False,OPEN,2024-12-28 10:02:25,True,False,,,53.334432,-6.245575,30,11,18,8,3,0,3,30,11,18,8,3,0,3
6675,7,dublin,HIGH STREET,High Street,False,False,OPEN,2024-12-28 10:01:17,True,False,,,53.343565,-6.275071,29,19,10,12,7,0,7,29,19,10,12,7,0,7
6676,60,dublin,NORTH CIRCULAR ROAD,North Circular Road,False,False,OPEN,2024-12-28 10:03:17,True,False,,,53.359624,-6.260348,30,0,30,0,0,0,0,30,0,30,0,0,0,0
6677,102,dublin,WESTERN WAY,Western Way,False,False,OPEN,2024-12-28 10:00:44,True,False,,,53.354929,-6.269425,40,9,31,8,1,0,1,40,9,31,8,1,0,1
6678,38,dublin,TALBOT STREET,Talbot Street,False,False,OPEN,2024-12-28 10:03:58,True,False,,,53.350974,-6.25294,40,23,17,19,4,0,4,40,23,17,19,4,0,4
6679,53,dublin,NEWMAN HOUSE,Newman House,False,False,OPEN,2024-12-28 10:01:05,True,False,,,53.337132,-6.26059,40,10,30,10,0,0,0,40,10,30,10,0,0,0
6680,58,dublin,SIR PATRICK DUN'S,Sir Patrick's Dun,False,False,OPEN,2024-12-28 10:02:00,True,False,,,53.339218,-6.240642,40,22,18,18,4,0,4,40,22,18,18,4,0,4
6681,66,dublin,NEW CENTRAL BANK,New Central Bank,False,False,OPEN,2024-12-28 09:59:09,True,False,,,53.347122,-6.234749,40,7,33,2,5,0,5,40,7,33,2,5,0,5
6682,104,dublin,GRANGEGORMAN LOWER (CENTRAL),Grangegorman Lower (Central),False,False,OPEN,2024-12-28 10:02:29,True,False,,,53.355173,-6.278424,40,1,39,1,0,0,0,40,1,39,1,0,0,0
6683,101,dublin,KING STREET NORTH,King Street North,False,False,OPEN,2024-12-28 09:58:57,True,False,,,53.350291,-6.273507,30,10,20,7,3,0,3,30,10,20,7,3,0,3
6684,115,dublin,KILLARNEY STREET,Killarney Street,False,False,OPEN,2024-12-28 10:03:15,True,False,,,53.354845,-6.247579,30,22,8,14,8,0,8,30,22,8,14,8,0,8
6685,47,dublin,HERBERT STREET,Herbert Street,False,False,OPEN,2024-12-28 10:01:04,True,False,,,53.335742,-6.24551,40,3,37,1,2,0,2,40,3,37,1,2,0,2
6686,117,dublin,HANOVER QUAY EAST,Hanover Quay East,False,False,OPEN,2024-12-28 10:01:04,True,False,,,53.343653,-6.231755,40,8,32,4,4,0,4,40,8,32,4,4,0,4
6687,8,dublin,CUSTOM HOUSE QUAY,Custom House Quay,False,False,OPEN,2024-12-28 10:01:42,True,False,,,53.347884,-6.248048,30,23,7,17,6,0,6,30,23,7,17,6,0,6
6688,27,dublin,MOLESWORTH STREET,Molesworth Street,False,False,OPEN,2024-12-28 10:08:54,True,False,,,53.341288,-6.258117,20,10,10,6,4,0,4,20,10,10,6,4,0,4
6689,16,dublin,GEORGES QUAY,Georges Quay,False,False,OPEN,2024-12-28 10:08:11,True,False,,,53.347508,-6.252192,20,19,1,9,10,0,10,20,19,1,9,10,0,10
6690,96,dublin,KILMAINHAM LANE,Kilmainham Lane,False,False,OPEN,2024-12-28 10:08:16,True,False,,,53.341805,-6.305085,30,2,28,2,0,0,0,30,2,28,2,0,0,0
6691,82,dublin,MOUNT BROWN,Mount Brown,False,False,OPEN,2024-12-28 10:00:08,True,False,,,53.341645,-6.29719,22,11,11,2,9,0,9,22,11,11,2,9,0,9
6692,76,dublin,MARKET STREET SOUTH,Market Street South,False,False,OPEN,2024-12-28 10:08:45,True,False,,,53.342296,-6.287661,38,0,38,0,0,0,0,38,0,38,0,0,0,0
6693,71,dublin,KEVIN STREET,Kevin Street,False,False,OPEN,2024-12-28 09:59:44,True,False,,,53.337757,-6.267699,40,13,27,7,6,0,6,40,13,27,7,6,0,6
6694,79,dublin,ECCLES STREET EAST,Eccles Street East,False,False,OPEN,2024-12-28 10:01:51,True,False,,,53.358115,-6.265601,27,1,26,1,0,0,0,27,1,26,1,0,0,0
6695,69,dublin,GRAND CANAL DOCK,Grand Canal Dock,False,False,OPEN,2024-12-28 10:01:48,True,False,,,53.342638,-6.238695,40,37,1,22,15,0,15,40,37,1,22,15,0,15
6696,25,dublin,MERRION SQUARE EAST,Merrion Square East,False,False,OPEN,2024-12-28 10:06:46,True,False,,,53.339434,-6.246548,30,2,28,2,0,0,0,30,2,28,2,0,0,0
6697,51,dublin,YORK STREET WEST,York Street West,False,False,OPEN,2024-12-28 09:59:30,True,False,,,53.339334,-6.264699,40,0,0,0,0,0,0,40,0,0,0,0,0,0
6698,37,dublin,ST. STEPHEN'S GREEN SOUTH,St. Stephen's Green South,False,False,OPEN,2024-12-28 10:00:10,True,False,,,53.337494,-6.26199,30,16,13,10,6,0,6,30,16,13,10,6,0,6
6699,59,dublin,DENMARK STREET GREAT,Denmark Street Great,False,False,OPEN,2024-12-28 10:02:35,True,False,,,53.35561,-6.261397,20,2,18,2,0,0,0,20,2,18,2,0,0,0
6700,95,dublin,ROYAL HOSPITAL,Royal Hospital,False,False,OPEN,2024-12-28 10:03:08,True,False,,,53.343897,-6.29706,40,26,14,16,10,0,10,40,26,14,16,10,0,10
6701,94,dublin,HEUSTON STATION (CAR PARK),Heuston Station (Car Park),False,False,OPEN,2024-12-28 10:01:56,True,False,,,53.346985,-6.297804,40,10,30,10,0,0,0,40,10,30,10,0,0,0
6702,105,dublin,GRANGEGORMAN LOWER (NORTH),Grangegorman Lower (North),False,False,OPEN,2024-12-28 10:02:35,True,False,,,53.355954,-6.278378,36,3,33,2,1,0,1,36,3,33,2,1,0,1
6703,36,dublin,ST. STEPHEN'S GREEN EAST,St. Stephen's Green East,False,False,OPEN,2024-12-28 09:59:39,True,False,,,53.337824,-6.256035,40,20,20,11,9,0,9,40,20,20,11,9,0,9
6704,93,dublin,HEUSTON STATION (CENTRAL),Heuston Station (Central),False,False,OPEN,2024-12-28 09:59:55,True,False,,,53.346603,-6.296924,40,13,27,13,0,0,0,40,13,27,13,0,0,0
6705,22,dublin,TOWNSEND STREET,Townsend Street,False,False,OPEN,2024-12-28 10:00:36,True,False,,,53.345922,-6.254614,20,13,7,11,2,0,2,20,13,7,11,2,0,2
6706,50,dublin,GEORGES LANE,George's Lane,False,False,OPEN,2024-12-28 10:02:49,True,False,,,53.35023,-6.279696,40,8,32,6,2,0,2,40,8,32,6,2,0,2
6707,110,dublin,PHIBSBOROUGH ROAD,Phibsborough Road,False,False,OPEN,2024-12-28 10:04:00,True,False,,,53.356307,-6.273717,40,11,29,3,8,0,8,40,11,29,3,8,0,8
6708,12,dublin,ECCLES STREET,Eccles Street,False,False,OPEN,2024-12-28 10:01:14,True,False,,,53.359246,-6.269779,20,1,19,1,0,0,0,20,1,19,1,0,0,0
6709,34,dublin,PORTOBELLO HARBOUR,Portobello Harbour,False,False,OPEN,2024-12-28 10:07:42,True,False,,,53.330362,-6.265163,30,18,12,11,7,0,7,30,18,12,11,7,0,7
6710,78,dublin,MATER HOSPITAL,Mater Hospital,False,False,OPEN,2024-12-28 10:02:04,True,False,,,53.359967,-6.264828,40,1,39,0,1,0,1,40,1,39,0,1,0,1
6711,2,dublin,BLESSINGTON STREET,Blessington Street,False,False,OPEN,2024-12-28 09:59:30,True,False,,,53.356769,-6.26814,20,0,20,0,0,0,0,20,0,20,0,0,0,0
6712,75,dublin,JAMES STREET,James Street,False,False,OPEN,2024-12-28 10:02:35,True,False,,,53.343456,-6.287409,40,4,36,3,1,0,1,40,4,36,3,1,0,1
6713,111,dublin,MOUNTJOY SQUARE EAST,Mountjoy Square East,False,False,OPEN,2024-12-28 10:00:03,True,False,,,53.356717,-6.256359,40,0,40,0,0,0,0,40,0,40,0,0,0,0
6714,26,dublin,MERRION SQUARE WEST,Merrion Square West,False,False,OPEN,2024-12-28 10:00:40,True,False,,,53.339764,-6.251988,20,14,6,6,8,0,8,20,14,6,6,8,0,8
6715,65,dublin,CONVENTION CENTRE,Convention Centre,False,False,OPEN,2024-12-28 10:03:06,True,False,,,53.34744,-6.238523,40,12,28,9,3,0,3,40,12,28,9,3,0,3
6716,15,dublin,HARDWICKE STREET,Hardwicke Street,False,False,OPEN,2024-12-28 10:06:18,True,False,,,53.355473,-6.264423,16,1,15,0,1,0,1,16,1,15,0,1,0,1
6717,86,dublin,PARKGATE STREET,Parkgate Street,False,False,OPEN,2024-12-28 10:08:47,True,False,,,53.347972,-6.291804,38,31,7,2,29,0,29,38,31,7,2,29,0,29
6718,35,dublin,SMITHFIELD,Smithfield,False,False,OPEN,2024-12-28 10:03:27,True,False,,,53.347692,-6.278214,30,7,23,6,1,0,1,30,7,23,6,1,0,1
6719,10,dublin,DAME STREET,Dame Street,False,False,OPEN,2024-12-28 10:05:11,True,False,,,53.344007,-6.266802,16,14,2,10,4,0,4,16,14,2,10,4,0,4
6720,100,dublin,HEUSTON BRIDGE (SOUTH),Heuston Bridge (South),False,False,OPEN,2024-12-28 10:07:44,True,False,,,53.347106,-6.292041,25,12,13,4,8,0,8,25,12,13,4,8,0,8
6721,24,dublin,CATHAL BRUGHA STREET,Cathal Brugha Street,False,False,OPEN,2024-12-28 10:03:04,True,False,,,53.352149,-6.260533,20,11,9,11,0,0,0,20,11,9,11,0,0,0
6722,64,dublin,SANDWITH STREET,Sandwith Street,False,False,OPEN,2024-12-28 10:02:37,True,False,,,53.345203,-6.247163,40,22,18,18,4,0,4,40,22,18,18,4,0,4
6723,109,dublin,BUCKINGHAM STREET LOWER,Buckingham Street Lower,False,False,OPEN,2024-12-28 10:02:25,True,False,,,53.353331,-6.249319,29,9,20,1,8,0,8,29,9,20,1,8,0,8
6724,85,dublin,ROTHE ABBEY,Rothe Abbey,False,False,OPEN,2024-12-28 10:04:06,True,False,,,53.338776,-6.30395,35,28,7,15,13,0,13,35,28,7,15,13,0,13
6725,107,dublin,CHARLEVILLE ROAD,Charleville Road,False,False,OPEN,2024-12-28 10:05:10,True,False,,,53.359157,-6.281866,40,16,24,10,6,0,6,40,16,24,10,6,0,6
6726,33,dublin,PRINCES STREET / O'CONNELL STREET,Princes Street / O'Connell Street,False,False,OPEN,2024-12-28 10:01:28,True,False,,,53.349013,-6.260311,23,7,16,4,3,0,3,23,7,16,4,3,0,3
6727,44,dublin,UPPER SHERRARD STREET,Upper Sherrard Street,False,False,OPEN,2024-12-28 10:07:49,True,False,,,53.358437,-6.260641,30,0,30,0,0,0,0,30,0,30,0,0,0,0
6728,89,dublin,FITZWILLIAM SQUARE EAST,Fitzwilliam Square East,False,False,OPEN,2024-12-28 10:02:05,True,False,,,53.335211,-6.2509,40,20,18,11,9,0,9,40,20,18,11,9,0,9
6729,57,dublin,GRATTAN STREET,Grattan Street,False,False,OPEN,2024-12-28 10:00:15,True,False,,,53.339629,-6.243778,23,4,19,4,0,0,0,23,4,19,4,0,0,0
6730,80,dublin,ST JAMES HOSPITAL (LUAS),St James Hospital (Luas),False,False,OPEN,2024-12-28 10:02:38,True,False,,,53.341359,-6.292951,40,0,40,0,0,0,0,40,0,40,0,0,0,0
6731,41,dublin,HARCOURT TERRACE,Harcourt Terrace,False,False,OPEN,2024-12-28 09:59:06,True,False,,,53.332763,-6.257942,20,1,19,1,0,0,0,20,1,19,1,0,0,0
6732,3,dublin,BOLTON STREET,Bolton Street,False,False,OPEN,2024-12-28 10:07:51,True,False,,,53.351182,-6.269859,20,3,17,3,0,0,0,20,3,17,3,0,0,0
6733,40,dublin,JERVIS STREET,Jervis Street,False,False,OPEN,2024-12-28 10:06:26,True,False,,,53.3483,-6.266651,21,17,4,12,5,0,5,21,17,4,12,5,0,5
6734,29,dublin,ORMOND QUAY UPPER,Ormond Quay Upper,False,False,OPEN,2024-12-28 10:03:13,True,False,,,53.346057,-6.268001,29,29,0,16,13,0,13,29,29,0,16,13,0,13
6735,103,dublin,GRANGEGORMAN LOWER (SOUTH),Grangegorman Lower (South),False,False,OPEN,2024-12-28 10:00:55,True,False,,,53.354663,-6.278681,40,0,40,0,0,0,0,40,0,40,0,0,0,0
6736,28,dublin,MOUNTJOY SQUARE WEST,Mountjoy Square West,False,False,OPEN,2024-12-28 10:00:38,True,False,,,53.356299,-6.258586,30,0,30,0,0,0,0,30,0,30,0,0,0,0
6737,39,dublin,WILTON TERRACE,Wilton Terrace,False,False,OPEN,2024-12-28 10:02:20,True,False,,,53.332383,-6.252717,20,1,19,1,0,0,0,20,1,19,1,0,0,0
6738,83,dublin,EMMET ROAD,Emmet Road,False,False,OPEN,2024-12-28 10:02:12,True,False,,,53.340714,-6.308191,40,11,29,8,3,0,3,40,11,29,8,3,0,3
6739,92,dublin,HEUSTON BRIDGE (NORTH),Heuston Bridge (North),False,False,OPEN,2024-12-28 09:59:36,True,False,,,53.347802,-6.292432,40,37,3,28,9,0,9,40,37,3,28,9,0,9
6740,21,dublin,LEINSTER STREET SOUTH,Leinster Street South,False,False,OPEN,2024-12-28 09:59:34,True,False,,,53.34218,-6.254485,30,4,26,4,0,0,0,30,4,26,4,0,0,0
6741,88,dublin,BLACKHALL PLACE,Blackhall Place,False,False,OPEN,2024-12-28 10:00:41,True,False,,,53.3488,-6.281637,30,2,28,1,1,0,1,30,2,28,1,1,0,1
6742,42,dublin,SMITHFIELD NORTH,Smithfield North,False,False,OPEN,2024-12-28 10:23:18,True,False,,,53.349562,-6.278198,30,8,22,5,3,0,3,30,8,22,5,3,0,3
6743,30,dublin,PARNELL SQUARE NORTH,Parnell Square North,False,False,OPEN,2024-12-28 10:23:53,True,False,,,53.3537415547453,-6.26530144781526,20,3,17,3,0,0,0,20,3,17,3,0,0,0
6744,54,dublin,CLONMEL STREET,Clonmel Street,False,False,OPEN,2024-12-28 10:19:44,True,False,,,53.336021,-6.26298,33,17,16,6,11,0,11,33,17,16,6,11,0,11
6745,108,dublin,AVONDALE ROAD,Avondale Road,False,False,OPEN,2024-12-28 10:22:26,True,False,,,53.359405,-6.276142,35,12,23,9,3,0,3,35,12,23,9,3,0,3
6746,20,dublin,JAMES STREET EAST,James Street East,False,False,OPEN,2024-12-28 10:23:14,True,False,,,53.336597,-6.248109,30,2,28,2,0,0,0,30,2,28,2,0,0,0
6747,56,dublin,MOUNT STREET LOWER,Mount Street Lower,False,False,OPEN,2024-12-28 10:19:14,True,False,,,53.33796,-6.24153,40,25,13,12,13,0,13,40,25,13,12,13,0,13
6748,6,dublin,CHRISTCHURCH PLACE,Christchurch Place,False,False,OPEN,2024-12-28 10:19:36,True,False,,,53.343368,-6.27012,20,1,19,1,0,0,0,20,1,19,1,0,0,0
6749,18,dublin,GRANTHAM STREET,Grantham Street,False,False,OPEN,2024-12-28 10:27:39,True,False,,,53.334123,-6.265436,30,8,22,0,8,0,8,30,8,22,0,8,0,8
6750,32,dublin,PEARSE STREET,Pearse Street,False,False,OPEN,2024-12-28 10:19:28,True,False,,,53.344304,-6.250427,30,22,6,15,7,0,7,30,22,6,15,7,0,7
6751,52,dublin,YORK STREET EAST,York Street East,False,False,OPEN,2024-12-28 10:20:44,True,False,,,53.338755,-6.262003,32,29,3,18,11,0,11,32,29,3,18,11,0,11
6752,48,dublin,EXCISE WALK,Excise Walk,False,False,OPEN,2024-12-28 10:20:39,True,False,,,53.347777,-6.244239,40,1,39,0,1,0,1,40,1,39,0,1,0,1
6753,13,dublin,FITZWILLIAM SQUARE WEST,Fitzwilliam Square West,False,False,OPEN,2024-12-28 10:21:13,True,False,,,53.336074,-6.252825,30,26,4,10,16,0,16,30,26,4,10,16,0,16
6754,43,dublin,PORTOBELLO ROAD,Portobello Road,False,False,OPEN,2024-12-28 10:21:20,True,False,,,53.330091,-6.268044,30,1,29,0,1,0,1,30,1,29,0,1,0,1
6755,31,dublin,PARNELL STREET,Parnell Street,False,False,OPEN,2024-12-28 10:23:14,True,False,,,53.350929,-6.265125,20,2,18,2,0,0,0,20,2,18,2,0,0,0
6756,98,dublin,FREDERICK STREET SOUTH,Frederick Street South,False,False,OPEN,2024-12-28 10:22:17,True,False,,,53.341515,-6.256853,40,23,17,11,12,0,12,40,23,17,11,12,0,12
6757,14,dublin,FOWNES STREET UPPER,Fownes Street Upper,False,False,OPEN,2024-12-28 10:22:35,True,False,,,53.344603,-6.263371,30,14,16,8,6,0,6,30,14,16,8,6,0,6
6758,1,dublin,CLARENDON ROW,Clarendon Row,False,False,OPEN,2024-12-28 10:28:31,True,False,,,53.340927,-6.262501,31,23,8,13,10,0,10,31,23,8,13,10,0,10
6759,23,dublin,CUSTOM HOUSE,Custom House,False,False,OPEN,2024-12-28 10:22:41,True,False,,,53.348279,-6.254662,30,19,11,8,11,0,11,30,19,11,8,11,0,11
6760,106,dublin,RATHDOWN ROAD,Rathdown Road,False,False,OPEN,2024-12-28 10:20:23,True,False,,,53.35893,-6.280337,40,26,14,16,10,0,10,40,26,14,16,10,0,10
6761,112,dublin,NORTH CIRCULAR ROAD (O'CONNELL'S),North Circular Road (O'Connell's),False,False,OPEN,2024-12-28 10:22:46,True,False,,,53.357841,-6.251557,30,0,30,0,0,0,0,30,0,30,0,0,0,0
6762,68,dublin,HANOVER QUAY,Hanover Quay,False,False,OPEN,2024-12-28 10:20:44,True,False,,,53.344115,-6.237153,40,28,12,18,10,0,10,40,28,12,18,10,0,10
6763,74,dublin,OLIVER BOND STREET,Oliver Bond Street,False,False,OPEN,2024-12-28 10:22:09,True,False,,,53.343893,-6.280531,30,22,8,16,6,0,6,30,22,8,16,6,0,6
6764,87,dublin,COLLINS BARRACKS MUSEUM,Collins Barracks Museum,False,False,OPEN,2024-12-28 10:22:49,True,False,,,53.347477,-6.28525,38,23,15,13,10,0,10,38,23,15,13,10,0,10
6765,84,dublin,BROOKFIELD ROAD,Brookfield Road,False,False,OPEN,2024-12-28 10:22:20,True,False,,,53.339005,-6.300217,30,12,18,7,5,0,5,30,12,18,7,5,0,5
6766,90,dublin,BENSON STREET,Benson Street,False,False,OPEN,2024-12-28 10:23:31,True,False,,,53.344153,-6.233451,40,4,35,4,0,0,0,40,4,35,4,0,0,0
6767,11,dublin,EARLSFORT TERRACE,Earlsfort Terrace,False,False,OPEN,2024-12-28 10:19:06,True,False,,,53.334295,-6.258503,30,17,13,13,4,0,4,30,17,13,13,4,0,4
6768,17,dublin,GOLDEN LANE,Golden Lane,False,False,OPEN,2024-12-28 10:20:04,True,False,,,53.340803,-6.267732,20,15,5,6,9,0,9,20,15,5,6,9,0,9
6769,45,dublin,DEVERELL PLACE,Deverell Place,False,False,OPEN,2024-12-28 10:23:14,True,False,,,53.351464,-6.255265,30,12,18,6,6,0,6,30,12,18,6,6,0,6
6770,114,dublin,WILTON TERRACE (PARK),Wilton Terrace (Park),False,False,OPEN,2024-12-28 10:26:10,True,False,,,53.333653,-6.248345,40,2,38,0,2,0,2,40,2,38,0,2,0,2
6771,72,dublin,JOHN STREET WEST,John Street West,False,False,OPEN,2024-12-28 10:22:45,True,False,,,53.343105,-6.277167,31,0,31,0,0,0,0,31,0,31,0,0,0,0
6772,63,dublin,FENIAN STREET,Fenian Street,False,False,OPEN,2024-12-28 10:22:49,True,False,,,53.341428,-6.24672,35,22,13,12,10,0,10,35,22,13,12,10,0,10
6773,113,dublin,MERRION SQUARE SOUTH,Merrion Square South,False,False,OPEN,2024-12-28 10:21:38,True,False,,,53.338614,-6.248606,40,7,22,6,1,0,1,40,7,22,6,1,0,1
6774,91,dublin,SOUTH DOCK ROAD,South Dock Road,False,False,OPEN,2024-12-28 10:19:33,True,False,,,53.341833,-6.231291,30,24,3,14,10,0,10,30,24,3,14,10,0,10
6775,99,dublin,CITY QUAY,City Quay,False,False,OPEN,2024-12-28 10:21:46,True,False,,,53.346637,-6.246154,30,19,11,10,9,0,9,30,19,11,10,9,0,9
6776,9,dublin,EXCHEQUER STREET,Exchequer Street,False,False,OPEN,2024-12-28 10:28:54,True,False,,,53.343034,-6.263578,24,15,9,7,8,0,8,24,15,9,7,8,0,8
6777,67,dublin,THE POINT,The Point,False,False,OPEN,2024-12-28 10:21:47,True,False,,,53.346867,-6.230852,40,18,22,9,9,0,9,40,18,22,9,9,0,9
6778,116,dublin,BROADSTONE,Broadstone,False,False,OPEN,2024-12-28 10:28:44,True,False,,,53.3547,-6.272314,30,12,18,2,10,0,10,30,12,18,2,10,0,10
6779,55,dublin,HATCH STREET,Hatch Street,False,False,OPEN,2024-12-28 10:23:15,True,False,,,53.33403,-6.260714,36,15,21,9,6,0,6,36,15,21,9,6,0,6
6780,62,dublin,LIME STREET,Lime Street,False,False,OPEN,2024-12-28 10:26:39,True,False,,,53.346026,-6.243576,40,15,25,4,11,0,11,40,15,25,4,11,0,11
6781,5,dublin,CHARLEMONT PLACE,Charlemont Street,False,False,OPEN,2024-12-28 10:23:14,True,False,,,53.330662,-6.260177,40,29,11,23,6,0,6,40,29,11,23,6,0,6
6782,97,dublin,KILMAINHAM GAOL,Kilmainham Gaol,False,False,OPEN,2024-12-28 10:19:57,True,False,,,53.342113,-6.310015,40,6,34,3,3,0,3,40,6,34,3,3,0,3
6783,61,dublin,HARDWICKE PLACE,Hardwicke Place,False,False,OPEN,2024-12-28 10:19:08,True,False,,,53.357043,-6.263232,25,0,25,0,0,0,0,25,0,25,0,0,0,0
6784,77,dublin,WOLFE TONE STREET,Wolfe Tone Street,False,False,OPEN,2024-12-28 10:20:33,True,False,,,53.348875,-6.267459,29,29,0,16,13,0,13,29,29,0,16,13,0,13
6785,73,dublin,FRANCIS STREET,Francis Street,False,False,OPEN,2024-12-28 10:21:27,True,False,,,53.342081,-6.275233,30,2,28,1,1,0,1,30,2,28,1,1,0,1
6786,4,dublin,GREEK STREET,Greek Street,False,False,OPEN,2024-12-28 10:22:48,True,False,,,53.346874,-6.272976,20,14,6,2,12,0,12,20,14,6,2,12,0,12
6787,49,dublin,GUILD STREET,Guild Street,False,False,OPEN,2024-12-28 10:23:47,True,False,,,53.347932,-6.240928,40,32,8,22,10,0,10,40,32,8,22,10,0,10
6788,19,dublin,HERBERT PLACE,Herbert Place,False,False,OPEN,2024-12-28 10:25:15,True,False,,,53.334432,-6.245575,30,11,18,7,4,0,4,30,11,18,7,4,0,4
6789,7,dublin,HIGH STREET,High Street,False,False,OPEN,2024-12-28 10:21:53,True,False,,,53.343565,-6.275071,29,20,9,13,7,0,7,29,20,9,13,7,0,7
6790,60,dublin,NORTH CIRCULAR ROAD,North Circular Road,False,False,OPEN,2024-12-28 10:23:25,True,False,,,53.359624,-6.260348,30,0,30,0,0,0,0,30,0,30,0,0,0,0
6791,102,dublin,WESTERN WAY,Western Way,False,False,OPEN,2024-12-28 10:20:55,True,False,,,53.354929,-6.269425,40,9,31,8,1,0,1,40,9,31,8,1,0,1
6792,38,dublin,TALBOT STREET,Talbot Street,False,False,OPEN,2024-12-28 10:21:28,True,False,,,53.350974,-6.25294,40,22,18,19,3,0,3,40,22,18,19,3,0,3
6793,53,dublin,NEWMAN HOUSE,Newman House,False,False,OPEN,2024-12-28 10:21:13,True,False,,,53.337132,-6.26059,40,10,30,10,0,0,0,40,10,30,10,0,0,0
6794,58,dublin,SIR PATRICK DUN'S,Sir Patrick's Dun,False,False,OPEN,2024-12-28 10:22:38,True,False,,,53.339218,-6.240642,40,22,18,18,4,0,4,40,22,18,18,4,0,4
6795,66,dublin,NEW CENTRAL BANK,New Central Bank,False,False,OPEN,2024-12-28 10:19:16,True,False,,,53.347122,-6.234749,40,7,33,2,5,0,5,40,7,33,2,5,0,5
6796,104,dublin,GRANGEGORMAN LOWER (CENTRAL),Grangegorman Lower (Central),False,False,OPEN,2024-12-28 10:22:40,True,False,,,53.355173,-6.278424,40,2,38,2,0,0,0,40,2,38,2,0,0,0
6797,101,dublin,KING STREET NORTH,King Street North,False,False,OPEN,2024-12-28 10:19:05,True,False,,,53.350291,-6.273507,30,10,20,7,3,0,3,30,10,20,7,3,0,3
6798,115,dublin,KILLARNEY STREET,Killarney Street,False,False,OPEN,2024-12-28 10:24:01,True,False,,,53.354845,-6.247579,30,16,14,10,6,0,6,30,16,14,10,6,0,6
6799,47,dublin,HERBERT STREET,Herbert Street,False,False,OPEN,2024-12-28 10:21:15,True,False,,,53.335742,-6.24551,40,3,37,1,2,0,2,40,3,37,1,2,0,2
6800,117,dublin,HANOVER QUAY EAST,Hanover Quay East,False,False,OPEN,2024-12-28 10:21:15,True,False,,,53.343653,-6.231755,40,8,32,4,4,0,4,40,8,32,4,4,0,4
6801,8,dublin,CUSTOM HOUSE QUAY,Custom House Quay,False,False,OPEN,2024-12-28 10:27:52,True,False,,,53.347884,-6.248048,30,24,6,18,6,0,6,30,24,6,18,6,0,6
6802,27,dublin,MOLESWORTH STREET,Molesworth Street,False,False,OPEN,2024-12-28 10:19:22,True,False,,,53.341288,-6.258117,20,11,9,6,5,0,5,20,11,9,6,5,0,5
6803,16,dublin,GEORGES QUAY,Georges Quay,False,False,OPEN,2024-12-28 10:28:18,True,False,,,53.347508,-6.252192,20,19,1,9,10,0,10,20,19,1,9,10,0,10
6804,96,dublin,KILMAINHAM LANE,Kilmainham Lane,False,False,OPEN,2024-12-28 10:28:24,True,False,,,53.341805,-6.305085,30,2,28,2,0,0,0,30,2,28,2,0,0,0
6805,82,dublin,MOUNT BROWN,Mount Brown,False,False,OPEN,2024-12-28 10:20:15,True,False,,,53.341645,-6.29719,22,11,11,2,9,0,9,22,11,11,2,9,0,9
6806,76,dublin,MARKET STREET SOUTH,Market Street South,False,False,OPEN,2024-12-28 10:18:50,True,False,,,53.342296,-6.287661,38,0,38,0,0,0,0,38,0,38,0,0,0,0
6807,71,dublin,KEVIN STREET,Kevin Street,False,False,OPEN,2024-12-28 10:24:48,True,False,,,53.337757,-6.267699,40,12,28,6,6,0,6,40,12,28,6,6,0,6
6808,79,dublin,ECCLES STREET EAST,Eccles Street East,False,False,OPEN,2024-12-28 10:27:33,True,False,,,53.358115,-6.265601,27,2,25,2,0,0,0,27,2,25,2,0,0,0
6809,69,dublin,GRAND CANAL DOCK,Grand Canal Dock,False,False,OPEN,2024-12-28 10:21:56,True,False,,,53.342638,-6.238695,40,37,1,22,15,0,15,40,37,1,22,15,0,15
6810,25,dublin,MERRION SQUARE EAST,Merrion Square East,False,False,OPEN,2024-12-28 10:26:58,True,False,,,53.339434,-6.246548,30,1,29,1,0,0,0,30,1,29,1,0,0,0
6811,51,dublin,YORK STREET WEST,York Street West,False,False,OPEN,2024-12-28 10:19:39,True,False,,,53.339334,-6.264699,40,0,0,0,0,0,0,40,0,0,0,0,0,0
6812,37,dublin,ST. STEPHEN'S GREEN SOUTH,St. Stephen's Green South,False,False,OPEN,2024-12-28 10:22:44,True,False,,,53.337494,-6.26199,30,15,15,10,5,0,5,30,15,15,10,5,0,5
6813,59,dublin,DENMARK STREET GREAT,Denmark Street Great,False,False,OPEN,2024-12-28 10:28:38,True,False,,,53.35561,-6.261397,20,1,19,1,0,0,0,20,1,19,1,0,0,0
6814,95,dublin,ROYAL HOSPITAL,Royal Hospital,False,False,OPEN,2024-12-28 10:26:01,True,False,,,53.343897,-6.29706,40,24,16,15,9,0,9,40,24,16,15,9,0,9
6815,94,dublin,HEUSTON STATION (CAR PARK),Heuston Station (Car Park),False,False,OPEN,2024-12-28 10:22:03,True,False,,,53.346985,-6.297804,40,10,30,10,0,0,0,40,10,30,10,0,0,0
6816,105,dublin,GRANGEGORMAN LOWER (NORTH),Grangegorman Lower (North),False,False,OPEN,2024-12-28 10:22:42,True,False,,,53.355954,-6.278378,36,3,33,2,1,0,1,36,3,33,2,1,0,1
6817,36,dublin,ST. STEPHEN'S GREEN EAST,St. Stephen's Green East,False,False,OPEN,2024-12-28 10:19:50,True,False,,,53.337824,-6.256035,40,20,20,11,9,0,9,40,20,20,11,9,0,9
6818,93,dublin,HEUSTON STATION (CENTRAL),Heuston Station (Central),False,False,OPEN,2024-12-28 10:20:03,True,False,,,53.346603,-6.296924,40,13,27,13,0,0,0,40,13,27,13,0,0,0
6819,22,dublin,TOWNSEND STREET,Townsend Street,False,False,OPEN,2024-12-28 10:26:23,True,False,,,53.345922,-6.254614,20,12,8,10,2,0,2,20,12,8,10,2,0,2
6820,50,dublin,GEORGES LANE,George's Lane,False,False,OPEN,2024-12-28 10:22:59,True,False,,,53.35023,-6.279696,40,7,33,5,2,0,2,40,7,33,5,2,0,2
6821,110,dublin,PHIBSBOROUGH ROAD,Phibsborough Road,False,False,OPEN,2024-12-28 10:24:10,True,False,,,53.356307,-6.273717,40,11,29,3,8,0,8,40,11,29,3,8,0,8
6822,12,dublin,ECCLES STREET,Eccles Street,False,False,OPEN,2024-12-28 10:26:28,True,False,,,53.359246,-6.269779,20,0,20,0,0,0,0,20,0,20,0,0,0,0
6823,34,dublin,PORTOBELLO HARBOUR,Portobello Harbour,False,False,OPEN,2024-12-28 10:21:06,True,False,,,53.330362,-6.265163,30,18,12,11,7,0,7,30,18,12,11,7,0,7
6824,78,dublin,MATER HOSPITAL,Mater Hospital,False,False,OPEN,2024-12-28 10:22:14,True,False,,,53.359967,-6.264828,40,1,39,0,1,0,1,40,1,39,0,1,0,1
6825,2,dublin,BLESSINGTON STREET,Blessington Street,False,False,OPEN,2024-12-28 10:20:14,True,False,,,53.356769,-6.26814,20,1,19,1,0,0,0,20,1,19,1,0,0,0
6826,75,dublin,JAMES STREET,James Street,False,False,OPEN,2024-12-28 10:22:46,True,False,,,53.343456,-6.287409,40,3,37,2,1,0,1,40,3,37,2,1,0,1
6827,111,dublin,MOUNTJOY SQUARE EAST,Mountjoy Square East,False,False,OPEN,2024-12-28 10:20:14,True,False,,,53.356717,-6.256359,40,0,40,0,0,0,0,40,0,40,0,0,0,0
6828,26,dublin,MERRION SQUARE WEST,Merrion Square West,False,False,OPEN,2024-12-28 10:20:25,True,False,,,53.339764,-6.251988,20,14,6,6,8,0,8,20,14,6,6,8,0,8
6829,65,dublin,CONVENTION CENTRE,Convention Centre,False,False,OPEN,2024-12-28 10:23:14,True,False,,,53.34744,-6.238523,40,12,28,9,3,0,3,40,12,28,9,3,0,3
6830,15,dublin,HARDWICKE STREET,Hardwicke Street,False,False,OPEN,2024-12-28 10:22:50,True,False,,,53.355473,-6.264423,16,1,15,0,1,0,1,16,1,15,0,1,0,1
6831,86,dublin,PARKGATE STREET,Parkgate Street,False,False,OPEN,2024-12-28 10:18:54,True,False,,,53.347972,-6.291804,38,30,8,1,29,0,29,38,30,8,1,29,0,29
6832,35,dublin,SMITHFIELD,Smithfield,False,False,OPEN,2024-12-28 10:23:34,True,False,,,53.347692,-6.278214,30,7,23,6,1,0,1,30,7,23,6,1,0,1
6833,10,dublin,DAME STREET,Dame Street,False,False,OPEN,2024-12-28 10:23:49,True,False,,,53.344007,-6.266802,16,13,3,10,3,0,3,16,13,3,10,3,0,3
6834,100,dublin,HEUSTON BRIDGE (SOUTH),Heuston Bridge (South),False,False,OPEN,2024-12-28 10:18:41,True,False,,,53.347106,-6.292041,25,12,13,4,8,0,8,25,12,13,4,8,0,8
6835,24,dublin,CATHAL BRUGHA STREET,Cathal Brugha Street,False,False,OPEN,2024-12-28 10:23:14,True,False,,,53.352149,-6.260533,20,11,9,11,0,0,0,20,11,9,11,0,0,0
6836,64,dublin,SANDWITH STREET,Sandwith Street,False,False,OPEN,2024-12-28 10:26:00,True,False,,,53.345203,-6.247163,40,23,17,19,4,0,4,40,23,17,19,4,0,4
6837,109,dublin,BUCKINGHAM STREET LOWER,Buckingham Street Lower,False,False,OPEN,2024-12-28 10:26:57,True,False,,,53.353331,-6.249319,29,9,20,1,8,0,8,29,9,20,1,8,0,8
6838,85,dublin,ROTHE ABBEY,Rothe Abbey,False,False,OPEN,2024-12-28 10:24:16,True,False,,,53.338776,-6.30395,35,28,7,15,13,0,13,35,28,7,15,13,0,13
6839,107,dublin,CHARLEVILLE ROAD,Charleville Road,False,False,OPEN,2024-12-28 10:20:21,True,False,,,53.359157,-6.281866,40,16,24,10,6,0,6,40,16,24,10,6,0,6
6840,33,dublin,PRINCES STREET / O'CONNELL STREET,Princes Street / O'Connell Street,False,False,OPEN,2024-12-28 10:21:41,True,False,,,53.349013,-6.260311,23,8,15,5,3,0,3,23,8,15,5,3,0,3
6841,44,dublin,UPPER SHERRARD STREET,Upper Sherrard Street,False,False,OPEN,2024-12-28 10:23:21,True,False,,,53.358437,-6.260641,30,0,30,0,0,0,0,30,0,30,0,0,0,0
6842,89,dublin,FITZWILLIAM SQUARE EAST,Fitzwilliam Square East,False,False,OPEN,2024-12-28 10:22:15,True,False,,,53.335211,-6.2509,40,20,20,11,9,0,9,40,20,20,11,9,0,9
6843,57,dublin,GRATTAN STREET,Grattan Street,False,False,OPEN,2024-12-28 10:20:24,True,False,,,53.339629,-6.243778,23,4,19,4,0,0,0,23,4,19,4,0,0,0
6844,80,dublin,ST JAMES HOSPITAL (LUAS),St James Hospital (Luas),False,False,OPEN,2024-12-28 10:22:45,True,False,,,53.341359,-6.292951,40,0,40,0,0,0,0,40,0,40,0,0,0,0
6845,41,dublin,HARCOURT TERRACE,Harcourt Terrace,False,False,OPEN,2024-12-28 10:19:16,True,False,,,53.332763,-6.257942,20,1,19,1,0,0,0,20,1,19,1,0,0,0
6846,3,dublin,BOLTON STREET,Bolton Street,False,False,OPEN,2024-12-28 10:24:15,True,False,,,53.351182,-6.269859,20,1,19,1,0,0,0,20,1,19,1,0,0,0
6847,40,dublin,JERVIS STREET,Jervis Street,False,False,OPEN,2024-12-28 10:25:39,True,False,,,53.3483,-6.266651,21,16,5,13,3,0,3,21,16,5,13,3,0,3
6848,29,dublin,ORMOND QUAY UPPER,Ormond Quay Upper,False,False,OPEN,2024-12-28 10:23:23,True,False,,,53.346057,-6.268001,29,29,0,16,13,0,13,29,29,0,16,13,0,13
6849,103,dublin,GRANGEGORMAN LOWER (SOUTH),Grangegorman Lower (South),False,False,OPEN,2024-12-28 10:21:02,True,False,,,53.354663,-6.278681,40,0,40,0,0,0,0,40,0,40,0,0,0,0
6850,28,dublin,MOUNTJOY SQUARE WEST,Mountjoy Square West,False,False,OPEN,2024-12-28 10:20:48,True,False,,,53.356299,-6.258586,30,0,30,0,0,0,0,30,0,30,0,0,0,0
6851,39,dublin,WILTON TERRACE,Wilton Terrace,False,False,OPEN,2024-12-28 10:22:30,True,False,,,53.332383,-6.252717,20,0,20,0,0,0,0,20,0,20,0,0,0,0
6852,83,dublin,EMMET ROAD,Emmet Road,False,False,OPEN,2024-12-28 10:22:24,True,False,,,53.340714,-6.308191,40,11,29,8,3,0,3,40,11,29,8,3,0,3
6853,92,dublin,HEUSTON BRIDGE (NORTH),Heuston Bridge (North),False,False,OPEN,2024-12-28 10:19:45,True,False,,,53.347802,-6.292432,40,37,3,28,9,0,9,40,37,3,28,9,0,9
6854,21,dublin,LEINSTER STREET SOUTH,Leinster Street South,False,False,OPEN,2024-12-28 10:27:27,True,False,,,53.34218,-6.254485,30,6,24,6,0,0,0,30,6,24,6,0,0,0
6855,88,dublin,BLACKHALL PLACE,Blackhall Place,False,False,OPEN,2024-12-28 10:20:50,True,False,,,53.3488,-6.281637,30,2,28,1,1,0,1,30,2,28,1,1,0,1
6856,42,dublin,SMITHFIELD NORTH,Smithfield North,False,False,OPEN,2024-12-28 10:41:02,True,False,,,53.349562,-6.278198,30,8,22,5,3,0,3,30,8,22,5,3,0,3
6857,30,dublin,PARNELL SQUARE NORTH,Parnell Square North,False,False,OPEN,2024-12-28 10:44:03,True,False,,,53.3537415547453,-6.26530144781526,20,3,17,3,0,0,0,20,3,17,3,0,0,0
6858,54,dublin,CLONMEL STREET,Clonmel Street,False,False,OPEN,2024-12-28 10:39:55,True,False,,,53.336021,-6.26298,33,17,16,6,11,0,11,33,17,16,6,11,0,11
6859,108,dublin,AVONDALE ROAD,Avondale Road,False,False,OPEN,2024-12-28 10:40:54,True,False,,,53.359405,-6.276142,35,11,24,9,2,0,2,35,11,24,9,2,0,2
6860,20,dublin,JAMES STREET EAST,James Street East,False,False,OPEN,2024-12-28 10:43:21,True,False,,,53.336597,-6.248109,30,2,28,2,0,0,0,30,2,28,2,0,0,0
6861,56,dublin,MOUNT STREET LOWER,Mount Street Lower,False,False,OPEN,2024-12-28 10:39:22,True,False,,,53.33796,-6.24153,40,25,13,12,13,0,13,40,25,13,12,13,0,13
6862,6,dublin,CHRISTCHURCH PLACE,Christchurch Place,False,False,OPEN,2024-12-28 10:39:44,True,False,,,53.343368,-6.27012,20,1,19,1,0,0,0,20,1,19,1,0,0,0
6863,18,dublin,GRANTHAM STREET,Grantham Street,False,False,OPEN,2024-12-28 10:42:35,True,False,,,53.334123,-6.265436,30,10,20,1,9,0,9,30,10,20,1,9,0,9
6864,32,dublin,PEARSE STREET,Pearse Street,False,False,OPEN,2024-12-28 10:39:37,True,False,,,53.344304,-6.250427,30,22,6,15,7,0,7,30,22,6,15,7,0,7
6865,52,dublin,YORK STREET EAST,York Street East,False,False,OPEN,2024-12-28 10:40:54,True,False,,,53.338755,-6.262003,32,29,3,18,11,0,11,32,29,3,18,11,0,11
6866,48,dublin,EXCISE WALK,Excise Walk,False,False,OPEN,2024-12-28 10:40:46,True,False,,,53.347777,-6.244239,40,1,39,0,1,0,1,40,1,39,0,1,0,1
6867,13,dublin,FITZWILLIAM SQUARE WEST,Fitzwilliam Square West,False,False,OPEN,2024-12-28 10:41:21,True,False,,,53.336074,-6.252825,30,26,4,10,16,0,16,30,26,4,10,16,0,16
6868,43,dublin,PORTOBELLO ROAD,Portobello Road,False,False,OPEN,2024-12-28 10:41:29,True,False,,,53.330091,-6.268044,30,0,30,0,0,0,0,30,0,30,0,0,0,0
6869,31,dublin,PARNELL STREET,Parnell Street,False,False,OPEN,2024-12-28 10:39:51,True,False,,,53.350929,-6.265125,20,5,15,5,0,0,0,20,5,15,5,0,0,0
6870,98,dublin,FREDERICK STREET SOUTH,Frederick Street South,False,False,OPEN,2024-12-28 10:42:28,True,False,,,53.341515,-6.256853,40,23,17,11,12,0,12,40,23,17,11,12,0,12
6871,14,dublin,FOWNES STREET UPPER,Fownes Street Upper,False,False,OPEN,2024-12-28 10:47:08,True,False,,,53.344603,-6.263371,30,17,13,11,6,0,6,30,17,13,11,6,0,6
6872,1,dublin,CLARENDON ROW,Clarendon Row,False,False,OPEN,2024-12-28 10:42:28,True,False,,,53.340927,-6.262501,31,23,8,13,10,0,10,31,23,8,13,10,0,10
6873,23,dublin,CUSTOM HOUSE,Custom House,False,False,OPEN,2024-12-28 10:41:42,True,False,,,53.348279,-6.254662,30,19,11,8,11,0,11,30,19,11,8,11,0,11
6874,106,dublin,RATHDOWN ROAD,Rathdown Road,False,False,OPEN,2024-12-28 10:40:33,True,False,,,53.35893,-6.280337,40,26,14,16,10,0,10,40,26,14,16,10,0,10
6875,112,dublin,NORTH CIRCULAR ROAD (O'CONNELL'S),North Circular Road (O'Connell's),False,False,OPEN,2024-12-28 10:44:29,True,False,,,53.357841,-6.251557,30,0,30,0,0,0,0,30,0,30,0,0,0,0
6876,68,dublin,HANOVER QUAY,Hanover Quay,False,False,OPEN,2024-12-28 10:40:53,True,False,,,53.344115,-6.237153,40,27,13,17,10,0,10,40,27,13,17,10,0,10
6877,74,dublin,OLIVER BOND STREET,Oliver Bond Street,False,False,OPEN,2024-12-28 10:42:16,True,False,,,53.343893,-6.280531,30,22,8,16,6,0,6,30,22,8,16,6,0,6
6878,87,dublin,COLLINS BARRACKS MUSEUM,Collins Barracks Museum,False,False,OPEN,2024-12-28 10:48:03,True,False,,,53.347477,-6.28525,38,21,17,11,10,0,10,38,21,17,11,10,0,10
6879,84,dublin,BROOKFIELD ROAD,Brookfield Road,False,False,OPEN,2024-12-28 10:42:30,True,False,,,53.339005,-6.300217,30,11,19,7,4,0,4,30,11,19,7,4,0,4
6880,90,dublin,BENSON STREET,Benson Street,False,False,OPEN,2024-12-28 10:43:43,True,False,,,53.344153,-6.233451,40,2,37,2,0,0,0,40,2,37,2,0,0,0
6881,11,dublin,EARLSFORT TERRACE,Earlsfort Terrace,False,False,OPEN,2024-12-28 10:39:13,True,False,,,53.334295,-6.258503,30,17,13,13,4,0,4,30,17,13,13,4,0,4
6882,17,dublin,GOLDEN LANE,Golden Lane,False,False,OPEN,2024-12-28 10:40:12,True,False,,,53.340803,-6.267732,20,15,5,6,9,0,9,20,15,5,6,9,0,9
6883,45,dublin,DEVERELL PLACE,Deverell Place,False,False,OPEN,2024-12-28 10:46:24,True,False,,,53.351464,-6.255265,30,11,19,5,6,0,6,30,11,19,5,6,0,6
6884,114,dublin,WILTON TERRACE (PARK),Wilton Terrace (Park),False,False,OPEN,2024-12-28 10:46:18,True,False,,,53.333653,-6.248345,40,2,38,0,2,0,2,40,2,38,0,2,0,2
6885,72,dublin,JOHN STREET WEST,John Street West,False,False,OPEN,2024-12-28 10:48:32,True,False,,,53.343105,-6.277167,31,1,30,1,0,0,0,31,1,30,1,0,0,0
6886,63,dublin,FENIAN STREET,Fenian Street,False,False,OPEN,2024-12-28 10:47:23,True,False,,,53.341428,-6.24672,35,23,12,12,11,0,11,35,23,12,12,11,0,11
6887,113,dublin,MERRION SQUARE SOUTH,Merrion Square South,False,False,OPEN,2024-12-28 10:41:46,True,False,,,53.338614,-6.248606,40,7,22,6,1,0,1,40,7,22,6,1,0,1
6888,91,dublin,SOUTH DOCK ROAD,South Dock Road,False,False,OPEN,2024-12-28 10:48:29,True,False,,,53.341833,-6.231291,30,24,3,14,10,0,10,30,24,3,14,10,0,10
6889,99,dublin,CITY QUAY,City Quay,False,False,OPEN,2024-12-28 10:41:54,True,False,,,53.346637,-6.246154,30,19,11,10,9,0,9,30,19,11,10,9,0,9
6890,9,dublin,EXCHEQUER STREET,Exchequer Street,False,False,OPEN,2024-12-28 10:43:45,True,False,,,53.343034,-6.263578,24,18,6,10,8,0,8,24,18,6,10,8,0,8
6891,67,dublin,THE POINT,The Point,False,False,OPEN,2024-12-28 10:41:56,True,False,,,53.346867,-6.230852,40,18,22,9,9,0,9,40,18,22,9,9,0,9
6892,116,dublin,BROADSTONE,Broadstone,False,False,OPEN,2024-12-28 10:48:52,True,False,,,53.3547,-6.272314,30,12,18,2,10,0,10,30,12,18,2,10,0,10
6893,55,dublin,HATCH STREET,Hatch Street,False,False,OPEN,2024-12-28 10:43:23,True,False,,,53.33403,-6.260714,36,15,21,9,6,0,6,36,15,21,9,6,0,6
6894,62,dublin,LIME STREET,Lime Street,False,False,OPEN,2024-12-28 10:45:28,True,False,,,53.346026,-6.243576,40,14,25,4,10,0,10,40,14,25,4,10,0,10
6895,5,dublin,CHARLEMONT PLACE,Charlemont Street,False,False,OPEN,2024-12-28 10:43:31,True,False,,,53.330662,-6.260177,40,29,11,23,6,0,6,40,29,11,23,6,0,6
6896,97,dublin,KILMAINHAM GAOL,Kilmainham Gaol,False,False,OPEN,2024-12-28 10:40:08,True,False,,,53.342113,-6.310015,40,7,33,3,4,0,4,40,7,33,3,4,0,4
6897,61,dublin,HARDWICKE PLACE,Hardwicke Place,False,False,OPEN,2024-12-28 10:39:17,True,False,,,53.357043,-6.263232,25,0,25,0,0,0,0,25,0,25,0,0,0,0
6898,77,dublin,WOLFE TONE STREET,Wolfe Tone Street,False,False,OPEN,2024-12-28 10:44:56,True,False,,,53.348875,-6.267459,29,13,16,5,8,0,8,29,13,16,5,8,0,8
6899,73,dublin,FRANCIS STREET,Francis Street,False,False,OPEN,2024-12-28 10:41:38,True,False,,,53.342081,-6.275233,30,0,30,0,0,0,0,30,0,30,0,0,0,0
6900,4,dublin,GREEK STREET,Greek Street,False,False,OPEN,2024-12-28 10:43:01,True,False,,,53.346874,-6.272976,20,13,7,2,11,0,11,20,13,7,2,11,0,11
6901,49,dublin,GUILD STREET,Guild Street,False,False,OPEN,2024-12-28 10:43:58,True,False,,,53.347932,-6.240928,40,32,8,22,10,0,10,40,32,8,22,10,0,10
6902,19,dublin,HERBERT PLACE,Herbert Place,False,False,OPEN,2024-12-28 10:42:45,True,False,,,53.334432,-6.245575,30,13,16,8,5,0,5,30,13,16,8,5,0,5
6903,7,dublin,HIGH STREET,High Street,False,False,OPEN,2024-12-28 10:42:04,True,False,,,53.343565,-6.275071,29,20,9,13,7,0,7,29,20,9,13,7,0,7
6904,60,dublin,NORTH CIRCULAR ROAD,North Circular Road,False,False,OPEN,2024-12-28 10:45:38,True,False,,,53.359624,-6.260348,30,2,28,1,1,0,1,30,2,28,1,1,0,1
6905,102,dublin,WESTERN WAY,Western Way,False,False,OPEN,2024-12-28 10:41:51,True,False,,,53.354929,-6.269425,40,8,32,7,1,0,1,40,8,32,7,1,0,1
6906,38,dublin,TALBOT STREET,Talbot Street,False,False,OPEN,2024-12-28 10:41:36,True,False,,,53.350974,-6.25294,40,23,17,20,3,0,3,40,23,17,20,3,0,3
6907,53,dublin,NEWMAN HOUSE,Newman House,False,False,OPEN,2024-12-28 10:41:21,True,False,,,53.337132,-6.26059,40,10,30,10,0,0,0,40,10,30,10,0,0,0
6908,58,dublin,SIR PATRICK DUN'S,Sir Patrick's Dun,False,False,OPEN,2024-12-28 10:48:10,True,False,,,53.339218,-6.240642,40,23,17,19,4,0,4,40,23,17,19,4,0,4
6909,66,dublin,NEW CENTRAL BANK,New Central Bank,False,False,OPEN,2024-12-28 10:39:24,True,False,,,53.347122,-6.234749,40,7,33,2,5,0,5,40,7,33,2,5,0,5
6910,104,dublin,GRANGEGORMAN LOWER (CENTRAL),Grangegorman Lower (Central),False,False,OPEN,2024-12-28 10:42:51,True,False,,,53.355173,-6.278424,40,2,38,2,0,0,0,40,2,38,2,0,0,0
6911,101,dublin,KING STREET NORTH,King Street North,False,False,OPEN,2024-12-28 10:41:20,True,False,,,53.350291,-6.273507,30,11,19,7,4,0,4,30,11,19,7,4,0,4
6912,115,dublin,KILLARNEY STREET,Killarney Street,False,False,OPEN,2024-12-28 10:43:46,True,False,,,53.354845,-6.247579,30,16,14,10,6,0,6,30,16,14,10,6,0,6
6913,47,dublin,HERBERT STREET,Herbert Street,False,False,OPEN,2024-12-28 10:41:25,True,False,,,53.335742,-6.24551,40,3,37,1,2,0,2,40,3,37,1,2,0,2
6914,117,dublin,HANOVER QUAY EAST,Hanover Quay East,False,False,OPEN,2024-12-28 10:41:25,True,False,,,53.343653,-6.231755,40,8,32,4,4,0,4,40,8,32,4,4,0,4
6915,8,dublin,CUSTOM HOUSE QUAY,Custom House Quay,False,False,OPEN,2024-12-28 10:42:03,True,False,,,53.347884,-6.248048,30,24,6,18,6,0,6,30,24,6,18,6,0,6
6916,27,dublin,MOLESWORTH STREET,Molesworth Street,False,False,OPEN,2024-12-28 10:39:29,True,False,,,53.341288,-6.258117,20,11,9,6,5,0,5,20,11,9,6,5,0,5
6917,16,dublin,GEORGES QUAY,Georges Quay,False,False,OPEN,2024-12-28 10:48:28,True,False,,,53.347508,-6.252192,20,17,1,9,8,0,8,20,17,1,9,8,0,8
6918,96,dublin,KILMAINHAM LANE,Kilmainham Lane,False,False,OPEN,2024-12-28 10:48:32,True,False,,,53.341805,-6.305085,30,2,28,2,0,0,0,30,2,28,2,0,0,0
6919,82,dublin,MOUNT BROWN,Mount Brown,False,False,OPEN,2024-12-28 10:42:31,True,False,,,53.341645,-6.29719,22,8,14,0,8,0,8,22,8,14,0,8,0,8
6920,76,dublin,MARKET STREET SOUTH,Market Street South,False,False,OPEN,2024-12-28 10:38:59,True,False,,,53.342296,-6.287661,38,0,38,0,0,0,0,38,0,38,0,0,0,0
6921,71,dublin,KEVIN STREET,Kevin Street,False,False,OPEN,2024-12-28 10:48:15,True,False,,,53.337757,-6.267699,40,14,26,8,6,0,6,40,14,26,8,6,0,6
6922,79,dublin,ECCLES STREET EAST,Eccles Street East,False,False,OPEN,2024-12-28 10:42:07,True,False,,,53.358115,-6.265601,27,2,25,2,0,0,0,27,2,25,2,0,0,0
6923,69,dublin,GRAND CANAL DOCK,Grand Canal Dock,False,False,OPEN,2024-12-28 10:44:03,True,False,,,53.342638,-6.238695,40,35,3,20,15,0,15,40,35,3,20,15,0,15
6924,25,dublin,MERRION SQUARE EAST,Merrion Square East,False,False,OPEN,2024-12-28 10:47:08,True,False,,,53.339434,-6.246548,30,1,29,1,0,0,0,30,1,29,1,0,0,0
6925,51,dublin,YORK STREET WEST,York Street West,False,False,OPEN,2024-12-28 10:39:47,True,False,,,53.339334,-6.264699,40,0,0,0,0,0,0,40,0,0,0,0,0,0
6926,37,dublin,ST. STEPHEN'S GREEN SOUTH,St. Stephen's Green South,False,False,OPEN,2024-12-28 10:40:34,True,False,,,53.337494,-6.26199,30,15,15,10,5,0,5,30,15,15,10,5,0,5
6927,59,dublin,DENMARK STREET GREAT,Denmark Street Great,False,False,OPEN,2024-12-28 10:42:59,True,False,,,53.35561,-6.261397,20,0,20,0,0,0,0,20,0,20,0,0,0,0
6928,95,dublin,ROYAL HOSPITAL,Royal Hospital,False,False,OPEN,2024-12-28 10:48:36,True,False,,,53.343897,-6.29706,40,24,16,15,9,0,9,40,24,16,15,9,0,9
6929,94,dublin,HEUSTON STATION (CAR PARK),Heuston Station (Car Park),False,False,OPEN,2024-12-28 10:42:11,True,False,,,53.346985,-6.297804,40,10,30,10,0,0,0,40,10,30,10,0,0,0
6930,105,dublin,GRANGEGORMAN LOWER (NORTH),Grangegorman Lower (North),False,False,OPEN,2024-12-28 10:42:50,True,False,,,53.355954,-6.278378,36,3,33,2,1,0,1,36,3,33,2,1,0,1
6931,36,dublin,ST. STEPHEN'S GREEN EAST,St. Stephen's Green East,False,False,OPEN,2024-12-28 10:47:02,True,False,,,53.337824,-6.256035,40,21,19,11,10,0,10,40,21,19,11,10,0,10
6932,93,dublin,HEUSTON STATION (CENTRAL),Heuston Station (Central),False,False,OPEN,2024-12-28 10:40:10,True,False,,,53.346603,-6.296924,40,13,27,13,0,0,0,40,13,27,13,0,0,0
6933,22,dublin,TOWNSEND STREET,Townsend Street,False,False,OPEN,2024-12-28 10:40:59,True,False,,,53.345922,-6.254614,20,12,8,10,2,0,2,20,12,8,10,2,0,2
6934,50,dublin,GEORGES LANE,George's Lane,False,False,OPEN,2024-12-28 10:48:17,True,False,,,53.35023,-6.279696,40,7,33,5,2,0,2,40,7,33,5,2,0,2
6935,110,dublin,PHIBSBOROUGH ROAD,Phibsborough Road,False,False,OPEN,2024-12-28 10:44:48,True,False,,,53.356307,-6.273717,40,10,30,3,7,0,7,40,10,30,3,7,0,7
6936,12,dublin,ECCLES STREET,Eccles Street,False,False,OPEN,2024-12-28 10:41:37,True,False,,,53.359246,-6.269779,20,0,20,0,0,0,0,20,0,20,0,0,0,0
6937,34,dublin,PORTOBELLO HARBOUR,Portobello Harbour,False,False,OPEN,2024-12-28 10:41:16,True,False,,,53.330362,-6.265163,30,17,13,10,7,0,7,30,17,13,10,7,0,7
6938,78,dublin,MATER HOSPITAL,Mater Hospital,False,False,OPEN,2024-12-28 10:42:24,True,False,,,53.359967,-6.264828,40,0,40,0,0,0,0,40,0,40,0,0,0,0
6939,2,dublin,BLESSINGTON STREET,Blessington Street,False,False,OPEN,2024-12-28 10:39:44,True,False,,,53.356769,-6.26814,20,0,20,0,0,0,0,20,0,20,0,0,0,0
6940,75,dublin,JAMES STREET,James Street,False,False,OPEN,2024-12-28 10:42:54,True,False,,,53.343456,-6.287409,40,3,37,2,1,0,1,40,3,37,2,1,0,1
6941,111,dublin,MOUNTJOY SQUARE EAST,Mountjoy Square East,False,False,OPEN,2024-12-28 10:40:24,True,False,,,53.356717,-6.256359,40,0,40,0,0,0,0,40,0,40,0,0,0,0
6942,26,dublin,MERRION SQUARE WEST,Merrion Square West,False,False,OPEN,2024-12-28 10:40:36,True,False,,,53.339764,-6.251988,20,14,6,6,8,0,8,20,14,6,6,8,0,8
6943,65,dublin,CONVENTION CENTRE,Convention Centre,False,False,OPEN,2024-12-28 10:43:22,True,False,,,53.34744,-6.238523,40,12,28,9,3,0,3,40,12,28,9,3,0,3
6944,15,dublin,HARDWICKE STREET,Hardwicke Street,False,False,OPEN,2024-12-28 10:42:59,True,False,,,53.355473,-6.264423,16,0,16,0,0,0,0,16,0,16,0,0,0,0
6945,86,dublin,PARKGATE STREET,Parkgate Street,False,False,OPEN,2024-12-28 10:39:03,True,False,,,53.347972,-6.291804,38,29,9,0,29,0,29,38,29,9,0,29,0,29
6946,35,dublin,SMITHFIELD,Smithfield,False,False,OPEN,2024-12-28 10:45:05,True,False,,,53.347692,-6.278214,30,6,24,6,0,0,0,30,6,24,6,0,0,0
6947,10,dublin,DAME STREET,Dame Street,False,False,OPEN,2024-12-28 10:45:25,True,False,,,53.344007,-6.266802,16,12,4,10,2,0,2,16,12,4,10,2,0,2
6948,100,dublin,HEUSTON BRIDGE (SOUTH),Heuston Bridge (South),False,False,OPEN,2024-12-28 10:41:24,True,False,,,53.347106,-6.292041,25,12,13,4,8,0,8,25,12,13,4,8,0,8
6949,24,dublin,CATHAL BRUGHA STREET,Cathal Brugha Street,False,False,OPEN,2024-12-28 10:43:27,True,False,,,53.352149,-6.260533,20,10,10,10,0,0,0,20,10,10,10,0,0,0
6950,64,dublin,SANDWITH STREET,Sandwith Street,False,False,OPEN,2024-12-28 10:44:48,True,False,,,53.345203,-6.247163,40,22,17,18,4,0,4,40,22,17,18,4,0,4
6951,109,dublin,BUCKINGHAM STREET LOWER,Buckingham Street Lower,False,False,OPEN,2024-12-28 10:42:44,True,False,,,53.353331,-6.249319,29,9,20,1,8,0,8,29,9,20,1,8,0,8
6952,85,dublin,ROTHE ABBEY,Rothe Abbey,False,False,OPEN,2024-12-28 10:45:03,True,False,,,53.338776,-6.30395,35,26,9,13,13,0,13,35,26,9,13,13,0,13
6953,107,dublin,CHARLEVILLE ROAD,Charleville Road,False,False,OPEN,2024-12-28 10:43:18,True,False,,,53.359157,-6.281866,40,16,24,10,6,0,6,40,16,24,10,6,0,6
6954,33,dublin,PRINCES STREET / O'CONNELL STREET,Princes Street / O'Connell Street,False,False,OPEN,2024-12-28 10:45:22,True,False,,,53.349013,-6.260311,23,13,10,8,5,0,5,23,13,10,8,5,0,5
6955,44,dublin,UPPER SHERRARD STREET,Upper Sherrard Street,False,False,OPEN,2024-12-28 10:43:32,True,False,,,53.358437,-6.260641,30,0,30,0,0,0,0,30,0,30,0,0,0,0
6956,89,dublin,FITZWILLIAM SQUARE EAST,Fitzwilliam Square East,False,False,OPEN,2024-12-28 10:42:22,True,False,,,53.335211,-6.2509,40,20,20,11,9,0,9,40,20,20,11,9,0,9
6957,57,dublin,GRATTAN STREET,Grattan Street,False,False,OPEN,2024-12-28 10:40:32,True,False,,,53.339629,-6.243778,23,4,19,4,0,0,0,23,4,19,4,0,0,0
6958,80,dublin,ST JAMES HOSPITAL (LUAS),St James Hospital (Luas),False,False,OPEN,2024-12-28 10:42:53,True,False,,,53.341359,-6.292951,40,0,40,0,0,0,0,40,0,40,0,0,0,0
6959,41,dublin,HARCOURT TERRACE,Harcourt Terrace,False,False,OPEN,2024-12-28 10:39:27,True,False,,,53.332763,-6.257942,20,1,19,1,0,0,0,20,1,19,1,0,0,0
6960,3,dublin,BOLTON STREET,Bolton Street,False,False,OPEN,2024-12-28 10:41:45,True,False,,,53.351182,-6.269859,20,0,20,0,0,0,0,20,0,20,0,0,0,0
6961,40,dublin,JERVIS STREET,Jervis Street,False,False,OPEN,2024-12-28 10:42:48,True,False,,,53.3483,-6.266651,21,18,3,15,3,0,3,21,18,3,15,3,0,3
6962,29,dublin,ORMOND QUAY UPPER,Ormond Quay Upper,False,False,OPEN,2024-12-28 10:43:33,True,False,,,53.346057,-6.268001,29,29,0,16,13,0,13,29,29,0,16,13,0,13
6963,103,dublin,GRANGEGORMAN LOWER (SOUTH),Grangegorman Lower (South),False,False,OPEN,2024-12-28 10:41:10,True,False,,,53.354663,-6.278681,40,0,40,0,0,0,0,40,0,40,0,0,0,0
6964,28,dublin,MOUNTJOY SQUARE WEST,Mountjoy Square West,False,False,OPEN,2024-12-28 10:40:57,True,False,,,53.356299,-6.258586,30,0,30,0,0,0,0,30,0,30,0,0,0,0
6965,39,dublin,WILTON TERRACE,Wilton Terrace,False,False,OPEN,2024-12-28 10:42:38,True,False,,,53.332383,-6.252717,20,0,20,0,0,0,0,20,0,20,0,0,0,0
6966,83,dublin,EMMET ROAD,Emmet Road,False,False,OPEN,2024-12-28 10:42:33,True,False,,,53.340714,-6.308191,40,11,29,8,3,0,3,40,11,29,8,3,0,3
6967,92,dublin,HEUSTON BRIDGE (NORTH),Heuston Bridge (North),False,False,OPEN,2024-12-28 10:39:56,True,False,,,53.347802,-6.292432,40,38,2,28,10,0,10,40,38,2,28,10,0,10
6968,21,dublin,LEINSTER STREET SOUTH,Leinster Street South,False,False,OPEN,2024-12-28 10:43:42,True,False,,,53.34218,-6.254485,30,8,22,7,1,0,1,30,8,22,7,1,0,1
6969,88,dublin,BLACKHALL PLACE,Blackhall Place,False,False,OPEN,2024-12-28 10:41:00,True,False,,,53.3488,-6.281637,30,2,28,1,1,0,1,30,2,28,1,1,0,1
6970,42,dublin,SMITHFIELD NORTH,Smithfield North,False,False,OPEN,2024-12-28 11:03:23,True,False,,,53.349562,-6.278198,30,9,21,6,3,0,3,30,9,21,6,3,0,3
6971,30,dublin,PARNELL SQUARE NORTH,Parnell Square North,False,False,OPEN,2024-12-28 11:04:16,True,False,,,53.3537415547453,-6.26530144781526,20,2,18,2,0,0,0,20,2,18,2,0,0,0
6972,54,dublin,CLONMEL STREET,Clonmel Street,False,False,OPEN,2024-12-28 11:00:05,True,False,,,53.336021,-6.26298,33,17,16,6,11,0,11,33,17,16,6,11,0,11
6973,108,dublin,AVONDALE ROAD,Avondale Road,False,False,OPEN,2024-12-28 11:01:01,True,False,,,53.359405,-6.276142,35,11,24,9,2,0,2,35,11,24,9,2,0,2
6974,20,dublin,JAMES STREET EAST,James Street East,False,False,OPEN,2024-12-28 11:03:29,True,False,,,53.336597,-6.248109,30,2,28,2,0,0,0,30,2,28,2,0,0,0
6975,56,dublin,MOUNT STREET LOWER,Mount Street Lower,False,False,OPEN,2024-12-28 10:59:28,True,False,,,53.33796,-6.24153,40,25,13,12,13,0,13,40,25,13,12,13,0,13
6976,6,dublin,CHRISTCHURCH PLACE,Christchurch Place,False,False,OPEN,2024-12-28 10:59:52,True,False,,,53.343368,-6.27012,20,4,16,3,1,0,1,20,4,16,3,1,0,1
6977,18,dublin,GRANTHAM STREET,Grantham Street,False,False,OPEN,2024-12-28 11:02:32,True,False,,,53.334123,-6.265436,30,10,20,2,8,0,8,30,10,20,2,8,0,8
6978,32,dublin,PEARSE STREET,Pearse Street,False,False,OPEN,2024-12-28 11:08:20,True,False,,,53.344304,-6.250427,30,22,6,16,6,0,6,30,22,6,16,6,0,6
6979,52,dublin,YORK STREET EAST,York Street East,False,False,OPEN,2024-12-28 11:01:23,True,False,,,53.338755,-6.262003,32,30,2,18,12,0,12,32,30,2,18,12,0,12
6980,48,dublin,EXCISE WALK,Excise Walk,False,False,OPEN,2024-12-28 11:06:16,True,False,,,53.347777,-6.244239,40,2,38,1,1,0,1,40,2,38,1,1,0,1
6981,13,dublin,FITZWILLIAM SQUARE WEST,Fitzwilliam Square West,False,False,OPEN,2024-12-28 11:01:27,True,False,,,53.336074,-6.252825,30,26,4,10,16,0,16,30,26,4,10,16,0,16
6982,43,dublin,PORTOBELLO ROAD,Portobello Road,False,False,OPEN,2024-12-28 11:01:36,True,False,,,53.330091,-6.268044,30,0,30,0,0,0,0,30,0,30,0,0,0,0
6983,31,dublin,PARNELL STREET,Parnell Street,False,False,OPEN,2024-12-28 11:00:00,True,False,,,53.350929,-6.265125,20,6,14,5,1,0,1,20,6,14,5,1,0,1
6984,98,dublin,FREDERICK STREET SOUTH,Frederick Street South,False,False,OPEN,2024-12-28 11:02:39,True,False,,,53.341515,-6.256853,40,23,17,11,12,0,12,40,23,17,11,12,0,12
6985,14,dublin,FOWNES STREET UPPER,Fownes Street Upper,False,False,OPEN,2024-12-28 11:04:54,True,False,,,53.344603,-6.263371,30,18,12,10,8,0,8,30,18,12,10,8,0,8
6986,1,dublin,CLARENDON ROW,Clarendon Row,False,False,OPEN,2024-12-28 11:02:38,True,False,,,53.340927,-6.262501,31,22,9,12,10,0,10,31,22,9,12,10,0,10
6987,23,dublin,CUSTOM HOUSE,Custom House,False,False,OPEN,2024-12-28 11:02:19,True,False,,,53.348279,-6.254662,30,19,11,7,12,0,12,30,19,11,7,12,0,12
6988,106,dublin,RATHDOWN ROAD,Rathdown Road,False,False,OPEN,2024-12-28 11:00:43,True,False,,,53.35893,-6.280337,40,26,14,16,10,0,10,40,26,14,16,10,0,10
6989,112,dublin,NORTH CIRCULAR ROAD (O'CONNELL'S),North Circular Road (O'Connell's),False,False,OPEN,2024-12-28 11:08:05,True,False,,,53.357841,-6.251557,30,1,29,1,0,0,0,30,1,29,1,0,0,0
6990,68,dublin,HANOVER QUAY,Hanover Quay,False,False,OPEN,2024-12-28 11:06:13,True,False,,,53.344115,-6.237153,40,26,14,16,10,0,10,40,26,14,16,10,0,10
6991,74,dublin,OLIVER BOND STREET,Oliver Bond Street,False,False,OPEN,2024-12-28 11:08:38,True,False,,,53.343893,-6.280531,30,24,6,17,7,0,7,30,24,6,17,7,0,7
6992,87,dublin,COLLINS BARRACKS MUSEUM,Collins Barracks Museum,False,False,OPEN,2024-12-28 11:03:15,True,False,,,53.347477,-6.28525,38,21,17,11,10,0,10,38,21,17,11,10,0,10
6993,84,dublin,BROOKFIELD ROAD,Brookfield Road,False,False,OPEN,2024-12-28 11:02:38,True,False,,,53.339005,-6.300217,30,11,19,7,4,0,4,30,11,19,7,4,0,4
6994,90,dublin,BENSON STREET,Benson Street,False,False,OPEN,2024-12-28 11:03:51,True,False,,,53.344153,-6.233451,40,2,37,2,0,0,0,40,2,37,2,0,0,0
6995,11,dublin,EARLSFORT TERRACE,Earlsfort Terrace,False,False,OPEN,2024-12-28 10:59:20,True,False,,,53.334295,-6.258503,30,17,13,13,4,0,4,30,17,13,13,4,0,4
6996,17,dublin,GOLDEN LANE,Golden Lane,False,False,OPEN,2024-12-28 11:04:25,True,False,,,53.340803,-6.267732,20,16,4,7,9,0,9,20,16,4,7,9,0,9
6997,45,dublin,DEVERELL PLACE,Deverell Place,False,False,OPEN,2024-12-28 11:03:35,True,False,,,53.351464,-6.255265,30,11,19,5,6,0,6,30,11,19,5,6,0,6
6998,114,dublin,WILTON TERRACE (PARK),Wilton Terrace (Park),False,False,OPEN,2024-12-28 11:06:26,True,False,,,53.333653,-6.248345,40,2,38,0,2,0,2,40,2,38,0,2,0,2
6999,72,dublin,JOHN STREET WEST,John Street West,False,False,OPEN,2024-12-28 11:04:42,True,False,,,53.343105,-6.277167,31,1,30,1,0,0,0,31,1,30,1,0,0,0
7000,63,dublin,FENIAN STREET,Fenian Street,False,False,OPEN,2024-12-28 11:08:29,True,False,,,53.341428,-6.24672,35,22,13,11,11,0,11,35,22,13,11,11,0,11
7001,113,dublin,MERRION SQUARE SOUTH,Merrion Square South,False,False,OPEN,2024-12-28 11:01:55,True,False,,,53.338614,-6.248606,40,7,22,6,1,0,1,40,7,22,6,1,0,1
7002,91,dublin,SOUTH DOCK ROAD,South Dock Road,False,False,OPEN,2024-12-28 11:01:30,True,False,,,53.341833,-6.231291,30,24,3,14,10,0,10,30,24,3,14,10,0,10
7003,99,dublin,CITY QUAY,City Quay,False,False,OPEN,2024-12-28 11:02:02,True,False,,,53.346637,-6.246154,30,19,11,10,9,0,9,30,19,11,10,9,0,9
7004,9,dublin,EXCHEQUER STREET,Exchequer Street,False,False,OPEN,2024-12-28 11:08:25,True,False,,,53.343034,-6.263578,24,19,5,11,8,0,8,24,19,5,11,8,0,8
7005,67,dublin,THE POINT,The Point,False,False,OPEN,2024-12-28 11:02:05,True,False,,,53.346867,-6.230852,40,18,22,9,9,0,9,40,18,22,9,9,0,9
7006,116,dublin,BROADSTONE,Broadstone,False,False,OPEN,2024-12-28 10:58:55,True,False,,,53.3547,-6.272314,30,12,18,2,10,0,10,30,12,18,2,10,0,10
7007,55,dublin,HATCH STREET,Hatch Street,False,False,OPEN,2024-12-28 11:03:30,True,False,,,53.33403,-6.260714,36,15,21,9,6,0,6,36,15,21,9,6,0,6
7008,62,dublin,LIME STREET,Lime Street,False,False,OPEN,2024-12-28 11:05:52,True,False,,,53.346026,-6.243576,40,13,26,3,10,0,10,40,13,26,3,10,0,10
7009,5,dublin,CHARLEMONT PLACE,Charlemont Street,False,False,OPEN,2024-12-28 11:08:45,True,False,,,53.330662,-6.260177,40,28,12,23,5,0,5,40,28,12,23,5,0,5
7010,97,dublin,KILMAINHAM GAOL,Kilmainham Gaol,False,False,OPEN,2024-12-28 11:00:17,True,False,,,53.342113,-6.310015,40,8,32,4,4,0,4,40,8,32,4,4,0,4
7011,61,dublin,HARDWICKE PLACE,Hardwicke Place,False,False,OPEN,2024-12-28 10:59:25,True,False,,,53.357043,-6.263232,25,0,25,0,0,0,0,25,0,25,0,0,0,0
7012,77,dublin,WOLFE TONE STREET,Wolfe Tone Street,False,False,OPEN,2024-12-28 11:01:21,True,False,,,53.348875,-6.267459,29,14,15,6,8,0,8,29,14,15,6,8,0,8
7013,73,dublin,FRANCIS STREET,Francis Street,False,False,OPEN,2024-12-28 11:01:45,True,False,,,53.342081,-6.275233,30,0,30,0,0,0,0,30,0,30,0,0,0,0
7014,4,dublin,GREEK STREET,Greek Street,False,False,OPEN,2024-12-28 11:03:11,True,False,,,53.346874,-6.272976,20,13,7,2,11,0,11,20,13,7,2,11,0,11
7015,49,dublin,GUILD STREET,Guild Street,False,False,OPEN,2024-12-28 11:06:51,True,False,,,53.347932,-6.240928,40,32,8,22,10,0,10,40,32,8,22,10,0,10
7016,19,dublin,HERBERT PLACE,Herbert Place,False,False,OPEN,2024-12-28 11:07:53,True,False,,,53.334432,-6.245575,30,13,16,8,5,0,5,30,13,16,8,5,0,5
7017,7,dublin,HIGH STREET,High Street,False,False,OPEN,2024-12-28 11:08:48,True,False,,,53.343565,-6.275071,29,19,10,12,7,0,7,29,19,10,12,7,0,7
7018,60,dublin,NORTH CIRCULAR ROAD,North Circular Road,False,False,OPEN,2024-12-28 11:03:41,True,False,,,53.359624,-6.260348,30,2,28,1,1,0,1,30,2,28,1,1,0,1
7019,102,dublin,WESTERN WAY,Western Way,False,False,OPEN,2024-12-28 11:03:22,True,False,,,53.354929,-6.269425,40,25,15,21,4,0,4,40,25,15,21,4,0,4
7020,38,dublin,TALBOT STREET,Talbot Street,False,False,OPEN,2024-12-28 11:01:44,True,False,,,53.350974,-6.25294,40,23,17,20,3,0,3,40,23,17,20,3,0,3
7021,53,dublin,NEWMAN HOUSE,Newman House,False,False,OPEN,2024-12-28 11:01:28,True,False,,,53.337132,-6.26059,40,10,30,10,0,0,0,40,10,30,10,0,0,0
7022,58,dublin,SIR PATRICK DUN'S,Sir Patrick's Dun,False,False,OPEN,2024-12-28 11:06:50,True,False,,,53.339218,-6.240642,40,22,18,19,3,0,3,40,22,18,19,3,0,3
7023,66,dublin,NEW CENTRAL BANK,New Central Bank,False,False,OPEN,2024-12-28 10:59:31,True,False,,,53.347122,-6.234749,40,7,33,2,5,0,5,40,7,33,2,5,0,5
7024,104,dublin,GRANGEGORMAN LOWER (CENTRAL),Grangegorman Lower (Central),False,False,OPEN,2024-12-28 11:03:01,True,False,,,53.355173,-6.278424,40,2,38,2,0,0,0,40,2,38,2,0,0,0
7025,101,dublin,KING STREET NORTH,King Street North,False,False,OPEN,2024-12-28 10:59:24,True,False,,,53.350291,-6.273507,30,10,20,7,3,0,3,30,10,20,7,3,0,3
7026,115,dublin,KILLARNEY STREET,Killarney Street,False,False,OPEN,2024-12-28 11:06:42,True,False,,,53.354845,-6.247579,30,15,15,9,6,0,6,30,15,15,9,6,0,6
7027,47,dublin,HERBERT STREET,Herbert Street,False,False,OPEN,2024-12-28 11:01:36,True,False,,,53.335742,-6.24551,40,3,37,1,2,0,2,40,3,37,1,2,0,2
7028,117,dublin,HANOVER QUAY EAST,Hanover Quay East,False,False,OPEN,2024-12-28 11:01:35,True,False,,,53.343653,-6.231755,40,8,32,4,4,0,4,40,8,32,4,4,0,4
7029,8,dublin,CUSTOM HOUSE QUAY,Custom House Quay,False,False,OPEN,2024-12-28 11:02:13,True,False,,,53.347884,-6.248048,30,24,6,18,6,0,6,30,24,6,18,6,0,6
7030,27,dublin,MOLESWORTH STREET,Molesworth Street,False,False,OPEN,2024-12-28 10:59:36,True,False,,,53.341288,-6.258117,20,11,9,6,5,0,5,20,11,9,6,5,0,5
7031,16,dublin,GEORGES QUAY,Georges Quay,False,False,OPEN,2024-12-28 11:08:35,True,False,,,53.347508,-6.252192,20,17,1,9,8,0,8,20,17,1,9,8,0,8
7032,96,dublin,KILMAINHAM LANE,Kilmainham Lane,False,False,OPEN,2024-12-28 11:08:39,True,False,,,53.341805,-6.305085,30,2,28,2,0,0,0,30,2,28,2,0,0,0
7033,82,dublin,MOUNT BROWN,Mount Brown,False,False,OPEN,2024-12-28 11:00:34,True,False,,,53.341645,-6.29719,22,9,13,0,9,0,9,22,9,13,0,9,0,9
7034,76,dublin,MARKET STREET SOUTH,Market Street South,False,False,OPEN,2024-12-28 10:59:08,True,False,,,53.342296,-6.287661,38,0,38,0,0,0,0,38,0,38,0,0,0,0
7035,71,dublin,KEVIN STREET,Kevin Street,False,False,OPEN,2024-12-28 11:00:18,True,False,,,53.337757,-6.267699,40,13,27,8,5,0,5,40,13,27,8,5,0,5
7036,79,dublin,ECCLES STREET EAST,Eccles Street East,False,False,OPEN,2024-12-28 11:02:15,True,False,,,53.358115,-6.265601,27,2,25,2,0,0,0,27,2,25,2,0,0,0
7037,69,dublin,GRAND CANAL DOCK,Grand Canal Dock,False,False,OPEN,2024-12-28 11:03:34,True,False,,,53.342638,-6.238695,40,37,1,21,16,0,16,40,37,1,21,16,0,16
7038,25,dublin,MERRION SQUARE EAST,Merrion Square East,False,False,OPEN,2024-12-28 11:07:19,True,False,,,53.339434,-6.246548,30,1,29,1,0,0,0,30,1,29,1,0,0,0
7039,51,dublin,YORK STREET WEST,York Street West,False,False,OPEN,2024-12-28 10:59:56,True,False,,,53.339334,-6.264699,40,0,0,0,0,0,0,40,0,0,0,0,0,0
7040,37,dublin,ST. STEPHEN'S GREEN SOUTH,St. Stephen's Green South,False,False,OPEN,2024-12-28 11:04:26,True,False,,,53.337494,-6.26199,30,16,14,10,6,0,6,30,16,14,10,6,0,6
7041,59,dublin,DENMARK STREET GREAT,Denmark Street Great,False,False,OPEN,2024-12-28 11:07:46,True,False,,,53.35561,-6.261397,20,2,18,0,2,0,2,20,2,18,0,2,0,2
7042,95,dublin,ROYAL HOSPITAL,Royal Hospital,False,False,OPEN,2024-12-28 11:06:21,True,False,,,53.343897,-6.29706,40,24,16,15,9,0,9,40,24,16,15,9,0,9
7043,94,dublin,HEUSTON STATION (CAR PARK),Heuston Station (Car Park),False,False,OPEN,2024-12-28 11:02:18,True,False,,,53.346985,-6.297804,40,10,30,10,0,0,0,40,10,30,10,0,0,0
7044,105,dublin,GRANGEGORMAN LOWER (NORTH),Grangegorman Lower (North),False,False,OPEN,2024-12-28 11:02:58,True,False,,,53.355954,-6.278378,36,3,33,2,1,0,1,36,3,33,2,1,0,1
7045,36,dublin,ST. STEPHEN'S GREEN EAST,St. Stephen's Green East,False,False,OPEN,2024-12-28 11:00:12,True,False,,,53.337824,-6.256035,40,21,19,11,10,0,10,40,21,19,11,10,0,10
7046,93,dublin,HEUSTON STATION (CENTRAL),Heuston Station (Central),False,False,OPEN,2024-12-28 11:00:17,True,False,,,53.346603,-6.296924,40,13,27,13,0,0,0,40,13,27,13,0,0,0
7047,22,dublin,TOWNSEND STREET,Townsend Street,False,False,OPEN,2024-12-28 11:01:11,True,False,,,53.345922,-6.254614,20,11,9,9,2,0,2,20,11,9,9,2,0,2
7048,50,dublin,GEORGES LANE,George's Lane,False,False,OPEN,2024-12-28 11:03:20,True,False,,,53.35023,-6.279696,40,7,33,5,2,0,2,40,7,33,5,2,0,2
7049,110,dublin,PHIBSBOROUGH ROAD,Phibsborough Road,False,False,OPEN,2024-12-28 11:07:24,True,False,,,53.356307,-6.273717,40,10,30,3,7,0,7,40,10,30,3,7,0,7
7050,12,dublin,ECCLES STREET,Eccles Street,False,False,OPEN,2024-12-28 11:01:48,True,False,,,53.359246,-6.269779,20,0,20,0,0,0,0,20,0,20,0,0,0,0
7051,34,dublin,PORTOBELLO HARBOUR,Portobello Harbour,False,False,OPEN,2024-12-28 11:01:34,True,False,,,53.330362,-6.265163,30,11,19,5,6,0,6,30,11,19,5,6,0,6
7052,78,dublin,MATER HOSPITAL,Mater Hospital,False,False,OPEN,2024-12-28 11:02:33,True,False,,,53.359967,-6.264828,40,0,40,0,0,0,0,40,0,40,0,0,0,0
7053,2,dublin,BLESSINGTON STREET,Blessington Street,False,False,OPEN,2024-12-28 10:59:51,True,False,,,53.356769,-6.26814,20,0,20,0,0,0,0,20,0,20,0,0,0,0
7054,75,dublin,JAMES STREET,James Street,False,False,OPEN,2024-12-28 11:03:04,True,False,,,53.343456,-6.287409,40,2,38,1,1,0,1,40,2,38,1,1,0,1
7055,111,dublin,MOUNTJOY SQUARE EAST,Mountjoy Square East,False,False,OPEN,2024-12-28 11:00:35,True,False,,,53.356717,-6.256359,40,0,40,0,0,0,0,40,0,40,0,0,0,0
7056,26,dublin,MERRION SQUARE WEST,Merrion Square West,False,False,OPEN,2024-12-28 11:01:46,True,False,,,53.339764,-6.251988,20,16,4,7,9,0,9,20,16,4,7,9,0,9
7057,65,dublin,CONVENTION CENTRE,Convention Centre,False,False,OPEN,2024-12-28 11:05:22,True,False,,,53.34744,-6.238523,40,12,28,9,3,0,3,40,12,28,9,3,0,3
7058,15,dublin,HARDWICKE STREET,Hardwicke Street,False,False,OPEN,2024-12-28 11:03:06,True,False,,,53.355473,-6.264423,16,0,16,0,0,0,0,16,0,16,0,0,0,0
7059,86,dublin,PARKGATE STREET,Parkgate Street,False,False,OPEN,2024-12-28 10:59:12,True,False,,,53.347972,-6.291804,38,28,10,0,28,0,28,38,28,10,0,28,0,28
7060,35,dublin,SMITHFIELD,Smithfield,False,False,OPEN,2024-12-28 11:03:59,True,False,,,53.347692,-6.278214,30,4,26,4,0,0,0,30,4,26,4,0,0,0
7061,10,dublin,DAME STREET,Dame Street,False,False,OPEN,2024-12-28 11:04:12,True,False,,,53.344007,-6.266802,16,13,3,11,2,0,2,16,13,3,11,2,0,2
7062,100,dublin,HEUSTON BRIDGE (SOUTH),Heuston Bridge (South),False,False,OPEN,2024-12-28 10:54:44,False,False,,,53.347106,-6.292041,25,13,12,4,9,0,9,25,13,12,4,9,0,9
7063,24,dublin,CATHAL BRUGHA STREET,Cathal Brugha Street,False,False,OPEN,2024-12-28 11:03:39,True,False,,,53.352149,-6.260533,20,9,11,9,0,0,0,20,9,11,9,0,0,0
7064,64,dublin,SANDWITH STREET,Sandwith Street,False,False,OPEN,2024-12-28 11:03:11,True,False,,,53.345203,-6.247163,40,22,17,18,4,0,4,40,22,17,18,4,0,4
7065,109,dublin,BUCKINGHAM STREET LOWER,Buckingham Street Lower,False,False,OPEN,2024-12-28 11:05:09,True,False,,,53.353331,-6.249319,29,9,20,1,8,0,8,29,9,20,1,8,0,8
7066,85,dublin,ROTHE ABBEY,Rothe Abbey,False,False,OPEN,2024-12-28 11:05:32,True,False,,,53.338776,-6.30395,35,26,9,13,13,0,13,35,26,9,13,13,0,13
7067,107,dublin,CHARLEVILLE ROAD,Charleville Road,False,False,OPEN,2024-12-28 11:00:41,True,False,,,53.359157,-6.281866,40,14,26,9,5,0,5,40,14,26,9,5,0,5
7068,33,dublin,PRINCES STREET / O'CONNELL STREET,Princes Street / O'Connell Street,False,False,OPEN,2024-12-28 11:02:03,True,False,,,53.349013,-6.260311,23,13,10,8,5,0,5,23,13,10,8,5,0,5
7069,44,dublin,UPPER SHERRARD STREET,Upper Sherrard Street,False,False,OPEN,2024-12-28 11:03:42,True,False,,,53.358437,-6.260641,30,0,30,0,0,0,0,30,0,30,0,0,0,0
7070,89,dublin,FITZWILLIAM SQUARE EAST,Fitzwilliam Square East,False,False,OPEN,2024-12-28 11:02:29,True,False,,,53.335211,-6.2509,40,20,20,11,9,0,9,40,20,20,11,9,0,9
7071,57,dublin,GRATTAN STREET,Grattan Street,False,False,OPEN,2024-12-28 11:00:40,True,False,,,53.339629,-6.243778,23,4,19,4,0,0,0,23,4,19,4,0,0,0
7072,80,dublin,ST JAMES HOSPITAL (LUAS),St James Hospital (Luas),False,False,OPEN,2024-12-28 11:03:00,True,False,,,53.341359,-6.292951,40,0,40,0,0,0,0,40,0,40,0,0,0,0
7073,41,dublin,HARCOURT TERRACE,Harcourt Terrace,False,False,OPEN,2024-12-28 10:59:38,True,False,,,53.332763,-6.257942,20,1,19,1,0,0,0,20,1,19,1,0,0,0
7074,3,dublin,BOLTON STREET,Bolton Street,False,False,OPEN,2024-12-28 11:01:56,True,False,,,53.351182,-6.269859,20,0,20,0,0,0,0,20,0,20,0,0,0,0
7075,40,dublin,JERVIS STREET,Jervis Street,False,False,OPEN,2024-12-28 11:03:02,True,False,,,53.3483,-6.266651,21,19,2,16,3,0,3,21,19,2,16,3,0,3
7076,29,dublin,ORMOND QUAY UPPER,Ormond Quay Upper,False,False,OPEN,2024-12-28 11:03:47,True,False,,,53.346057,-6.268001,29,11,18,6,5,0,5,29,11,18,6,5,0,5
7077,103,dublin,GRANGEGORMAN LOWER (SOUTH),Grangegorman Lower (South),False,False,OPEN,2024-12-28 11:01:17,True,False,,,53.354663,-6.278681,40,0,40,0,0,0,0,40,0,40,0,0,0,0
7078,28,dublin,MOUNTJOY SQUARE WEST,Mountjoy Square West,False,False,OPEN,2024-12-28 11:01:06,True,False,,,53.356299,-6.258586,30,0,30,0,0,0,0,30,0,30,0,0,0,0
7079,39,dublin,WILTON TERRACE,Wilton Terrace,False,False,OPEN,2024-12-28 11:02:46,True,False,,,53.332383,-6.252717,20,0,20,0,0,0,0,20,0,20,0,0,0,0
7080,83,dublin,EMMET ROAD,Emmet Road,False,False,OPEN,2024-12-28 11:02:44,True,False,,,53.340714,-6.308191,40,11,29,8,3,0,3,40,11,29,8,3,0,3
7081,92,dublin,HEUSTON BRIDGE (NORTH),Heuston Bridge (North),False,False,OPEN,2024-12-28 11:00:51,True,False,,,53.347802,-6.292432,40,39,1,29,10,0,10,40,39,1,29,10,0,10
7082,21,dublin,LEINSTER STREET SOUTH,Leinster Street South,False,False,OPEN,2024-12-28 11:00:04,True,False,,,53.34218,-6.254485,30,8,22,7,1,0,1,30,8,22,7,1,0,1
7083,88,dublin,BLACKHALL PLACE,Blackhall Place,False,False,OPEN,2024-12-28 11:01:09,True,False,,,53.3488,-6.281637,30,2,28,1,1,0,1,30,2,28,1,1,0,1
7084,42,dublin,SMITHFIELD NORTH,Smithfield North,False,False,OPEN,2024-12-28 11:21:24,True,False,,,53.349562,-6.278198,30,8,22,5,3,0,3,30,8,22,5,3,0,3
7085,30,dublin,PARNELL SQUARE NORTH,Parnell Square North,False,False,OPEN,2024-12-28 11:24:26,True,False,,,53.3537415547453,-6.26530144781526,20,2,18,2,0,0,0,20,2,18,2,0,0,0
7086,54,dublin,CLONMEL STREET,Clonmel Street,False,False,OPEN,2024-12-28 11:20:16,True,False,,,53.336021,-6.26298,33,17,16,6,11,0,11,33,17,16,6,11,0,11
7087,108,dublin,AVONDALE ROAD,Avondale Road,False,False,OPEN,2024-12-28 11:28:53,True,False,,,53.359405,-6.276142,35,11,24,9,2,0,2,35,11,24,9,2,0,2
7088,20,dublin,JAMES STREET EAST,James Street East,False,False,OPEN,2024-12-28 11:23:37,True,False,,,53.336597,-6.248109,30,2,28,2,0,0,0,30,2,28,2,0,0,0
7089,56,dublin,MOUNT STREET LOWER,Mount Street Lower,False,False,OPEN,2024-12-28 11:27:38,True,False,,,53.33796,-6.24153,40,20,18,7,13,0,13,40,20,18,7,13,0,13
7090,6,dublin,CHRISTCHURCH PLACE,Christchurch Place,False,False,OPEN,2024-12-28 11:20:01,True,False,,,53.343368,-6.27012,20,5,15,3,2,0,2,20,5,15,3,2,0,2
7091,18,dublin,GRANTHAM STREET,Grantham Street,False,False,OPEN,2024-12-28 11:26:48,True,False,,,53.334123,-6.265436,30,10,20,2,8,0,8,30,10,20,2,8,0,8
7092,32,dublin,PEARSE STREET,Pearse Street,False,False,OPEN,2024-12-28 11:27:38,True,False,,,53.344304,-6.250427,30,24,4,16,8,0,8,30,24,4,16,8,0,8
7093,52,dublin,YORK STREET EAST,York Street East,False,False,OPEN,2024-12-28 11:26:24,True,False,,,53.338755,-6.262003,32,31,1,18,13,0,13,32,31,1,18,13,0,13
7094,48,dublin,EXCISE WALK,Excise Walk,False,False,OPEN,2024-12-28 11:21:02,True,False,,,53.347777,-6.244239,40,2,38,1,1,0,1,40,2,38,1,1,0,1
7095,13,dublin,FITZWILLIAM SQUARE WEST,Fitzwilliam Square West,False,False,OPEN,2024-12-28 11:21:35,True,False,,,53.336074,-6.252825,30,26,4,10,16,0,16,30,26,4,10,16,0,16
7096,43,dublin,PORTOBELLO ROAD,Portobello Road,False,False,OPEN,2024-12-28 11:21:43,True,False,,,53.330091,-6.268044,30,0,30,0,0,0,0,30,0,30,0,0,0,0
7097,31,dublin,PARNELL STREET,Parnell Street,False,False,OPEN,2024-12-28 11:28:12,True,False,,,53.350929,-6.265125,20,5,15,4,1,0,1,20,5,15,4,1,0,1
7098,98,dublin,FREDERICK STREET SOUTH,Frederick Street South,False,False,OPEN,2024-12-28 11:22:51,True,False,,,53.341515,-6.256853,40,23,17,11,12,0,12,40,23,17,11,12,0,12
7099,14,dublin,FOWNES STREET UPPER,Fownes Street Upper,False,False,OPEN,2024-12-28 11:23:02,True,False,,,53.344603,-6.263371,30,16,14,10,6,0,6,30,16,14,10,6,0,6
7100,1,dublin,CLARENDON ROW,Clarendon Row,False,False,OPEN,2024-12-28 11:23:58,True,False,,,53.340927,-6.262501,31,23,8,13,10,0,10,31,23,8,13,10,0,10
7101,23,dublin,CUSTOM HOUSE,Custom House,False,False,OPEN,2024-12-28 11:22:08,True,False,,,53.348279,-6.254662,30,20,10,8,12,0,12,30,20,10,8,12,0,12
7102,106,dublin,RATHDOWN ROAD,Rathdown Road,False,False,OPEN,2024-12-28 11:20:54,True,False,,,53.35893,-6.280337,40,26,14,16,10,0,10,40,26,14,16,10,0,10
7103,112,dublin,NORTH CIRCULAR ROAD (O'CONNELL'S),North Circular Road (O'Connell's),False,False,OPEN,2024-12-28 11:23:18,True,False,,,53.357841,-6.251557,30,1,29,1,0,0,0,30,1,29,1,0,0,0
7104,68,dublin,HANOVER QUAY,Hanover Quay,False,False,OPEN,2024-12-28 11:27:41,True,False,,,53.344115,-6.237153,40,26,14,16,10,0,10,40,26,14,16,10,0,10
7105,74,dublin,OLIVER BOND STREET,Oliver Bond Street,False,False,OPEN,2024-12-28 11:22:39,True,False,,,53.343893,-6.280531,30,18,12,13,5,0,5,30,18,12,13,5,0,5
7106,87,dublin,COLLINS BARRACKS MUSEUM,Collins Barracks Museum,False,False,OPEN,2024-12-28 11:23:26,True,False,,,53.347477,-6.28525,38,21,17,11,10,0,10,38,21,17,11,10,0,10
7107,84,dublin,BROOKFIELD ROAD,Brookfield Road,False,False,OPEN,2024-12-28 11:22:46,True,False,,,53.339005,-6.300217,30,11,19,7,4,0,4,30,11,19,7,4,0,4
7108,90,dublin,BENSON STREET,Benson Street,False,False,OPEN,2024-12-28 11:24:00,True,False,,,53.344153,-6.233451,40,3,36,3,0,0,0,40,3,36,3,0,0,0
7109,11,dublin,EARLSFORT TERRACE,Earlsfort Terrace,False,False,OPEN,2024-12-28 11:19:27,True,False,,,53.334295,-6.258503,30,17,13,13,4,0,4,30,17,13,13,4,0,4
7110,17,dublin,GOLDEN LANE,Golden Lane,False,False,OPEN,2024-12-28 11:27:11,True,False,,,53.340803,-6.267732,20,15,5,6,9,0,9,20,15,5,6,9,0,9
7111,45,dublin,DEVERELL PLACE,Deverell Place,False,False,OPEN,2024-12-28 11:23:44,True,False,,,53.351464,-6.255265,30,11,19,5,6,0,6,30,11,19,5,6,0,6
7112,114,dublin,WILTON TERRACE (PARK),Wilton Terrace (Park),False,False,OPEN,2024-12-28 11:26:33,True,False,,,53.333653,-6.248345,40,2,38,0,2,0,2,40,2,38,0,2,0,2
7113,72,dublin,JOHN STREET WEST,John Street West,False,False,OPEN,2024-12-28 11:24:03,True,False,,,53.343105,-6.277167,31,0,31,0,0,0,0,31,0,31,0,0,0,0
7114,63,dublin,FENIAN STREET,Fenian Street,False,False,OPEN,2024-12-28 11:23:19,True,False,,,53.341428,-6.24672,35,24,11,13,11,0,11,35,24,11,13,11,0,11
7115,113,dublin,MERRION SQUARE SOUTH,Merrion Square South,False,False,OPEN,2024-12-28 11:22:04,True,False,,,53.338614,-6.248606,40,7,22,6,1,0,1,40,7,22,6,1,0,1
7116,91,dublin,SOUTH DOCK ROAD,South Dock Road,False,False,OPEN,2024-12-28 11:20:06,True,False,,,53.341833,-6.231291,30,24,3,14,10,0,10,30,24,3,14,10,0,10
7117,99,dublin,CITY QUAY,City Quay,False,False,OPEN,2024-12-28 11:22:10,True,False,,,53.346637,-6.246154,30,19,11,10,9,0,9,30,19,11,10,9,0,9
7118,9,dublin,EXCHEQUER STREET,Exchequer Street,False,False,OPEN,2024-12-28 11:28:31,True,False,,,53.343034,-6.263578,24,12,12,7,5,0,5,24,12,12,7,5,0,5
7119,67,dublin,THE POINT,The Point,False,False,OPEN,2024-12-28 11:23:23,True,False,,,53.346867,-6.230852,40,17,23,9,8,0,8,40,17,23,9,8,0,8
7120,116,dublin,BROADSTONE,Broadstone,False,False,OPEN,2024-12-28 11:20:55,True,False,,,53.3547,-6.272314,30,12,18,2,10,0,10,30,12,18,2,10,0,10
7121,55,dublin,HATCH STREET,Hatch Street,False,False,OPEN,2024-12-28 11:23:38,True,False,,,53.33403,-6.260714,36,15,21,9,6,0,6,36,15,21,9,6,0,6
7122,62,dublin,LIME STREET,Lime Street,False,False,OPEN,2024-12-28 11:26:36,True,False,,,53.346026,-6.243576,40,13,26,3,10,0,10,40,13,26,3,10,0,10
7123,5,dublin,CHARLEMONT PLACE,Charlemont Street,False,False,OPEN,2024-12-28 11:27:40,True,False,,,53.330662,-6.260177,40,27,13,23,4,0,4,40,27,13,23,4,0,4
7124,97,dublin,KILMAINHAM GAOL,Kilmainham Gaol,False,False,OPEN,2024-12-28 11:20:33,True,False,,,53.342113,-6.310015,40,26,14,14,12,0,12,40,26,14,14,12,0,12
7125,61,dublin,HARDWICKE PLACE,Hardwicke Place,False,False,OPEN,2024-12-28 11:19:34,True,False,,,53.357043,-6.263232,25,0,25,0,0,0,0,25,0,25,0,0,0,0
7126,77,dublin,WOLFE TONE STREET,Wolfe Tone Street,False,False,OPEN,2024-12-28 11:22:34,True,False,,,53.348875,-6.267459,29,13,16,5,8,0,8,29,13,16,5,8,0,8
7127,73,dublin,FRANCIS STREET,Francis Street,False,False,OPEN,2024-12-28 11:21:53,True,False,,,53.342081,-6.275233,30,0,30,0,0,0,0,30,0,30,0,0,0,0
7128,4,dublin,GREEK STREET,Greek Street,False,False,OPEN,2024-12-28 11:26:34,True,False,,,53.346874,-6.272976,20,16,4,5,11,0,11,20,16,4,5,11,0,11
7129,49,dublin,GUILD STREET,Guild Street,False,False,OPEN,2024-12-28 11:24:21,True,False,,,53.347932,-6.240928,40,32,8,22,10,0,10,40,32,8,22,10,0,10
7130,19,dublin,HERBERT PLACE,Herbert Place,False,False,OPEN,2024-12-28 11:23:04,True,False,,,53.334432,-6.245575,30,12,17,8,4,0,4,30,12,17,8,4,0,4
7131,7,dublin,HIGH STREET,High Street,False,False,OPEN,2024-12-28 11:22:32,True,False,,,53.343565,-6.275071,29,18,11,11,7,0,7,29,18,11,11,7,0,7
7132,60,dublin,NORTH CIRCULAR ROAD,North Circular Road,False,False,OPEN,2024-12-28 11:27:00,True,False,,,53.359624,-6.260348,30,1,29,0,1,0,1,30,1,29,0,1,0,1
7133,102,dublin,WESTERN WAY,Western Way,False,False,OPEN,2024-12-28 11:22:54,True,False,,,53.354929,-6.269425,40,25,15,21,4,0,4,40,25,15,21,4,0,4
7134,38,dublin,TALBOT STREET,Talbot Street,False,False,OPEN,2024-12-28 11:21:52,True,False,,,53.350974,-6.25294,40,25,15,22,3,0,3,40,25,15,22,3,0,3
7135,53,dublin,NEWMAN HOUSE,Newman House,False,False,OPEN,2024-12-28 11:21:36,True,False,,,53.337132,-6.26059,40,10,30,10,0,0,0,40,10,30,10,0,0,0
7136,58,dublin,SIR PATRICK DUN'S,Sir Patrick's Dun,False,False,OPEN,2024-12-28 11:23:37,True,False,,,53.339218,-6.240642,40,23,17,19,4,0,4,40,23,17,19,4,0,4
7137,66,dublin,NEW CENTRAL BANK,New Central Bank,False,False,OPEN,2024-12-28 11:19:38,True,False,,,53.347122,-6.234749,40,7,33,2,5,0,5,40,7,33,2,5,0,5
7138,104,dublin,GRANGEGORMAN LOWER (CENTRAL),Grangegorman Lower (Central),False,False,OPEN,2024-12-28 11:23:11,True,False,,,53.355173,-6.278424,40,2,38,2,0,0,0,40,2,38,2,0,0,0
7139,101,dublin,KING STREET NORTH,King Street North,False,False,OPEN,2024-12-28 11:19:32,True,False,,,53.350291,-6.273507,30,10,20,7,3,0,3,30,10,20,7,3,0,3
7140,115,dublin,KILLARNEY STREET,Killarney Street,False,False,OPEN,2024-12-28 11:24:05,True,False,,,53.354845,-6.247579,30,15,15,9,6,0,6,30,15,15,9,6,0,6
7141,47,dublin,HERBERT STREET,Herbert Street,False,False,OPEN,2024-12-28 11:25:16,True,False,,,53.335742,-6.24551,40,2,38,1,1,0,1,40,2,38,1,1,0,1
7142,117,dublin,HANOVER QUAY EAST,Hanover Quay East,False,False,OPEN,2024-12-28 11:21:52,True,False,,,53.343653,-6.231755,40,4,36,2,2,0,2,40,4,36,2,2,0,2
7143,8,dublin,CUSTOM HOUSE QUAY,Custom House Quay,False,False,OPEN,2024-12-28 11:22:23,True,False,,,53.347884,-6.248048,30,24,6,18,6,0,6,30,24,6,18,6,0,6
7144,27,dublin,MOLESWORTH STREET,Molesworth Street,False,False,OPEN,2024-12-28 11:19:43,True,False,,,53.341288,-6.258117,20,11,9,6,5,0,5,20,11,9,6,5,0,5
7145,16,dublin,GEORGES QUAY,Georges Quay,False,False,OPEN,2024-12-28 11:28:46,True,False,,,53.347508,-6.252192,20,15,3,8,7,0,7,20,15,3,8,7,0,7
7146,96,dublin,KILMAINHAM LANE,Kilmainham Lane,False,False,OPEN,2024-12-28 11:28:49,True,False,,,53.341805,-6.305085,30,1,29,1,0,0,0,30,1,29,1,0,0,0
7147,82,dublin,MOUNT BROWN,Mount Brown,False,False,OPEN,2024-12-28 11:20:42,True,False,,,53.341645,-6.29719,22,9,13,0,9,0,9,22,9,13,0,9,0,9
7148,76,dublin,MARKET STREET SOUTH,Market Street South,False,False,OPEN,2024-12-28 11:27:39,True,False,,,53.342296,-6.287661,38,3,35,2,1,0,1,38,3,35,2,1,0,1
7149,71,dublin,KEVIN STREET,Kevin Street,False,False,OPEN,2024-12-28 11:20:27,True,False,,,53.337757,-6.267699,40,14,26,9,5,0,5,40,14,26,9,5,0,5
7150,79,dublin,ECCLES STREET EAST,Eccles Street East,False,False,OPEN,2024-12-28 11:22:24,True,False,,,53.358115,-6.265601,27,2,25,2,0,0,0,27,2,25,2,0,0,0
7151,69,dublin,GRAND CANAL DOCK,Grand Canal Dock,False,False,OPEN,2024-12-28 11:27:55,True,False,,,53.342638,-6.238695,40,36,2,21,15,0,15,40,36,2,21,15,0,15
7152,25,dublin,MERRION SQUARE EAST,Merrion Square East,False,False,OPEN,2024-12-28 11:27:29,True,False,,,53.339434,-6.246548,30,1,29,1,0,0,0,30,1,29,1,0,0,0
7153,51,dublin,YORK STREET WEST,York Street West,False,False,OPEN,2024-12-28 11:20:05,True,False,,,53.339334,-6.264699,40,0,0,0,0,0,0,40,0,0,0,0,0,0
7154,37,dublin,ST. STEPHEN'S GREEN SOUTH,St. Stephen's Green South,False,False,OPEN,2024-12-28 11:20:59,True,False,,,53.337494,-6.26199,30,17,13,10,7,0,7,30,17,13,10,7,0,7
7155,59,dublin,DENMARK STREET GREAT,Denmark Street Great,False,False,OPEN,2024-12-28 11:27:02,True,False,,,53.35561,-6.261397,20,1,19,0,1,0,1,20,1,19,0,1,0,1
7156,95,dublin,ROYAL HOSPITAL,Royal Hospital,False,False,OPEN,2024-12-28 11:23:47,True,False,,,53.343897,-6.29706,40,23,17,14,9,0,9,40,23,17,14,9,0,9
7157,94,dublin,HEUSTON STATION (CAR PARK),Heuston Station (Car Park),False,False,OPEN,2024-12-28 11:22:25,True,False,,,53.346985,-6.297804,40,10,30,10,0,0,0,40,10,30,10,0,0,0
7158,105,dublin,GRANGEGORMAN LOWER (NORTH),Grangegorman Lower (North),False,False,OPEN,2024-12-28 11:23:05,True,False,,,53.355954,-6.278378,36,3,33,2,1,0,1,36,3,33,2,1,0,1
7159,36,dublin,ST. STEPHEN'S GREEN EAST,St. Stephen's Green East,False,False,OPEN,2024-12-28 11:20:23,True,False,,,53.337824,-6.256035,40,21,19,11,10,0,10,40,21,19,11,10,0,10
7160,93,dublin,HEUSTON STATION (CENTRAL),Heuston Station (Central),False,False,OPEN,2024-12-28 11:20:24,True,False,,,53.346603,-6.296924,40,13,27,13,0,0,0,40,13,27,13,0,0,0
7161,22,dublin,TOWNSEND STREET,Townsend Street,False,False,OPEN,2024-12-28 11:21:21,True,False,,,53.345922,-6.254614,20,11,9,9,2,0,2,20,11,9,9,2,0,2
7162,50,dublin,GEORGES LANE,George's Lane,False,False,OPEN,2024-12-28 11:26:22,True,False,,,53.35023,-6.279696,40,6,34,5,1,0,1,40,6,34,5,1,0,1
7163,110,dublin,PHIBSBOROUGH ROAD,Phibsborough Road,False,False,OPEN,2024-12-28 11:24:39,True,False,,,53.356307,-6.273717,40,10,30,3,7,0,7,40,10,30,3,7,0,7
7164,12,dublin,ECCLES STREET,Eccles Street,False,False,OPEN,2024-12-28 11:22:56,True,False,,,53.359246,-6.269779,20,19,1,7,12,0,12,20,19,1,7,12,0,12
7165,34,dublin,PORTOBELLO HARBOUR,Portobello Harbour,False,False,OPEN,2024-12-28 11:28:19,True,False,,,53.330362,-6.265163,30,10,20,4,6,0,6,30,10,20,4,6,0,6
7166,78,dublin,MATER HOSPITAL,Mater Hospital,False,False,OPEN,2024-12-28 11:22:42,True,False,,,53.359967,-6.264828,40,0,40,0,0,0,0,40,0,40,0,0,0,0
7167,2,dublin,BLESSINGTON STREET,Blessington Street,False,False,OPEN,2024-12-28 11:19:58,True,False,,,53.356769,-6.26814,20,0,20,0,0,0,0,20,0,20,0,0,0,0
7168,75,dublin,JAMES STREET,James Street,False,False,OPEN,2024-12-28 11:25:35,True,False,,,53.343456,-6.287409,40,2,38,1,1,0,1,40,2,38,1,1,0,1
7169,111,dublin,MOUNTJOY SQUARE EAST,Mountjoy Square East,False,False,OPEN,2024-12-28 11:27:30,True,False,,,53.356717,-6.256359,40,2,38,0,2,0,2,40,2,38,0,2,0,2
7170,26,dublin,MERRION SQUARE WEST,Merrion Square West,False,False,OPEN,2024-12-28 11:20:59,True,False,,,53.339764,-6.251988,20,16,4,7,9,0,9,20,16,4,7,9,0,9
7171,65,dublin,CONVENTION CENTRE,Convention Centre,False,False,OPEN,2024-12-28 11:24:23,True,False,,,53.34744,-6.238523,40,11,29,8,3,0,3,40,11,29,8,3,0,3
7172,15,dublin,HARDWICKE STREET,Hardwicke Street,False,False,OPEN,2024-12-28 11:23:14,True,False,,,53.355473,-6.264423,16,0,16,0,0,0,0,16,0,16,0,0,0,0
7173,86,dublin,PARKGATE STREET,Parkgate Street,False,False,OPEN,2024-12-28 11:22:47,True,False,,,53.347972,-6.291804,38,29,9,1,28,0,28,38,29,9,1,28,0,28
7174,35,dublin,SMITHFIELD,Smithfield,False,False,OPEN,2024-12-28 11:24:11,True,False,,,53.347692,-6.278214,30,1,29,1,0,0,0,30,1,29,1,0,0,0
7175,10,dublin,DAME STREET,Dame Street,False,False,OPEN,2024-12-28 11:24:22,True,False,,,53.344007,-6.266802,16,14,2,12,2,0,2,16,14,2,12,2,0,2
7176,100,dublin,HEUSTON BRIDGE (SOUTH),Heuston Bridge (South),False,False,OPEN,2024-12-28 11:27:13,True,False,,,53.347106,-6.292041,25,13,12,4,9,0,9,25,13,12,4,9,0,9
7177,24,dublin,CATHAL BRUGHA STREET,Cathal Brugha Street,False,False,OPEN,2024-12-28 11:26:11,True,False,,,53.352149,-6.260533,20,9,11,8,1,0,1,20,9,11,8,1,0,1
7178,64,dublin,SANDWITH STREET,Sandwith Street,False,False,OPEN,2024-12-28 11:27:33,True,False,,,53.345203,-6.247163,40,21,18,18,3,0,3,40,21,18,18,3,0,3
7179,109,dublin,BUCKINGHAM STREET LOWER,Buckingham Street Lower,False,False,OPEN,2024-12-28 11:23:02,True,False,,,53.353331,-6.249319,29,8,21,0,8,0,8,29,8,21,0,8,0,8
7180,85,dublin,ROTHE ABBEY,Rothe Abbey,False,False,OPEN,2024-12-28 11:25:43,True,False,,,53.338776,-6.30395,35,26,9,13,13,0,13,35,26,9,13,13,0,13
7181,107,dublin,CHARLEVILLE ROAD,Charleville Road,False,False,OPEN,2024-12-28 11:20:48,True,False,,,53.359157,-6.281866,40,14,26,9,5,0,5,40,14,26,9,5,0,5
7182,33,dublin,PRINCES STREET / O'CONNELL STREET,Princes Street / O'Connell Street,False,False,OPEN,2024-12-28 11:22:14,True,False,,,53.349013,-6.260311,23,11,12,7,4,0,4,23,11,12,7,4,0,4
7183,44,dublin,UPPER SHERRARD STREET,Upper Sherrard Street,False,False,OPEN,2024-12-28 11:23:53,True,False,,,53.358437,-6.260641,30,0,30,0,0,0,0,30,0,30,0,0,0,0
7184,89,dublin,FITZWILLIAM SQUARE EAST,Fitzwilliam Square East,False,False,OPEN,2024-12-28 11:22:37,True,False,,,53.335211,-6.2509,40,21,19,12,9,0,9,40,21,19,12,9,0,9
7185,57,dublin,GRATTAN STREET,Grattan Street,False,False,OPEN,2024-12-28 11:20:48,True,False,,,53.339629,-6.243778,23,4,19,4,0,0,0,23,4,19,4,0,0,0
7186,80,dublin,ST JAMES HOSPITAL (LUAS),St James Hospital (Luas),False,False,OPEN,2024-12-28 11:23:08,True,False,,,53.341359,-6.292951,40,0,40,0,0,0,0,40,0,40,0,0,0,0
7187,41,dublin,HARCOURT TERRACE,Harcourt Terrace,False,False,OPEN,2024-12-28 11:19:48,True,False,,,53.332763,-6.257942,20,1,19,1,0,0,0,20,1,19,1,0,0,0
7188,3,dublin,BOLTON STREET,Bolton Street,False,False,OPEN,2024-12-28 11:22:06,True,False,,,53.351182,-6.269859,20,0,20,0,0,0,0,20,0,20,0,0,0,0
7189,40,dublin,JERVIS STREET,Jervis Street,False,False,OPEN,2024-12-28 11:23:11,True,False,,,53.3483,-6.266651,21,21,0,18,3,0,3,21,21,0,18,3,0,3
7190,29,dublin,ORMOND QUAY UPPER,Ormond Quay Upper,False,False,OPEN,2024-12-28 11:27:10,True,False,,,53.346057,-6.268001,29,14,15,9,5,0,5,29,14,15,9,5,0,5
7191,103,dublin,GRANGEGORMAN LOWER (SOUTH),Grangegorman Lower (South),False,False,OPEN,2024-12-28 11:21:24,True,False,,,53.354663,-6.278681,40,0,40,0,0,0,0,40,0,40,0,0,0,0
7192,28,dublin,MOUNTJOY SQUARE WEST,Mountjoy Square West,False,False,OPEN,2024-12-28 11:21:15,True,False,,,53.356299,-6.258586,30,0,30,0,0,0,0,30,0,30,0,0,0,0
7193,39,dublin,WILTON TERRACE,Wilton Terrace,False,False,OPEN,2024-12-28 11:27:22,True,False,,,53.332383,-6.252717,20,0,20,0,0,0,0,20,0,20,0,0,0,0
7194,83,dublin,EMMET ROAD,Emmet Road,False,False,OPEN,2024-12-28 11:22:54,True,False,,,53.340714,-6.308191,40,11,29,8,3,0,3,40,11,29,8,3,0,3
7195,92,dublin,HEUSTON BRIDGE (NORTH),Heuston Bridge (North),False,False,OPEN,2024-12-28 11:20:19,True,False,,,53.347802,-6.292432,40,37,3,27,10,0,10,40,37,3,27,10,0,10
7196,21,dublin,LEINSTER STREET SOUTH,Leinster Street South,False,False,OPEN,2024-12-28 11:20:14,True,False,,,53.34218,-6.254485,30,9,21,8,1,0,1,30,9,21,8,1,0,1
7197,88,dublin,BLACKHALL PLACE,Blackhall Place,False,False,OPEN,2024-12-28 11:21:20,True,False,,,53.3488,-6.281637,30,1,29,1,0,0,0,30,1,29,1,0,0,0
7198,42,dublin,SMITHFIELD NORTH,Smithfield North,False,False,OPEN,2024-12-28 11:41:56,True,False,,,53.349562,-6.278198,30,5,25,5,0,0,0,30,5,25,5,0,0,0
7199,30,dublin,PARNELL SQUARE NORTH,Parnell Square North,False,False,OPEN,2024-12-28 11:44:37,True,False,,,53.3537415547453,-6.26530144781526,20,2,18,2,0,0,0,20,2,18,2,0,0,0
7200,54,dublin,CLONMEL STREET,Clonmel Street,False,False,OPEN,2024-12-28 11:40:29,True,False,,,53.336021,-6.26298,33,16,17,5,11,0,11,33,16,17,5,11,0,11
7201,108,dublin,AVONDALE ROAD,Avondale Road,False,False,OPEN,2024-12-28 11:41:19,True,False,,,53.359405,-6.276142,35,10,25,8,2,0,2,35,10,25,8,2,0,2
7202,20,dublin,JAMES STREET EAST,James Street East,False,False,OPEN,2024-12-28 11:43:44,True,False,,,53.336597,-6.248109,30,2,28,2,0,0,0,30,2,28,2,0,0,0
7203,56,dublin,MOUNT STREET LOWER,Mount Street Lower,False,False,OPEN,2024-12-28 11:45:14,True,False,,,53.33796,-6.24153,40,19,19,6,13,0,13,40,19,19,6,13,0,13
7204,6,dublin,CHRISTCHURCH PLACE,Christchurch Place,False,False,OPEN,2024-12-28 11:40:11,True,False,,,53.343368,-6.27012,20,4,16,2,2,0,2,20,4,16,2,2,0,2
7205,18,dublin,GRANTHAM STREET,Grantham Street,False,False,OPEN,2024-12-28 11:42:53,True,False,,,53.334123,-6.265436,30,10,20,2,8,0,8,30,10,20,2,8,0,8
7206,32,dublin,PEARSE STREET,Pearse Street,False,False,OPEN,2024-12-28 11:44:08,True,False,,,53.344304,-6.250427,30,23,7,15,8,0,8,30,23,7,15,8,0,8
7207,52,dublin,YORK STREET EAST,York Street East,False,False,OPEN,2024-12-28 11:45:18,True,False,,,53.338755,-6.262003,32,26,6,11,15,0,15,32,26,6,11,15,0,15
7208,48,dublin,EXCISE WALK,Excise Walk,False,False,OPEN,2024-12-28 11:41:11,True,False,,,53.347777,-6.244239,40,1,39,1,0,0,0,40,1,39,1,0,0,0
7209,13,dublin,FITZWILLIAM SQUARE WEST,Fitzwilliam Square West,False,False,OPEN,2024-12-28 11:41:43,True,False,,,53.336074,-6.252825,30,27,3,11,16,0,16,30,27,3,11,16,0,16
7210,43,dublin,PORTOBELLO ROAD,Portobello Road,False,False,OPEN,2024-12-28 11:41:50,True,False,,,53.330091,-6.268044,30,0,30,0,0,0,0,30,0,30,0,0,0,0
7211,31,dublin,PARNELL STREET,Parnell Street,False,False,OPEN,2024-12-28 11:43:01,True,False,,,53.350929,-6.265125,20,7,13,5,2,0,2,20,7,13,5,2,0,2
7212,98,dublin,FREDERICK STREET SOUTH,Frederick Street South,False,False,OPEN,2024-12-28 11:43:03,True,False,,,53.341515,-6.256853,40,24,16,12,12,0,12,40,24,16,12,12,0,12
7213,14,dublin,FOWNES STREET UPPER,Fownes Street Upper,False,False,OPEN,2024-12-28 11:43:10,True,False,,,53.344603,-6.263371,30,16,14,10,6,0,6,30,16,14,10,6,0,6
7214,1,dublin,CLARENDON ROW,Clarendon Row,False,False,OPEN,2024-12-28 11:46:15,True,False,,,53.340927,-6.262501,31,24,7,15,9,0,9,31,24,7,15,9,0,9
7215,23,dublin,CUSTOM HOUSE,Custom House,False,False,OPEN,2024-12-28 11:42:17,True,False,,,53.348279,-6.254662,30,20,10,8,12,0,12,30,20,10,8,12,0,12
7216,106,dublin,RATHDOWN ROAD,Rathdown Road,False,False,OPEN,2024-12-28 11:41:07,True,False,,,53.35893,-6.280337,40,25,15,15,10,0,10,40,25,15,15,10,0,10
7217,112,dublin,NORTH CIRCULAR ROAD (O'CONNELL'S),North Circular Road (O'Connell's),False,False,OPEN,2024-12-28 11:44:51,True,False,,,53.357841,-6.251557,30,1,29,1,0,0,0,30,1,29,1,0,0,0
7218,68,dublin,HANOVER QUAY,Hanover Quay,False,False,OPEN,2024-12-28 11:44:23,True,False,,,53.344115,-6.237153,40,28,12,18,10,0,10,40,28,12,18,10,0,10
7219,74,dublin,OLIVER BOND STREET,Oliver Bond Street,False,False,OPEN,2024-12-28 11:42:47,True,False,,,53.343893,-6.280531,30,18,12,13,5,0,5,30,18,12,13,5,0,5
7220,87,dublin,COLLINS BARRACKS MUSEUM,Collins Barracks Museum,False,False,OPEN,2024-12-28 11:43:38,True,False,,,53.347477,-6.28525,38,22,16,12,10,0,10,38,22,16,12,10,0,10
7221,84,dublin,BROOKFIELD ROAD,Brookfield Road,False,False,OPEN,2024-12-28 11:42:54,True,False,,,53.339005,-6.300217,30,11,19,7,4,0,4,30,11,19,7,4,0,4
7222,90,dublin,BENSON STREET,Benson Street,False,False,OPEN,2024-12-28 11:44:07,True,False,,,53.344153,-6.233451,40,3,36,3,0,0,0,40,3,36,3,0,0,0
7223,11,dublin,EARLSFORT TERRACE,Earlsfort Terrace,False,False,OPEN,2024-12-28 11:39:34,True,False,,,53.334295,-6.258503,30,17,13,13,4,0,4,30,17,13,13,4,0,4
7224,17,dublin,GOLDEN LANE,Golden Lane,False,False,OPEN,2024-12-28 11:43:52,True,False,,,53.340803,-6.267732,20,14,6,5,9,0,9,20,14,6,5,9,0,9
7225,45,dublin,DEVERELL PLACE,Deverell Place,False,False,OPEN,2024-12-28 11:43:52,True,False,,,53.351464,-6.255265,30,11,19,5,6,0,6,30,11,19,5,6,0,6
7226,114,dublin,WILTON TERRACE (PARK),Wilton Terrace (Park),False,False,OPEN,2024-12-28 11:46:43,True,False,,,53.333653,-6.248345,40,1,39,0,1,0,1,40,1,39,0,1,0,1
7227,72,dublin,JOHN STREET WEST,John Street West,False,False,OPEN,2024-12-28 11:44:10,True,False,,,53.343105,-6.277167,31,0,31,0,0,0,0,31,0,31,0,0,0,0
7228,63,dublin,FENIAN STREET,Fenian Street,False,False,OPEN,2024-12-28 11:43:28,True,False,,,53.341428,-6.24672,35,24,11,13,11,0,11,35,24,11,13,11,0,11
7229,113,dublin,MERRION SQUARE SOUTH,Merrion Square South,False,False,OPEN,2024-12-28 11:42:13,True,False,,,53.338614,-6.248606,40,7,22,6,1,0,1,40,7,22,6,1,0,1
7230,91,dublin,SOUTH DOCK ROAD,South Dock Road,False,False,OPEN,2024-12-28 11:40:22,True,False,,,53.341833,-6.231291,30,22,5,14,8,0,8,30,22,5,14,8,0,8
7231,99,dublin,CITY QUAY,City Quay,False,False,OPEN,2024-12-28 11:42:17,True,False,,,53.346637,-6.246154,30,19,11,10,9,0,9,30,19,11,10,9,0,9
7232,9,dublin,EXCHEQUER STREET,Exchequer Street,False,False,OPEN,2024-12-28 11:48:47,True,False,,,53.343034,-6.263578,24,13,11,8,5,0,5,24,13,11,8,5,0,5
7233,67,dublin,THE POINT,The Point,False,False,OPEN,2024-12-28 11:42:24,True,False,,,53.346867,-6.230852,40,17,23,9,8,0,8,40,17,23,9,8,0,8
7234,116,dublin,BROADSTONE,Broadstone,False,False,OPEN,2024-12-28 11:39:12,True,False,,,53.3547,-6.272314,30,11,19,2,9,0,9,30,11,19,2,9,0,9
7235,55,dublin,HATCH STREET,Hatch Street,False,False,OPEN,2024-12-28 11:43:46,True,False,,,53.33403,-6.260714,36,15,21,9,6,0,6,36,15,21,9,6,0,6
7236,62,dublin,LIME STREET,Lime Street,False,False,OPEN,2024-12-28 11:47:56,True,False,,,53.346026,-6.243576,40,13,27,3,10,0,10,40,13,27,3,10,0,10
7237,5,dublin,CHARLEMONT PLACE,Charlemont Street,False,False,OPEN,2024-12-28 11:43:54,True,False,,,53.330662,-6.260177,40,28,12,24,4,0,4,40,28,12,24,4,0,4
7238,97,dublin,KILMAINHAM GAOL,Kilmainham Gaol,False,False,OPEN,2024-12-28 11:40:37,True,False,,,53.342113,-6.310015,40,26,14,14,12,0,12,40,26,14,14,12,0,12
7239,61,dublin,HARDWICKE PLACE,Hardwicke Place,False,False,OPEN,2024-12-28 11:39:43,True,False,,,53.357043,-6.263232,25,0,25,0,0,0,0,25,0,25,0,0,0,0
7240,77,dublin,WOLFE TONE STREET,Wolfe Tone Street,False,False,OPEN,2024-12-28 11:41:23,True,False,,,53.348875,-6.267459,29,13,16,6,7,0,7,29,13,16,6,7,0,7
7241,73,dublin,FRANCIS STREET,Francis Street,False,False,OPEN,2024-12-28 11:46:00,True,False,,,53.342081,-6.275233,30,0,30,0,0,0,0,30,0,30,0,0,0,0
7242,4,dublin,GREEK STREET,Greek Street,False,False,OPEN,2024-12-28 11:44:51,True,False,,,53.346874,-6.272976,20,13,7,4,9,0,9,20,13,7,4,9,0,9
7243,49,dublin,GUILD STREET,Guild Street,False,False,OPEN,2024-12-28 11:44:32,True,False,,,53.347932,-6.240928,40,32,8,22,10,0,10,40,32,8,22,10,0,10
7244,19,dublin,HERBERT PLACE,Herbert Place,False,False,OPEN,2024-12-28 11:47:03,True,False,,,53.334432,-6.245575,30,14,15,10,4,0,4,30,14,15,10,4,0,4
7245,7,dublin,HIGH STREET,High Street,False,False,OPEN,2024-12-28 11:42:47,True,False,,,53.343565,-6.275071,29,16,13,9,7,0,7,29,16,13,9,7,0,7
7246,60,dublin,NORTH CIRCULAR ROAD,North Circular Road,False,False,OPEN,2024-12-28 11:43:57,True,False,,,53.359624,-6.260348,30,1,29,0,1,0,1,30,1,29,0,1,0,1
7247,102,dublin,WESTERN WAY,Western Way,False,False,OPEN,2024-12-28 11:43:57,True,False,,,53.354929,-6.269425,40,24,16,20,4,0,4,40,24,16,20,4,0,4
7248,38,dublin,TALBOT STREET,Talbot Street,False,False,OPEN,2024-12-28 11:42:02,True,False,,,53.350974,-6.25294,40,24,16,21,3,0,3,40,24,16,21,3,0,3
7249,53,dublin,NEWMAN HOUSE,Newman House,False,False,OPEN,2024-12-28 11:41:43,True,False,,,53.337132,-6.26059,40,10,30,10,0,0,0,40,10,30,10,0,0,0
7250,58,dublin,SIR PATRICK DUN'S,Sir Patrick's Dun,False,False,OPEN,2024-12-28 11:48:20,True,False,,,53.339218,-6.240642,40,24,16,20,4,0,4,40,24,16,20,4,0,4
7251,66,dublin,NEW CENTRAL BANK,New Central Bank,False,False,OPEN,2024-12-28 11:46:25,True,False,,,53.347122,-6.234749,40,5,35,1,4,0,4,40,5,35,1,4,0,4
7252,104,dublin,GRANGEGORMAN LOWER (CENTRAL),Grangegorman Lower (Central),False,False,OPEN,2024-12-28 11:43:22,True,False,,,53.355173,-6.278424,40,2,38,2,0,0,0,40,2,38,2,0,0,0
7253,101,dublin,KING STREET NORTH,King Street North,False,False,OPEN,2024-12-28 11:39:42,True,False,,,53.350291,-6.273507,30,9,21,7,2,0,2,30,9,21,7,2,0,2
7254,115,dublin,KILLARNEY STREET,Killarney Street,False,False,OPEN,2024-12-28 11:46:10,True,False,,,53.354845,-6.247579,30,14,16,8,6,0,6,30,14,16,8,6,0,6
7255,47,dublin,HERBERT STREET,Herbert Street,False,False,OPEN,2024-12-28 11:41:58,True,False,,,53.335742,-6.24551,40,2,38,1,1,0,1,40,2,38,1,1,0,1
7256,117,dublin,HANOVER QUAY EAST,Hanover Quay East,False,False,OPEN,2024-12-28 11:42:02,True,False,,,53.343653,-6.231755,40,4,36,2,2,0,2,40,4,36,2,2,0,2
7257,8,dublin,CUSTOM HOUSE QUAY,Custom House Quay,False,False,OPEN,2024-12-28 11:47:14,True,False,,,53.347884,-6.248048,30,25,5,19,6,0,6,30,25,5,19,6,0,6
7258,27,dublin,MOLESWORTH STREET,Molesworth Street,False,False,OPEN,2024-12-28 11:42:52,True,False,,,53.341288,-6.258117,20,12,8,5,7,0,7,20,12,8,5,7,0,7
7259,16,dublin,GEORGES QUAY,Georges Quay,False,False,OPEN,2024-12-28 11:38:52,True,False,,,53.347508,-6.252192,20,15,5,8,7,0,7,20,15,5,8,7,0,7
7260,96,dublin,KILMAINHAM LANE,Kilmainham Lane,False,False,OPEN,2024-12-28 11:38:53,True,False,,,53.341805,-6.305085,30,1,29,1,0,0,0,30,1,29,1,0,0,0
7261,82,dublin,MOUNT BROWN,Mount Brown,False,False,OPEN,2024-12-28 11:40:49,True,False,,,53.341645,-6.29719,22,9,13,0,9,0,9,22,9,13,0,9,0,9
7262,76,dublin,MARKET STREET SOUTH,Market Street South,False,False,OPEN,2024-12-28 11:45:09,True,False,,,53.342296,-6.287661,38,3,35,3,0,0,0,38,3,35,3,0,0,0
7263,71,dublin,KEVIN STREET,Kevin Street,False,False,OPEN,2024-12-28 11:40:36,True,False,,,53.337757,-6.267699,40,14,26,9,5,0,5,40,14,26,9,5,0,5
7264,79,dublin,ECCLES STREET EAST,Eccles Street East,False,False,OPEN,2024-12-28 11:42:32,True,False,,,53.358115,-6.265601,27,2,25,2,0,0,0,27,2,25,2,0,0,0
7265,69,dublin,GRAND CANAL DOCK,Grand Canal Dock,False,False,OPEN,2024-12-28 11:47:55,True,False,,,53.342638,-6.238695,40,22,16,14,8,0,8,40,22,16,14,8,0,8
7266,25,dublin,MERRION SQUARE EAST,Merrion Square East,False,False,OPEN,2024-12-28 11:47:40,True,False,,,53.339434,-6.246548,30,1,29,1,0,0,0,30,1,29,1,0,0,0
7267,51,dublin,YORK STREET WEST,York Street West,False,False,OPEN,2024-12-28 11:40:15,True,False,,,53.339334,-6.264699,40,0,0,0,0,0,0,40,0,0,0,0,0,0
7268,37,dublin,ST. STEPHEN'S GREEN SOUTH,St. Stephen's Green South,False,False,OPEN,2024-12-28 11:41:09,True,False,,,53.337494,-6.26199,30,17,13,10,7,0,7,30,17,13,10,7,0,7
7269,59,dublin,DENMARK STREET GREAT,Denmark Street Great,False,False,OPEN,2024-12-28 11:43:38,True,False,,,53.35561,-6.261397,20,0,20,0,0,0,0,20,0,20,0,0,0,0
7270,95,dublin,ROYAL HOSPITAL,Royal Hospital,False,False,OPEN,2024-12-28 11:43:54,True,False,,,53.343897,-6.29706,40,23,17,14,9,0,9,40,23,17,14,9,0,9
7271,94,dublin,HEUSTON STATION (CAR PARK),Heuston Station (Car Park),False,False,OPEN,2024-12-28 11:42:33,True,False,,,53.346985,-6.297804,40,10,30,10,0,0,0,40,10,30,10,0,0,0
7272,105,dublin,GRANGEGORMAN LOWER (NORTH),Grangegorman Lower (North),False,False,OPEN,2024-12-28 11:43:13,True,False,,,53.355954,-6.278378,36,3,33,2,1,0,1,36,3,33,2,1,0,1
7273,36,dublin,ST. STEPHEN'S GREEN EAST,St. Stephen's Green East,False,False,OPEN,2024-12-28 11:40:36,True,False,,,53.337824,-6.256035,40,20,20,10,10,0,10,40,20,20,10,10,0,10
7274,93,dublin,HEUSTON STATION (CENTRAL),Heuston Station (Central),False,False,OPEN,2024-12-28 11:40:31,True,False,,,53.346603,-6.296924,40,13,27,13,0,0,0,40,13,27,13,0,0,0
7275,22,dublin,TOWNSEND STREET,Townsend Street,False,False,OPEN,2024-12-28 11:41:32,True,False,,,53.345922,-6.254614,20,11,9,9,2,0,2,20,11,9,9,2,0,2
7276,50,dublin,GEORGES LANE,George's Lane,False,False,OPEN,2024-12-28 11:44:10,True,False,,,53.35023,-6.279696,40,5,35,4,1,0,1,40,5,35,4,1,0,1
7277,110,dublin,PHIBSBOROUGH ROAD,Phibsborough Road,False,False,OPEN,2024-12-28 11:44:49,True,False,,,53.356307,-6.273717,40,9,31,2,7,0,7,40,9,31,2,7,0,7
7278,12,dublin,ECCLES STREET,Eccles Street,False,False,OPEN,2024-12-28 11:42:20,True,False,,,53.359246,-6.269779,20,19,1,7,12,0,12,20,19,1,7,12,0,12
7279,34,dublin,PORTOBELLO HARBOUR,Portobello Harbour,False,False,OPEN,2024-12-28 11:41:58,True,False,,,53.330362,-6.265163,30,7,23,3,4,0,4,30,7,23,3,4,0,4
7280,78,dublin,MATER HOSPITAL,Mater Hospital,False,False,OPEN,2024-12-28 11:42:51,True,False,,,53.359967,-6.264828,40,0,40,0,0,0,0,40,0,40,0,0,0,0
7281,2,dublin,BLESSINGTON STREET,Blessington Street,False,False,OPEN,2024-12-28 11:40:05,True,False,,,53.356769,-6.26814,20,0,20,0,0,0,0,20,0,20,0,0,0,0
7282,75,dublin,JAMES STREET,James Street,False,False,OPEN,2024-12-28 11:43:24,True,False,,,53.343456,-6.287409,40,1,39,1,0,0,0,40,1,39,1,0,0,0
7283,111,dublin,MOUNTJOY SQUARE EAST,Mountjoy Square East,False,False,OPEN,2024-12-28 11:43:48,True,False,,,53.356717,-6.256359,40,2,38,0,2,0,2,40,2,38,0,2,0,2
7284,26,dublin,MERRION SQUARE WEST,Merrion Square West,False,False,OPEN,2024-12-28 11:41:15,True,False,,,53.339764,-6.251988,20,18,2,9,9,0,9,20,18,2,9,9,0,9
7285,65,dublin,CONVENTION CENTRE,Convention Centre,False,False,OPEN,2024-12-28 11:43:46,True,False,,,53.34744,-6.238523,40,11,29,8,3,0,3,40,11,29,8,3,0,3
7286,15,dublin,HARDWICKE STREET,Hardwicke Street,False,False,OPEN,2024-12-28 11:43:23,True,False,,,53.355473,-6.264423,16,1,15,0,1,0,1,16,1,15,0,1,0,1
7287,86,dublin,PARKGATE STREET,Parkgate Street,False,False,OPEN,2024-12-28 11:46:02,True,False,,,53.347972,-6.291804,38,28,10,0,28,0,28,38,28,10,0,28,0,28
7288,35,dublin,SMITHFIELD,Smithfield,False,False,OPEN,2024-12-28 11:44:19,True,False,,,53.347692,-6.278214,30,2,28,2,0,0,0,30,2,28,2,0,0,0
7289,10,dublin,DAME STREET,Dame Street,False,False,OPEN,2024-12-28 11:44:31,True,False,,,53.344007,-6.266802,16,14,2,12,2,0,2,16,14,2,12,2,0,2
7290,100,dublin,HEUSTON BRIDGE (SOUTH),Heuston Bridge (South),False,False,OPEN,2024-12-28 11:38:10,True,False,,,53.347106,-6.292041,25,13,12,4,9,0,9,25,13,12,4,9,0,9
7291,24,dublin,CATHAL BRUGHA STREET,Cathal Brugha Street,False,False,OPEN,2024-12-28 11:44:06,True,False,,,53.352149,-6.260533,20,9,11,8,1,0,1,20,9,11,8,1,0,1
7292,64,dublin,SANDWITH STREET,Sandwith Street,False,False,OPEN,2024-12-28 11:48:35,True,False,,,53.345203,-6.247163,40,21,19,17,4,0,4,40,21,19,17,4,0,4
7293,109,dublin,BUCKINGHAM STREET LOWER,Buckingham Street Lower,False,False,OPEN,2024-12-28 11:43:10,True,False,,,53.353331,-6.249319,29,8,21,0,8,0,8,29,8,21,0,8,0,8
7294,85,dublin,ROTHE ABBEY,Rothe Abbey,False,False,OPEN,2024-12-28 11:46:20,True,False,,,53.338776,-6.30395,35,26,9,13,13,0,13,35,26,9,13,13,0,13
7295,107,dublin,CHARLEVILLE ROAD,Charleville Road,False,False,OPEN,2024-12-28 11:40:56,True,False,,,53.359157,-6.281866,40,14,26,9,5,0,5,40,14,26,9,5,0,5
7296,33,dublin,PRINCES STREET / O'CONNELL STREET,Princes Street / O'Connell Street,False,False,OPEN,2024-12-28 11:46:06,True,False,,,53.349013,-6.260311,23,14,9,8,6,0,6,23,14,9,8,6,0,6
7297,44,dublin,UPPER SHERRARD STREET,Upper Sherrard Street,False,False,OPEN,2024-12-28 11:44:03,True,False,,,53.358437,-6.260641,30,0,30,0,0,0,0,30,0,30,0,0,0,0
7298,89,dublin,FITZWILLIAM SQUARE EAST,Fitzwilliam Square East,False,False,OPEN,2024-12-28 11:42:44,True,False,,,53.335211,-6.2509,40,21,19,12,9,0,9,40,21,19,12,9,0,9
7299,57,dublin,GRATTAN STREET,Grattan Street,False,False,OPEN,2024-12-28 11:43:29,True,False,,,53.339629,-6.243778,23,3,20,3,0,0,0,23,3,20,3,0,0,0
7300,80,dublin,ST JAMES HOSPITAL (LUAS),St James Hospital (Luas),False,False,OPEN,2024-12-28 11:43:15,True,False,,,53.341359,-6.292951,40,0,40,0,0,0,0,40,0,40,0,0,0,0
7301,41,dublin,HARCOURT TERRACE,Harcourt Terrace,False,False,OPEN,2024-12-28 11:39:58,True,False,,,53.332763,-6.257942,20,1,19,1,0,0,0,20,1,19,1,0,0,0
7302,3,dublin,BOLTON STREET,Bolton Street,False,False,OPEN,2024-12-28 11:42:17,True,False,,,53.351182,-6.269859,20,0,20,0,0,0,0,20,0,20,0,0,0,0
7303,40,dublin,JERVIS STREET,Jervis Street,False,False,OPEN,2024-12-28 11:44:00,True,False,,,53.3483,-6.266651,21,18,3,16,2,0,2,21,18,3,16,2,0,2
7304,29,dublin,ORMOND QUAY UPPER,Ormond Quay Upper,False,False,OPEN,2024-12-28 11:48:24,True,False,,,53.346057,-6.268001,29,15,14,10,5,0,5,29,15,14,10,5,0,5
7305,103,dublin,GRANGEGORMAN LOWER (SOUTH),Grangegorman Lower (South),False,False,OPEN,2024-12-28 11:41:31,True,False,,,53.354663,-6.278681,40,0,40,0,0,0,0,40,0,40,0,0,0,0
7306,28,dublin,MOUNTJOY SQUARE WEST,Mountjoy Square West,False,False,OPEN,2024-12-28 11:41:24,True,False,,,53.356299,-6.258586,30,0,30,0,0,0,0,30,0,30,0,0,0,0
7307,39,dublin,WILTON TERRACE,Wilton Terrace,False,False,OPEN,2024-12-28 11:43:03,True,False,,,53.332383,-6.252717,20,0,20,0,0,0,0,20,0,20,0,0,0,0
7308,83,dublin,EMMET ROAD,Emmet Road,False,False,OPEN,2024-12-28 11:43:05,True,False,,,53.340714,-6.308191,40,11,29,8,3,0,3,40,11,29,8,3,0,3
7309,92,dublin,HEUSTON BRIDGE (NORTH),Heuston Bridge (North),False,False,OPEN,2024-12-28 11:40:28,True,False,,,53.347802,-6.292432,40,37,3,27,10,0,10,40,37,3,27,10,0,10
7310,21,dublin,LEINSTER STREET SOUTH,Leinster Street South,False,False,OPEN,2024-12-28 11:41:22,True,False,,,53.34218,-6.254485,30,10,20,8,2,0,2,30,10,20,8,2,0,2
7311,88,dublin,BLACKHALL PLACE,Blackhall Place,False,False,OPEN,2024-12-28 11:41:28,True,False,,,53.3488,-6.281637,30,1,29,1,0,0,0,30,1,29,1,0,0,0
7312,42,dublin,SMITHFIELD NORTH,Smithfield North,False,False,OPEN,2024-12-28 12:01:56,True,False,,,53.349562,-6.278198,30,4,26,4,0,0,0,30,4,26,4,0,0,0
7313,30,dublin,PARNELL SQUARE NORTH,Parnell Square North,False,False,OPEN,2024-12-28 12:04:48,True,False,,,53.3537415547453,-6.26530144781526,20,2,18,2,0,0,0,20,2,18,2,0,0,0
7314,54,dublin,CLONMEL STREET,Clonmel Street,False,False,OPEN,2024-12-28 12:00:40,True,False,,,53.336021,-6.26298,33,16,17,5,11,0,11,33,16,17,5,11,0,11
7315,108,dublin,AVONDALE ROAD,Avondale Road,False,False,OPEN,2024-12-28 12:01:25,True,False,,,53.359405,-6.276142,35,10,25,8,2,0,2,35,10,25,8,2,0,2
7316,20,dublin,JAMES STREET EAST,James Street East,False,False,OPEN,2024-12-28 12:03:53,True,False,,,53.336597,-6.248109,30,2,28,2,0,0,0,30,2,28,2,0,0,0
7317,56,dublin,MOUNT STREET LOWER,Mount Street Lower,False,False,OPEN,2024-12-28 12:03:01,True,False,,,53.33796,-6.24153,40,18,22,6,12,0,12,40,18,22,6,12,0,12
7318,6,dublin,CHRISTCHURCH PLACE,Christchurch Place,False,False,OPEN,2024-12-28 12:00:20,True,False,,,53.343368,-6.27012,20,3,17,2,1,0,1,20,3,17,2,1,0,1
7319,18,dublin,GRANTHAM STREET,Grantham Street,False,False,OPEN,2024-12-28 12:07:16,True,False,,,53.334123,-6.265436,30,12,18,4,8,0,8,30,12,18,4,8,0,8
7320,32,dublin,PEARSE STREET,Pearse Street,False,False,OPEN,2024-12-28 12:08:01,True,False,,,53.344304,-6.250427,30,24,6,15,9,0,9,30,24,6,15,9,0,9
7321,52,dublin,YORK STREET EAST,York Street East,False,False,OPEN,2024-12-28 12:01:41,True,False,,,53.338755,-6.262003,32,26,6,11,15,0,15,32,26,6,11,15,0,15
7322,48,dublin,EXCISE WALK,Excise Walk,False,False,OPEN,2024-12-28 12:01:18,True,False,,,53.347777,-6.244239,40,1,39,1,0,0,0,40,1,39,1,0,0,0
7323,13,dublin,FITZWILLIAM SQUARE WEST,Fitzwilliam Square West,False,False,OPEN,2024-12-28 12:07:15,True,False,,,53.336074,-6.252825,30,27,3,11,16,0,16,30,27,3,11,16,0,16
7324,43,dublin,PORTOBELLO ROAD,Portobello Road,False,False,OPEN,2024-12-28 12:02:00,True,False,,,53.330091,-6.268044,30,18,12,13,5,0,5,30,18,12,13,5,0,5
7325,31,dublin,PARNELL STREET,Parnell Street,False,False,OPEN,2024-12-28 12:00:32,True,False,,,53.350929,-6.265125,20,6,14,5,1,0,1,20,6,14,5,1,0,1
7326,98,dublin,FREDERICK STREET SOUTH,Frederick Street South,False,False,OPEN,2024-12-28 12:05:08,True,False,,,53.341515,-6.256853,40,26,14,13,13,0,13,40,26,14,13,13,0,13
7327,14,dublin,FOWNES STREET UPPER,Fownes Street Upper,False,False,OPEN,2024-12-28 12:05:27,True,False,,,53.344603,-6.263371,30,22,8,13,9,0,9,30,22,8,13,9,0,9
7328,1,dublin,CLARENDON ROW,Clarendon Row,False,False,OPEN,2024-12-28 12:03:09,True,False,,,53.340927,-6.262501,31,26,5,16,10,0,10,31,26,5,16,10,0,10
7329,23,dublin,CUSTOM HOUSE,Custom House,False,False,OPEN,2024-12-28 12:02:28,True,False,,,53.348279,-6.254662,30,20,10,8,12,0,12,30,20,10,8,12,0,12
7330,106,dublin,RATHDOWN ROAD,Rathdown Road,False,False,OPEN,2024-12-28 12:01:18,True,False,,,53.35893,-6.280337,40,25,15,15,10,0,10,40,25,15,15,10,0,10
7331,112,dublin,NORTH CIRCULAR ROAD (O'CONNELL'S),North Circular Road (O'Connell's),False,False,OPEN,2024-12-28 12:03:42,True,False,,,53.357841,-6.251557,30,1,29,1,0,0,0,30,1,29,1,0,0,0
7332,68,dublin,HANOVER QUAY,Hanover Quay,False,False,OPEN,2024-12-28 12:01:32,True,False,,,53.344115,-6.237153,40,30,10,19,11,0,11,40,30,10,19,11,0,11
7333,74,dublin,OLIVER BOND STREET,Oliver Bond Street,False,False,OPEN,2024-12-28 12:02:56,True,False,,,53.343893,-6.280531,30,17,13,13,4,0,4,30,17,13,13,4,0,4
7334,87,dublin,COLLINS BARRACKS MUSEUM,Collins Barracks Museum,False,False,OPEN,2024-12-28 12:03:51,True,False,,,53.347477,-6.28525,38,21,17,11,10,0,10,38,21,17,11,10,0,10
7335,84,dublin,BROOKFIELD ROAD,Brookfield Road,False,False,OPEN,2024-12-28 12:03:02,True,False,,,53.339005,-6.300217,30,11,19,7,4,0,4,30,11,19,7,4,0,4
7336,90,dublin,BENSON STREET,Benson Street,False,False,OPEN,2024-12-28 12:05:38,True,False,,,53.344153,-6.233451,40,1,38,0,1,0,1,40,1,38,0,1,0,1
7337,11,dublin,EARLSFORT TERRACE,Earlsfort Terrace,False,False,OPEN,2024-12-28 11:59:42,True,False,,,53.334295,-6.258503,30,17,13,13,4,0,4,30,17,13,13,4,0,4
7338,17,dublin,GOLDEN LANE,Golden Lane,False,False,OPEN,2024-12-28 12:04:57,True,False,,,53.340803,-6.267732,20,14,6,5,9,0,9,20,14,6,5,9,0,9
7339,45,dublin,DEVERELL PLACE,Deverell Place,False,False,OPEN,2024-12-28 12:04:35,True,False,,,53.351464,-6.255265,30,12,18,5,7,0,7,30,12,18,5,7,0,7
7340,114,dublin,WILTON TERRACE (PARK),Wilton Terrace (Park),False,False,OPEN,2024-12-28 12:06:50,True,False,,,53.333653,-6.248345,40,1,39,0,1,0,1,40,1,39,0,1,0,1
7341,72,dublin,JOHN STREET WEST,John Street West,False,False,OPEN,2024-12-28 12:04:44,True,False,,,53.343105,-6.277167,31,1,30,1,0,0,0,31,1,30,1,0,0,0
7342,63,dublin,FENIAN STREET,Fenian Street,False,False,OPEN,2024-12-28 12:03:37,True,False,,,53.341428,-6.24672,35,24,11,13,11,0,11,35,24,11,13,11,0,11
7343,113,dublin,MERRION SQUARE SOUTH,Merrion Square South,False,False,OPEN,2024-12-28 12:02:26,True,False,,,53.338614,-6.248606,40,5,24,4,1,0,1,40,5,24,4,1,0,1
7344,91,dublin,SOUTH DOCK ROAD,South Dock Road,False,False,OPEN,2024-12-28 12:00:37,True,False,,,53.341833,-6.231291,30,21,9,14,7,0,7,30,21,9,14,7,0,7
7345,99,dublin,CITY QUAY,City Quay,False,False,OPEN,2024-12-28 12:02:24,True,False,,,53.346637,-6.246154,30,19,11,10,9,0,9,30,19,11,10,9,0,9
7346,9,dublin,EXCHEQUER STREET,Exchequer Street,False,False,OPEN,2024-12-28 12:08:38,True,False,,,53.343034,-6.263578,24,17,7,11,6,0,6,24,17,7,11,6,0,6
7347,67,dublin,THE POINT,The Point,False,False,OPEN,2024-12-28 12:02:35,True,False,,,53.346867,-6.230852,40,16,24,9,7,0,7,40,16,24,9,7,0,7
7348,116,dublin,BROADSTONE,Broadstone,False,False,OPEN,2024-12-28 11:59:20,True,False,,,53.3547,-6.272314,30,11,19,2,9,0,9,30,11,19,2,9,0,9
7349,55,dublin,HATCH STREET,Hatch Street,False,False,OPEN,2024-12-28 12:03:53,True,False,,,53.33403,-6.260714,36,15,21,9,6,0,6,36,15,21,9,6,0,6
7350,62,dublin,LIME STREET,Lime Street,False,False,OPEN,2024-12-28 12:01:10,True,False,,,53.346026,-6.243576,40,12,28,2,10,0,10,40,12,28,2,10,0,10
7351,5,dublin,CHARLEMONT PLACE,Charlemont Street,False,False,OPEN,2024-12-28 12:04:04,True,False,,,53.330662,-6.260177,40,26,14,23,3,0,3,40,26,14,23,3,0,3
7352,97,dublin,KILMAINHAM GAOL,Kilmainham Gaol,False,False,OPEN,2024-12-28 12:05:45,True,False,,,53.342113,-6.310015,40,26,14,14,12,0,12,40,26,14,14,12,0,12
7353,61,dublin,HARDWICKE PLACE,Hardwicke Place,False,False,OPEN,2024-12-28 11:59:52,True,False,,,53.357043,-6.263232,25,0,25,0,0,0,0,25,0,25,0,0,0,0
7354,77,dublin,WOLFE TONE STREET,Wolfe Tone Street,False,False,OPEN,2024-12-28 12:01:33,True,False,,,53.348875,-6.267459,29,14,15,6,8,0,8,29,14,15,6,8,0,8
7355,73,dublin,FRANCIS STREET,Francis Street,False,False,OPEN,2024-12-28 12:08:18,True,False,,,53.342081,-6.275233,30,1,29,0,1,0,1,30,1,29,0,1,0,1
7356,4,dublin,GREEK STREET,Greek Street,False,False,OPEN,2024-12-28 12:03:53,True,False,,,53.346874,-6.272976,20,13,7,4,9,0,9,20,13,7,4,9,0,9
7357,49,dublin,GUILD STREET,Guild Street,False,False,OPEN,2024-12-28 12:08:33,True,False,,,53.347932,-6.240928,40,33,7,22,11,0,11,40,33,7,22,11,0,11
7358,19,dublin,HERBERT PLACE,Herbert Place,False,False,OPEN,2024-12-28 12:03:21,True,False,,,53.334432,-6.245575,30,14,15,10,4,0,4,30,14,15,10,4,0,4
7359,7,dublin,HIGH STREET,High Street,False,False,OPEN,2024-12-28 12:05:25,True,False,,,53.343565,-6.275071,29,15,14,8,7,0,7,29,15,14,8,7,0,7
7360,60,dublin,NORTH CIRCULAR ROAD,North Circular Road,False,False,OPEN,2024-12-28 12:07:55,True,False,,,53.359624,-6.260348,30,0,30,0,0,0,0,30,0,30,0,0,0,0
7361,102,dublin,WESTERN WAY,Western Way,False,False,OPEN,2024-12-28 12:01:59,True,False,,,53.354929,-6.269425,40,24,16,20,4,0,4,40,24,16,20,4,0,4
7362,38,dublin,TALBOT STREET,Talbot Street,False,False,OPEN,2024-12-28 12:07:27,True,False,,,53.350974,-6.25294,40,22,18,20,2,0,2,40,22,18,20,2,0,2
7363,53,dublin,NEWMAN HOUSE,Newman House,False,False,OPEN,2024-12-28 12:01:52,True,False,,,53.337132,-6.26059,40,10,30,10,0,0,0,40,10,30,10,0,0,0
7364,58,dublin,SIR PATRICK DUN'S,Sir Patrick's Dun,False,False,OPEN,2024-12-28 12:03:14,True,False,,,53.339218,-6.240642,40,27,13,21,6,0,6,40,27,13,21,6,0,6
7365,66,dublin,NEW CENTRAL BANK,New Central Bank,False,False,OPEN,2024-12-28 12:00:36,True,False,,,53.347122,-6.234749,40,5,35,2,3,0,3,40,5,35,2,3,0,3
7366,104,dublin,GRANGEGORMAN LOWER (CENTRAL),Grangegorman Lower (Central),False,False,OPEN,2024-12-28 12:03:32,True,False,,,53.355173,-6.278424,40,2,38,2,0,0,0,40,2,38,2,0,0,0
7367,101,dublin,KING STREET NORTH,King Street North,False,False,OPEN,2024-12-28 11:59:49,True,False,,,53.350291,-6.273507,30,9,21,7,2,0,2,30,9,21,7,2,0,2
7368,115,dublin,KILLARNEY STREET,Killarney Street,False,False,OPEN,2024-12-28 12:05:50,True,False,,,53.354845,-6.247579,30,12,18,8,4,0,4,30,12,18,8,4,0,4
7369,47,dublin,HERBERT STREET,Herbert Street,False,False,OPEN,2024-12-28 12:02:08,True,False,,,53.335742,-6.24551,40,2,38,1,1,0,1,40,2,38,1,1,0,1
7370,117,dublin,HANOVER QUAY EAST,Hanover Quay East,False,False,OPEN,2024-12-28 12:02:13,True,False,,,53.343653,-6.231755,40,4,36,2,2,0,2,40,4,36,2,2,0,2
7371,8,dublin,CUSTOM HOUSE QUAY,Custom House Quay,False,False,OPEN,2024-12-28 12:06:08,True,False,,,53.347884,-6.248048,30,27,3,21,6,0,6,30,27,3,21,6,0,6
7372,27,dublin,MOLESWORTH STREET,Molesworth Street,False,False,OPEN,2024-12-28 12:00:02,True,False,,,53.341288,-6.258117,20,13,7,6,7,0,7,20,13,7,6,7,0,7
7373,16,dublin,GEORGES QUAY,Georges Quay,False,False,OPEN,2024-12-28 11:59:00,True,False,,,53.347508,-6.252192,20,15,5,8,7,0,7,20,15,5,8,7,0,7
7374,96,dublin,KILMAINHAM LANE,Kilmainham Lane,False,False,OPEN,2024-12-28 11:59:00,True,False,,,53.341805,-6.305085,30,1,29,1,0,0,0,30,1,29,1,0,0,0
7375,82,dublin,MOUNT BROWN,Mount Brown,False,False,OPEN,2024-12-28 12:03:54,True,False,,,53.341645,-6.29719,22,7,15,0,7,0,7,22,7,15,0,7,0,7
7376,76,dublin,MARKET STREET SOUTH,Market Street South,False,False,OPEN,2024-12-28 11:59:38,True,False,,,53.342296,-6.287661,38,3,35,3,0,0,0,38,3,35,3,0,0,0
7377,71,dublin,KEVIN STREET,Kevin Street,False,False,OPEN,2024-12-28 12:00:45,True,False,,,53.337757,-6.267699,40,14,26,9,5,0,5,40,14,26,9,5,0,5
7378,79,dublin,ECCLES STREET EAST,Eccles Street East,False,False,OPEN,2024-12-28 12:02:43,True,False,,,53.358115,-6.265601,27,0,27,0,0,0,0,27,0,27,0,0,0,0
7379,69,dublin,GRAND CANAL DOCK,Grand Canal Dock,False,False,OPEN,2024-12-28 12:03:19,True,False,,,53.342638,-6.238695,40,18,20,11,7,0,7,40,18,20,11,7,0,7
7380,25,dublin,MERRION SQUARE EAST,Merrion Square East,False,False,OPEN,2024-12-28 12:07:50,True,False,,,53.339434,-6.246548,30,0,30,0,0,0,0,30,0,30,0,0,0,0
7381,51,dublin,YORK STREET WEST,York Street West,False,False,OPEN,2024-12-28 12:00:24,True,False,,,53.339334,-6.264699,40,0,0,0,0,0,0,40,0,0,0,0,0,0
7382,37,dublin,ST. STEPHEN'S GREEN SOUTH,St. Stephen's Green South,False,False,OPEN,2024-12-28 12:01:20,True,False,,,53.337494,-6.26199,30,17,13,10,7,0,7,30,17,13,10,7,0,7
7383,59,dublin,DENMARK STREET GREAT,Denmark Street Great,False,False,OPEN,2024-12-28 12:03:48,True,False,,,53.35561,-6.261397,20,0,20,0,0,0,0,20,0,20,0,0,0,0
7384,95,dublin,ROYAL HOSPITAL,Royal Hospital,False,False,OPEN,2024-12-28 12:04:02,True,False,,,53.343897,-6.29706,40,23,17,14,9,0,9,40,23,17,14,9,0,9
7385,94,dublin,HEUSTON STATION (CAR PARK),Heuston Station (Car Park),False,False,OPEN,2024-12-28 12:02:40,True,False,,,53.346985,-6.297804,40,10,30,10,0,0,0,40,10,30,10,0,0,0
7386,105,dublin,GRANGEGORMAN LOWER (NORTH),Grangegorman Lower (North),False,False,OPEN,2024-12-28 12:03:21,True,False,,,53.355954,-6.278378,36,3,33,2,1,0,1,36,3,33,2,1,0,1
7387,36,dublin,ST. STEPHEN'S GREEN EAST,St. Stephen's Green East,False,False,OPEN,2024-12-28 12:00:46,True,False,,,53.337824,-6.256035,40,20,20,10,10,0,10,40,20,20,10,10,0,10
7388,93,dublin,HEUSTON STATION (CENTRAL),Heuston Station (Central),False,False,OPEN,2024-12-28 12:00:38,True,False,,,53.346603,-6.296924,40,13,27,13,0,0,0,40,13,27,13,0,0,0
7389,22,dublin,TOWNSEND STREET,Townsend Street,False,False,OPEN,2024-12-28 12:05:50,True,False,,,53.345922,-6.254614,20,12,8,10,2,0,2,20,12,8,10,2,0,2
7390,50,dublin,GEORGES LANE,George's Lane,False,False,OPEN,2024-12-28 12:05:35,True,False,,,53.35023,-6.279696,40,4,36,3,1,0,1,40,4,36,3,1,0,1
7391,110,dublin,PHIBSBOROUGH ROAD,Phibsborough Road,False,False,OPEN,2024-12-28 12:04:58,True,False,,,53.356307,-6.273717,40,8,32,2,6,0,6,40,8,32,2,6,0,6
7392,12,dublin,ECCLES STREET,Eccles Street,False,False,OPEN,2024-12-28 12:02:33,True,False,,,53.359246,-6.269779,20,18,2,7,11,0,11,20,18,2,7,11,0,11
7393,34,dublin,PORTOBELLO HARBOUR,Portobello Harbour,False,False,OPEN,2024-12-28 12:02:07,True,False,,,53.330362,-6.265163,30,6,24,3,3,0,3,30,6,24,3,3,0,3
7394,78,dublin,MATER HOSPITAL,Mater Hospital,False,False,OPEN,2024-12-28 12:02:59,True,False,,,53.359967,-6.264828,40,0,40,0,0,0,0,40,0,40,0,0,0,0
7395,2,dublin,BLESSINGTON STREET,Blessington Street,False,False,OPEN,2024-12-28 12:00:12,True,False,,,53.356769,-6.26814,20,0,20,0,0,0,0,20,0,20,0,0,0,0
7396,75,dublin,JAMES STREET,James Street,False,False,OPEN,2024-12-28 12:03:32,True,False,,,53.343456,-6.287409,40,0,40,0,0,0,0,40,0,40,0,0,0,0
7397,111,dublin,MOUNTJOY SQUARE EAST,Mountjoy Square East,False,False,OPEN,2024-12-28 12:01:18,True,False,,,53.356717,-6.256359,40,2,38,1,1,0,1,40,2,38,1,1,0,1
7398,26,dublin,MERRION SQUARE WEST,Merrion Square West,False,False,OPEN,2024-12-28 12:01:24,True,False,,,53.339764,-6.251988,20,19,1,9,10,0,10,20,19,1,9,10,0,10
7399,65,dublin,CONVENTION CENTRE,Convention Centre,False,False,OPEN,2024-12-28 12:03:54,True,False,,,53.34744,-6.238523,40,11,29,8,3,0,3,40,11,29,8,3,0,3
7400,15,dublin,HARDWICKE STREET,Hardwicke Street,False,False,OPEN,2024-12-28 12:03:31,True,False,,,53.355473,-6.264423,16,0,16,0,0,0,0,16,0,16,0,0,0,0
7401,86,dublin,PARKGATE STREET,Parkgate Street,False,False,OPEN,2024-12-28 11:59:39,True,False,,,53.347972,-6.291804,38,26,12,0,26,0,26,38,26,12,0,26,0,26
7402,35,dublin,SMITHFIELD,Smithfield,False,False,OPEN,2024-12-28 12:04:30,True,False,,,53.347692,-6.278214,30,1,29,1,0,0,0,30,1,29,1,0,0,0
7403,10,dublin,DAME STREET,Dame Street,False,False,OPEN,2024-12-28 12:04:40,True,False,,,53.344007,-6.266802,16,14,2,12,2,0,2,16,14,2,12,2,0,2
7404,100,dublin,HEUSTON BRIDGE (SOUTH),Heuston Bridge (South),False,False,OPEN,2024-12-28 12:00:06,True,False,,,53.347106,-6.292041,25,13,12,4,9,0,9,25,13,12,4,9,0,9
7405,24,dublin,CATHAL BRUGHA STREET,Cathal Brugha Street,False,False,OPEN,2024-12-28 12:04:18,True,False,,,53.352149,-6.260533,20,10,10,8,2,0,2,20,10,10,8,2,0,2
7406,64,dublin,SANDWITH STREET,Sandwith Street,False,False,OPEN,2024-12-28 12:03:49,True,False,,,53.345203,-6.247163,40,21,19,17,4,0,4,40,21,19,17,4,0,4
7407,109,dublin,BUCKINGHAM STREET LOWER,Buckingham Street Lower,False,False,OPEN,2024-12-28 12:03:18,True,False,,,53.353331,-6.249319,29,8,21,0,8,0,8,29,8,21,0,8,0,8
7408,85,dublin,ROTHE ABBEY,Rothe Abbey,False,False,OPEN,2024-12-28 12:07:50,True,False,,,53.338776,-6.30395,35,26,9,13,13,0,13,35,26,9,13,13,0,13
7409,107,dublin,CHARLEVILLE ROAD,Charleville Road,False,False,OPEN,2024-12-28 12:01:03,True,False,,,53.359157,-6.281866,40,14,26,9,5,0,5,40,14,26,9,5,0,5
7410,33,dublin,PRINCES STREET / O'CONNELL STREET,Princes Street / O'Connell Street,False,False,OPEN,2024-12-28 12:08:35,True,False,,,53.349013,-6.260311,23,20,3,11,9,0,9,23,20,3,11,9,0,9
7411,44,dublin,UPPER SHERRARD STREET,Upper Sherrard Street,False,False,OPEN,2024-12-28 12:04:13,True,False,,,53.358437,-6.260641,30,0,30,0,0,0,0,30,0,30,0,0,0,0
7412,89,dublin,FITZWILLIAM SQUARE EAST,Fitzwilliam Square East,False,False,OPEN,2024-12-28 12:02:52,True,False,,,53.335211,-6.2509,40,21,19,12,9,0,9,40,21,19,12,9,0,9
7413,57,dublin,GRATTAN STREET,Grattan Street,False,False,OPEN,2024-12-28 12:01:06,True,False,,,53.339629,-6.243778,23,3,20,3,0,0,0,23,3,20,3,0,0,0
7414,80,dublin,ST JAMES HOSPITAL (LUAS),St James Hospital (Luas),False,False,OPEN,2024-12-28 12:03:21,True,False,,,53.341359,-6.292951,40,0,40,0,0,0,0,40,0,40,0,0,0,0
7415,41,dublin,HARCOURT TERRACE,Harcourt Terrace,False,False,OPEN,2024-12-28 12:00:09,True,False,,,53.332763,-6.257942,20,1,19,1,0,0,0,20,1,19,1,0,0,0
7416,3,dublin,BOLTON STREET,Bolton Street,False,False,OPEN,2024-12-28 12:02:27,True,False,,,53.351182,-6.269859,20,1,19,1,0,0,0,20,1,19,1,0,0,0
7417,40,dublin,JERVIS STREET,Jervis Street,False,False,OPEN,2024-12-28 12:03:35,True,False,,,53.3483,-6.266651,21,20,1,17,3,0,3,21,20,1,17,3,0,3
7418,29,dublin,ORMOND QUAY UPPER,Ormond Quay Upper,False,False,OPEN,2024-12-28 12:04:21,True,False,,,53.346057,-6.268001,29,16,13,11,5,0,5,29,16,13,11,5,0,5
7419,103,dublin,GRANGEGORMAN LOWER (SOUTH),Grangegorman Lower (South),False,False,OPEN,2024-12-28 12:01:38,True,False,,,53.354663,-6.278681,40,0,40,0,0,0,0,40,0,40,0,0,0,0
7420,28,dublin,MOUNTJOY SQUARE WEST,Mountjoy Square West,False,False,OPEN,2024-12-28 12:01:34,True,False,,,53.356299,-6.258586,30,0,30,0,0,0,0,30,0,30,0,0,0,0
7421,39,dublin,WILTON TERRACE,Wilton Terrace,False,False,OPEN,2024-12-28 12:03:11,True,False,,,53.332383,-6.252717,20,0,20,0,0,0,0,20,0,20,0,0,0,0
7422,83,dublin,EMMET ROAD,Emmet Road,False,False,OPEN,2024-12-28 12:03:16,True,False,,,53.340714,-6.308191,40,11,29,8,3,0,3,40,11,29,8,3,0,3
7423,92,dublin,HEUSTON BRIDGE (NORTH),Heuston Bridge (North),False,False,OPEN,2024-12-28 12:03:24,True,False,,,53.347802,-6.292432,40,34,6,25,9,0,9,40,34,6,25,9,0,9
7424,21,dublin,LEINSTER STREET SOUTH,Leinster Street South,False,False,OPEN,2024-12-28 12:08:27,True,False,,,53.34218,-6.254485,30,11,19,9,2,0,2,30,11,19,9,2,0,2
7425,88,dublin,BLACKHALL PLACE,Blackhall Place,False,False,OPEN,2024-12-28 12:01:38,True,False,,,53.3488,-6.281637,30,1,29,1,0,0,0,30,1,29,1,0,0,0
7426,42,dublin,SMITHFIELD NORTH,Smithfield North,False,False,OPEN,2024-12-28 12:22:06,True,False,,,53.349562,-6.278198,30,4,26,4,0,0,0,30,4,26,4,0,0,0
7427,30,dublin,PARNELL SQUARE NORTH,Parnell Square North,False,False,OPEN,2024-12-28 12:25:01,True,False,,,53.3537415547453,-6.26530144781526,20,0,20,0,0,0,0,20,0,20,0,0,0,0
7428,54,dublin,CLONMEL STREET,Clonmel Street,False,False,OPEN,2024-12-28 12:20:50,True,False,,,53.336021,-6.26298,33,16,17,5,11,0,11,33,16,17,5,11,0,11
7429,108,dublin,AVONDALE ROAD,Avondale Road,False,False,OPEN,2024-12-28 12:21:59,True,False,,,53.359405,-6.276142,35,10,25,8,2,0,2,35,10,25,8,2,0,2
7430,20,dublin,JAMES STREET EAST,James Street East,False,False,OPEN,2024-12-28 12:24:00,True,False,,,53.336597,-6.248109,30,2,28,2,0,0,0,30,2,28,2,0,0,0
7431,56,dublin,MOUNT STREET LOWER,Mount Street Lower,False,False,OPEN,2024-12-28 12:20:15,True,False,,,53.33796,-6.24153,40,17,23,5,12,0,12,40,17,23,5,12,0,12
7432,6,dublin,CHRISTCHURCH PLACE,Christchurch Place,False,False,OPEN,2024-12-28 12:20:31,True,False,,,53.343368,-6.27012,20,2,18,1,1,0,1,20,2,18,1,1,0,1
7433,18,dublin,GRANTHAM STREET,Grantham Street,False,False,OPEN,2024-12-28 12:23:13,True,False,,,53.334123,-6.265436,30,11,19,4,7,0,7,30,11,19,4,7,0,7
7434,32,dublin,PEARSE STREET,Pearse Street,False,False,OPEN,2024-12-28 12:20:26,True,False,,,53.344304,-6.250427,30,24,6,15,9,0,9,30,24,6,15,9,0,9
7435,52,dublin,YORK STREET EAST,York Street East,False,False,OPEN,2024-12-28 12:21:53,True,False,,,53.338755,-6.262003,32,24,8,10,14,0,14,32,24,8,10,14,0,14
7436,48,dublin,EXCISE WALK,Excise Walk,False,False,OPEN,2024-12-28 12:24:26,True,False,,,53.347777,-6.244239,40,0,40,0,0,0,0,40,0,40,0,0,0,0
7437,13,dublin,FITZWILLIAM SQUARE WEST,Fitzwilliam Square West,False,False,OPEN,2024-12-28 12:21:58,True,False,,,53.336074,-6.252825,30,27,3,11,16,0,16,30,27,3,11,16,0,16
7438,43,dublin,PORTOBELLO ROAD,Portobello Road,False,False,OPEN,2024-12-28 12:23:08,True,False,,,53.330091,-6.268044,30,17,13,12,5,0,5,30,17,13,12,5,0,5
7439,31,dublin,PARNELL STREET,Parnell Street,False,False,OPEN,2024-12-28 12:20:40,True,False,,,53.350929,-6.265125,20,6,14,5,1,0,1,20,6,14,5,1,0,1
7440,98,dublin,FREDERICK STREET SOUTH,Frederick Street South,False,False,OPEN,2024-12-28 12:23:29,True,False,,,53.341515,-6.256853,40,26,14,13,13,0,13,40,26,14,13,13,0,13
7441,14,dublin,FOWNES STREET UPPER,Fownes Street Upper,False,False,OPEN,2024-12-28 12:25:28,True,False,,,53.344603,-6.263371,30,24,6,15,9,0,9,30,24,6,15,9,0,9
7442,1,dublin,CLARENDON ROW,Clarendon Row,False,False,OPEN,2024-12-28 12:23:17,True,False,,,53.340927,-6.262501,31,25,6,16,9,0,9,31,25,6,16,9,0,9
7443,23,dublin,CUSTOM HOUSE,Custom House,False,False,OPEN,2024-12-28 12:22:39,True,False,,,53.348279,-6.254662,30,21,9,8,13,0,13,30,21,9,8,13,0,13
7444,106,dublin,RATHDOWN ROAD,Rathdown Road,False,False,OPEN,2024-12-28 12:21:28,True,False,,,53.35893,-6.280337,40,25,15,15,10,0,10,40,25,15,15,10,0,10
7445,112,dublin,NORTH CIRCULAR ROAD (O'CONNELL'S),North Circular Road (O'Connell's),False,False,OPEN,2024-12-28 12:23:53,True,False,,,53.357841,-6.251557,30,1,29,1,0,0,0,30,1,29,1,0,0,0
7446,68,dublin,HANOVER QUAY,Hanover Quay,False,False,OPEN,2024-12-28 12:21:47,True,False,,,53.344115,-6.237153,40,29,11,18,11,0,11,40,29,11,18,11,0,11
7447,74,dublin,OLIVER BOND STREET,Oliver Bond Street,False,False,OPEN,2024-12-28 12:23:03,True,False,,,53.343893,-6.280531,30,17,13,13,4,0,4,30,17,13,13,4,0,4
7448,87,dublin,COLLINS BARRACKS MUSEUM,Collins Barracks Museum,False,False,OPEN,2024-12-28 12:29:27,True,False,,,53.347477,-6.28525,38,22,16,12,10,0,10,38,22,16,12,10,0,10
7449,84,dublin,BROOKFIELD ROAD,Brookfield Road,False,False,OPEN,2024-12-28 12:23:11,True,False,,,53.339005,-6.300217,30,12,18,7,5,0,5,30,12,18,7,5,0,5
7450,90,dublin,BENSON STREET,Benson Street,False,False,OPEN,2024-12-28 12:24:28,True,False,,,53.344153,-6.233451,40,1,38,0,1,0,1,40,1,38,0,1,0,1
7451,11,dublin,EARLSFORT TERRACE,Earlsfort Terrace,False,False,OPEN,2024-12-28 12:29:52,True,False,,,53.334295,-6.258503,30,18,12,14,4,0,4,30,18,12,14,4,0,4
7452,17,dublin,GOLDEN LANE,Golden Lane,False,False,OPEN,2024-12-28 12:21:01,True,False,,,53.340803,-6.267732,20,14,6,5,9,0,9,20,14,6,5,9,0,9
7453,45,dublin,DEVERELL PLACE,Deverell Place,False,False,OPEN,2024-12-28 12:24:10,True,False,,,53.351464,-6.255265,30,12,18,5,7,0,7,30,12,18,5,7,0,7
7454,114,dublin,WILTON TERRACE (PARK),Wilton Terrace (Park),False,False,OPEN,2024-12-28 12:26:58,True,False,,,53.333653,-6.248345,40,1,39,0,1,0,1,40,1,39,0,1,0,1
7455,72,dublin,JOHN STREET WEST,John Street West,False,False,OPEN,2024-12-28 12:24:52,True,False,,,53.343105,-6.277167,31,1,30,1,0,0,0,31,1,30,1,0,0,0
7456,63,dublin,FENIAN STREET,Fenian Street,False,False,OPEN,2024-12-28 12:23:46,True,False,,,53.341428,-6.24672,35,24,11,13,11,0,11,35,24,11,13,11,0,11
7457,113,dublin,MERRION SQUARE SOUTH,Merrion Square South,False,False,OPEN,2024-12-28 12:22:34,True,False,,,53.338614,-6.248606,40,5,24,4,1,0,1,40,5,24,4,1,0,1
7458,91,dublin,SOUTH DOCK ROAD,South Dock Road,False,False,OPEN,2024-12-28 12:20:47,True,False,,,53.341833,-6.231291,30,21,9,14,7,0,7,30,21,9,14,7,0,7
7459,99,dublin,CITY QUAY,City Quay,False,False,OPEN,2024-12-28 12:22:33,True,False,,,53.346637,-6.246154,30,19,11,10,9,0,9,30,19,11,10,9,0,9
7460,9,dublin,EXCHEQUER STREET,Exchequer Street,False,False,OPEN,2024-12-28 12:27:39,True,False,,,53.343034,-6.263578,24,18,6,11,7,0,7,24,18,6,11,7,0,7
7461,67,dublin,THE POINT,The Point,False,False,OPEN,2024-12-28 12:25:20,True,False,,,53.346867,-6.230852,40,16,24,8,8,0,8,40,16,24,8,8,0,8
7462,116,dublin,BROADSTONE,Broadstone,False,False,OPEN,2024-12-28 12:29:31,True,False,,,53.3547,-6.272314,30,11,19,2,9,0,9,30,11,19,2,9,0,9
7463,55,dublin,HATCH STREET,Hatch Street,False,False,OPEN,2024-12-28 12:24:01,True,False,,,53.33403,-6.260714,36,15,21,9,6,0,6,36,15,21,9,6,0,6
7464,62,dublin,LIME STREET,Lime Street,False,False,OPEN,2024-12-28 12:21:18,True,False,,,53.346026,-6.243576,40,12,28,2,10,0,10,40,12,28,2,10,0,10
7465,5,dublin,CHARLEMONT PLACE,Charlemont Street,False,False,OPEN,2024-12-28 12:29:53,True,False,,,53.330662,-6.260177,40,24,16,22,2,0,2,40,24,16,22,2,0,2
7466,97,dublin,KILMAINHAM GAOL,Kilmainham Gaol,False,False,OPEN,2024-12-28 12:20:54,True,False,,,53.342113,-6.310015,40,26,14,14,12,0,12,40,26,14,14,12,0,12
7467,61,dublin,HARDWICKE PLACE,Hardwicke Place,False,False,OPEN,2024-12-28 12:20:00,True,False,,,53.357043,-6.263232,25,0,25,0,0,0,0,25,0,25,0,0,0,0
7468,77,dublin,WOLFE TONE STREET,Wolfe Tone Street,False,False,OPEN,2024-12-28 12:28:10,True,False,,,53.348875,-6.267459,29,14,15,6,8,0,8,29,14,15,6,8,0,8
7469,73,dublin,FRANCIS STREET,Francis Street,False,False,OPEN,2024-12-28 12:22:18,True,False,,,53.342081,-6.275233,30,1,29,0,1,0,1,30,1,29,0,1,0,1
7470,4,dublin,GREEK STREET,Greek Street,False,False,OPEN,2024-12-28 12:24:03,True,False,,,53.346874,-6.272976,20,13,7,4,9,0,9,20,13,7,4,9,0,9
7471,49,dublin,GUILD STREET,Guild Street,False,False,OPEN,2024-12-28 12:24:55,True,False,,,53.347932,-6.240928,40,35,5,24,11,0,11,40,35,5,24,11,0,11
7472,19,dublin,HERBERT PLACE,Herbert Place,False,False,OPEN,2024-12-28 12:25:13,True,False,,,53.334432,-6.245575,30,13,17,9,4,0,4,30,13,17,9,4,0,4
7473,7,dublin,HIGH STREET,High Street,False,False,OPEN,2024-12-28 12:23:12,True,False,,,53.343565,-6.275071,29,15,14,8,7,0,7,29,15,14,8,7,0,7
7474,60,dublin,NORTH CIRCULAR ROAD,North Circular Road,False,False,OPEN,2024-12-28 12:24:18,True,False,,,53.359624,-6.260348,30,0,30,0,0,0,0,30,0,30,0,0,0,0
7475,102,dublin,WESTERN WAY,Western Way,False,False,OPEN,2024-12-28 12:22:09,True,False,,,53.354929,-6.269425,40,24,16,20,4,0,4,40,24,16,20,4,0,4
7476,38,dublin,TALBOT STREET,Talbot Street,False,False,OPEN,2024-12-28 12:23:27,True,False,,,53.350974,-6.25294,40,24,16,21,3,0,3,40,24,16,21,3,0,3
7477,53,dublin,NEWMAN HOUSE,Newman House,False,False,OPEN,2024-12-28 12:21:59,True,False,,,53.337132,-6.26059,40,10,30,10,0,0,0,40,10,30,10,0,0,0
7478,58,dublin,SIR PATRICK DUN'S,Sir Patrick's Dun,False,False,OPEN,2024-12-28 12:27:47,True,False,,,53.339218,-6.240642,40,26,14,20,6,0,6,40,26,14,20,6,0,6
7479,66,dublin,NEW CENTRAL BANK,New Central Bank,False,False,OPEN,2024-12-28 12:26:30,True,False,,,53.347122,-6.234749,40,4,36,1,3,0,3,40,4,36,1,3,0,3
7480,104,dublin,GRANGEGORMAN LOWER (CENTRAL),Grangegorman Lower (Central),False,False,OPEN,2024-12-28 12:24:14,True,False,,,53.355173,-6.278424,40,1,39,1,0,0,0,40,1,39,1,0,0,0
7481,101,dublin,KING STREET NORTH,King Street North,False,False,OPEN,2024-12-28 12:19:57,True,False,,,53.350291,-6.273507,30,9,21,7,2,0,2,30,9,21,7,2,0,2
7482,115,dublin,KILLARNEY STREET,Killarney Street,False,False,OPEN,2024-12-28 12:26:51,True,False,,,53.354845,-6.247579,30,15,14,10,5,0,5,30,15,14,10,5,0,5
7483,47,dublin,HERBERT STREET,Herbert Street,False,False,OPEN,2024-12-28 12:22:22,True,False,,,53.335742,-6.24551,40,1,39,0,1,0,1,40,1,39,0,1,0,1
7484,117,dublin,HANOVER QUAY EAST,Hanover Quay East,False,False,OPEN,2024-12-28 12:22:23,True,False,,,53.343653,-6.231755,40,4,36,2,2,0,2,40,4,36,2,2,0,2
7485,8,dublin,CUSTOM HOUSE QUAY,Custom House Quay,False,False,OPEN,2024-12-28 12:22:57,True,False,,,53.347884,-6.248048,30,27,3,21,6,0,6,30,27,3,21,6,0,6
7486,27,dublin,MOLESWORTH STREET,Molesworth Street,False,False,OPEN,2024-12-28 12:20:10,True,False,,,53.341288,-6.258117,20,14,6,6,8,0,8,20,14,6,6,8,0,8
7487,16,dublin,GEORGES QUAY,Georges Quay,False,False,OPEN,2024-12-28 12:29:11,True,False,,,53.347508,-6.252192,20,15,5,8,7,0,7,20,15,5,8,7,0,7
7488,96,dublin,KILMAINHAM LANE,Kilmainham Lane,False,False,OPEN,2024-12-28 12:29:11,True,False,,,53.341805,-6.305085,30,1,29,1,0,0,0,30,1,29,1,0,0,0
7489,82,dublin,MOUNT BROWN,Mount Brown,False,False,OPEN,2024-12-28 12:21:10,True,False,,,53.341645,-6.29719,22,6,16,0,6,0,6,22,6,16,0,6,0,6
7490,76,dublin,MARKET STREET SOUTH,Market Street South,False,False,OPEN,2024-12-28 12:29:51,True,False,,,53.342296,-6.287661,38,3,35,3,0,0,0,38,3,35,3,0,0,0
7491,71,dublin,KEVIN STREET,Kevin Street,False,False,OPEN,2024-12-28 12:20:56,True,False,,,53.337757,-6.267699,40,13,27,8,5,0,5,40,13,27,8,5,0,5
7492,79,dublin,ECCLES STREET EAST,Eccles Street East,False,False,OPEN,2024-12-28 12:22:51,True,False,,,53.358115,-6.265601,27,0,27,0,0,0,0,27,0,27,0,0,0,0
7493,69,dublin,GRAND CANAL DOCK,Grand Canal Dock,False,False,OPEN,2024-12-28 12:23:12,True,False,,,53.342638,-6.238695,40,18,22,12,6,0,6,40,18,22,12,6,0,6
7494,25,dublin,MERRION SQUARE EAST,Merrion Square East,False,False,OPEN,2024-12-28 12:28:01,True,False,,,53.339434,-6.246548,30,0,30,0,0,0,0,30,0,30,0,0,0,0
7495,51,dublin,YORK STREET WEST,York Street West,False,False,OPEN,2024-12-28 12:20:32,True,False,,,53.339334,-6.264699,40,0,0,0,0,0,0,40,0,0,0,0,0,0
7496,37,dublin,ST. STEPHEN'S GREEN SOUTH,St. Stephen's Green South,False,False,OPEN,2024-12-28 12:21:31,True,False,,,53.337494,-6.26199,30,16,14,9,7,0,7,30,16,14,9,7,0,7
7497,59,dublin,DENMARK STREET GREAT,Denmark Street Great,False,False,OPEN,2024-12-28 12:23:59,True,False,,,53.35561,-6.261397,20,0,20,0,0,0,0,20,0,20,0,0,0,0
7498,95,dublin,ROYAL HOSPITAL,Royal Hospital,False,False,OPEN,2024-12-28 12:28:33,True,False,,,53.343897,-6.29706,40,23,17,14,9,0,9,40,23,17,14,9,0,9
7499,94,dublin,HEUSTON STATION (CAR PARK),Heuston Station (Car Park),False,False,OPEN,2024-12-28 12:22:47,True,False,,,53.346985,-6.297804,40,10,30,10,0,0,0,40,10,30,10,0,0,0
7500,105,dublin,GRANGEGORMAN LOWER (NORTH),Grangegorman Lower (North),False,False,OPEN,2024-12-28 12:23:29,True,False,,,53.355954,-6.278378,36,3,33,2,1,0,1,36,3,33,2,1,0,1
7501,36,dublin,ST. STEPHEN'S GREEN EAST,St. Stephen's Green East,False,False,OPEN,2024-12-28 12:27:53,True,False,,,53.337824,-6.256035,40,20,20,9,11,0,11,40,20,20,9,11,0,11
7502,93,dublin,HEUSTON STATION (CENTRAL),Heuston Station (Central),False,False,OPEN,2024-12-28 12:20:45,True,False,,,53.346603,-6.296924,40,13,27,13,0,0,0,40,13,27,13,0,0,0
7503,22,dublin,TOWNSEND STREET,Townsend Street,False,False,OPEN,2024-12-28 12:21:59,True,False,,,53.345922,-6.254614,20,8,12,8,0,0,0,20,8,12,8,0,0,0
7504,50,dublin,GEORGES LANE,George's Lane,False,False,OPEN,2024-12-28 12:28:01,True,False,,,53.35023,-6.279696,40,4,36,3,1,0,1,40,4,36,3,1,0,1
7505,110,dublin,PHIBSBOROUGH ROAD,Phibsborough Road,False,False,OPEN,2024-12-28 12:25:06,True,False,,,53.356307,-6.273717,40,8,32,2,6,0,6,40,8,32,2,6,0,6
7506,12,dublin,ECCLES STREET,Eccles Street,False,False,OPEN,2024-12-28 12:22:46,True,False,,,53.359246,-6.269779,20,16,4,6,10,0,10,20,16,4,6,10,0,10
7507,34,dublin,PORTOBELLO HARBOUR,Portobello Harbour,False,False,OPEN,2024-12-28 12:26:48,True,False,,,53.330362,-6.265163,30,4,26,2,2,0,2,30,4,26,2,2,0,2
7508,78,dublin,MATER HOSPITAL,Mater Hospital,False,False,OPEN,2024-12-28 12:23:08,True,False,,,53.359967,-6.264828,40,0,40,0,0,0,0,40,0,40,0,0,0,0
7509,2,dublin,BLESSINGTON STREET,Blessington Street,False,False,OPEN,2024-12-28 12:20:19,True,False,,,53.356769,-6.26814,20,0,20,0,0,0,0,20,0,20,0,0,0,0
7510,75,dublin,JAMES STREET,James Street,False,False,OPEN,2024-12-28 12:23:40,True,False,,,53.343456,-6.287409,40,0,40,0,0,0,0,40,0,40,0,0,0,0
7511,111,dublin,MOUNTJOY SQUARE EAST,Mountjoy Square East,False,False,OPEN,2024-12-28 12:21:28,True,False,,,53.356717,-6.256359,40,2,38,1,1,0,1,40,2,38,1,1,0,1
7512,26,dublin,MERRION SQUARE WEST,Merrion Square West,False,False,OPEN,2024-12-28 12:21:35,True,False,,,53.339764,-6.251988,20,19,1,9,10,0,10,20,19,1,9,10,0,10
7513,65,dublin,CONVENTION CENTRE,Convention Centre,False,False,OPEN,2024-12-28 12:24:02,True,False,,,53.34744,-6.238523,40,11,29,8,3,0,3,40,11,29,8,3,0,3
7514,15,dublin,HARDWICKE STREET,Hardwicke Street,False,False,OPEN,2024-12-28 12:23:39,True,False,,,53.355473,-6.264423,16,0,16,0,0,0,0,16,0,16,0,0,0,0
7515,86,dublin,PARKGATE STREET,Parkgate Street,False,False,OPEN,2024-12-28 12:29:52,True,False,,,53.347972,-6.291804,38,29,9,1,28,0,28,38,29,9,1,28,0,28
7516,35,dublin,SMITHFIELD,Smithfield,False,False,OPEN,2024-12-28 12:24:53,True,False,,,53.347692,-6.278214,30,0,30,0,0,0,0,30,0,30,0,0,0,0
7517,10,dublin,DAME STREET,Dame Street,False,False,OPEN,2024-12-28 12:24:51,True,False,,,53.344007,-6.266802,16,14,2,12,2,0,2,16,14,2,12,2,0,2
7518,100,dublin,HEUSTON BRIDGE (SOUTH),Heuston Bridge (South),False,False,OPEN,2024-12-28 12:22:00,True,False,,,53.347106,-6.292041,25,13,12,4,9,0,9,25,13,12,4,9,0,9
7519,24,dublin,CATHAL BRUGHA STREET,Cathal Brugha Street,False,False,OPEN,2024-12-28 12:24:31,True,False,,,53.352149,-6.260533,20,9,11,7,2,0,2,20,9,11,7,2,0,2
7520,64,dublin,SANDWITH STREET,Sandwith Street,False,False,OPEN,2024-12-28 12:24:00,True,False,,,53.345203,-6.247163,40,22,18,18,4,0,4,40,22,18,18,4,0,4
7521,109,dublin,BUCKINGHAM STREET LOWER,Buckingham Street Lower,False,False,OPEN,2024-12-28 12:23:26,True,False,,,53.353331,-6.249319,29,8,21,0,8,0,8,29,8,21,0,8,0,8
7522,85,dublin,ROTHE ABBEY,Rothe Abbey,False,False,OPEN,2024-12-28 12:28:21,True,False,,,53.338776,-6.30395,35,26,9,13,13,0,13,35,26,9,13,13,0,13
7523,107,dublin,CHARLEVILLE ROAD,Charleville Road,False,False,OPEN,2024-12-28 12:21:11,True,False,,,53.359157,-6.281866,40,14,26,9,5,0,5,40,14,26,9,5,0,5
7524,33,dublin,PRINCES STREET / O'CONNELL STREET,Princes Street / O'Connell Street,False,False,OPEN,2024-12-28 12:28:20,True,False,,,53.349013,-6.260311,23,16,7,8,8,0,8,23,16,7,8,8,0,8
7525,44,dublin,UPPER SHERRARD STREET,Upper Sherrard Street,False,False,OPEN,2024-12-28 12:24:24,True,False,,,53.358437,-6.260641,30,0,30,0,0,0,0,30,0,30,0,0,0,0
7526,89,dublin,FITZWILLIAM SQUARE EAST,Fitzwilliam Square East,False,False,OPEN,2024-12-28 12:22:59,True,False,,,53.335211,-6.2509,40,21,19,12,9,0,9,40,21,19,12,9,0,9
7527,57,dublin,GRATTAN STREET,Grattan Street,False,False,OPEN,2024-12-28 12:21:14,True,False,,,53.339629,-6.243778,23,3,20,3,0,0,0,23,3,20,3,0,0,0
7528,80,dublin,ST JAMES HOSPITAL (LUAS),St James Hospital (Luas),False,False,OPEN,2024-12-28 12:26:22,True,False,,,53.341359,-6.292951,40,18,22,10,8,0,8,40,18,22,10,8,0,8
7529,41,dublin,HARCOURT TERRACE,Harcourt Terrace,False,False,OPEN,2024-12-28 12:20:19,True,False,,,53.332763,-6.257942,20,1,19,1,0,0,0,20,1,19,1,0,0,0
7530,3,dublin,BOLTON STREET,Bolton Street,False,False,OPEN,2024-12-28 12:22:39,True,False,,,53.351182,-6.269859,20,0,20,0,0,0,0,20,0,20,0,0,0,0
7531,40,dublin,JERVIS STREET,Jervis Street,False,False,OPEN,2024-12-28 12:23:45,True,False,,,53.3483,-6.266651,21,21,0,18,3,0,3,21,21,0,18,3,0,3
7532,29,dublin,ORMOND QUAY UPPER,Ormond Quay Upper,False,False,OPEN,2024-12-28 12:24:32,True,False,,,53.346057,-6.268001,29,16,13,11,5,0,5,29,16,13,11,5,0,5
7533,103,dublin,GRANGEGORMAN LOWER (SOUTH),Grangegorman Lower (South),False,False,OPEN,2024-12-28 12:21:46,True,False,,,53.354663,-6.278681,40,0,40,0,0,0,0,40,0,40,0,0,0,0
7534,28,dublin,MOUNTJOY SQUARE WEST,Mountjoy Square West,False,False,OPEN,2024-12-28 12:21:42,True,False,,,53.356299,-6.258586,30,0,30,0,0,0,0,30,0,30,0,0,0,0
7535,39,dublin,WILTON TERRACE,Wilton Terrace,False,False,OPEN,2024-12-28 12:23:19,True,False,,,53.332383,-6.252717,20,0,20,0,0,0,0,20,0,20,0,0,0,0
7536,83,dublin,EMMET ROAD,Emmet Road,False,False,OPEN,2024-12-28 12:23:28,True,False,,,53.340714,-6.308191,40,10,30,8,2,0,2,40,10,30,8,2,0,2
7537,92,dublin,HEUSTON BRIDGE (NORTH),Heuston Bridge (North),False,False,OPEN,2024-12-28 12:20:56,True,False,,,53.347802,-6.292432,40,32,8,23,9,0,9,40,32,8,23,9,0,9
7538,21,dublin,LEINSTER STREET SOUTH,Leinster Street South,False,False,OPEN,2024-12-28 12:26:32,True,False,,,53.34218,-6.254485,30,10,20,8,2,0,2,30,10,20,8,2,0,2
7539,88,dublin,BLACKHALL PLACE,Blackhall Place,False,False,OPEN,2024-12-28 12:21:46,True,False,,,53.3488,-6.281637,30,1,29,1,0,0,0,30,1,29,1,0,0,0
7540,42,dublin,SMITHFIELD NORTH,Smithfield North,False,False,OPEN,2024-12-28 12:42:16,True,False,,,53.349562,-6.278198,30,4,26,4,0,0,0,30,4,26,4,0,0,0
7541,30,dublin,PARNELL SQUARE NORTH,Parnell Square North,False,False,OPEN,2024-12-28 12:45:11,True,False,,,53.3537415547453,-6.26530144781526,20,0,20,0,0,0,0,20,0,20,0,0,0,0
7542,54,dublin,CLONMEL STREET,Clonmel Street,False,False,OPEN,2024-12-28 12:41:02,True,False,,,53.336021,-6.26298,33,17,16,5,12,0,12,33,17,16,5,12,0,12
7543,108,dublin,AVONDALE ROAD,Avondale Road,False,False,OPEN,2024-12-28 12:42:56,True,False,,,53.359405,-6.276142,35,10,25,8,2,0,2,35,10,25,8,2,0,2
7544,20,dublin,JAMES STREET EAST,James Street East,False,False,OPEN,2024-12-28 12:44:08,True,False,,,53.336597,-6.248109,30,3,27,3,0,0,0,30,3,27,3,0,0,0
7545,56,dublin,MOUNT STREET LOWER,Mount Street Lower,False,False,OPEN,2024-12-28 12:41:28,True,False,,,53.33796,-6.24153,40,15,25,3,12,0,12,40,15,25,3,12,0,12
7546,6,dublin,CHRISTCHURCH PLACE,Christchurch Place,False,False,OPEN,2024-12-28 12:40:41,True,False,,,53.343368,-6.27012,20,3,17,2,1,0,1,20,3,17,2,1,0,1
7547,18,dublin,GRANTHAM STREET,Grantham Street,False,False,OPEN,2024-12-28 12:43:23,True,False,,,53.334123,-6.265436,30,10,20,3,7,0,7,30,10,20,3,7,0,7
7548,32,dublin,PEARSE STREET,Pearse Street,False,False,OPEN,2024-12-28 12:45:54,True,False,,,53.344304,-6.250427,30,25,5,16,9,0,9,30,25,5,16,9,0,9
7549,52,dublin,YORK STREET EAST,York Street East,False,False,OPEN,2024-12-28 12:42:03,True,False,,,53.338755,-6.262003,32,24,8,10,14,0,14,32,24,8,10,14,0,14
7550,48,dublin,EXCISE WALK,Excise Walk,False,False,OPEN,2024-12-28 12:41:35,True,False,,,53.347777,-6.244239,40,0,40,0,0,0,0,40,0,40,0,0,0,0
7551,13,dublin,FITZWILLIAM SQUARE WEST,Fitzwilliam Square West,False,False,OPEN,2024-12-28 12:42:06,True,False,,,53.336074,-6.252825,30,28,2,12,16,0,16,30,28,2,12,16,0,16
7552,43,dublin,PORTOBELLO ROAD,Portobello Road,False,False,OPEN,2024-12-28 12:42:16,True,False,,,53.330091,-6.268044,30,17,13,12,5,0,5,30,17,13,12,5,0,5
7553,31,dublin,PARNELL STREET,Parnell Street,False,False,OPEN,2024-12-28 12:45:13,True,False,,,53.350929,-6.265125,20,6,14,6,0,0,0,20,6,14,6,0,0,0
7554,98,dublin,FREDERICK STREET SOUTH,Frederick Street South,False,False,OPEN,2024-12-28 12:43:39,True,False,,,53.341515,-6.256853,40,26,14,13,13,0,13,40,26,14,13,13,0,13
7555,14,dublin,FOWNES STREET UPPER,Fownes Street Upper,False,False,OPEN,2024-12-28 12:43:43,True,False,,,53.344603,-6.263371,30,23,7,14,9,0,9,30,23,7,14,9,0,9
7556,1,dublin,CLARENDON ROW,Clarendon Row,False,False,OPEN,2024-12-28 12:43:25,True,False,,,53.340927,-6.262501,31,25,6,16,9,0,9,31,25,6,16,9,0,9
7557,23,dublin,CUSTOM HOUSE,Custom House,False,False,OPEN,2024-12-28 12:49:24,True,False,,,53.348279,-6.254662,30,22,8,9,13,0,13,30,22,8,9,13,0,13
7558,106,dublin,RATHDOWN ROAD,Rathdown Road,False,False,OPEN,2024-12-28 12:41:39,True,False,,,53.35893,-6.280337,40,25,15,15,10,0,10,40,25,15,15,10,0,10
7559,112,dublin,NORTH CIRCULAR ROAD (O'CONNELL'S),North Circular Road (O'Connell's),False,False,OPEN,2024-12-28 12:44:05,True,False,,,53.357841,-6.251557,30,0,30,0,0,0,0,30,0,30,0,0,0,0
7560,68,dublin,HANOVER QUAY,Hanover Quay,False,False,OPEN,2024-12-28 12:41:52,True,False,,,53.344115,-6.237153,40,29,11,18,11,0,11,40,29,11,18,11,0,11
7561,74,dublin,OLIVER BOND STREET,Oliver Bond Street,False,False,OPEN,2024-12-28 12:43:10,True,False,,,53.343893,-6.280531,30,17,13,13,4,0,4,30,17,13,13,4,0,4
7562,87,dublin,COLLINS BARRACKS MUSEUM,Collins Barracks Museum,False,False,OPEN,2024-12-28 12:44:12,True,False,,,53.347477,-6.28525,38,22,16,12,10,0,10,38,22,16,12,10,0,10
7563,84,dublin,BROOKFIELD ROAD,Brookfield Road,False,False,OPEN,2024-12-28 12:43:20,True,False,,,53.339005,-6.300217,30,12,18,7,5,0,5,30,12,18,7,5,0,5
7564,90,dublin,BENSON STREET,Benson Street,False,False,OPEN,2024-12-28 12:44:36,True,False,,,53.344153,-6.233451,40,1,39,0,1,0,1,40,1,39,0,1,0,1
7565,11,dublin,EARLSFORT TERRACE,Earlsfort Terrace,False,False,OPEN,2024-12-28 12:39:56,True,False,,,53.334295,-6.258503,30,18,12,14,4,0,4,30,18,12,14,4,0,4
7566,17,dublin,GOLDEN LANE,Golden Lane,False,False,OPEN,2024-12-28 12:41:10,True,False,,,53.340803,-6.267732,20,15,5,5,10,0,10,20,15,5,5,10,0,10
7567,45,dublin,DEVERELL PLACE,Deverell Place,False,False,OPEN,2024-12-28 12:44:21,True,False,,,53.351464,-6.255265,30,11,19,4,7,0,7,30,11,19,4,7,0,7
7568,114,dublin,WILTON TERRACE (PARK),Wilton Terrace (Park),False,False,OPEN,2024-12-28 12:49:25,True,False,,,53.333653,-6.248345,40,0,40,0,0,0,0,40,0,40,0,0,0,0
7569,72,dublin,JOHN STREET WEST,John Street West,False,False,OPEN,2024-12-28 12:44:59,True,False,,,53.343105,-6.277167,31,1,30,1,0,0,0,31,1,30,1,0,0,0
7570,63,dublin,FENIAN STREET,Fenian Street,False,False,OPEN,2024-12-28 12:43:55,True,False,,,53.341428,-6.24672,35,24,11,13,11,0,11,35,24,11,13,11,0,11
7571,113,dublin,MERRION SQUARE SOUTH,Merrion Square South,False,False,OPEN,2024-12-28 12:42:43,True,False,,,53.338614,-6.248606,40,5,24,4,1,0,1,40,5,24,4,1,0,1
7572,91,dublin,SOUTH DOCK ROAD,South Dock Road,False,False,OPEN,2024-12-28 12:41:21,True,False,,,53.341833,-6.231291,30,22,8,14,8,0,8,30,22,8,14,8,0,8
7573,99,dublin,CITY QUAY,City Quay,False,False,OPEN,2024-12-28 12:42:41,True,False,,,53.346637,-6.246154,30,19,11,10,9,0,9,30,19,11,10,9,0,9
7574,9,dublin,EXCHEQUER STREET,Exchequer Street,False,False,OPEN,2024-12-28 12:49:24,True,False,,,53.343034,-6.263578,24,3,21,2,1,0,1,24,3,21,2,1,0,1
7575,67,dublin,THE POINT,The Point,False,False,OPEN,2024-12-28 12:42:58,True,False,,,53.346867,-6.230852,40,15,25,8,7,0,7,40,15,25,8,7,0,7
7576,116,dublin,BROADSTONE,Broadstone,False,False,OPEN,2024-12-28 12:49:38,True,False,,,53.3547,-6.272314,30,11,19,2,9,0,9,30,11,19,2,9,0,9
7577,55,dublin,HATCH STREET,Hatch Street,False,False,OPEN,2024-12-28 12:44:09,True,False,,,53.33403,-6.260714,36,15,21,9,6,0,6,36,15,21,9,6,0,6
7578,62,dublin,LIME STREET,Lime Street,False,False,OPEN,2024-12-28 12:41:28,True,False,,,53.346026,-6.243576,40,12,28,2,10,0,10,40,12,28,2,10,0,10
7579,5,dublin,CHARLEMONT PLACE,Charlemont Street,False,False,OPEN,2024-12-28 12:46:17,True,False,,,53.330662,-6.260177,40,25,15,22,3,0,3,40,25,15,22,3,0,3
7580,97,dublin,KILMAINHAM GAOL,Kilmainham Gaol,False,False,OPEN,2024-12-28 12:41:03,True,False,,,53.342113,-6.310015,40,26,14,14,12,0,12,40,26,14,14,12,0,12
7581,61,dublin,HARDWICKE PLACE,Hardwicke Place,False,False,OPEN,2024-12-28 12:40:09,True,False,,,53.357043,-6.263232,25,0,25,0,0,0,0,25,0,25,0,0,0,0
7582,77,dublin,WOLFE TONE STREET,Wolfe Tone Street,False,False,OPEN,2024-12-28 12:41:51,True,False,,,53.348875,-6.267459,29,14,15,6,8,0,8,29,14,15,6,8,0,8
7583,73,dublin,FRANCIS STREET,Francis Street,False,False,OPEN,2024-12-28 12:42:27,True,False,,,53.342081,-6.275233,30,0,30,0,0,0,0,30,0,30,0,0,0,0
7584,4,dublin,GREEK STREET,Greek Street,False,False,OPEN,2024-12-28 12:48:24,True,False,,,53.346874,-6.272976,20,15,5,6,9,0,9,20,15,5,6,9,0,9
7585,49,dublin,GUILD STREET,Guild Street,False,False,OPEN,2024-12-28 12:47:39,True,False,,,53.347932,-6.240928,40,32,8,23,9,0,9,40,32,8,23,9,0,9
7586,19,dublin,HERBERT PLACE,Herbert Place,False,False,OPEN,2024-12-28 12:43:39,True,False,,,53.334432,-6.245575,30,13,17,9,4,0,4,30,13,17,9,4,0,4
7587,7,dublin,HIGH STREET,High Street,False,False,OPEN,2024-12-28 12:43:23,True,False,,,53.343565,-6.275071,29,15,14,8,7,0,7,29,15,14,8,7,0,7
7588,60,dublin,NORTH CIRCULAR ROAD,North Circular Road,False,False,OPEN,2024-12-28 12:44:27,True,False,,,53.359624,-6.260348,30,0,30,0,0,0,0,30,0,30,0,0,0,0
7589,102,dublin,WESTERN WAY,Western Way,False,False,OPEN,2024-12-28 12:42:20,True,False,,,53.354929,-6.269425,40,24,16,20,4,0,4,40,24,16,20,4,0,4
7590,38,dublin,TALBOT STREET,Talbot Street,False,False,OPEN,2024-12-28 12:44:52,True,False,,,53.350974,-6.25294,40,22,18,20,2,0,2,40,22,18,20,2,0,2
7591,53,dublin,NEWMAN HOUSE,Newman House,False,False,OPEN,2024-12-28 12:42:07,True,False,,,53.337132,-6.26059,40,10,30,10,0,0,0,40,10,30,10,0,0,0
7592,58,dublin,SIR PATRICK DUN'S,Sir Patrick's Dun,False,False,OPEN,2024-12-28 12:43:39,True,False,,,53.339218,-6.240642,40,25,15,19,6,0,6,40,25,15,19,6,0,6
7593,66,dublin,NEW CENTRAL BANK,New Central Bank,False,False,OPEN,2024-12-28 12:49:44,True,False,,,53.347122,-6.234749,40,3,37,0,3,0,3,40,3,37,0,3,0,3
7594,104,dublin,GRANGEGORMAN LOWER (CENTRAL),Grangegorman Lower (Central),False,False,OPEN,2024-12-28 12:43:55,True,False,,,53.355173,-6.278424,40,1,39,1,0,0,0,40,1,39,1,0,0,0
7595,101,dublin,KING STREET NORTH,King Street North,False,False,OPEN,2024-12-28 12:40:05,True,False,,,53.350291,-6.273507,30,9,21,7,2,0,2,30,9,21,7,2,0,2
7596,115,dublin,KILLARNEY STREET,Killarney Street,False,False,OPEN,2024-12-28 12:49:12,True,False,,,53.354845,-6.247579,30,17,12,12,5,0,5,30,17,12,12,5,0,5
7597,47,dublin,HERBERT STREET,Herbert Street,False,False,OPEN,2024-12-28 12:47:56,True,False,,,53.335742,-6.24551,40,2,38,1,1,0,1,40,2,38,1,1,0,1
7598,117,dublin,HANOVER QUAY EAST,Hanover Quay East,False,False,OPEN,2024-12-28 12:44:18,True,False,,,53.343653,-6.231755,40,2,38,0,2,0,2,40,2,38,0,2,0,2
7599,8,dublin,CUSTOM HOUSE QUAY,Custom House Quay,False,False,OPEN,2024-12-28 12:43:10,True,False,,,53.347884,-6.248048,30,26,4,21,5,0,5,30,26,4,21,5,0,5
7600,27,dublin,MOLESWORTH STREET,Molesworth Street,False,False,OPEN,2024-12-28 12:47:50,True,False,,,53.341288,-6.258117,20,12,8,4,8,0,8,20,12,8,4,8,0,8
7601,16,dublin,GEORGES QUAY,Georges Quay,False,False,OPEN,2024-12-28 12:49:19,True,False,,,53.347508,-6.252192,20,15,5,8,7,0,7,20,15,5,8,7,0,7
7602,96,dublin,KILMAINHAM LANE,Kilmainham Lane,False,False,OPEN,2024-12-28 12:49:18,True,False,,,53.341805,-6.305085,30,1,29,1,0,0,0,30,1,29,1,0,0,0
7603,82,dublin,MOUNT BROWN,Mount Brown,False,False,OPEN,2024-12-28 12:42:38,True,False,,,53.341645,-6.29719,22,5,17,0,5,0,5,22,5,17,0,5,0,5
7604,76,dublin,MARKET STREET SOUTH,Market Street South,False,False,OPEN,2024-12-28 12:39:55,True,False,,,53.342296,-6.287661,38,3,35,3,0,0,0,38,3,35,3,0,0,0
7605,71,dublin,KEVIN STREET,Kevin Street,False,False,OPEN,2024-12-28 12:41:05,True,False,,,53.337757,-6.267699,40,13,27,8,5,0,5,40,13,27,8,5,0,5
7606,79,dublin,ECCLES STREET EAST,Eccles Street East,False,False,OPEN,2024-12-28 12:42:59,True,False,,,53.358115,-6.265601,27,0,27,0,0,0,0,27,0,27,0,0,0,0
7607,69,dublin,GRAND CANAL DOCK,Grand Canal Dock,False,False,OPEN,2024-12-28 12:49:38,True,False,,,53.342638,-6.238695,40,18,21,12,6,0,6,40,18,21,12,6,0,6
7608,25,dublin,MERRION SQUARE EAST,Merrion Square East,False,False,OPEN,2024-12-28 12:48:12,True,False,,,53.339434,-6.246548,30,0,30,0,0,0,0,30,0,30,0,0,0,0
7609,51,dublin,YORK STREET WEST,York Street West,False,False,OPEN,2024-12-28 12:40:40,True,False,,,53.339334,-6.264699,40,0,0,0,0,0,0,40,0,0,0,0,0,0
7610,37,dublin,ST. STEPHEN'S GREEN SOUTH,St. Stephen's Green South,False,False,OPEN,2024-12-28 12:45:31,True,False,,,53.337494,-6.26199,30,16,14,9,7,0,7,30,16,14,9,7,0,7
7611,59,dublin,DENMARK STREET GREAT,Denmark Street Great,False,False,OPEN,2024-12-28 12:44:10,True,False,,,53.35561,-6.261397,20,0,20,0,0,0,0,20,0,20,0,0,0,0
7612,95,dublin,ROYAL HOSPITAL,Royal Hospital,False,False,OPEN,2024-12-28 12:44:20,True,False,,,53.343897,-6.29706,40,23,17,14,9,0,9,40,23,17,14,9,0,9
7613,94,dublin,HEUSTON STATION (CAR PARK),Heuston Station (Car Park),False,False,OPEN,2024-12-28 12:42:54,True,False,,,53.346985,-6.297804,40,10,30,10,0,0,0,40,10,30,10,0,0,0
7614,105,dublin,GRANGEGORMAN LOWER (NORTH),Grangegorman Lower (North),False,False,OPEN,2024-12-28 12:43:36,True,False,,,53.355954,-6.278378,36,3,33,2,1,0,1,36,3,33,2,1,0,1
7615,36,dublin,ST. STEPHEN'S GREEN EAST,St. Stephen's Green East,False,False,OPEN,2024-12-28 12:46:10,True,False,,,53.337824,-6.256035,40,21,19,9,12,0,12,40,21,19,9,12,0,12
7616,93,dublin,HEUSTON STATION (CENTRAL),Heuston Station (Central),False,False,OPEN,2024-12-28 12:46:22,True,False,,,53.346603,-6.296924,40,14,26,14,0,0,0,40,14,26,14,0,0,0
7617,22,dublin,TOWNSEND STREET,Townsend Street,False,False,OPEN,2024-12-28 12:42:09,True,False,,,53.345922,-6.254614,20,8,12,8,0,0,0,20,8,12,8,0,0,0
7618,50,dublin,GEORGES LANE,George's Lane,False,False,OPEN,2024-12-28 12:47:06,True,False,,,53.35023,-6.279696,40,3,37,2,1,0,1,40,3,37,2,1,0,1
7619,110,dublin,PHIBSBOROUGH ROAD,Phibsborough Road,False,False,OPEN,2024-12-28 12:45:14,True,False,,,53.356307,-6.273717,40,8,32,2,6,0,6,40,8,32,2,6,0,6
7620,12,dublin,ECCLES STREET,Eccles Street,False,False,OPEN,2024-12-28 12:42:57,True,False,,,53.359246,-6.269779,20,16,4,6,10,0,10,20,16,4,6,10,0,10
7621,34,dublin,PORTOBELLO HARBOUR,Portobello Harbour,False,False,OPEN,2024-12-28 12:42:28,True,False,,,53.330362,-6.265163,30,3,27,1,2,0,2,30,3,27,1,2,0,2
7622,78,dublin,MATER HOSPITAL,Mater Hospital,False,False,OPEN,2024-12-28 12:43:16,True,False,,,53.359967,-6.264828,40,0,40,0,0,0,0,40,0,40,0,0,0,0
7623,2,dublin,BLESSINGTON STREET,Blessington Street,False,False,OPEN,2024-12-28 12:40:26,True,False,,,53.356769,-6.26814,20,0,20,0,0,0,0,20,0,20,0,0,0,0
7624,75,dublin,JAMES STREET,James Street,False,False,OPEN,2024-12-28 12:43:48,True,False,,,53.343456,-6.287409,40,0,40,0,0,0,0,40,0,40,0,0,0,0
7625,111,dublin,MOUNTJOY SQUARE EAST,Mountjoy Square East,False,False,OPEN,2024-12-28 12:49:50,True,False,,,53.356717,-6.256359,40,2,38,1,1,0,1,40,2,38,1,1,0,1
7626,26,dublin,MERRION SQUARE WEST,Merrion Square West,False,False,OPEN,2024-12-28 12:41:44,True,False,,,53.339764,-6.251988,20,20,0,10,10,0,10,20,20,0,10,10,0,10
7627,65,dublin,CONVENTION CENTRE,Convention Centre,False,False,OPEN,2024-12-28 12:44:10,True,False,,,53.34744,-6.238523,40,11,29,8,3,0,3,40,11,29,8,3,0,3
7628,15,dublin,HARDWICKE STREET,Hardwicke Street,False,False,OPEN,2024-12-28 12:43:47,True,False,,,53.355473,-6.264423,16,0,16,0,0,0,0,16,0,16,0,0,0,0
7629,86,dublin,PARKGATE STREET,Parkgate Street,False,False,OPEN,2024-12-28 12:47:58,True,False,,,53.347972,-6.291804,38,24,14,0,24,0,24,38,24,14,0,24,0,24
7630,35,dublin,SMITHFIELD,Smithfield,False,False,OPEN,2024-12-28 12:44:47,True,False,,,53.347692,-6.278214,30,1,29,0,1,0,1,30,1,29,0,1,0,1
7631,10,dublin,DAME STREET,Dame Street,False,False,OPEN,2024-12-28 12:45:00,True,False,,,53.344007,-6.266802,16,16,0,14,2,0,2,16,16,0,14,2,0,2
7632,100,dublin,HEUSTON BRIDGE (SOUTH),Heuston Bridge (South),False,False,OPEN,2024-12-28 12:43:55,True,False,,,53.347106,-6.292041,25,12,13,4,8,0,8,25,12,13,4,8,0,8
7633,24,dublin,CATHAL BRUGHA STREET,Cathal Brugha Street,False,False,OPEN,2024-12-28 12:44:44,True,False,,,53.352149,-6.260533,20,8,12,6,2,0,2,20,8,12,6,2,0,2
7634,64,dublin,SANDWITH STREET,Sandwith Street,False,False,OPEN,2024-12-28 12:44:12,True,False,,,53.345203,-6.247163,40,21,19,17,4,0,4,40,21,19,17,4,0,4
7635,109,dublin,BUCKINGHAM STREET LOWER,Buckingham Street Lower,False,False,OPEN,2024-12-28 12:43:34,True,False,,,53.353331,-6.249319,29,8,21,0,8,0,8,29,8,21,0,8,0,8
7636,85,dublin,ROTHE ABBEY,Rothe Abbey,False,False,OPEN,2024-12-28 12:49:19,True,False,,,53.338776,-6.30395,35,26,9,13,13,0,13,35,26,9,13,13,0,13
7637,107,dublin,CHARLEVILLE ROAD,Charleville Road,False,False,OPEN,2024-12-28 12:41:19,True,False,,,53.359157,-6.281866,40,14,26,9,5,0,5,40,14,26,9,5,0,5
7638,33,dublin,PRINCES STREET / O'CONNELL STREET,Princes Street / O'Connell Street,False,False,OPEN,2024-12-28 12:43:22,True,False,,,53.349013,-6.260311,23,6,17,4,2,0,2,23,6,17,4,2,0,2
7639,44,dublin,UPPER SHERRARD STREET,Upper Sherrard Street,False,False,OPEN,2024-12-28 12:44:35,True,False,,,53.358437,-6.260641,30,0,30,0,0,0,0,30,0,30,0,0,0,0
7640,89,dublin,FITZWILLIAM SQUARE EAST,Fitzwilliam Square East,False,False,OPEN,2024-12-28 12:43:07,True,False,,,53.335211,-6.2509,40,22,18,13,9,0,9,40,22,18,13,9,0,9
7641,57,dublin,GRATTAN STREET,Grattan Street,False,False,OPEN,2024-12-28 12:41:24,True,False,,,53.339629,-6.243778,23,2,21,2,0,0,0,23,2,21,2,0,0,0
7642,80,dublin,ST JAMES HOSPITAL (LUAS),St James Hospital (Luas),False,False,OPEN,2024-12-28 12:43:33,True,False,,,53.341359,-6.292951,40,18,22,10,8,0,8,40,18,22,10,8,0,8
7643,41,dublin,HARCOURT TERRACE,Harcourt Terrace,False,False,OPEN,2024-12-28 12:40:30,True,False,,,53.332763,-6.257942,20,1,19,1,0,0,0,20,1,19,1,0,0,0
7644,3,dublin,BOLTON STREET,Bolton Street,False,False,OPEN,2024-12-28 12:42:50,True,False,,,53.351182,-6.269859,20,0,20,0,0,0,0,20,0,20,0,0,0,0
7645,40,dublin,JERVIS STREET,Jervis Street,False,False,OPEN,2024-12-28 12:49:07,True,False,,,53.3483,-6.266651,21,19,2,17,2,0,2,21,19,2,17,2,0,2
7646,29,dublin,ORMOND QUAY UPPER,Ormond Quay Upper,False,False,OPEN,2024-12-28 12:46:50,True,False,,,53.346057,-6.268001,29,14,15,9,5,0,5,29,14,15,9,5,0,5
7647,103,dublin,GRANGEGORMAN LOWER (SOUTH),Grangegorman Lower (South),False,False,OPEN,2024-12-28 12:41:53,True,False,,,53.354663,-6.278681,40,0,40,0,0,0,0,40,0,40,0,0,0,0
7648,28,dublin,MOUNTJOY SQUARE WEST,Mountjoy Square West,False,False,OPEN,2024-12-28 12:41:52,True,False,,,53.356299,-6.258586,30,1,29,1,0,0,0,30,1,29,1,0,0,0
7649,39,dublin,WILTON TERRACE,Wilton Terrace,False,False,OPEN,2024-12-28 12:43:27,True,False,,,53.332383,-6.252717,20,0,20,0,0,0,0,20,0,20,0,0,0,0
7650,83,dublin,EMMET ROAD,Emmet Road,False,False,OPEN,2024-12-28 12:43:38,True,False,,,53.340714,-6.308191,40,10,30,8,2,0,2,40,10,30,8,2,0,2
7651,92,dublin,HEUSTON BRIDGE (NORTH),Heuston Bridge (North),False,False,OPEN,2024-12-28 12:41:08,True,False,,,53.347802,-6.292432,40,29,11,23,6,0,6,40,29,11,23,6,0,6
7652,21,dublin,LEINSTER STREET SOUTH,Leinster Street South,False,False,OPEN,2024-12-28 12:41:28,True,False,,,53.34218,-6.254485,30,14,16,12,2,0,2,30,14,16,12,2,0,2
7653,88,dublin,BLACKHALL PLACE,Blackhall Place,False,False,OPEN,2024-12-28 12:41:55,True,False,,,53.3488,-6.281637,30,1,29,1,0,0,0,30,1,29,1,0,0,0
7654,42,dublin,SMITHFIELD NORTH,Smithfield North,False,False,OPEN,2024-12-28 13:02:28,True,False,,,53.349562,-6.278198,30,6,24,6,0,0,0,30,6,24,6,0,0,0
7655,30,dublin,PARNELL SQUARE NORTH,Parnell Square North,False,False,OPEN,2024-12-28 13:05:22,True,False,,,53.3537415547453,-6.26530144781526,20,0,20,0,0,0,0,20,0,20,0,0,0,0
7656,54,dublin,CLONMEL STREET,Clonmel Street,False,False,OPEN,2024-12-28 13:01:14,True,False,,,53.336021,-6.26298,33,17,16,5,12,0,12,33,17,16,5,12,0,12
7657,108,dublin,AVONDALE ROAD,Avondale Road,False,False,OPEN,2024-12-28 13:03:28,True,False,,,53.359405,-6.276142,35,11,24,8,3,0,3,35,11,24,8,3,0,3
7658,20,dublin,JAMES STREET EAST,James Street East,False,False,OPEN,2024-12-28 13:04:16,True,False,,,53.336597,-6.248109,30,3,27,3,0,0,0,30,3,27,3,0,0,0
7659,56,dublin,MOUNT STREET LOWER,Mount Street Lower,False,False,OPEN,2024-12-28 13:00:39,True,False,,,53.33796,-6.24153,40,14,26,2,12,0,12,40,14,26,2,12,0,12
7660,6,dublin,CHRISTCHURCH PLACE,Christchurch Place,False,False,OPEN,2024-12-28 13:00:49,True,False,,,53.343368,-6.27012,20,3,17,2,1,0,1,20,3,17,2,1,0,1
7661,18,dublin,GRANTHAM STREET,Grantham Street,False,False,OPEN,2024-12-28 13:03:34,True,False,,,53.334123,-6.265436,30,9,21,3,6,0,6,30,9,21,3,6,0,6
7662,32,dublin,PEARSE STREET,Pearse Street,False,False,OPEN,2024-12-28 13:00:44,True,False,,,53.344304,-6.250427,30,26,4,17,9,0,9,30,26,4,17,9,0,9
7663,52,dublin,YORK STREET EAST,York Street East,False,False,OPEN,2024-12-28 13:04:54,True,False,,,53.338755,-6.262003,32,23,9,9,14,0,14,32,23,9,9,14,0,14
7664,48,dublin,EXCISE WALK,Excise Walk,False,False,OPEN,2024-12-28 13:01:43,True,False,,,53.347777,-6.244239,40,0,40,0,0,0,0,40,0,40,0,0,0,0
7665,13,dublin,FITZWILLIAM SQUARE WEST,Fitzwilliam Square West,False,False,OPEN,2024-12-28 13:02:13,True,False,,,53.336074,-6.252825,30,28,2,12,16,0,16,30,28,2,12,16,0,16
7666,43,dublin,PORTOBELLO ROAD,Portobello Road,False,False,OPEN,2024-12-28 13:02:26,True,False,,,53.330091,-6.268044,30,15,15,10,5,0,5,30,15,15,10,5,0,5
7667,31,dublin,PARNELL STREET,Parnell Street,False,False,OPEN,2024-12-28 13:01:03,True,False,,,53.350929,-6.265125,20,5,15,5,0,0,0,20,5,15,5,0,0,0
7668,98,dublin,FREDERICK STREET SOUTH,Frederick Street South,False,False,OPEN,2024-12-28 13:03:50,True,False,,,53.341515,-6.256853,40,26,14,13,13,0,13,40,26,14,13,13,0,13
7669,14,dublin,FOWNES STREET UPPER,Fownes Street Upper,False,False,OPEN,2024-12-28 13:09:42,True,False,,,53.344603,-6.263371,30,23,7,14,9,0,9,30,23,7,14,9,0,9
7670,1,dublin,CLARENDON ROW,Clarendon Row,False,False,OPEN,2024-12-28 13:05:03,True,False,,,53.340927,-6.262501,31,26,5,17,9,0,9,31,26,5,17,9,0,9
7671,23,dublin,CUSTOM HOUSE,Custom House,False,False,OPEN,2024-12-28 13:03:04,True,False,,,53.348279,-6.254662,30,24,6,10,14,0,14,30,24,6,10,14,0,14
7672,106,dublin,RATHDOWN ROAD,Rathdown Road,False,False,OPEN,2024-12-28 13:01:50,True,False,,,53.35893,-6.280337,40,25,15,15,10,0,10,40,25,15,15,10,0,10
7673,112,dublin,NORTH CIRCULAR ROAD (O'CONNELL'S),North Circular Road (O'Connell's),False,False,OPEN,2024-12-28 13:04:16,True,False,,,53.357841,-6.251557,30,0,30,0,0,0,0,30,0,30,0,0,0,0
7674,68,dublin,HANOVER QUAY,Hanover Quay,False,False,OPEN,2024-12-28 13:02:32,True,False,,,53.344115,-6.237153,40,28,12,17,11,0,11,40,28,12,17,11,0,11
7675,74,dublin,OLIVER BOND STREET,Oliver Bond Street,False,False,OPEN,2024-12-28 13:06:56,True,False,,,53.343893,-6.280531,30,18,12,14,4,0,4,30,18,12,14,4,0,4
7676,87,dublin,COLLINS BARRACKS MUSEUM,Collins Barracks Museum,False,False,OPEN,2024-12-28 13:04:23,True,False,,,53.347477,-6.28525,38,22,16,12,10,0,10,38,22,16,12,10,0,10
7677,84,dublin,BROOKFIELD ROAD,Brookfield Road,False,False,OPEN,2024-12-28 13:03:27,True,False,,,53.339005,-6.300217,30,12,18,7,5,0,5,30,12,18,7,5,0,5
7678,90,dublin,BENSON STREET,Benson Street,False,False,OPEN,2024-12-28 13:04:47,True,False,,,53.344153,-6.233451,40,0,40,0,0,0,0,40,0,40,0,0,0,0
7679,11,dublin,EARLSFORT TERRACE,Earlsfort Terrace,False,False,OPEN,2024-12-28 13:00:04,True,False,,,53.334295,-6.258503,30,18,12,14,4,0,4,30,18,12,14,4,0,4
7680,17,dublin,GOLDEN LANE,Golden Lane,False,False,OPEN,2024-12-28 13:01:18,True,False,,,53.340803,-6.267732,20,15,5,5,10,0,10,20,15,5,5,10,0,10
7681,45,dublin,DEVERELL PLACE,Deverell Place,False,False,OPEN,2024-12-28 13:04:31,True,False,,,53.351464,-6.255265,30,10,20,3,7,0,7,30,10,20,3,7,0,7
7682,114,dublin,WILTON TERRACE (PARK),Wilton Terrace (Park),False,False,OPEN,2024-12-28 13:07:19,True,False,,,53.333653,-6.248345,40,0,40,0,0,0,0,40,0,40,0,0,0,0
7683,72,dublin,JOHN STREET WEST,John Street West,False,False,OPEN,2024-12-28 13:06:20,True,False,,,53.343105,-6.277167,31,0,31,0,0,0,0,31,0,31,0,0,0,0
7684,63,dublin,FENIAN STREET,Fenian Street,False,False,OPEN,2024-12-28 13:04:04,True,False,,,53.341428,-6.24672,35,24,11,13,11,0,11,35,24,11,13,11,0,11
7685,113,dublin,MERRION SQUARE SOUTH,Merrion Square South,False,False,OPEN,2024-12-28 13:02:52,True,False,,,53.338614,-6.248606,40,5,24,4,1,0,1,40,5,24,4,1,0,1
7686,91,dublin,SOUTH DOCK ROAD,South Dock Road,False,False,OPEN,2024-12-28 13:07:07,True,False,,,53.341833,-6.231291,30,22,8,14,8,0,8,30,22,8,14,8,0,8
7687,99,dublin,CITY QUAY,City Quay,False,False,OPEN,2024-12-28 13:02:50,True,False,,,53.346637,-6.246154,30,20,10,10,10,0,10,30,20,10,10,10,0,10
7688,9,dublin,EXCHEQUER STREET,Exchequer Street,False,False,OPEN,2024-12-28 13:05:32,True,False,,,53.343034,-6.263578,24,1,23,1,0,0,0,24,1,23,1,0,0,0
7689,67,dublin,THE POINT,The Point,False,False,OPEN,2024-12-28 13:09:10,True,False,,,53.346867,-6.230852,40,17,23,9,8,0,8,40,17,23,9,8,0,8
7690,116,dublin,BROADSTONE,Broadstone,False,False,OPEN,2024-12-28 13:09:46,True,False,,,53.3547,-6.272314,30,10,20,1,9,0,9,30,10,20,1,9,0,9
7691,55,dublin,HATCH STREET,Hatch Street,False,False,OPEN,2024-12-28 13:05:10,True,False,,,53.33403,-6.260714,36,15,21,9,6,0,6,36,15,21,9,6,0,6
7692,62,dublin,LIME STREET,Lime Street,False,False,OPEN,2024-12-28 13:01:36,True,False,,,53.346026,-6.243576,40,12,28,2,10,0,10,40,12,28,2,10,0,10
7693,5,dublin,CHARLEMONT PLACE,Charlemont Street,False,False,OPEN,2024-12-28 13:04:36,True,False,,,53.330662,-6.260177,40,24,15,21,3,0,3,40,24,15,21,3,0,3
7694,97,dublin,KILMAINHAM GAOL,Kilmainham Gaol,False,False,OPEN,2024-12-28 13:01:12,True,False,,,53.342113,-6.310015,40,26,14,14,12,0,12,40,26,14,14,12,0,12
7695,61,dublin,HARDWICKE PLACE,Hardwicke Place,False,False,OPEN,2024-12-28 13:00:18,True,False,,,53.357043,-6.263232,25,0,25,0,0,0,0,25,0,25,0,0,0,0
7696,77,dublin,WOLFE TONE STREET,Wolfe Tone Street,False,False,OPEN,2024-12-28 13:02:00,True,False,,,53.348875,-6.267459,29,13,16,5,8,0,8,29,13,16,5,8,0,8
7697,73,dublin,FRANCIS STREET,Francis Street,False,False,OPEN,2024-12-28 13:02:35,True,False,,,53.342081,-6.275233,30,0,30,0,0,0,0,30,0,30,0,0,0,0
7698,4,dublin,GREEK STREET,Greek Street,False,False,OPEN,2024-12-28 13:04:25,True,False,,,53.346874,-6.272976,20,15,5,6,9,0,9,20,15,5,6,9,0,9
7699,49,dublin,GUILD STREET,Guild Street,False,False,OPEN,2024-12-28 13:05:26,True,False,,,53.347932,-6.240928,40,31,9,23,8,0,8,40,31,9,23,8,0,8
7700,19,dublin,HERBERT PLACE,Herbert Place,False,False,OPEN,2024-12-28 13:03:47,True,False,,,53.334432,-6.245575,30,13,17,9,4,0,4,30,13,17,9,4,0,4
7701,7,dublin,HIGH STREET,High Street,False,False,OPEN,2024-12-28 13:03:34,True,False,,,53.343565,-6.275071,29,15,14,8,7,0,7,29,15,14,8,7,0,7
7702,60,dublin,NORTH CIRCULAR ROAD,North Circular Road,False,False,OPEN,2024-12-28 13:04:35,True,False,,,53.359624,-6.260348,30,1,29,1,0,0,0,30,1,29,1,0,0,0
7703,102,dublin,WESTERN WAY,Western Way,False,False,OPEN,2024-12-28 13:02:30,True,False,,,53.354929,-6.269425,40,24,16,20,4,0,4,40,24,16,20,4,0,4
7704,38,dublin,TALBOT STREET,Talbot Street,False,False,OPEN,2024-12-28 13:09:37,True,False,,,53.350974,-6.25294,40,20,20,19,1,0,1,40,20,20,19,1,0,1
7705,53,dublin,NEWMAN HOUSE,Newman House,False,False,OPEN,2024-12-28 13:02:15,True,False,,,53.337132,-6.26059,40,10,30,10,0,0,0,40,10,30,10,0,0,0
7706,58,dublin,SIR PATRICK DUN'S,Sir Patrick's Dun,False,False,OPEN,2024-12-28 13:03:55,True,False,,,53.339218,-6.240642,40,27,13,21,6,0,6,40,27,13,21,6,0,6
7707,66,dublin,NEW CENTRAL BANK,New Central Bank,False,False,OPEN,2024-12-28 13:00:30,True,False,,,53.347122,-6.234749,40,2,38,0,2,0,2,40,2,38,0,2,0,2
7708,104,dublin,GRANGEGORMAN LOWER (CENTRAL),Grangegorman Lower (Central),False,False,OPEN,2024-12-28 13:04:05,True,False,,,53.355173,-6.278424,40,1,39,1,0,0,0,40,1,39,1,0,0,0
7709,101,dublin,KING STREET NORTH,King Street North,False,False,OPEN,2024-12-28 13:00:16,True,False,,,53.350291,-6.273507,30,7,23,5,2,0,2,30,7,23,5,2,0,2
7710,115,dublin,KILLARNEY STREET,Killarney Street,False,False,OPEN,2024-12-28 13:05:03,True,False,,,53.354845,-6.247579,30,17,12,12,5,0,5,30,17,12,12,5,0,5
7711,47,dublin,HERBERT STREET,Herbert Street,False,False,OPEN,2024-12-28 13:04:00,True,False,,,53.335742,-6.24551,40,1,39,0,1,0,1,40,1,39,0,1,0,1
7712,117,dublin,HANOVER QUAY EAST,Hanover Quay East,False,False,OPEN,2024-12-28 13:02:46,True,False,,,53.343653,-6.231755,40,2,38,0,2,0,2,40,2,38,0,2,0,2
7713,8,dublin,CUSTOM HOUSE QUAY,Custom House Quay,False,False,OPEN,2024-12-28 13:03:23,True,False,,,53.347884,-6.248048,30,26,4,21,5,0,5,30,26,4,21,5,0,5
7714,27,dublin,MOLESWORTH STREET,Molesworth Street,False,False,OPEN,2024-12-28 13:00:27,True,False,,,53.341288,-6.258117,20,13,7,5,8,0,8,20,13,7,5,8,0,8
7715,16,dublin,GEORGES QUAY,Georges Quay,False,False,OPEN,2024-12-28 13:09:27,True,False,,,53.347508,-6.252192,20,15,5,8,7,0,7,20,15,5,8,7,0,7
7716,96,dublin,KILMAINHAM LANE,Kilmainham Lane,False,False,OPEN,2024-12-28 13:09:26,True,False,,,53.341805,-6.305085,30,1,29,1,0,0,0,30,1,29,1,0,0,0
7717,82,dublin,MOUNT BROWN,Mount Brown,False,False,OPEN,2024-12-28 13:01:29,True,False,,,53.341645,-6.29719,22,5,17,0,5,0,5,22,5,17,0,5,0,5
7718,76,dublin,MARKET STREET SOUTH,Market Street South,False,False,OPEN,2024-12-28 13:00:04,True,False,,,53.342296,-6.287661,38,3,35,3,0,0,0,38,3,35,3,0,0,0
7719,71,dublin,KEVIN STREET,Kevin Street,False,False,OPEN,2024-12-28 13:06:06,True,False,,,53.337757,-6.267699,40,14,26,9,5,0,5,40,14,26,9,5,0,5
7720,79,dublin,ECCLES STREET EAST,Eccles Street East,False,False,OPEN,2024-12-28 13:03:07,True,False,,,53.358115,-6.265601,27,0,27,0,0,0,0,27,0,27,0,0,0,0
7721,69,dublin,GRAND CANAL DOCK,Grand Canal Dock,False,False,OPEN,2024-12-28 13:03:31,True,False,,,53.342638,-6.238695,40,19,20,13,6,0,6,40,19,20,13,6,0,6
7722,25,dublin,MERRION SQUARE EAST,Merrion Square East,False,False,OPEN,2024-12-28 13:08:22,True,False,,,53.339434,-6.246548,30,0,30,0,0,0,0,30,0,30,0,0,0,0
7723,51,dublin,YORK STREET WEST,York Street West,False,False,OPEN,2024-12-28 13:00:49,True,False,,,53.339334,-6.264699,40,0,0,0,0,0,0,40,0,0,0,0,0,0
7724,37,dublin,ST. STEPHEN'S GREEN SOUTH,St. Stephen's Green South,False,False,OPEN,2024-12-28 13:01:52,True,False,,,53.337494,-6.26199,30,16,14,9,7,0,7,30,16,14,9,7,0,7
7725,59,dublin,DENMARK STREET GREAT,Denmark Street Great,False,False,OPEN,2024-12-28 13:04:20,True,False,,,53.35561,-6.261397,20,0,20,0,0,0,0,20,0,20,0,0,0,0
7726,95,dublin,ROYAL HOSPITAL,Royal Hospital,False,False,OPEN,2024-12-28 13:04:30,True,False,,,53.343897,-6.29706,40,22,18,13,9,0,9,40,22,18,13,9,0,9
7727,94,dublin,HEUSTON STATION (CAR PARK),Heuston Station (Car Park),False,False,OPEN,2024-12-28 13:03:01,True,False,,,53.346985,-6.297804,40,10,30,10,0,0,0,40,10,30,10,0,0,0
7728,105,dublin,GRANGEGORMAN LOWER (NORTH),Grangegorman Lower (North),False,False,OPEN,2024-12-28 13:03:44,True,False,,,53.355954,-6.278378,36,3,33,2,1,0,1,36,3,33,2,1,0,1
7729,36,dublin,ST. STEPHEN'S GREEN EAST,St. Stephen's Green East,False,False,OPEN,2024-12-28 13:01:22,True,False,,,53.337824,-6.256035,40,21,19,9,12,0,12,40,21,19,9,12,0,12
7730,93,dublin,HEUSTON STATION (CENTRAL),Heuston Station (Central),False,False,OPEN,2024-12-28 13:01:00,True,False,,,53.346603,-6.296924,40,14,26,14,0,0,0,40,14,26,14,0,0,0
7731,22,dublin,TOWNSEND STREET,Townsend Street,False,False,OPEN,2024-12-28 13:06:26,True,False,,,53.345922,-6.254614,20,7,13,7,0,0,0,20,7,13,7,0,0,0
7732,50,dublin,GEORGES LANE,George's Lane,False,False,OPEN,2024-12-28 13:09:03,True,False,,,53.35023,-6.279696,40,4,36,3,1,0,1,40,4,36,3,1,0,1
7733,110,dublin,PHIBSBOROUGH ROAD,Phibsborough Road,False,False,OPEN,2024-12-28 13:05:23,True,False,,,53.356307,-6.273717,40,8,32,2,6,0,6,40,8,32,2,6,0,6
7734,12,dublin,ECCLES STREET,Eccles Street,False,False,OPEN,2024-12-28 13:03:08,True,False,,,53.359246,-6.269779,20,17,3,7,10,0,10,20,17,3,7,10,0,10
7735,34,dublin,PORTOBELLO HARBOUR,Portobello Harbour,False,False,OPEN,2024-12-28 13:08:17,True,False,,,53.330362,-6.265163,30,2,28,0,2,0,2,30,2,28,0,2,0,2
7736,78,dublin,MATER HOSPITAL,Mater Hospital,False,False,OPEN,2024-12-28 13:03:25,True,False,,,53.359967,-6.264828,40,0,40,0,0,0,0,40,0,40,0,0,0,0
7737,2,dublin,BLESSINGTON STREET,Blessington Street,False,False,OPEN,2024-12-28 13:00:33,True,False,,,53.356769,-6.26814,20,0,20,0,0,0,0,20,0,20,0,0,0,0
7738,75,dublin,JAMES STREET,James Street,False,False,OPEN,2024-12-28 13:03:56,True,False,,,53.343456,-6.287409,40,0,40,0,0,0,0,40,0,40,0,0,0,0
7739,111,dublin,MOUNTJOY SQUARE EAST,Mountjoy Square East,False,False,OPEN,2024-12-28 13:01:55,True,False,,,53.356717,-6.256359,40,3,37,2,1,0,1,40,3,37,2,1,0,1
7740,26,dublin,MERRION SQUARE WEST,Merrion Square West,False,False,OPEN,2024-12-28 13:03:07,True,False,,,53.339764,-6.251988,20,20,0,10,10,0,10,20,20,0,10,10,0,10
7741,65,dublin,CONVENTION CENTRE,Convention Centre,False,False,OPEN,2024-12-28 13:04:19,True,False,,,53.34744,-6.238523,40,11,29,8,3,0,3,40,11,29,8,3,0,3
7742,15,dublin,HARDWICKE STREET,Hardwicke Street,False,False,OPEN,2024-12-28 13:03:54,True,False,,,53.355473,-6.264423,16,2,14,2,0,0,0,16,2,14,2,0,0,0
7743,86,dublin,PARKGATE STREET,Parkgate Street,False,False,OPEN,2024-12-28 13:05:39,True,False,,,53.347972,-6.291804,38,30,8,1,29,0,29,38,30,8,1,29,0,29
7744,35,dublin,SMITHFIELD,Smithfield,False,False,OPEN,2024-12-28 13:04:56,True,False,,,53.347692,-6.278214,30,3,27,1,2,0,2,30,3,27,1,2,0,2
7745,10,dublin,DAME STREET,Dame Street,False,False,OPEN,2024-12-28 13:05:11,True,False,,,53.344007,-6.266802,16,16,0,13,3,0,3,16,16,0,13,3,0,3
7746,100,dublin,HEUSTON BRIDGE (SOUTH),Heuston Bridge (South),False,False,OPEN,2024-12-28 13:05:49,True,False,,,53.347106,-6.292041,25,12,13,4,8,0,8,25,12,13,4,8,0,8
7747,24,dublin,CATHAL BRUGHA STREET,Cathal Brugha Street,False,False,OPEN,2024-12-28 13:04:57,True,False,,,53.352149,-6.260533,20,6,14,5,1,0,1,20,6,14,5,1,0,1
7748,64,dublin,SANDWITH STREET,Sandwith Street,False,False,OPEN,2024-12-28 13:04:24,True,False,,,53.345203,-6.247163,40,20,20,16,4,0,4,40,20,20,16,4,0,4
7749,109,dublin,BUCKINGHAM STREET LOWER,Buckingham Street Lower,False,False,OPEN,2024-12-28 13:03:42,True,False,,,53.353331,-6.249319,29,8,21,0,8,0,8,29,8,21,0,8,0,8
7750,85,dublin,ROTHE ABBEY,Rothe Abbey,False,False,OPEN,2024-12-28 13:09:31,True,False,,,53.338776,-6.30395,35,25,10,12,13,0,13,35,25,10,12,13,0,13
7751,107,dublin,CHARLEVILLE ROAD,Charleville Road,False,False,OPEN,2024-12-28 13:01:30,True,False,,,53.359157,-6.281866,40,13,27,8,5,0,5,40,13,27,8,5,0,5
7752,33,dublin,PRINCES STREET / O'CONNELL STREET,Princes Street / O'Connell Street,False,False,OPEN,2024-12-28 13:07:53,True,False,,,53.349013,-6.260311,23,7,16,6,1,0,1,23,7,16,6,1,0,1
7753,44,dublin,UPPER SHERRARD STREET,Upper Sherrard Street,False,False,OPEN,2024-12-28 13:04:45,True,False,,,53.358437,-6.260641,30,0,30,0,0,0,0,30,0,30,0,0,0,0
7754,89,dublin,FITZWILLIAM SQUARE EAST,Fitzwilliam Square East,False,False,OPEN,2024-12-28 13:09:16,True,False,,,53.335211,-6.2509,40,21,19,12,9,0,9,40,21,19,12,9,0,9
7755,57,dublin,GRATTAN STREET,Grattan Street,False,False,OPEN,2024-12-28 13:01:32,True,False,,,53.339629,-6.243778,23,2,21,2,0,0,0,23,2,21,2,0,0,0
7756,80,dublin,ST JAMES HOSPITAL (LUAS),St James Hospital (Luas),False,False,OPEN,2024-12-28 13:03:41,True,False,,,53.341359,-6.292951,40,18,22,10,8,0,8,40,18,22,10,8,0,8
7757,41,dublin,HARCOURT TERRACE,Harcourt Terrace,False,False,OPEN,2024-12-28 13:00:40,True,False,,,53.332763,-6.257942,20,1,19,1,0,0,0,20,1,19,1,0,0,0
7758,3,dublin,BOLTON STREET,Bolton Street,False,False,OPEN,2024-12-28 13:03:01,True,False,,,53.351182,-6.269859,20,1,19,1,0,0,0,20,1,19,1,0,0,0
7759,40,dublin,JERVIS STREET,Jervis Street,False,False,OPEN,2024-12-28 13:04:06,True,False,,,53.3483,-6.266651,21,20,1,18,2,0,2,21,20,1,18,2,0,2
7760,29,dublin,ORMOND QUAY UPPER,Ormond Quay Upper,False,False,OPEN,2024-12-28 13:06:28,True,False,,,53.346057,-6.268001,29,13,16,8,5,0,5,29,13,16,8,5,0,5
7761,103,dublin,GRANGEGORMAN LOWER (SOUTH),Grangegorman Lower (South),False,False,OPEN,2024-12-28 13:02:00,True,False,,,53.354663,-6.278681,40,1,39,1,0,0,0,40,1,39,1,0,0,0
7762,28,dublin,MOUNTJOY SQUARE WEST,Mountjoy Square West,False,False,OPEN,2024-12-28 13:02:02,True,False,,,53.356299,-6.258586,30,1,29,0,1,0,1,30,1,29,0,1,0,1
7763,39,dublin,WILTON TERRACE,Wilton Terrace,False,False,OPEN,2024-12-28 13:03:36,True,False,,,53.332383,-6.252717,20,0,20,0,0,0,0,20,0,20,0,0,0,0
7764,83,dublin,EMMET ROAD,Emmet Road,False,False,OPEN,2024-12-28 13:03:51,True,False,,,53.340714,-6.308191,40,12,28,8,4,0,4,40,12,28,8,4,0,4
7765,92,dublin,HEUSTON BRIDGE (NORTH),Heuston Bridge (North),False,False,OPEN,2024-12-28 13:01:16,True,False,,,53.347802,-6.292432,40,29,11,23,6,0,6,40,29,11,23,6,0,6
7766,21,dublin,LEINSTER STREET SOUTH,Leinster Street South,False,False,OPEN,2024-12-28 13:01:05,True,False,,,53.34218,-6.254485,30,15,15,13,2,0,2,30,15,15,13,2,0,2
7767,88,dublin,BLACKHALL PLACE,Blackhall Place,False,False,OPEN,2024-12-28 13:02:03,True,False,,,53.3488,-6.281637,30,1,29,1,0,0,0,30,1,29,1,0,0,0
7768,42,dublin,SMITHFIELD NORTH,Smithfield North,False,False,OPEN,2024-12-28 13:27:20,True,False,,,53.349562,-6.278198,30,4,26,4,0,0,0,30,4,26,4,0,0,0
7769,30,dublin,PARNELL SQUARE NORTH,Parnell Square North,False,False,OPEN,2024-12-28 13:25:33,True,False,,,53.3537415547453,-6.26530144781526,20,2,18,0,2,0,2,20,2,18,0,2,0,2
7770,54,dublin,CLONMEL STREET,Clonmel Street,False,False,OPEN,2024-12-28 13:27:29,True,False,,,53.336021,-6.26298,33,17,16,5,12,0,12,33,17,16,5,12,0,12
7771,108,dublin,AVONDALE ROAD,Avondale Road,False,False,OPEN,2024-12-28 13:23:38,True,False,,,53.359405,-6.276142,35,11,24,9,2,0,2,35,11,24,9,2,0,2
7772,20,dublin,JAMES STREET EAST,James Street East,False,False,OPEN,2024-12-28 13:24:23,True,False,,,53.336597,-6.248109,30,3,27,3,0,0,0,30,3,27,3,0,0,0
7773,56,dublin,MOUNT STREET LOWER,Mount Street Lower,False,False,OPEN,2024-12-28 13:24:58,True,False,,,53.33796,-6.24153,40,13,27,1,12,0,12,40,13,27,1,12,0,12
7774,6,dublin,CHRISTCHURCH PLACE,Christchurch Place,False,False,OPEN,2024-12-28 13:25:32,True,False,,,53.343368,-6.27012,20,4,16,3,1,0,1,20,4,16,3,1,0,1
7775,18,dublin,GRANTHAM STREET,Grantham Street,False,False,OPEN,2024-12-28 13:23:46,True,False,,,53.334123,-6.265436,30,8,22,2,6,0,6,30,8,22,2,6,0,6
7776,32,dublin,PEARSE STREET,Pearse Street,False,False,OPEN,2024-12-28 13:29:13,True,False,,,53.344304,-6.250427,30,28,2,19,9,0,9,30,28,2,19,9,0,9
7777,52,dublin,YORK STREET EAST,York Street East,False,False,OPEN,2024-12-28 13:22:23,True,False,,,53.338755,-6.262003,32,23,9,9,14,0,14,32,23,9,9,14,0,14
7778,48,dublin,EXCISE WALK,Excise Walk,False,False,OPEN,2024-12-28 13:21:51,True,False,,,53.347777,-6.244239,40,1,39,1,0,0,0,40,1,39,1,0,0,0
7779,13,dublin,FITZWILLIAM SQUARE WEST,Fitzwilliam Square West,False,False,OPEN,2024-12-28 13:28:36,True,False,,,53.336074,-6.252825,30,28,2,12,16,0,16,30,28,2,12,16,0,16
7780,43,dublin,PORTOBELLO ROAD,Portobello Road,False,False,OPEN,2024-12-28 13:22:33,True,False,,,53.330091,-6.268044,30,15,15,10,5,0,5,30,15,15,10,5,0,5
7781,31,dublin,PARNELL STREET,Parnell Street,False,False,OPEN,2024-12-28 13:25:34,True,False,,,53.350929,-6.265125,20,5,15,5,0,0,0,20,5,15,5,0,0,0
7782,98,dublin,FREDERICK STREET SOUTH,Frederick Street South,False,False,OPEN,2024-12-28 13:24:00,True,False,,,53.341515,-6.256853,40,26,14,13,13,0,13,40,26,14,13,13,0,13
7783,14,dublin,FOWNES STREET UPPER,Fownes Street Upper,False,False,OPEN,2024-12-28 13:24:49,True,False,,,53.344603,-6.263371,30,24,6,15,9,0,9,30,24,6,15,9,0,9
7784,1,dublin,CLARENDON ROW,Clarendon Row,False,False,OPEN,2024-12-28 13:23:50,True,False,,,53.340927,-6.262501,31,28,3,19,9,0,9,31,28,3,19,9,0,9
7785,23,dublin,CUSTOM HOUSE,Custom House,False,False,OPEN,2024-12-28 13:25:06,True,False,,,53.348279,-6.254662,30,24,6,10,14,0,14,30,24,6,10,14,0,14
7786,106,dublin,RATHDOWN ROAD,Rathdown Road,False,False,OPEN,2024-12-28 13:25:08,True,False,,,53.35893,-6.280337,40,26,14,16,10,0,10,40,26,14,16,10,0,10
7787,112,dublin,NORTH CIRCULAR ROAD (O'CONNELL'S),North Circular Road (O'Connell's),False,False,OPEN,2024-12-28 13:29:07,True,False,,,53.357841,-6.251557,30,12,18,5,7,0,7,30,12,18,5,7,0,7
7788,68,dublin,HANOVER QUAY,Hanover Quay,False,False,OPEN,2024-12-28 13:24:49,True,False,,,53.344115,-6.237153,40,29,11,17,12,0,12,40,29,11,17,12,0,12
7789,74,dublin,OLIVER BOND STREET,Oliver Bond Street,False,False,OPEN,2024-12-28 13:29:20,True,False,,,53.343893,-6.280531,30,19,11,15,4,0,4,30,19,11,15,4,0,4
7790,87,dublin,COLLINS BARRACKS MUSEUM,Collins Barracks Museum,False,False,OPEN,2024-12-28 13:24:33,True,False,,,53.347477,-6.28525,38,22,16,12,10,0,10,38,22,16,12,10,0,10
7791,84,dublin,BROOKFIELD ROAD,Brookfield Road,False,False,OPEN,2024-12-28 13:23:37,True,False,,,53.339005,-6.300217,30,11,19,6,5,0,5,30,11,19,6,5,0,5
7792,90,dublin,BENSON STREET,Benson Street,False,False,OPEN,2024-12-28 13:24:55,True,False,,,53.344153,-6.233451,40,0,40,0,0,0,0,40,0,40,0,0,0,0
7793,11,dublin,EARLSFORT TERRACE,Earlsfort Terrace,False,False,OPEN,2024-12-28 13:20:11,True,False,,,53.334295,-6.258503,30,18,12,14,4,0,4,30,18,12,14,4,0,4
7794,17,dublin,GOLDEN LANE,Golden Lane,False,False,OPEN,2024-12-28 13:21:27,True,False,,,53.340803,-6.267732,20,16,4,6,10,0,10,20,16,4,6,10,0,10
7795,45,dublin,DEVERELL PLACE,Deverell Place,False,False,OPEN,2024-12-28 13:24:39,True,False,,,53.351464,-6.255265,30,10,20,3,7,0,7,30,10,20,3,7,0,7
7796,114,dublin,WILTON TERRACE (PARK),Wilton Terrace (Park),False,False,OPEN,2024-12-28 13:27:27,True,False,,,53.333653,-6.248345,40,0,40,0,0,0,0,40,0,40,0,0,0,0
7797,72,dublin,JOHN STREET WEST,John Street West,False,False,OPEN,2024-12-28 13:25:17,True,False,,,53.343105,-6.277167,31,0,31,0,0,0,0,31,0,31,0,0,0,0
7798,63,dublin,FENIAN STREET,Fenian Street,False,False,OPEN,2024-12-28 13:28:25,True,False,,,53.341428,-6.24672,35,25,10,14,11,0,11,35,25,10,14,11,0,11
7799,113,dublin,MERRION SQUARE SOUTH,Merrion Square South,False,False,OPEN,2024-12-28 13:23:01,True,False,,,53.338614,-6.248606,40,5,24,4,1,0,1,40,5,24,4,1,0,1
7800,91,dublin,SOUTH DOCK ROAD,South Dock Road,False,False,OPEN,2024-12-28 13:25:36,True,False,,,53.341833,-6.231291,30,21,9,13,8,0,8,30,21,9,13,8,0,8
7801,99,dublin,CITY QUAY,City Quay,False,False,OPEN,2024-12-28 13:22:57,True,False,,,53.346637,-6.246154,30,20,10,10,10,0,10,30,20,10,10,10,0,10
7802,9,dublin,EXCHEQUER STREET,Exchequer Street,False,False,OPEN,2024-12-28 13:27:26,True,False,,,53.343034,-6.263578,24,3,21,2,1,0,1,24,3,21,2,1,0,1
7803,67,dublin,THE POINT,The Point,False,False,OPEN,2024-12-28 13:23:19,True,False,,,53.346867,-6.230852,40,17,23,10,7,0,7,40,17,23,10,7,0,7
7804,116,dublin,BROADSTONE,Broadstone,False,False,OPEN,2024-12-28 13:29:54,True,False,,,53.3547,-6.272314,30,10,20,1,9,0,9,30,10,20,1,9,0,9
7805,55,dublin,HATCH STREET,Hatch Street,False,False,OPEN,2024-12-28 13:24:26,True,False,,,53.33403,-6.260714,36,15,21,9,6,0,6,36,15,21,9,6,0,6
7806,62,dublin,LIME STREET,Lime Street,False,False,OPEN,2024-12-28 13:21:46,True,False,,,53.346026,-6.243576,40,11,29,2,9,0,9,40,11,29,2,9,0,9
7807,5,dublin,CHARLEMONT PLACE,Charlemont Street,False,False,OPEN,2024-12-28 13:24:44,True,False,,,53.330662,-6.260177,40,24,15,21,3,0,3,40,24,15,21,3,0,3
7808,97,dublin,KILMAINHAM GAOL,Kilmainham Gaol,False,False,OPEN,2024-12-28 13:21:23,True,False,,,53.342113,-6.310015,40,25,15,14,11,0,11,40,25,15,14,11,0,11
7809,61,dublin,HARDWICKE PLACE,Hardwicke Place,False,False,OPEN,2024-12-28 13:20:27,True,False,,,53.357043,-6.263232,25,0,25,0,0,0,0,25,0,25,0,0,0,0
7810,77,dublin,WOLFE TONE STREET,Wolfe Tone Street,False,False,OPEN,2024-12-28 13:27:48,True,False,,,53.348875,-6.267459,29,15,14,7,8,0,8,29,15,14,7,8,0,8
7811,73,dublin,FRANCIS STREET,Francis Street,False,False,OPEN,2024-12-28 13:22:43,True,False,,,53.342081,-6.275233,30,0,30,0,0,0,0,30,0,30,0,0,0,0
7812,4,dublin,GREEK STREET,Greek Street,False,False,OPEN,2024-12-28 13:24:36,True,False,,,53.346874,-6.272976,20,15,5,6,9,0,9,20,15,5,6,9,0,9
7813,49,dublin,GUILD STREET,Guild Street,False,False,OPEN,2024-12-28 13:25:36,True,False,,,53.347932,-6.240928,40,31,9,23,8,0,8,40,31,9,23,8,0,8
7814,19,dublin,HERBERT PLACE,Herbert Place,False,False,OPEN,2024-12-28 13:23:57,True,False,,,53.334432,-6.245575,30,12,18,8,4,0,4,30,12,18,8,4,0,4
7815,7,dublin,HIGH STREET,High Street,False,False,OPEN,2024-12-28 13:23:45,True,False,,,53.343565,-6.275071,29,15,14,8,7,0,7,29,15,14,8,7,0,7
7816,60,dublin,NORTH CIRCULAR ROAD,North Circular Road,False,False,OPEN,2024-12-28 13:25:06,True,False,,,53.359624,-6.260348,30,0,30,0,0,0,0,30,0,30,0,0,0,0
7817,102,dublin,WESTERN WAY,Western Way,False,False,OPEN,2024-12-28 13:23:26,True,False,,,53.354929,-6.269425,40,23,17,19,4,0,4,40,23,17,19,4,0,4
7818,38,dublin,TALBOT STREET,Talbot Street,False,False,OPEN,2024-12-28 13:22:59,True,False,,,53.350974,-6.25294,40,22,18,19,3,0,3,40,22,18,19,3,0,3
7819,53,dublin,NEWMAN HOUSE,Newman House,False,False,OPEN,2024-12-28 13:22:22,True,False,,,53.337132,-6.26059,40,10,30,10,0,0,0,40,10,30,10,0,0,0
7820,58,dublin,SIR PATRICK DUN'S,Sir Patrick's Dun,False,False,OPEN,2024-12-28 13:27:58,True,False,,,53.339218,-6.240642,40,28,12,22,6,0,6,40,28,12,22,6,0,6
7821,66,dublin,NEW CENTRAL BANK,New Central Bank,False,False,OPEN,2024-12-28 13:26:42,True,False,,,53.347122,-6.234749,40,2,38,0,2,0,2,40,2,38,0,2,0,2
7822,104,dublin,GRANGEGORMAN LOWER (CENTRAL),Grangegorman Lower (Central),False,False,OPEN,2024-12-28 13:24:15,True,False,,,53.355173,-6.278424,40,1,39,1,0,0,0,40,1,39,1,0,0,0
7823,101,dublin,KING STREET NORTH,King Street North,False,False,OPEN,2024-12-28 13:20:25,True,False,,,53.350291,-6.273507,30,8,22,6,2,0,2,30,8,22,6,2,0,2
7824,115,dublin,KILLARNEY STREET,Killarney Street,False,False,OPEN,2024-12-28 13:28:26,True,False,,,53.354845,-6.247579,30,12,17,8,4,0,4,30,12,17,8,4,0,4
7825,47,dublin,HERBERT STREET,Herbert Street,False,False,OPEN,2024-12-28 13:22:56,True,False,,,53.335742,-6.24551,40,1,39,0,1,0,1,40,1,39,0,1,0,1
7826,117,dublin,HANOVER QUAY EAST,Hanover Quay East,False,False,OPEN,2024-12-28 13:23:22,True,False,,,53.343653,-6.231755,40,2,38,0,2,0,2,40,2,38,0,2,0,2
7827,8,dublin,CUSTOM HOUSE QUAY,Custom House Quay,False,False,OPEN,2024-12-28 13:23:33,True,False,,,53.347884,-6.248048,30,26,4,21,5,0,5,30,26,4,21,5,0,5
7828,27,dublin,MOLESWORTH STREET,Molesworth Street,False,False,OPEN,2024-12-28 13:20:34,True,False,,,53.341288,-6.258117,20,13,7,5,8,0,8,20,13,7,5,8,0,8
7829,16,dublin,GEORGES QUAY,Georges Quay,False,False,OPEN,2024-12-28 13:29:36,True,False,,,53.347508,-6.252192,20,16,4,8,8,0,8,20,16,4,8,8,0,8
7830,96,dublin,KILMAINHAM LANE,Kilmainham Lane,False,False,OPEN,2024-12-28 13:29:33,True,False,,,53.341805,-6.305085,30,1,29,1,0,0,0,30,1,29,1,0,0,0
7831,82,dublin,MOUNT BROWN,Mount Brown,False,False,OPEN,2024-12-28 13:28:05,True,False,,,53.341645,-6.29719,22,6,16,0,6,0,6,22,6,16,0,6,0,6
7832,76,dublin,MARKET STREET SOUTH,Market Street South,False,False,OPEN,2024-12-28 13:20:14,True,False,,,53.342296,-6.287661,38,1,37,1,0,0,0,38,1,37,1,0,0,0
7833,71,dublin,KEVIN STREET,Kevin Street,False,False,OPEN,2024-12-28 13:21:22,True,False,,,53.337757,-6.267699,40,14,26,9,5,0,5,40,14,26,9,5,0,5
7834,79,dublin,ECCLES STREET EAST,Eccles Street East,False,False,OPEN,2024-12-28 13:23:15,True,False,,,53.358115,-6.265601,27,0,27,0,0,0,0,27,0,27,0,0,0,0
7835,69,dublin,GRAND CANAL DOCK,Grand Canal Dock,False,False,OPEN,2024-12-28 13:29:31,True,False,,,53.342638,-6.238695,40,19,20,14,5,0,5,40,19,20,14,5,0,5
7836,25,dublin,MERRION SQUARE EAST,Merrion Square East,False,False,OPEN,2024-12-28 13:28:33,True,False,,,53.339434,-6.246548,30,0,30,0,0,0,0,30,0,30,0,0,0,0
7837,51,dublin,YORK STREET WEST,York Street West,False,False,OPEN,2024-12-28 13:20:58,True,False,,,53.339334,-6.264699,40,0,0,0,0,0,0,40,0,0,0,0,0,0
7838,37,dublin,ST. STEPHEN'S GREEN SOUTH,St. Stephen's Green South,False,False,OPEN,2024-12-28 13:22:03,True,False,,,53.337494,-6.26199,30,16,14,9,7,0,7,30,16,14,9,7,0,7
7839,59,dublin,DENMARK STREET GREAT,Denmark Street Great,False,False,OPEN,2024-12-28 13:24:31,True,False,,,53.35561,-6.261397,20,0,20,0,0,0,0,20,0,20,0,0,0,0
7840,95,dublin,ROYAL HOSPITAL,Royal Hospital,False,False,OPEN,2024-12-28 13:29:23,True,False,,,53.343897,-6.29706,40,25,15,15,10,0,10,40,25,15,15,10,0,10
7841,94,dublin,HEUSTON STATION (CAR PARK),Heuston Station (Car Park),False,False,OPEN,2024-12-28 13:23:09,True,False,,,53.346985,-6.297804,40,10,30,10,0,0,0,40,10,30,10,0,0,0
7842,105,dublin,GRANGEGORMAN LOWER (NORTH),Grangegorman Lower (North),False,False,OPEN,2024-12-28 13:23:52,True,False,,,53.355954,-6.278378,36,3,33,2,1,0,1,36,3,33,2,1,0,1
7843,36,dublin,ST. STEPHEN'S GREEN EAST,St. Stephen's Green East,False,False,OPEN,2024-12-28 13:21:32,True,False,,,53.337824,-6.256035,40,21,19,9,12,0,12,40,21,19,9,12,0,12
7844,93,dublin,HEUSTON STATION (CENTRAL),Heuston Station (Central),False,False,OPEN,2024-12-28 13:21:07,True,False,,,53.346603,-6.296924,40,14,26,14,0,0,0,40,14,26,14,0,0,0
7845,22,dublin,TOWNSEND STREET,Townsend Street,False,False,OPEN,2024-12-28 13:22:33,True,False,,,53.345922,-6.254614,20,8,12,8,0,0,0,20,8,12,8,0,0,0
7846,50,dublin,GEORGES LANE,George's Lane,False,False,OPEN,2024-12-28 13:24:40,True,False,,,53.35023,-6.279696,40,1,39,0,1,0,1,40,1,39,0,1,0,1
7847,110,dublin,PHIBSBOROUGH ROAD,Phibsborough Road,False,False,OPEN,2024-12-28 13:25:33,True,False,,,53.356307,-6.273717,40,7,33,1,6,0,6,40,7,33,1,6,0,6
7848,12,dublin,ECCLES STREET,Eccles Street,False,False,OPEN,2024-12-28 13:25:57,True,False,,,53.359246,-6.269779,20,14,6,5,9,0,9,20,14,6,5,9,0,9
7849,34,dublin,PORTOBELLO HARBOUR,Portobello Harbour,False,False,OPEN,2024-12-28 13:22:43,True,False,,,53.330362,-6.265163,30,3,27,1,2,0,2,30,3,27,1,2,0,2
7850,78,dublin,MATER HOSPITAL,Mater Hospital,False,False,OPEN,2024-12-28 13:23:34,True,False,,,53.359967,-6.264828,40,0,40,0,0,0,0,40,0,40,0,0,0,0
7851,2,dublin,BLESSINGTON STREET,Blessington Street,False,False,OPEN,2024-12-28 13:20:40,True,False,,,53.356769,-6.26814,20,0,20,0,0,0,0,20,0,20,0,0,0,0
7852,75,dublin,JAMES STREET,James Street,False,False,OPEN,2024-12-28 13:24:06,True,False,,,53.343456,-6.287409,40,17,22,10,7,0,7,40,17,22,10,7,0,7
7853,111,dublin,MOUNTJOY SQUARE EAST,Mountjoy Square East,False,False,OPEN,2024-12-28 13:25:12,True,False,,,53.356717,-6.256359,40,3,37,2,1,0,1,40,3,37,2,1,0,1
7854,26,dublin,MERRION SQUARE WEST,Merrion Square West,False,False,OPEN,2024-12-28 13:22:07,True,False,,,53.339764,-6.251988,20,20,0,10,10,0,10,20,20,0,10,10,0,10
7855,65,dublin,CONVENTION CENTRE,Convention Centre,False,False,OPEN,2024-12-28 13:24:32,True,False,,,53.34744,-6.238523,40,7,33,4,3,0,3,40,7,33,4,3,0,3
7856,15,dublin,HARDWICKE STREET,Hardwicke Street,False,False,OPEN,2024-12-28 13:24:05,True,False,,,53.355473,-6.264423,16,0,16,0,0,0,0,16,0,16,0,0,0,0
7857,86,dublin,PARKGATE STREET,Parkgate Street,False,False,OPEN,2024-12-28 13:27:10,True,False,,,53.347972,-6.291804,38,25,13,1,24,0,24,38,25,13,1,24,0,24
7858,35,dublin,SMITHFIELD,Smithfield,False,False,OPEN,2024-12-28 13:25:07,True,False,,,53.347692,-6.278214,30,4,26,2,2,0,2,30,4,26,2,2,0,2
7859,10,dublin,DAME STREET,Dame Street,False,False,OPEN,2024-12-28 13:25:19,True,False,,,53.344007,-6.266802,16,16,0,13,3,0,3,16,16,0,13,3,0,3
7860,100,dublin,HEUSTON BRIDGE (SOUTH),Heuston Bridge (South),False,False,OPEN,2024-12-28 13:27:38,True,False,,,53.347106,-6.292041,25,12,13,4,8,0,8,25,12,13,4,8,0,8
7861,24,dublin,CATHAL BRUGHA STREET,Cathal Brugha Street,False,False,OPEN,2024-12-28 13:25:18,True,False,,,53.352149,-6.260533,20,9,11,8,1,0,1,20,9,11,8,1,0,1
7862,64,dublin,SANDWITH STREET,Sandwith Street,False,False,OPEN,2024-12-28 13:24:36,True,False,,,53.345203,-6.247163,40,18,22,14,4,0,4,40,18,22,14,4,0,4
7863,109,dublin,BUCKINGHAM STREET LOWER,Buckingham Street Lower,False,False,OPEN,2024-12-28 13:23:50,True,False,,,53.353331,-6.249319,29,8,21,0,8,0,8,29,8,21,0,8,0,8
7864,85,dublin,ROTHE ABBEY,Rothe Abbey,False,False,OPEN,2024-12-28 13:29:39,True,False,,,53.338776,-6.30395,35,25,10,12,13,0,13,35,25,10,12,13,0,13
7865,107,dublin,CHARLEVILLE ROAD,Charleville Road,False,False,OPEN,2024-12-28 13:21:40,True,False,,,53.359157,-6.281866,40,12,28,7,5,0,5,40,12,28,7,5,0,5
7866,33,dublin,PRINCES STREET / O'CONNELL STREET,Princes Street / O'Connell Street,False,False,OPEN,2024-12-28 13:26:03,True,False,,,53.349013,-6.260311,23,9,14,7,2,0,2,23,9,14,7,2,0,2
7867,44,dublin,UPPER SHERRARD STREET,Upper Sherrard Street,False,False,OPEN,2024-12-28 13:24:56,True,False,,,53.358437,-6.260641,30,0,30,0,0,0,0,30,0,30,0,0,0,0
7868,89,dublin,FITZWILLIAM SQUARE EAST,Fitzwilliam Square East,False,False,OPEN,2024-12-28 13:23:24,True,False,,,53.335211,-6.2509,40,21,19,12,9,0,9,40,21,19,12,9,0,9
7869,57,dublin,GRATTAN STREET,Grattan Street,False,False,OPEN,2024-12-28 13:21:40,True,False,,,53.339629,-6.243778,23,2,21,2,0,0,0,23,2,21,2,0,0,0
7870,80,dublin,ST JAMES HOSPITAL (LUAS),St James Hospital (Luas),False,False,OPEN,2024-12-28 13:23:49,True,False,,,53.341359,-6.292951,40,17,23,9,8,0,8,40,17,23,9,8,0,8
7871,41,dublin,HARCOURT TERRACE,Harcourt Terrace,False,False,OPEN,2024-12-28 13:20:51,True,False,,,53.332763,-6.257942,20,1,19,1,0,0,0,20,1,19,1,0,0,0
7872,3,dublin,BOLTON STREET,Bolton Street,False,False,OPEN,2024-12-28 13:23:11,True,False,,,53.351182,-6.269859,20,1,19,1,0,0,0,20,1,19,1,0,0,0
7873,40,dublin,JERVIS STREET,Jervis Street,False,False,OPEN,2024-12-28 13:25:33,True,False,,,53.3483,-6.266651,21,21,0,18,3,0,3,21,21,0,18,3,0,3
7874,29,dublin,ORMOND QUAY UPPER,Ormond Quay Upper,False,False,OPEN,2024-12-28 13:28:30,True,False,,,53.346057,-6.268001,29,15,14,9,6,0,6,29,15,14,9,6,0,6
7875,103,dublin,GRANGEGORMAN LOWER (SOUTH),Grangegorman Lower (South),False,False,OPEN,2024-12-28 13:22:07,True,False,,,53.354663,-6.278681,40,1,39,1,0,0,0,40,1,39,1,0,0,0
7876,28,dublin,MOUNTJOY SQUARE WEST,Mountjoy Square West,False,False,OPEN,2024-12-28 13:22:10,True,False,,,53.356299,-6.258586,30,1,29,0,1,0,1,30,1,29,0,1,0,1
7877,39,dublin,WILTON TERRACE,Wilton Terrace,False,False,OPEN,2024-12-28 13:23:44,True,False,,,53.332383,-6.252717,20,0,20,0,0,0,0,20,0,20,0,0,0,0
7878,83,dublin,EMMET ROAD,Emmet Road,False,False,OPEN,2024-12-28 13:24:03,True,False,,,53.340714,-6.308191,40,11,29,7,4,0,4,40,11,29,7,4,0,4
7879,92,dublin,HEUSTON BRIDGE (NORTH),Heuston Bridge (North),False,False,OPEN,2024-12-28 13:21:25,True,False,,,53.347802,-6.292432,40,29,11,23,6,0,6,40,29,11,23,6,0,6
7880,21,dublin,LEINSTER STREET SOUTH,Leinster Street South,False,False,OPEN,2024-12-28 13:21:15,True,False,,,53.34218,-6.254485,30,15,15,13,2,0,2,30,15,15,13,2,0,2
7881,88,dublin,BLACKHALL PLACE,Blackhall Place,False,False,OPEN,2024-12-28 13:22:12,True,False,,,53.3488,-6.281637,30,1,29,1,0,0,0,30,1,29,1,0,0,0
7882,42,dublin,SMITHFIELD NORTH,Smithfield North,False,False,OPEN,2024-12-28 13:42:52,True,False,,,53.349562,-6.278198,30,4,26,4,0,0,0,30,4,26,4,0,0,0
7883,30,dublin,PARNELL SQUARE NORTH,Parnell Square North,False,False,OPEN,2024-12-28 13:45:45,True,False,,,53.3537415547453,-6.26530144781526,20,2,18,0,2,0,2,20,2,18,0,2,0,2
7884,54,dublin,CLONMEL STREET,Clonmel Street,False,False,OPEN,2024-12-28 13:41:36,True,False,,,53.336021,-6.26298,33,17,16,5,12,0,12,33,17,16,5,12,0,12
7885,108,dublin,AVONDALE ROAD,Avondale Road,False,False,OPEN,2024-12-28 13:43:48,True,False,,,53.359405,-6.276142,35,10,25,8,2,0,2,35,10,25,8,2,0,2
7886,20,dublin,JAMES STREET EAST,James Street East,False,False,OPEN,2024-12-28 13:44:31,True,False,,,53.336597,-6.248109,30,3,27,3,0,0,0,30,3,27,3,0,0,0
7887,56,dublin,MOUNT STREET LOWER,Mount Street Lower,False,False,OPEN,2024-12-28 13:43:23,True,False,,,53.33796,-6.24153,40,18,22,6,12,0,12,40,18,22,6,12,0,12
7888,6,dublin,CHRISTCHURCH PLACE,Christchurch Place,False,False,OPEN,2024-12-28 13:41:08,True,False,,,53.343368,-6.27012,20,3,17,2,1,0,1,20,3,17,2,1,0,1
7889,18,dublin,GRANTHAM STREET,Grantham Street,False,False,OPEN,2024-12-28 13:47:38,True,False,,,53.334123,-6.265436,30,7,23,1,6,0,6,30,7,23,1,6,0,6
7890,32,dublin,PEARSE STREET,Pearse Street,False,False,OPEN,2024-12-28 13:41:04,True,False,,,53.344304,-6.250427,30,28,2,19,9,0,9,30,28,2,19,9,0,9
7891,52,dublin,YORK STREET EAST,York Street East,False,False,OPEN,2024-12-28 13:42:32,True,False,,,53.338755,-6.262003,32,23,9,9,14,0,14,32,23,9,9,14,0,14
7892,48,dublin,EXCISE WALK,Excise Walk,False,False,OPEN,2024-12-28 13:42:46,True,False,,,53.347777,-6.244239,40,2,38,1,1,0,1,40,2,38,1,1,0,1
7893,13,dublin,FITZWILLIAM SQUARE WEST,Fitzwilliam Square West,False,False,OPEN,2024-12-28 13:42:29,True,False,,,53.336074,-6.252825,30,28,2,12,16,0,16,30,28,2,12,16,0,16
7894,43,dublin,PORTOBELLO ROAD,Portobello Road,False,False,OPEN,2024-12-28 13:42:43,True,False,,,53.330091,-6.268044,30,14,16,9,5,0,5,30,14,16,9,5,0,5
7895,31,dublin,PARNELL STREET,Parnell Street,False,False,OPEN,2024-12-28 13:49:09,True,False,,,53.350929,-6.265125,20,3,17,3,0,0,0,20,3,17,3,0,0,0
7896,98,dublin,FREDERICK STREET SOUTH,Frederick Street South,False,False,OPEN,2024-12-28 13:44:13,True,False,,,53.341515,-6.256853,40,25,15,13,12,0,12,40,25,15,13,12,0,12
7897,14,dublin,FOWNES STREET UPPER,Fownes Street Upper,False,False,OPEN,2024-12-28 13:44:22,True,False,,,53.344603,-6.263371,30,6,24,3,3,0,3,30,6,24,3,3,0,3
7898,1,dublin,CLARENDON ROW,Clarendon Row,False,False,OPEN,2024-12-28 13:43:55,True,False,,,53.340927,-6.262501,31,28,3,19,9,0,9,31,28,3,19,9,0,9
7899,23,dublin,CUSTOM HOUSE,Custom House,False,False,OPEN,2024-12-28 13:43:29,True,False,,,53.348279,-6.254662,30,24,6,10,14,0,14,30,24,6,10,14,0,14
7900,106,dublin,RATHDOWN ROAD,Rathdown Road,False,False,OPEN,2024-12-28 13:42:11,True,False,,,53.35893,-6.280337,40,26,14,16,10,0,10,40,26,14,16,10,0,10
7901,112,dublin,NORTH CIRCULAR ROAD (O'CONNELL'S),North Circular Road (O'Connell's),False,False,OPEN,2024-12-28 13:44:45,True,False,,,53.357841,-6.251557,30,17,13,7,10,0,10,30,17,13,7,10,0,10
7902,68,dublin,HANOVER QUAY,Hanover Quay,False,False,OPEN,2024-12-28 13:42:36,True,False,,,53.344115,-6.237153,40,28,12,17,11,0,11,40,28,12,17,11,0,11
7903,74,dublin,OLIVER BOND STREET,Oliver Bond Street,False,False,OPEN,2024-12-28 13:43:40,True,False,,,53.343893,-6.280531,30,19,11,15,4,0,4,30,19,11,15,4,0,4
7904,87,dublin,COLLINS BARRACKS MUSEUM,Collins Barracks Museum,False,False,OPEN,2024-12-28 13:44:43,True,False,,,53.347477,-6.28525,38,22,16,12,10,0,10,38,22,16,12,10,0,10
7905,84,dublin,BROOKFIELD ROAD,Brookfield Road,False,False,OPEN,2024-12-28 13:43:44,True,False,,,53.339005,-6.300217,30,11,19,6,5,0,5,30,11,19,6,5,0,5
7906,90,dublin,BENSON STREET,Benson Street,False,False,OPEN,2024-12-28 13:45:06,True,False,,,53.344153,-6.233451,40,1,39,0,1,0,1,40,1,39,0,1,0,1
7907,11,dublin,EARLSFORT TERRACE,Earlsfort Terrace,False,False,OPEN,2024-12-28 13:40:18,True,False,,,53.334295,-6.258503,30,18,12,14,4,0,4,30,18,12,14,4,0,4
7908,17,dublin,GOLDEN LANE,Golden Lane,False,False,OPEN,2024-12-28 13:47:19,True,False,,,53.340803,-6.267732,20,20,0,6,14,0,14,20,20,0,6,14,0,14
7909,45,dublin,DEVERELL PLACE,Deverell Place,False,False,OPEN,2024-12-28 13:44:49,True,False,,,53.351464,-6.255265,30,9,21,3,6,0,6,30,9,21,3,6,0,6
7910,114,dublin,WILTON TERRACE (PARK),Wilton Terrace (Park),False,False,OPEN,2024-12-28 13:47:34,True,False,,,53.333653,-6.248345,40,0,40,0,0,0,0,40,0,40,0,0,0,0
7911,72,dublin,JOHN STREET WEST,John Street West,False,False,OPEN,2024-12-28 13:45:24,True,False,,,53.343105,-6.277167,31,0,31,0,0,0,0,31,0,31,0,0,0,0
7912,63,dublin,FENIAN STREET,Fenian Street,False,False,OPEN,2024-12-28 13:44:22,True,False,,,53.341428,-6.24672,35,25,10,14,11,0,11,35,25,10,14,11,0,11
7913,113,dublin,MERRION SQUARE SOUTH,Merrion Square South,False,False,OPEN,2024-12-28 13:43:09,True,False,,,53.338614,-6.248606,40,7,22,6,1,0,1,40,7,22,6,1,0,1
7914,91,dublin,SOUTH DOCK ROAD,South Dock Road,False,False,OPEN,2024-12-28 13:41:39,True,False,,,53.341833,-6.231291,30,21,9,13,8,0,8,30,21,9,13,8,0,8
7915,99,dublin,CITY QUAY,City Quay,False,False,OPEN,2024-12-28 13:43:05,True,False,,,53.346637,-6.246154,30,20,10,10,10,0,10,30,20,10,10,10,0,10
7916,9,dublin,EXCHEQUER STREET,Exchequer Street,False,False,OPEN,2024-12-28 13:45:53,True,False,,,53.343034,-6.263578,24,5,19,4,1,0,1,24,5,19,4,1,0,1
7917,67,dublin,THE POINT,The Point,False,False,OPEN,2024-12-28 13:43:28,True,False,,,53.346867,-6.230852,40,17,23,10,7,0,7,40,17,23,10,7,0,7
7918,116,dublin,BROADSTONE,Broadstone,False,False,OPEN,2024-12-28 13:39:57,True,False,,,53.3547,-6.272314,30,10,20,1,9,0,9,30,10,20,1,9,0,9
7919,55,dublin,HATCH STREET,Hatch Street,False,False,OPEN,2024-12-28 13:44:34,True,False,,,53.33403,-6.260714,36,15,21,9,6,0,6,36,15,21,9,6,0,6
7920,62,dublin,LIME STREET,Lime Street,False,False,OPEN,2024-12-28 13:41:56,True,False,,,53.346026,-6.243576,40,12,28,3,9,0,9,40,12,28,3,9,0,9
7921,5,dublin,CHARLEMONT PLACE,Charlemont Street,False,False,OPEN,2024-12-28 13:44:52,True,False,,,53.330662,-6.260177,40,24,15,21,3,0,3,40,24,15,21,3,0,3
7922,97,dublin,KILMAINHAM GAOL,Kilmainham Gaol,False,False,OPEN,2024-12-28 13:41:32,True,False,,,53.342113,-6.310015,40,25,15,14,11,0,11,40,25,15,14,11,0,11
7923,61,dublin,HARDWICKE PLACE,Hardwicke Place,False,False,OPEN,2024-12-28 13:40:35,True,False,,,53.357043,-6.263232,25,0,25,0,0,0,0,25,0,25,0,0,0,0
7924,77,dublin,WOLFE TONE STREET,Wolfe Tone Street,False,False,OPEN,2024-12-28 13:48:33,True,False,,,53.348875,-6.267459,29,16,13,8,8,0,8,29,16,13,8,8,0,8
7925,73,dublin,FRANCIS STREET,Francis Street,False,False,OPEN,2024-12-28 13:48:29,True,False,,,53.342081,-6.275233,30,1,29,1,0,0,0,30,1,29,1,0,0,0
7926,4,dublin,GREEK STREET,Greek Street,False,False,OPEN,2024-12-28 13:44:47,True,False,,,53.346874,-6.272976,20,15,5,6,9,0,9,20,15,5,6,9,0,9
7927,49,dublin,GUILD STREET,Guild Street,False,False,OPEN,2024-12-28 13:48:12,True,False,,,53.347932,-6.240928,40,31,9,23,8,0,8,40,31,9,23,8,0,8
7928,19,dublin,HERBERT PLACE,Herbert Place,False,False,OPEN,2024-12-28 13:44:05,True,False,,,53.334432,-6.245575,30,11,19,7,4,0,4,30,11,19,7,4,0,4
7929,7,dublin,HIGH STREET,High Street,False,False,OPEN,2024-12-28 13:47:35,True,False,,,53.343565,-6.275071,29,14,15,8,6,0,6,29,14,15,8,6,0,6
7930,60,dublin,NORTH CIRCULAR ROAD,North Circular Road,False,False,OPEN,2024-12-28 13:44:52,True,False,,,53.359624,-6.260348,30,1,29,0,1,0,1,30,1,29,0,1,0,1
7931,102,dublin,WESTERN WAY,Western Way,False,False,OPEN,2024-12-28 13:42:53,True,False,,,53.354929,-6.269425,40,22,18,18,4,0,4,40,22,18,18,4,0,4
7932,38,dublin,TALBOT STREET,Talbot Street,False,False,OPEN,2024-12-28 13:47:24,True,False,,,53.350974,-6.25294,40,24,16,20,4,0,4,40,24,16,20,4,0,4
7933,53,dublin,NEWMAN HOUSE,Newman House,False,False,OPEN,2024-12-28 13:42:30,True,False,,,53.337132,-6.26059,40,10,30,10,0,0,0,40,10,30,10,0,0,0
7934,58,dublin,SIR PATRICK DUN'S,Sir Patrick's Dun,False,False,OPEN,2024-12-28 13:44:28,True,False,,,53.339218,-6.240642,40,27,13,21,6,0,6,40,27,13,21,6,0,6
7935,66,dublin,NEW CENTRAL BANK,New Central Bank,False,False,OPEN,2024-12-28 13:40:48,True,False,,,53.347122,-6.234749,40,2,38,0,2,0,2,40,2,38,0,2,0,2
7936,104,dublin,GRANGEGORMAN LOWER (CENTRAL),Grangegorman Lower (Central),False,False,OPEN,2024-12-28 13:44:25,True,False,,,53.355173,-6.278424,40,1,39,1,0,0,0,40,1,39,1,0,0,0
7937,101,dublin,KING STREET NORTH,King Street North,False,False,OPEN,2024-12-28 13:40:32,True,False,,,53.350291,-6.273507,30,8,22,6,2,0,2,30,8,22,6,2,0,2
7938,115,dublin,KILLARNEY STREET,Killarney Street,False,False,OPEN,2024-12-28 13:45:34,True,False,,,53.354845,-6.247579,30,9,20,5,4,0,4,30,9,20,5,4,0,4
7939,47,dublin,HERBERT STREET,Herbert Street,False,False,OPEN,2024-12-28 13:49:01,True,False,,,53.335742,-6.24551,40,0,40,0,0,0,0,40,0,40,0,0,0,0
7940,117,dublin,HANOVER QUAY EAST,Hanover Quay East,False,False,OPEN,2024-12-28 13:43:36,True,False,,,53.343653,-6.231755,40,6,34,2,4,0,4,40,6,34,2,4,0,4
7941,8,dublin,CUSTOM HOUSE QUAY,Custom House Quay,False,False,OPEN,2024-12-28 13:43:44,True,False,,,53.347884,-6.248048,30,26,4,21,5,0,5,30,26,4,21,5,0,5
7942,27,dublin,MOLESWORTH STREET,Molesworth Street,False,False,OPEN,2024-12-28 13:48:56,True,False,,,53.341288,-6.258117,20,13,7,4,9,0,9,20,13,7,4,9,0,9
7943,16,dublin,GEORGES QUAY,Georges Quay,False,False,OPEN,2024-12-28 13:49:44,True,False,,,53.347508,-6.252192,20,16,4,8,8,0,8,20,16,4,8,8,0,8
7944,96,dublin,KILMAINHAM LANE,Kilmainham Lane,False,False,OPEN,2024-12-28 13:49:41,True,False,,,53.341805,-6.305085,30,1,29,1,0,0,0,30,1,29,1,0,0,0
7945,82,dublin,MOUNT BROWN,Mount Brown,False,False,OPEN,2024-12-28 13:41:44,True,False,,,53.341645,-6.29719,22,6,16,0,6,0,6,22,6,16,0,6,0,6
7946,76,dublin,MARKET STREET SOUTH,Market Street South,False,False,OPEN,2024-12-28 13:40:23,True,False,,,53.342296,-6.287661,38,1,37,1,0,0,0,38,1,37,1,0,0,0
7947,71,dublin,KEVIN STREET,Kevin Street,False,False,OPEN,2024-12-28 13:47:28,True,False,,,53.337757,-6.267699,40,14,26,8,6,0,6,40,14,26,8,6,0,6
7948,79,dublin,ECCLES STREET EAST,Eccles Street East,False,False,OPEN,2024-12-28 13:43:23,True,False,,,53.358115,-6.265601,27,0,27,0,0,0,0,27,0,27,0,0,0,0
7949,69,dublin,GRAND CANAL DOCK,Grand Canal Dock,False,False,OPEN,2024-12-28 13:44:19,True,False,,,53.342638,-6.238695,40,19,20,15,4,0,4,40,19,20,15,4,0,4
7950,25,dublin,MERRION SQUARE EAST,Merrion Square East,False,False,OPEN,2024-12-28 13:48:43,True,False,,,53.339434,-6.246548,30,0,30,0,0,0,0,30,0,30,0,0,0,0
7951,51,dublin,YORK STREET WEST,York Street West,False,False,OPEN,2024-12-28 13:41:07,True,False,,,53.339334,-6.264699,40,0,0,0,0,0,0,40,0,0,0,0,0,0
7952,37,dublin,ST. STEPHEN'S GREEN SOUTH,St. Stephen's Green South,False,False,OPEN,2024-12-28 13:42:13,True,False,,,53.337494,-6.26199,30,16,14,9,7,0,7,30,16,14,9,7,0,7
7953,59,dublin,DENMARK STREET GREAT,Denmark Street Great,False,False,OPEN,2024-12-28 13:44:42,True,False,,,53.35561,-6.261397,20,0,20,0,0,0,0,20,0,20,0,0,0,0
7954,95,dublin,ROYAL HOSPITAL,Royal Hospital,False,False,OPEN,2024-12-28 13:44:51,True,False,,,53.343897,-6.29706,40,23,17,14,9,0,9,40,23,17,14,9,0,9
7955,94,dublin,HEUSTON STATION (CAR PARK),Heuston Station (Car Park),False,False,OPEN,2024-12-28 13:43:16,True,False,,,53.346985,-6.297804,40,10,30,10,0,0,0,40,10,30,10,0,0,0
7956,105,dublin,GRANGEGORMAN LOWER (NORTH),Grangegorman Lower (North),False,False,OPEN,2024-12-28 13:43:59,True,False,,,53.355954,-6.278378,36,3,33,2,1,0,1,36,3,33,2,1,0,1
7957,36,dublin,ST. STEPHEN'S GREEN EAST,St. Stephen's Green East,False,False,OPEN,2024-12-28 13:46:46,True,False,,,53.337824,-6.256035,40,22,18,10,12,0,12,40,22,18,10,12,0,12
7958,93,dublin,HEUSTON STATION (CENTRAL),Heuston Station (Central),False,False,OPEN,2024-12-28 13:41:14,True,False,,,53.346603,-6.296924,40,14,26,14,0,0,0,40,14,26,14,0,0,0
7959,22,dublin,TOWNSEND STREET,Townsend Street,False,False,OPEN,2024-12-28 13:42:43,True,False,,,53.345922,-6.254614,20,8,12,8,0,0,0,20,8,12,8,0,0,0
7960,50,dublin,GEORGES LANE,George's Lane,False,False,OPEN,2024-12-28 13:45:55,True,False,,,53.35023,-6.279696,40,2,38,1,1,0,1,40,2,38,1,1,0,1
7961,110,dublin,PHIBSBOROUGH ROAD,Phibsborough Road,False,False,OPEN,2024-12-28 13:45:41,True,False,,,53.356307,-6.273717,40,7,33,1,6,0,6,40,7,33,1,6,0,6
7962,12,dublin,ECCLES STREET,Eccles Street,False,False,OPEN,2024-12-28 13:43:52,True,False,,,53.359246,-6.269779,20,13,7,4,9,0,9,20,13,7,4,9,0,9
7963,34,dublin,PORTOBELLO HARBOUR,Portobello Harbour,False,False,OPEN,2024-12-28 13:47:22,True,False,,,53.330362,-6.265163,30,2,28,1,1,0,1,30,2,28,1,1,0,1
7964,78,dublin,MATER HOSPITAL,Mater Hospital,False,False,OPEN,2024-12-28 13:43:43,True,False,,,53.359967,-6.264828,40,0,40,0,0,0,0,40,0,40,0,0,0,0
7965,2,dublin,BLESSINGTON STREET,Blessington Street,False,False,OPEN,2024-12-28 13:49:43,True,False,,,53.356769,-6.26814,20,1,19,1,0,0,0,20,1,19,1,0,0,0
7966,75,dublin,JAMES STREET,James Street,False,False,OPEN,2024-12-28 13:49:39,True,False,,,53.343456,-6.287409,40,20,20,10,10,0,10,40,20,20,10,10,0,10
7967,111,dublin,MOUNTJOY SQUARE EAST,Mountjoy Square East,False,False,OPEN,2024-12-28 13:42:19,True,False,,,53.356717,-6.256359,40,3,37,2,1,0,1,40,3,37,2,1,0,1
7968,26,dublin,MERRION SQUARE WEST,Merrion Square West,False,False,OPEN,2024-12-28 13:42:18,True,False,,,53.339764,-6.251988,20,20,0,10,10,0,10,20,20,0,10,10,0,10
7969,65,dublin,CONVENTION CENTRE,Convention Centre,False,False,OPEN,2024-12-28 13:44:40,True,False,,,53.34744,-6.238523,40,7,33,4,3,0,3,40,7,33,4,3,0,3
7970,15,dublin,HARDWICKE STREET,Hardwicke Street,False,False,OPEN,2024-12-28 13:44:12,True,False,,,53.355473,-6.264423,16,0,16,0,0,0,0,16,0,16,0,0,0,0
7971,86,dublin,PARKGATE STREET,Parkgate Street,False,False,OPEN,2024-12-28 13:43:29,True,False,,,53.347972,-6.291804,38,24,14,1,23,0,23,38,24,14,1,23,0,23
7972,35,dublin,SMITHFIELD,Smithfield,False,False,OPEN,2024-12-28 13:46:44,True,False,,,53.347692,-6.278214,30,2,28,0,2,0,2,30,2,28,0,2,0,2
7973,10,dublin,DAME STREET,Dame Street,False,False,OPEN,2024-12-28 13:45:28,True,False,,,53.344007,-6.266802,16,16,0,13,3,0,3,16,16,0,13,3,0,3
7974,100,dublin,HEUSTON BRIDGE (SOUTH),Heuston Bridge (South),False,False,OPEN,2024-12-28 13:45:59,True,False,,,53.347106,-6.292041,25,10,15,2,8,0,8,25,10,15,2,8,0,8
7975,24,dublin,CATHAL BRUGHA STREET,Cathal Brugha Street,False,False,OPEN,2024-12-28 13:45:20,True,False,,,53.352149,-6.260533,20,10,10,8,2,0,2,20,10,10,8,2,0,2
7976,64,dublin,SANDWITH STREET,Sandwith Street,False,False,OPEN,2024-12-28 13:49:07,True,False,,,53.345203,-6.247163,40,19,21,15,4,0,4,40,19,21,15,4,0,4
7977,109,dublin,BUCKINGHAM STREET LOWER,Buckingham Street Lower,False,False,OPEN,2024-12-28 13:43:59,True,False,,,53.353331,-6.249319,29,7,22,0,7,0,7,29,7,22,0,7,0,7
7978,85,dublin,ROTHE ABBEY,Rothe Abbey,False,False,OPEN,2024-12-28 13:49:49,True,False,,,53.338776,-6.30395,35,25,10,12,13,0,13,35,25,10,12,13,0,13
7979,107,dublin,CHARLEVILLE ROAD,Charleville Road,False,False,OPEN,2024-12-28 13:41:49,True,False,,,53.359157,-6.281866,40,11,29,6,5,0,5,40,11,29,6,5,0,5
7980,33,dublin,PRINCES STREET / O'CONNELL STREET,Princes Street / O'Connell Street,False,False,OPEN,2024-12-28 13:47:46,True,False,,,53.349013,-6.260311,23,15,8,12,3,0,3,23,15,8,12,3,0,3
7981,44,dublin,UPPER SHERRARD STREET,Upper Sherrard Street,False,False,OPEN,2024-12-28 13:45:09,True,False,,,53.358437,-6.260641,30,0,30,0,0,0,0,30,0,30,0,0,0,0
7982,89,dublin,FITZWILLIAM SQUARE EAST,Fitzwilliam Square East,False,False,OPEN,2024-12-28 13:43:32,True,False,,,53.335211,-6.2509,40,21,19,12,9,0,9,40,21,19,12,9,0,9
7983,57,dublin,GRATTAN STREET,Grattan Street,False,False,OPEN,2024-12-28 13:41:50,True,False,,,53.339629,-6.243778,23,1,22,1,0,0,0,23,1,22,1,0,0,0
7984,80,dublin,ST JAMES HOSPITAL (LUAS),St James Hospital (Luas),False,False,OPEN,2024-12-28 13:43:56,True,False,,,53.341359,-6.292951,40,17,23,9,8,0,8,40,17,23,9,8,0,8
7985,41,dublin,HARCOURT TERRACE,Harcourt Terrace,False,False,OPEN,2024-12-28 13:41:03,True,False,,,53.332763,-6.257942,20,0,20,0,0,0,0,20,0,20,0,0,0,0
7986,3,dublin,BOLTON STREET,Bolton Street,False,False,OPEN,2024-12-28 13:43:21,True,False,,,53.351182,-6.269859,20,1,19,1,0,0,0,20,1,19,1,0,0,0
7987,40,dublin,JERVIS STREET,Jervis Street,False,False,OPEN,2024-12-28 13:48:53,True,False,,,53.3483,-6.266651,21,20,1,17,3,0,3,21,20,1,17,3,0,3
7988,29,dublin,ORMOND QUAY UPPER,Ormond Quay Upper,False,False,OPEN,2024-12-28 13:45:29,True,False,,,53.346057,-6.268001,29,19,10,12,7,0,7,29,19,10,12,7,0,7
7989,103,dublin,GRANGEGORMAN LOWER (SOUTH),Grangegorman Lower (South),False,False,OPEN,2024-12-28 13:42:14,True,False,,,53.354663,-6.278681,40,1,39,1,0,0,0,40,1,39,1,0,0,0
7990,28,dublin,MOUNTJOY SQUARE WEST,Mountjoy Square West,False,False,OPEN,2024-12-28 13:42:20,True,False,,,53.356299,-6.258586,30,2,28,1,1,0,1,30,2,28,1,1,0,1
7991,39,dublin,WILTON TERRACE,Wilton Terrace,False,False,OPEN,2024-12-28 13:43:53,True,False,,,53.332383,-6.252717,20,0,20,0,0,0,0,20,0,20,0,0,0,0
7992,83,dublin,EMMET ROAD,Emmet Road,False,False,OPEN,2024-12-28 13:44:14,True,False,,,53.340714,-6.308191,40,12,28,8,4,0,4,40,12,28,8,4,0,4
7993,92,dublin,HEUSTON BRIDGE (NORTH),Heuston Bridge (North),False,False,OPEN,2024-12-28 13:41:35,True,False,,,53.347802,-6.292432,40,30,10,24,6,0,6,40,30,10,24,6,0,6
7994,21,dublin,LEINSTER STREET SOUTH,Leinster Street South,False,False,OPEN,2024-12-28 13:44:31,True,False,,,53.34218,-6.254485,30,14,16,13,1,0,1,30,14,16,13,1,0,1
7995,88,dublin,BLACKHALL PLACE,Blackhall Place,False,False,OPEN,2024-12-28 13:44:50,True,False,,,53.3488,-6.281637,30,0,30,0,0,0,0,30,0,30,0,0,0,0
7996,42,dublin,SMITHFIELD NORTH,Smithfield North,False,False,OPEN,2024-12-28 14:07:30,True,False,,,53.349562,-6.278198,30,5,25,5,0,0,0,30,5,25,5,0,0,0
7997,30,dublin,PARNELL SQUARE NORTH,Parnell Square North,False,False,OPEN,2024-12-28 14:05:55,True,False,,,53.3537415547453,-6.26530144781526,20,2,18,0,2,0,2,20,2,18,0,2,0,2
7998,54,dublin,CLONMEL STREET,Clonmel Street,False,False,OPEN,2024-12-28 14:01:47,True,False,,,53.336021,-6.26298,33,17,16,5,12,0,12,33,17,16,5,12,0,12
7999,108,dublin,AVONDALE ROAD,Avondale Road,False,False,OPEN,2024-12-28 14:03:59,True,False,,,53.359405,-6.276142,35,9,26,7,2,0,2,35,9,26,7,2,0,2
8000,20,dublin,JAMES STREET EAST,James Street East,False,False,OPEN,2024-12-28 14:04:39,True,False,,,53.336597,-6.248109,30,3,27,3,0,0,0,30,3,27,3,0,0,0
8001,56,dublin,MOUNT STREET LOWER,Mount Street Lower,False,False,OPEN,2024-12-28 14:01:08,True,False,,,53.33796,-6.24153,40,16,24,4,12,0,12,40,16,24,4,12,0,12
8002,6,dublin,CHRISTCHURCH PLACE,Christchurch Place,False,False,OPEN,2024-12-28 14:01:21,True,False,,,53.343368,-6.27012,20,0,20,0,0,0,0,20,0,20,0,0,0,0
8003,18,dublin,GRANTHAM STREET,Grantham Street,False,False,OPEN,2024-12-28 14:04:05,True,False,,,53.334123,-6.265436,30,8,22,2,6,0,6,30,8,22,2,6,0,6
8004,32,dublin,PEARSE STREET,Pearse Street,False,False,OPEN,2024-12-28 14:07:09,True,False,,,53.344304,-6.250427,30,30,0,20,10,0,10,30,30,0,20,10,0,10
8005,52,dublin,YORK STREET EAST,York Street East,False,False,OPEN,2024-12-28 14:02:43,True,False,,,53.338755,-6.262003,32,24,8,10,14,0,14,32,24,8,10,14,0,14
8006,48,dublin,EXCISE WALK,Excise Walk,False,False,OPEN,2024-12-28 14:05:42,True,False,,,53.347777,-6.244239,40,1,39,1,0,0,0,40,1,39,1,0,0,0
8007,13,dublin,FITZWILLIAM SQUARE WEST,Fitzwilliam Square West,False,False,OPEN,2024-12-28 14:07:35,True,False,,,53.336074,-6.252825,30,26,4,11,15,0,15,30,26,4,11,15,0,15
8008,43,dublin,PORTOBELLO ROAD,Portobello Road,False,False,OPEN,2024-12-28 14:02:50,True,False,,,53.330091,-6.268044,30,14,16,9,5,0,5,30,14,16,9,5,0,5
8009,31,dublin,PARNELL STREET,Parnell Street,False,False,OPEN,2024-12-28 14:01:39,True,False,,,53.350929,-6.265125,20,1,19,1,0,0,0,20,1,19,1,0,0,0
8010,98,dublin,FREDERICK STREET SOUTH,Frederick Street South,False,False,OPEN,2024-12-28 14:04:23,True,False,,,53.341515,-6.256853,40,25,15,13,12,0,12,40,25,15,13,12,0,12
8011,14,dublin,FOWNES STREET UPPER,Fownes Street Upper,False,False,OPEN,2024-12-28 14:04:58,True,False,,,53.344603,-6.263371,30,2,28,0,2,0,2,30,2,28,0,2,0,2
8012,1,dublin,CLARENDON ROW,Clarendon Row,False,False,OPEN,2024-12-28 14:06:03,True,False,,,53.340927,-6.262501,31,27,4,18,9,0,9,31,27,4,18,9,0,9
8013,23,dublin,CUSTOM HOUSE,Custom House,False,False,OPEN,2024-12-28 14:03:40,True,False,,,53.348279,-6.254662,30,24,6,9,15,0,15,30,24,6,9,15,0,15
8014,106,dublin,RATHDOWN ROAD,Rathdown Road,False,False,OPEN,2024-12-28 14:02:22,True,False,,,53.35893,-6.280337,40,26,14,16,10,0,10,40,26,14,16,10,0,10
8015,112,dublin,NORTH CIRCULAR ROAD (O'CONNELL'S),North Circular Road (O'Connell's),False,False,OPEN,2024-12-28 14:08:00,True,False,,,53.357841,-6.251557,30,18,12,8,10,0,10,30,18,12,8,10,0,10
8016,68,dublin,HANOVER QUAY,Hanover Quay,False,False,OPEN,2024-12-28 14:04:16,True,False,,,53.344115,-6.237153,40,30,10,19,11,0,11,40,30,10,19,11,0,11
8017,74,dublin,OLIVER BOND STREET,Oliver Bond Street,False,False,OPEN,2024-12-28 14:08:20,True,False,,,53.343893,-6.280531,30,17,13,14,3,0,3,30,17,13,14,3,0,3
8018,87,dublin,COLLINS BARRACKS MUSEUM,Collins Barracks Museum,False,False,OPEN,2024-12-28 14:04:55,True,False,,,53.347477,-6.28525,38,21,17,11,10,0,10,38,21,17,11,10,0,10
8019,84,dublin,BROOKFIELD ROAD,Brookfield Road,False,False,OPEN,2024-12-28 14:03:55,True,False,,,53.339005,-6.300217,30,10,20,5,5,0,5,30,10,20,5,5,0,5
8020,90,dublin,BENSON STREET,Benson Street,False,False,OPEN,2024-12-28 14:05:13,True,False,,,53.344153,-6.233451,40,1,39,0,1,0,1,40,1,39,0,1,0,1
8021,11,dublin,EARLSFORT TERRACE,Earlsfort Terrace,False,False,OPEN,2024-12-28 14:04:55,True,False,,,53.334295,-6.258503,30,19,11,15,4,0,4,30,19,11,15,4,0,4
8022,17,dublin,GOLDEN LANE,Golden Lane,False,False,OPEN,2024-12-28 14:01:52,True,False,,,53.340803,-6.267732,20,15,5,5,10,0,10,20,15,5,5,10,0,10
8023,45,dublin,DEVERELL PLACE,Deverell Place,False,False,OPEN,2024-12-28 14:04:58,True,False,,,53.351464,-6.255265,30,9,21,3,6,0,6,30,9,21,3,6,0,6
8024,114,dublin,WILTON TERRACE (PARK),Wilton Terrace (Park),False,False,OPEN,2024-12-28 14:07:41,True,False,,,53.333653,-6.248345,40,0,40,0,0,0,0,40,0,40,0,0,0,0
8025,72,dublin,JOHN STREET WEST,John Street West,False,False,OPEN,2024-12-28 14:05:32,True,False,,,53.343105,-6.277167,31,0,31,0,0,0,0,31,0,31,0,0,0,0
8026,63,dublin,FENIAN STREET,Fenian Street,False,False,OPEN,2024-12-28 14:04:31,True,False,,,53.341428,-6.24672,35,25,10,14,11,0,11,35,25,10,14,11,0,11
8027,113,dublin,MERRION SQUARE SOUTH,Merrion Square South,False,False,OPEN,2024-12-28 14:03:18,True,False,,,53.338614,-6.248606,40,7,22,6,1,0,1,40,7,22,6,1,0,1
8028,91,dublin,SOUTH DOCK ROAD,South Dock Road,False,False,OPEN,2024-12-28 14:01:50,True,False,,,53.341833,-6.231291,30,21,9,13,8,0,8,30,21,9,13,8,0,8
8029,99,dublin,CITY QUAY,City Quay,False,False,OPEN,2024-12-28 14:05:24,True,False,,,53.346637,-6.246154,30,20,10,9,11,0,11,30,20,10,9,11,0,11
8030,9,dublin,EXCHEQUER STREET,Exchequer Street,False,False,OPEN,2024-12-28 14:06:04,True,False,,,53.343034,-6.263578,24,7,17,5,2,0,2,24,7,17,5,2,0,2
8031,67,dublin,THE POINT,The Point,False,False,OPEN,2024-12-28 14:03:36,True,False,,,53.346867,-6.230852,40,17,23,10,7,0,7,40,17,23,10,7,0,7
8032,116,dublin,BROADSTONE,Broadstone,False,False,OPEN,2024-12-28 14:00:04,True,False,,,53.3547,-6.272314,30,10,20,1,9,0,9,30,10,20,1,9,0,9
8033,55,dublin,HATCH STREET,Hatch Street,False,False,OPEN,2024-12-28 14:04:42,True,False,,,53.33403,-6.260714,36,15,21,9,6,0,6,36,15,21,9,6,0,6
8034,62,dublin,LIME STREET,Lime Street,False,False,OPEN,2024-12-28 14:02:06,True,False,,,53.346026,-6.243576,40,12,28,3,9,0,9,40,12,28,3,9,0,9
8035,5,dublin,CHARLEMONT PLACE,Charlemont Street,False,False,OPEN,2024-12-28 14:07:20,True,False,,,53.330662,-6.260177,40,24,15,21,3,0,3,40,24,15,21,3,0,3
8036,97,dublin,KILMAINHAM GAOL,Kilmainham Gaol,False,False,OPEN,2024-12-28 14:09:23,True,False,,,53.342113,-6.310015,40,25,15,13,12,0,12,40,25,15,13,12,0,12
8037,61,dublin,HARDWICKE PLACE,Hardwicke Place,False,False,OPEN,2024-12-28 14:06:46,True,False,,,53.357043,-6.263232,25,1,24,1,0,0,0,25,1,24,1,0,0,0
8038,77,dublin,WOLFE TONE STREET,Wolfe Tone Street,False,False,OPEN,2024-12-28 14:09:37,True,False,,,53.348875,-6.267459,29,15,14,6,9,0,9,29,15,14,6,9,0,9
8039,73,dublin,FRANCIS STREET,Francis Street,False,False,OPEN,2024-12-28 14:08:08,True,False,,,53.342081,-6.275233,30,7,23,2,5,0,5,30,7,23,2,5,0,5
8040,4,dublin,GREEK STREET,Greek Street,False,False,OPEN,2024-12-28 14:05:00,True,False,,,53.346874,-6.272976,20,14,6,5,9,0,9,20,14,6,5,9,0,9
8041,49,dublin,GUILD STREET,Guild Street,False,False,OPEN,2024-12-28 14:06:24,True,False,,,53.347932,-6.240928,40,30,10,22,8,0,8,40,30,10,22,8,0,8
8042,19,dublin,HERBERT PLACE,Herbert Place,False,False,OPEN,2024-12-28 14:04:14,True,False,,,53.334432,-6.245575,30,11,19,7,4,0,4,30,11,19,7,4,0,4
8043,7,dublin,HIGH STREET,High Street,False,False,OPEN,2024-12-28 14:04:11,True,False,,,53.343565,-6.275071,29,13,16,8,5,0,5,29,13,16,8,5,0,5
8044,60,dublin,NORTH CIRCULAR ROAD,North Circular Road,False,False,OPEN,2024-12-28 14:08:35,True,False,,,53.359624,-6.260348,30,0,30,0,0,0,0,30,0,30,0,0,0,0
8045,102,dublin,WESTERN WAY,Western Way,False,False,OPEN,2024-12-28 14:03:04,True,False,,,53.354929,-6.269425,40,21,19,17,4,0,4,40,21,19,17,4,0,4
8046,38,dublin,TALBOT STREET,Talbot Street,False,False,OPEN,2024-12-28 14:06:05,True,False,,,53.350974,-6.25294,40,23,17,19,4,0,4,40,23,17,19,4,0,4
8047,53,dublin,NEWMAN HOUSE,Newman House,False,False,OPEN,2024-12-28 14:03:38,True,False,,,53.337132,-6.26059,40,11,29,11,0,0,0,40,11,29,11,0,0,0
8048,58,dublin,SIR PATRICK DUN'S,Sir Patrick's Dun,False,False,OPEN,2024-12-28 14:05:41,True,False,,,53.339218,-6.240642,40,26,14,21,5,0,5,40,26,14,21,5,0,5
8049,66,dublin,NEW CENTRAL BANK,New Central Bank,False,False,OPEN,2024-12-28 14:00:56,True,False,,,53.347122,-6.234749,40,0,40,0,0,0,0,40,0,40,0,0,0,0
8050,104,dublin,GRANGEGORMAN LOWER (CENTRAL),Grangegorman Lower (Central),False,False,OPEN,2024-12-28 14:04:36,True,False,,,53.355173,-6.278424,40,1,39,1,0,0,0,40,1,39,1,0,0,0
8051,101,dublin,KING STREET NORTH,King Street North,False,False,OPEN,2024-12-28 14:00:42,True,False,,,53.350291,-6.273507,30,9,21,7,2,0,2,30,9,21,7,2,0,2
8052,115,dublin,KILLARNEY STREET,Killarney Street,False,False,OPEN,2024-12-28 14:05:43,True,False,,,53.354845,-6.247579,30,9,20,5,4,0,4,30,9,20,5,4,0,4
8053,47,dublin,HERBERT STREET,Herbert Street,False,False,OPEN,2024-12-28 14:03:19,True,False,,,53.335742,-6.24551,40,0,40,0,0,0,0,40,0,40,0,0,0,0
8054,117,dublin,HANOVER QUAY EAST,Hanover Quay East,False,False,OPEN,2024-12-28 14:03:47,True,False,,,53.343653,-6.231755,40,6,34,2,4,0,4,40,6,34,2,4,0,4
8055,8,dublin,CUSTOM HOUSE QUAY,Custom House Quay,False,False,OPEN,2024-12-28 14:03:58,True,False,,,53.347884,-6.248048,30,27,3,22,5,0,5,30,27,3,22,5,0,5
8056,27,dublin,MOLESWORTH STREET,Molesworth Street,False,False,OPEN,2024-12-28 14:05:20,True,False,,,53.341288,-6.258117,20,14,6,5,9,0,9,20,14,6,5,9,0,9
8057,16,dublin,GEORGES QUAY,Georges Quay,False,False,OPEN,2024-12-28 13:59:50,True,False,,,53.347508,-6.252192,20,15,5,8,7,0,7,20,15,5,8,7,0,7
8058,96,dublin,KILMAINHAM LANE,Kilmainham Lane,False,False,OPEN,2024-12-28 14:09:50,True,False,,,53.341805,-6.305085,30,3,27,1,2,0,2,30,3,27,1,2,0,2
8059,82,dublin,MOUNT BROWN,Mount Brown,False,False,OPEN,2024-12-28 14:09:21,True,False,,,53.341645,-6.29719,22,7,15,1,6,0,6,22,7,15,1,6,0,6
8060,76,dublin,MARKET STREET SOUTH,Market Street South,False,False,OPEN,2024-12-28 14:00:32,True,False,,,53.342296,-6.287661,38,1,37,1,0,0,0,38,1,37,1,0,0,0
8061,71,dublin,KEVIN STREET,Kevin Street,False,False,OPEN,2024-12-28 14:01:43,True,False,,,53.337757,-6.267699,40,14,26,8,6,0,6,40,14,26,8,6,0,6
8062,79,dublin,ECCLES STREET EAST,Eccles Street East,False,False,OPEN,2024-12-28 14:03:32,True,False,,,53.358115,-6.265601,27,0,27,0,0,0,0,27,0,27,0,0,0,0
8063,69,dublin,GRAND CANAL DOCK,Grand Canal Dock,False,False,OPEN,2024-12-28 14:07:06,True,False,,,53.342638,-6.238695,40,24,15,19,5,0,5,40,24,15,19,5,0,5
8064,25,dublin,MERRION SQUARE EAST,Merrion Square East,False,False,OPEN,2024-12-28 14:08:53,True,False,,,53.339434,-6.246548,30,1,29,1,0,0,0,30,1,29,1,0,0,0
8065,51,dublin,YORK STREET WEST,York Street West,False,False,OPEN,2024-12-28 14:01:16,True,False,,,53.339334,-6.264699,40,0,0,0,0,0,0,40,0,0,0,0,0,0
8066,37,dublin,ST. STEPHEN'S GREEN SOUTH,St. Stephen's Green South,False,False,OPEN,2024-12-28 14:02:24,True,False,,,53.337494,-6.26199,30,16,14,9,7,0,7,30,16,14,9,7,0,7
8067,59,dublin,DENMARK STREET GREAT,Denmark Street Great,False,False,OPEN,2024-12-28 14:04:53,True,False,,,53.35561,-6.261397,20,0,20,0,0,0,0,20,0,20,0,0,0,0
8068,95,dublin,ROYAL HOSPITAL,Royal Hospital,False,False,OPEN,2024-12-28 14:06:05,True,False,,,53.343897,-6.29706,40,23,17,15,8,0,8,40,23,17,15,8,0,8
8069,94,dublin,HEUSTON STATION (CAR PARK),Heuston Station (Car Park),False,False,OPEN,2024-12-28 14:03:23,True,False,,,53.346985,-6.297804,40,10,30,10,0,0,0,40,10,30,10,0,0,0
8070,105,dublin,GRANGEGORMAN LOWER (NORTH),Grangegorman Lower (North),False,False,OPEN,2024-12-28 14:04:07,True,False,,,53.355954,-6.278378,36,3,33,2,1,0,1,36,3,33,2,1,0,1
8071,36,dublin,ST. STEPHEN'S GREEN EAST,St. Stephen's Green East,False,False,OPEN,2024-12-28 14:06:54,True,False,,,53.337824,-6.256035,40,22,18,10,12,0,12,40,22,18,10,12,0,12
8072,93,dublin,HEUSTON STATION (CENTRAL),Heuston Station (Central),False,False,OPEN,2024-12-28 14:01:21,True,False,,,53.346603,-6.296924,40,14,26,14,0,0,0,40,14,26,14,0,0,0
8073,22,dublin,TOWNSEND STREET,Townsend Street,False,False,OPEN,2024-12-28 14:07:00,True,False,,,53.345922,-6.254614,20,8,12,7,1,0,1,20,8,12,7,1,0,1
8074,50,dublin,GEORGES LANE,George's Lane,False,False,OPEN,2024-12-28 14:05:00,True,False,,,53.35023,-6.279696,40,1,39,0,1,0,1,40,1,39,0,1,0,1
8075,110,dublin,PHIBSBOROUGH ROAD,Phibsborough Road,False,False,OPEN,2024-12-28 14:05:50,True,False,,,53.356307,-6.273717,40,8,32,2,6,0,6,40,8,32,2,6,0,6
8076,12,dublin,ECCLES STREET,Eccles Street,False,False,OPEN,2024-12-28 14:03:49,True,False,,,53.359246,-6.269779,20,12,8,4,8,0,8,20,12,8,4,8,0,8
8077,34,dublin,PORTOBELLO HARBOUR,Portobello Harbour,False,False,OPEN,2024-12-28 14:04:16,True,False,,,53.330362,-6.265163,30,3,27,1,2,0,2,30,3,27,1,2,0,2
8078,78,dublin,MATER HOSPITAL,Mater Hospital,False,False,OPEN,2024-12-28 14:03:52,True,False,,,53.359967,-6.264828,40,1,39,0,1,0,1,40,1,39,0,1,0,1
8079,2,dublin,BLESSINGTON STREET,Blessington Street,False,False,OPEN,2024-12-28 14:00:57,True,False,,,53.356769,-6.26814,20,2,18,1,1,0,1,20,2,18,1,1,0,1
8080,75,dublin,JAMES STREET,James Street,False,False,OPEN,2024-12-28 14:04:27,True,False,,,53.343456,-6.287409,40,23,17,12,11,0,11,40,23,17,12,11,0,11
8081,111,dublin,MOUNTJOY SQUARE EAST,Mountjoy Square East,False,False,OPEN,2024-12-28 14:02:30,True,False,,,53.356717,-6.256359,40,3,37,2,1,0,1,40,3,37,2,1,0,1
8082,26,dublin,MERRION SQUARE WEST,Merrion Square West,False,False,OPEN,2024-12-28 14:02:29,True,False,,,53.339764,-6.251988,20,20,0,10,10,0,10,20,20,0,10,10,0,10
8083,65,dublin,CONVENTION CENTRE,Convention Centre,False,False,OPEN,2024-12-28 14:04:50,True,False,,,53.34744,-6.238523,40,6,34,4,2,0,2,40,6,34,4,2,0,2
8084,15,dublin,HARDWICKE STREET,Hardwicke Street,False,False,OPEN,2024-12-28 14:04:43,True,False,,,53.355473,-6.264423,16,0,16,0,0,0,0,16,0,16,0,0,0,0
8085,86,dublin,PARKGATE STREET,Parkgate Street,False,False,OPEN,2024-12-28 14:05:12,True,False,,,53.347972,-6.291804,38,27,11,1,26,0,26,38,27,11,1,26,0,26
8086,35,dublin,SMITHFIELD,Smithfield,False,False,OPEN,2024-12-28 14:05:28,True,False,,,53.347692,-6.278214,30,1,29,0,1,0,1,30,1,29,0,1,0,1
8087,10,dublin,DAME STREET,Dame Street,False,False,OPEN,2024-12-28 14:09:30,True,False,,,53.344007,-6.266802,16,14,2,11,3,0,3,16,14,2,11,3,0,3
8088,100,dublin,HEUSTON BRIDGE (SOUTH),Heuston Bridge (South),False,False,OPEN,2024-12-28 14:01:02,True,False,,,53.347106,-6.292041,25,11,14,3,8,0,8,25,11,14,3,8,0,8
8089,24,dublin,CATHAL BRUGHA STREET,Cathal Brugha Street,False,False,OPEN,2024-12-28 14:05:33,True,False,,,53.352149,-6.260533,20,10,10,8,2,0,2,20,10,10,8,2,0,2
8090,64,dublin,SANDWITH STREET,Sandwith Street,False,False,OPEN,2024-12-28 14:04:57,True,False,,,53.345203,-6.247163,40,19,21,15,4,0,4,40,19,21,15,4,0,4
8091,109,dublin,BUCKINGHAM STREET LOWER,Buckingham Street Lower,False,False,OPEN,2024-12-28 14:04:09,True,False,,,53.353331,-6.249319,29,7,22,0,7,0,7,29,7,22,0,7,0,7
8092,85,dublin,ROTHE ABBEY,Rothe Abbey,False,False,OPEN,2024-12-28 14:04:41,True,False,,,53.338776,-6.30395,35,22,13,9,13,0,13,35,22,13,9,13,0,13
8093,107,dublin,CHARLEVILLE ROAD,Charleville Road,False,False,OPEN,2024-12-28 14:05:57,True,False,,,53.359157,-6.281866,40,11,29,6,5,0,5,40,11,29,6,5,0,5
8094,33,dublin,PRINCES STREET / O'CONNELL STREET,Princes Street / O'Connell Street,False,False,OPEN,2024-12-28 14:04:04,True,False,,,53.349013,-6.260311,23,16,7,13,3,0,3,23,16,7,13,3,0,3
8095,44,dublin,UPPER SHERRARD STREET,Upper Sherrard Street,False,False,OPEN,2024-12-28 14:05:19,True,False,,,53.358437,-6.260641,30,0,30,0,0,0,0,30,0,30,0,0,0,0
8096,89,dublin,FITZWILLIAM SQUARE EAST,Fitzwilliam Square East,False,False,OPEN,2024-12-28 14:03:41,True,False,,,53.335211,-6.2509,40,20,20,11,9,0,9,40,20,20,11,9,0,9
8097,57,dublin,GRATTAN STREET,Grattan Street,False,False,OPEN,2024-12-28 14:01:58,True,False,,,53.339629,-6.243778,23,1,22,1,0,0,0,23,1,22,1,0,0,0
8098,80,dublin,ST JAMES HOSPITAL (LUAS),St James Hospital (Luas),False,False,OPEN,2024-12-28 14:04:04,True,False,,,53.341359,-6.292951,40,17,23,9,8,0,8,40,17,23,9,8,0,8
8099,41,dublin,HARCOURT TERRACE,Harcourt Terrace,False,False,OPEN,2024-12-28 14:01:14,True,False,,,53.332763,-6.257942,20,0,20,0,0,0,0,20,0,20,0,0,0,0
8100,3,dublin,BOLTON STREET,Bolton Street,False,False,OPEN,2024-12-28 14:03:31,True,False,,,53.351182,-6.269859,20,1,19,1,0,0,0,20,1,19,1,0,0,0
8101,40,dublin,JERVIS STREET,Jervis Street,False,False,OPEN,2024-12-28 14:07:50,True,False,,,53.3483,-6.266651,21,18,3,15,3,0,3,21,18,3,15,3,0,3
8102,29,dublin,ORMOND QUAY UPPER,Ormond Quay Upper,False,False,OPEN,2024-12-28 14:05:39,True,False,,,53.346057,-6.268001,29,19,10,12,7,0,7,29,19,10,12,7,0,7
8103,103,dublin,GRANGEGORMAN LOWER (SOUTH),Grangegorman Lower (South),False,False,OPEN,2024-12-28 14:02:22,True,False,,,53.354663,-6.278681,40,1,39,1,0,0,0,40,1,39,1,0,0,0
8104,28,dublin,MOUNTJOY SQUARE WEST,Mountjoy Square West,False,False,OPEN,2024-12-28 14:02:29,True,False,,,53.356299,-6.258586,30,2,28,1,1,0,1,30,2,28,1,1,0,1
8105,39,dublin,WILTON TERRACE,Wilton Terrace,False,False,OPEN,2024-12-28 14:04:00,True,False,,,53.332383,-6.252717,20,0,20,0,0,0,0,20,0,20,0,0,0,0
8106,83,dublin,EMMET ROAD,Emmet Road,False,False,OPEN,2024-12-28 14:04:25,True,False,,,53.340714,-6.308191,40,12,28,8,4,0,4,40,12,28,8,4,0,4
8107,92,dublin,HEUSTON BRIDGE (NORTH),Heuston Bridge (North),False,False,OPEN,2024-12-28 14:01:45,True,False,,,53.347802,-6.292432,40,29,11,23,6,0,6,40,29,11,23,6,0,6
8108,21,dublin,LEINSTER STREET SOUTH,Leinster Street South,False,False,OPEN,2024-12-28 14:01:37,True,False,,,53.34218,-6.254485,30,13,17,12,1,0,1,30,13,17,12,1,0,1
8109,88,dublin,BLACKHALL PLACE,Blackhall Place,False,False,OPEN,2024-12-28 14:02:31,True,False,,,53.3488,-6.281637,30,0,30,0,0,0,0,30,0,30,0,0,0,0
8110,42,dublin,SMITHFIELD NORTH,Smithfield North,False,False,OPEN,2024-12-28 14:27:33,True,False,,,53.349562,-6.278198,30,6,24,6,0,0,0,30,6,24,6,0,0,0
8111,30,dublin,PARNELL SQUARE NORTH,Parnell Square North,False,False,OPEN,2024-12-28 14:26:08,True,False,,,53.3537415547453,-6.26530144781526,20,2,18,0,2,0,2,20,2,18,0,2,0,2
8112,54,dublin,CLONMEL STREET,Clonmel Street,False,False,OPEN,2024-12-28 14:21:58,True,False,,,53.336021,-6.26298,33,17,16,5,12,0,12,33,17,16,5,12,0,12
8113,108,dublin,AVONDALE ROAD,Avondale Road,False,False,OPEN,2024-12-28 14:24:06,True,False,,,53.359405,-6.276142,35,9,26,7,2,0,2,35,9,26,7,2,0,2
8114,20,dublin,JAMES STREET EAST,James Street East,False,False,OPEN,2024-12-28 14:24:46,True,False,,,53.336597,-6.248109,30,3,27,3,0,0,0,30,3,27,3,0,0,0
8115,56,dublin,MOUNT STREET LOWER,Mount Street Lower,False,False,OPEN,2024-12-28 14:29:18,True,False,,,53.33796,-6.24153,40,16,24,5,11,0,11,40,16,24,5,11,0,11
8116,6,dublin,CHRISTCHURCH PLACE,Christchurch Place,False,False,OPEN,2024-12-28 14:21:29,True,False,,,53.343368,-6.27012,20,0,20,0,0,0,0,20,0,20,0,0,0,0
8117,18,dublin,GRANTHAM STREET,Grantham Street,False,False,OPEN,2024-12-28 14:24:14,True,False,,,53.334123,-6.265436,30,10,20,4,6,0,6,30,10,20,4,6,0,6
8118,32,dublin,PEARSE STREET,Pearse Street,False,False,OPEN,2024-12-28 14:21:22,True,False,,,53.344304,-6.250427,30,30,0,20,10,0,10,30,30,0,20,10,0,10
8119,52,dublin,YORK STREET EAST,York Street East,False,False,OPEN,2024-12-28 14:22:53,True,False,,,53.338755,-6.262003,32,24,8,10,14,0,14,32,24,8,10,14,0,14
8120,48,dublin,EXCISE WALK,Excise Walk,False,False,OPEN,2024-12-28 14:22:15,True,False,,,53.347777,-6.244239,40,1,39,1,0,0,0,40,1,39,1,0,0,0
8121,13,dublin,FITZWILLIAM SQUARE WEST,Fitzwilliam Square West,False,False,OPEN,2024-12-28 14:22:48,True,False,,,53.336074,-6.252825,30,26,4,11,15,0,15,30,26,4,11,15,0,15
8122,43,dublin,PORTOBELLO ROAD,Portobello Road,False,False,OPEN,2024-12-28 14:22:58,True,False,,,53.330091,-6.268044,30,15,15,10,5,0,5,30,15,15,10,5,0,5
8123,31,dublin,PARNELL STREET,Parnell Street,False,False,OPEN,2024-12-28 14:22:40,True,False,,,53.350929,-6.265125,20,2,18,2,0,0,0,20,2,18,2,0,0,0
8124,98,dublin,FREDERICK STREET SOUTH,Frederick Street South,False,False,OPEN,2024-12-28 14:24:34,True,False,,,53.341515,-6.256853,40,25,15,13,12,0,12,40,25,15,13,12,0,12
8125,14,dublin,FOWNES STREET UPPER,Fownes Street Upper,False,False,OPEN,2024-12-28 14:24:45,True,False,,,53.344603,-6.263371,30,3,27,0,3,0,3,30,3,27,0,3,0,3
8126,1,dublin,CLARENDON ROW,Clarendon Row,False,False,OPEN,2024-12-28 14:24:17,True,False,,,53.340927,-6.262501,31,27,4,18,9,0,9,31,27,4,18,9,0,9
8127,23,dublin,CUSTOM HOUSE,Custom House,False,False,OPEN,2024-12-28 14:23:52,True,False,,,53.348279,-6.254662,30,25,5,9,16,0,16,30,25,5,9,16,0,16
8128,106,dublin,RATHDOWN ROAD,Rathdown Road,False,False,OPEN,2024-12-28 14:22:33,True,False,,,53.35893,-6.280337,40,26,14,16,10,0,10,40,26,14,16,10,0,10
8129,112,dublin,NORTH CIRCULAR ROAD (O'CONNELL'S),North Circular Road (O'Connell's),False,False,OPEN,2024-12-28 14:28:19,True,False,,,53.357841,-6.251557,30,18,12,9,9,0,9,30,18,12,9,9,0,9
8130,68,dublin,HANOVER QUAY,Hanover Quay,False,False,OPEN,2024-12-28 14:22:42,True,False,,,53.344115,-6.237153,40,29,11,19,10,0,10,40,29,11,19,10,0,10
8131,74,dublin,OLIVER BOND STREET,Oliver Bond Street,False,False,OPEN,2024-12-28 14:23:59,True,False,,,53.343893,-6.280531,30,17,13,14,3,0,3,30,17,13,14,3,0,3
8132,87,dublin,COLLINS BARRACKS MUSEUM,Collins Barracks Museum,False,False,OPEN,2024-12-28 14:27:32,True,False,,,53.347477,-6.28525,38,21,17,10,11,0,11,38,21,17,10,11,0,11
8133,84,dublin,BROOKFIELD ROAD,Brookfield Road,False,False,OPEN,2024-12-28 14:25:09,True,False,,,53.339005,-6.300217,30,11,19,6,5,0,5,30,11,19,6,5,0,5
8134,90,dublin,BENSON STREET,Benson Street,False,False,OPEN,2024-12-28 14:25:23,True,False,,,53.344153,-6.233451,40,2,38,1,1,0,1,40,2,38,1,1,0,1
8135,11,dublin,EARLSFORT TERRACE,Earlsfort Terrace,False,False,OPEN,2024-12-28 14:20:33,True,False,,,53.334295,-6.258503,30,19,11,15,4,0,4,30,19,11,15,4,0,4
8136,17,dublin,GOLDEN LANE,Golden Lane,False,False,OPEN,2024-12-28 14:22:00,True,False,,,53.340803,-6.267732,20,15,5,5,10,0,10,20,15,5,5,10,0,10
8137,45,dublin,DEVERELL PLACE,Deverell Place,False,False,OPEN,2024-12-28 14:25:07,True,False,,,53.351464,-6.255265,30,9,21,3,6,0,6,30,9,21,3,6,0,6
8138,114,dublin,WILTON TERRACE (PARK),Wilton Terrace (Park),False,False,OPEN,2024-12-28 14:28:37,True,False,,,53.333653,-6.248345,40,2,38,1,1,0,1,40,2,38,1,1,0,1
8139,72,dublin,JOHN STREET WEST,John Street West,False,False,OPEN,2024-12-28 14:25:40,True,False,,,53.343105,-6.277167,31,0,31,0,0,0,0,31,0,31,0,0,0,0
8140,63,dublin,FENIAN STREET,Fenian Street,False,False,OPEN,2024-12-28 14:24:41,True,False,,,53.341428,-6.24672,35,25,10,14,11,0,11,35,25,10,14,11,0,11
8141,113,dublin,MERRION SQUARE SOUTH,Merrion Square South,False,False,OPEN,2024-12-28 14:23:27,True,False,,,53.338614,-6.248606,40,7,22,6,1,0,1,40,7,22,6,1,0,1
8142,91,dublin,SOUTH DOCK ROAD,South Dock Road,False,False,OPEN,2024-12-28 14:28:11,True,False,,,53.341833,-6.231291,30,22,8,13,9,0,9,30,22,8,13,9,0,9
8143,99,dublin,CITY QUAY,City Quay,False,False,OPEN,2024-12-28 14:23:24,True,False,,,53.346637,-6.246154,30,21,9,10,11,0,11,30,21,9,10,11,0,11
8144,9,dublin,EXCHEQUER STREET,Exchequer Street,False,False,OPEN,2024-12-28 14:26:17,True,False,,,53.343034,-6.263578,24,8,16,5,3,0,3,24,8,16,5,3,0,3
8145,67,dublin,THE POINT,The Point,False,False,OPEN,2024-12-28 14:25:23,True,False,,,53.346867,-6.230852,40,15,25,8,7,0,7,40,15,25,8,7,0,7
8146,116,dublin,BROADSTONE,Broadstone,False,False,OPEN,2024-12-28 14:20:12,True,False,,,53.3547,-6.272314,30,10,20,1,9,0,9,30,10,20,1,9,0,9
8147,55,dublin,HATCH STREET,Hatch Street,False,False,OPEN,2024-12-28 14:24:49,True,False,,,53.33403,-6.260714,36,15,21,9,6,0,6,36,15,21,9,6,0,6
8148,62,dublin,LIME STREET,Lime Street,False,False,OPEN,2024-12-28 14:29:17,True,False,,,53.346026,-6.243576,40,10,30,3,7,0,7,40,10,30,3,7,0,7
8149,5,dublin,CHARLEMONT PLACE,Charlemont Street,False,False,OPEN,2024-12-28 14:25:14,True,False,,,53.330662,-6.260177,40,24,15,21,3,0,3,40,24,15,21,3,0,3
8150,97,dublin,KILMAINHAM GAOL,Kilmainham Gaol,False,False,OPEN,2024-12-28 14:28:18,True,False,,,53.342113,-6.310015,40,25,15,10,15,0,15,40,25,15,10,15,0,15
8151,61,dublin,HARDWICKE PLACE,Hardwicke Place,False,False,OPEN,2024-12-28 14:20:53,True,False,,,53.357043,-6.263232,25,1,24,1,0,0,0,25,1,24,1,0,0,0
8152,77,dublin,WOLFE TONE STREET,Wolfe Tone Street,False,False,OPEN,2024-12-28 14:28:19,True,False,,,53.348875,-6.267459,29,16,13,7,9,0,9,29,16,13,7,9,0,9
8153,73,dublin,FRANCIS STREET,Francis Street,False,False,OPEN,2024-12-28 14:23:05,True,False,,,53.342081,-6.275233,30,8,22,3,5,0,5,30,8,22,3,5,0,5
8154,4,dublin,GREEK STREET,Greek Street,False,False,OPEN,2024-12-28 14:25:11,True,False,,,53.346874,-6.272976,20,14,6,5,9,0,9,20,14,6,5,9,0,9
8155,49,dublin,GUILD STREET,Guild Street,False,False,OPEN,2024-12-28 14:26:14,True,False,,,53.347932,-6.240928,40,30,10,22,8,0,8,40,30,10,22,8,0,8
8156,19,dublin,HERBERT PLACE,Herbert Place,False,False,OPEN,2024-12-28 14:29:47,True,False,,,53.334432,-6.245575,30,10,20,6,4,0,4,30,10,20,6,4,0,4
8157,7,dublin,HIGH STREET,High Street,False,False,OPEN,2024-12-28 14:24:21,True,False,,,53.343565,-6.275071,29,13,16,8,5,0,5,29,13,16,8,5,0,5
8158,60,dublin,NORTH CIRCULAR ROAD,North Circular Road,False,False,OPEN,2024-12-28 14:25:08,True,False,,,53.359624,-6.260348,30,0,30,0,0,0,0,30,0,30,0,0,0,0
8159,102,dublin,WESTERN WAY,Western Way,False,False,OPEN,2024-12-28 14:23:15,True,False,,,53.354929,-6.269425,40,21,19,17,4,0,4,40,21,19,17,4,0,4
8160,38,dublin,TALBOT STREET,Talbot Street,False,False,OPEN,2024-12-28 14:23:25,True,False,,,53.350974,-6.25294,40,27,13,23,4,0,4,40,27,13,23,4,0,4
8161,53,dublin,NEWMAN HOUSE,Newman House,False,False,OPEN,2024-12-28 14:22:46,True,False,,,53.337132,-6.26059,40,11,29,11,0,0,0,40,11,29,11,0,0,0
8162,58,dublin,SIR PATRICK DUN'S,Sir Patrick's Dun,False,False,OPEN,2024-12-28 14:24:39,True,False,,,53.339218,-6.240642,40,26,14,21,5,0,5,40,26,14,21,5,0,5
8163,66,dublin,NEW CENTRAL BANK,New Central Bank,False,False,OPEN,2024-12-28 14:21:03,True,False,,,53.347122,-6.234749,40,0,40,0,0,0,0,40,0,40,0,0,0,0
8164,104,dublin,GRANGEGORMAN LOWER (CENTRAL),Grangegorman Lower (Central),False,False,OPEN,2024-12-28 14:24:47,True,False,,,53.355173,-6.278424,40,1,39,1,0,0,0,40,1,39,1,0,0,0
8165,101,dublin,KING STREET NORTH,King Street North,False,False,OPEN,2024-12-28 14:20:49,True,False,,,53.350291,-6.273507,30,9,21,7,2,0,2,30,9,21,7,2,0,2
8166,115,dublin,KILLARNEY STREET,Killarney Street,False,False,OPEN,2024-12-28 14:25:52,True,False,,,53.354845,-6.247579,30,9,20,5,4,0,4,30,9,20,5,4,0,4
8167,47,dublin,HERBERT STREET,Herbert Street,False,False,OPEN,2024-12-28 14:23:30,True,False,,,53.335742,-6.24551,40,0,40,0,0,0,0,40,0,40,0,0,0,0
8168,117,dublin,HANOVER QUAY EAST,Hanover Quay East,False,False,OPEN,2024-12-28 14:24:48,True,False,,,53.343653,-6.231755,40,6,34,2,4,0,4,40,6,34,2,4,0,4
8169,8,dublin,CUSTOM HOUSE QUAY,Custom House Quay,False,False,OPEN,2024-12-28 14:24:09,True,False,,,53.347884,-6.248048,30,26,4,21,5,0,5,30,26,4,21,5,0,5
8170,27,dublin,MOLESWORTH STREET,Molesworth Street,False,False,OPEN,2024-12-28 14:26:00,True,False,,,53.341288,-6.258117,20,13,7,5,8,0,8,20,13,7,5,8,0,8
8171,16,dublin,GEORGES QUAY,Georges Quay,False,False,OPEN,2024-12-28 14:19:59,True,False,,,53.347508,-6.252192,20,15,5,8,7,0,7,20,15,5,8,7,0,7
8172,96,dublin,KILMAINHAM LANE,Kilmainham Lane,False,False,OPEN,2024-12-28 14:19:57,True,False,,,53.341805,-6.305085,30,18,12,12,6,0,6,30,18,12,12,6,0,6
8173,82,dublin,MOUNT BROWN,Mount Brown,False,False,OPEN,2024-12-28 14:22:00,True,False,,,53.341645,-6.29719,22,7,15,1,6,0,6,22,7,15,1,6,0,6
8174,76,dublin,MARKET STREET SOUTH,Market Street South,False,False,OPEN,2024-12-28 14:20:54,True,False,,,53.342296,-6.287661,38,6,32,3,3,0,3,38,6,32,3,3,0,3
8175,71,dublin,KEVIN STREET,Kevin Street,False,False,OPEN,2024-12-28 14:21:51,True,False,,,53.337757,-6.267699,40,14,26,8,6,0,6,40,14,26,8,6,0,6
8176,79,dublin,ECCLES STREET EAST,Eccles Street East,False,False,OPEN,2024-12-28 14:23:40,True,False,,,53.358115,-6.265601,27,0,27,0,0,0,0,27,0,27,0,0,0,0
8177,69,dublin,GRAND CANAL DOCK,Grand Canal Dock,False,False,OPEN,2024-12-28 14:24:08,True,False,,,53.342638,-6.238695,40,25,14,19,6,0,6,40,25,14,19,6,0,6
8178,25,dublin,MERRION SQUARE EAST,Merrion Square East,False,False,OPEN,2024-12-28 14:29:05,True,False,,,53.339434,-6.246548,30,1,29,1,0,0,0,30,1,29,1,0,0,0
8179,51,dublin,YORK STREET WEST,York Street West,False,False,OPEN,2024-12-28 14:21:24,True,False,,,53.339334,-6.264699,40,0,0,0,0,0,0,40,0,0,0,0,0,0
8180,37,dublin,ST. STEPHEN'S GREEN SOUTH,St. Stephen's Green South,False,False,OPEN,2024-12-28 14:22:34,True,False,,,53.337494,-6.26199,30,16,14,9,7,0,7,30,16,14,9,7,0,7
8181,59,dublin,DENMARK STREET GREAT,Denmark Street Great,False,False,OPEN,2024-12-28 14:25:04,True,False,,,53.35561,-6.261397,20,0,20,0,0,0,0,20,0,20,0,0,0,0
8182,95,dublin,ROYAL HOSPITAL,Royal Hospital,False,False,OPEN,2024-12-28 14:25:09,True,False,,,53.343897,-6.29706,40,22,18,14,8,0,8,40,22,18,14,8,0,8
8183,94,dublin,HEUSTON STATION (CAR PARK),Heuston Station (Car Park),False,False,OPEN,2024-12-28 14:23:30,True,False,,,53.346985,-6.297804,40,10,30,10,0,0,0,40,10,30,10,0,0,0
8184,105,dublin,GRANGEGORMAN LOWER (NORTH),Grangegorman Lower (North),False,False,OPEN,2024-12-28 14:24:15,True,False,,,53.355954,-6.278378,36,3,33,2,1,0,1,36,3,33,2,1,0,1
8185,36,dublin,ST. STEPHEN'S GREEN EAST,St. Stephen's Green East,False,False,OPEN,2024-12-28 14:22:04,True,False,,,53.337824,-6.256035,40,22,18,10,12,0,12,40,22,18,10,12,0,12
8186,93,dublin,HEUSTON STATION (CENTRAL),Heuston Station (Central),False,False,OPEN,2024-12-28 14:21:28,True,False,,,53.346603,-6.296924,40,14,26,14,0,0,0,40,14,26,14,0,0,0
8187,22,dublin,TOWNSEND STREET,Townsend Street,False,False,OPEN,2024-12-28 14:23:08,True,False,,,53.345922,-6.254614,20,8,12,7,1,0,1,20,8,12,7,1,0,1
8188,50,dublin,GEORGES LANE,George's Lane,False,False,OPEN,2024-12-28 14:25:11,True,False,,,53.35023,-6.279696,40,0,40,0,0,0,0,40,0,40,0,0,0,0
8189,110,dublin,PHIBSBOROUGH ROAD,Phibsborough Road,False,False,OPEN,2024-12-28 14:25:58,True,False,,,53.356307,-6.273717,40,8,32,2,6,0,6,40,8,32,2,6,0,6
8190,12,dublin,ECCLES STREET,Eccles Street,False,False,OPEN,2024-12-28 14:26:40,True,False,,,53.359246,-6.269779,20,11,9,3,8,0,8,20,11,9,3,8,0,8
8191,34,dublin,PORTOBELLO HARBOUR,Portobello Harbour,False,False,OPEN,2024-12-28 14:27:28,True,False,,,53.330362,-6.265163,30,4,26,1,3,0,3,30,4,26,1,3,0,3
8192,78,dublin,MATER HOSPITAL,Mater Hospital,False,False,OPEN,2024-12-28 14:24:02,True,False,,,53.359967,-6.264828,40,2,38,1,1,0,1,40,2,38,1,1,0,1
8193,2,dublin,BLESSINGTON STREET,Blessington Street,False,False,OPEN,2024-12-28 14:21:03,True,False,,,53.356769,-6.26814,20,2,18,1,1,0,1,20,2,18,1,1,0,1
8194,75,dublin,JAMES STREET,James Street,False,False,OPEN,2024-12-28 14:24:36,True,False,,,53.343456,-6.287409,40,22,18,11,11,0,11,40,22,18,11,11,0,11
8195,111,dublin,MOUNTJOY SQUARE EAST,Mountjoy Square East,False,False,OPEN,2024-12-28 14:29:23,True,False,,,53.356717,-6.256359,40,2,38,2,0,0,0,40,2,38,2,0,0,0
8196,26,dublin,MERRION SQUARE WEST,Merrion Square West,False,False,OPEN,2024-12-28 14:22:40,True,False,,,53.339764,-6.251988,20,20,0,10,10,0,10,20,20,0,10,10,0,10
8197,65,dublin,CONVENTION CENTRE,Convention Centre,False,False,OPEN,2024-12-28 14:25:00,True,False,,,53.34744,-6.238523,40,7,33,4,3,0,3,40,7,33,4,3,0,3
8198,15,dublin,HARDWICKE STREET,Hardwicke Street,False,False,OPEN,2024-12-28 14:24:28,True,False,,,53.355473,-6.264423,16,0,16,0,0,0,0,16,0,16,0,0,0,0
8199,86,dublin,PARKGATE STREET,Parkgate Street,False,False,OPEN,2024-12-28 14:29:21,True,False,,,53.347972,-6.291804,38,23,15,0,23,0,23,38,23,15,0,23,0,23
8200,35,dublin,SMITHFIELD,Smithfield,False,False,OPEN,2024-12-28 14:25:38,True,False,,,53.347692,-6.278214,30,1,29,1,0,0,0,30,1,29,1,0,0,0
8201,10,dublin,DAME STREET,Dame Street,False,False,OPEN,2024-12-28 14:25:51,True,False,,,53.344007,-6.266802,16,14,2,11,3,0,3,16,14,2,11,3,0,3
8202,100,dublin,HEUSTON BRIDGE (SOUTH),Heuston Bridge (South),False,False,OPEN,2024-12-28 14:22:54,True,False,,,53.347106,-6.292041,25,11,14,3,8,0,8,25,11,14,3,8,0,8
8203,24,dublin,CATHAL BRUGHA STREET,Cathal Brugha Street,False,False,OPEN,2024-12-28 14:25:44,True,False,,,53.352149,-6.260533,20,11,9,9,2,0,2,20,11,9,9,2,0,2
8204,64,dublin,SANDWITH STREET,Sandwith Street,False,False,OPEN,2024-12-28 14:25:07,True,False,,,53.345203,-6.247163,40,19,21,15,4,0,4,40,19,21,15,4,0,4
8205,109,dublin,BUCKINGHAM STREET LOWER,Buckingham Street Lower,False,False,OPEN,2024-12-28 14:27:27,True,False,,,53.353331,-6.249319,29,6,23,0,6,0,6,29,6,23,0,6,0,6
8206,85,dublin,ROTHE ABBEY,Rothe Abbey,False,False,OPEN,2024-12-28 14:25:39,True,False,,,53.338776,-6.30395,35,22,13,9,13,0,13,35,22,13,9,13,0,13
8207,107,dublin,CHARLEVILLE ROAD,Charleville Road,False,False,OPEN,2024-12-28 14:22:10,True,False,,,53.359157,-6.281866,40,10,30,5,5,0,5,40,10,30,5,5,0,5
8208,33,dublin,PRINCES STREET / O'CONNELL STREET,Princes Street / O'Connell Street,False,False,OPEN,2024-12-28 14:24:24,True,False,,,53.349013,-6.260311,23,16,7,12,4,0,4,23,16,7,12,4,0,4
8209,44,dublin,UPPER SHERRARD STREET,Upper Sherrard Street,False,False,OPEN,2024-12-28 14:25:30,True,False,,,53.358437,-6.260641,30,0,30,0,0,0,0,30,0,30,0,0,0,0
8210,89,dublin,FITZWILLIAM SQUARE EAST,Fitzwilliam Square East,False,False,OPEN,2024-12-28 14:23:49,True,False,,,53.335211,-6.2509,40,20,20,11,9,0,9,40,20,20,11,9,0,9
8211,57,dublin,GRATTAN STREET,Grattan Street,False,False,OPEN,2024-12-28 14:22:07,True,False,,,53.339629,-6.243778,23,1,22,1,0,0,0,23,1,22,1,0,0,0
8212,80,dublin,ST JAMES HOSPITAL (LUAS),St James Hospital (Luas),False,False,OPEN,2024-12-28 14:24:13,True,False,,,53.341359,-6.292951,40,16,24,9,7,0,7,40,16,24,9,7,0,7
8213,41,dublin,HARCOURT TERRACE,Harcourt Terrace,False,False,OPEN,2024-12-28 14:21:24,True,False,,,53.332763,-6.257942,20,0,20,0,0,0,0,20,0,20,0,0,0,0
8214,3,dublin,BOLTON STREET,Bolton Street,False,False,OPEN,2024-12-28 14:26:31,True,False,,,53.351182,-6.269859,20,2,18,1,1,0,1,20,2,18,1,1,0,1
8215,40,dublin,JERVIS STREET,Jervis Street,False,False,OPEN,2024-12-28 14:24:45,True,False,,,53.3483,-6.266651,21,16,5,13,3,0,3,21,16,5,13,3,0,3
8216,29,dublin,ORMOND QUAY UPPER,Ormond Quay Upper,False,False,OPEN,2024-12-28 14:27:29,True,False,,,53.346057,-6.268001,29,22,7,14,8,0,8,29,22,7,14,8,0,8
8217,103,dublin,GRANGEGORMAN LOWER (SOUTH),Grangegorman Lower (South),False,False,OPEN,2024-12-28 14:22:29,True,False,,,53.354663,-6.278681,40,1,39,1,0,0,0,40,1,39,1,0,0,0
8218,28,dublin,MOUNTJOY SQUARE WEST,Mountjoy Square West,False,False,OPEN,2024-12-28 14:28:43,True,False,,,53.356299,-6.258586,30,0,30,0,0,0,0,30,0,30,0,0,0,0
8219,39,dublin,WILTON TERRACE,Wilton Terrace,False,False,OPEN,2024-12-28 14:24:08,True,False,,,53.332383,-6.252717,20,0,20,0,0,0,0,20,0,20,0,0,0,0
8220,83,dublin,EMMET ROAD,Emmet Road,False,False,OPEN,2024-12-28 14:24:39,True,False,,,53.340714,-6.308191,40,10,30,7,3,0,3,40,10,30,7,3,0,3
8221,92,dublin,HEUSTON BRIDGE (NORTH),Heuston Bridge (North),False,False,OPEN,2024-12-28 14:28:17,True,False,,,53.347802,-6.292432,40,33,7,26,7,0,7,40,33,7,26,7,0,7
8222,21,dublin,LEINSTER STREET SOUTH,Leinster Street South,False,False,OPEN,2024-12-28 14:21:46,True,False,,,53.34218,-6.254485,30,13,17,12,1,0,1,30,13,17,12,1,0,1
8223,88,dublin,BLACKHALL PLACE,Blackhall Place,False,False,OPEN,2024-12-28 14:22:40,True,False,,,53.3488,-6.281637,30,0,30,0,0,0,0,30,0,30,0,0,0,0
8224,42,dublin,SMITHFIELD NORTH,Smithfield North,False,False,OPEN,2024-12-28 14:48:09,True,False,,,53.349562,-6.278198,30,5,25,5,0,0,0,30,5,25,5,0,0,0
8225,30,dublin,PARNELL SQUARE NORTH,Parnell Square North,False,False,OPEN,2024-12-28 14:46:18,True,False,,,53.3537415547453,-6.26530144781526,20,2,18,0,2,0,2,20,2,18,0,2,0,2
8226,54,dublin,CLONMEL STREET,Clonmel Street,False,False,OPEN,2024-12-28 14:42:08,True,False,,,53.336021,-6.26298,33,17,16,5,12,0,12,33,17,16,5,12,0,12
8227,108,dublin,AVONDALE ROAD,Avondale Road,False,False,OPEN,2024-12-28 14:44:14,True,False,,,53.359405,-6.276142,35,9,26,7,2,0,2,35,9,26,7,2,0,2
8228,20,dublin,JAMES STREET EAST,James Street East,False,False,OPEN,2024-12-28 14:44:54,True,False,,,53.336597,-6.248109,30,3,27,3,0,0,0,30,3,27,3,0,0,0
8229,56,dublin,MOUNT STREET LOWER,Mount Street Lower,False,False,OPEN,2024-12-28 14:43:39,True,False,,,53.33796,-6.24153,40,16,24,5,11,0,11,40,16,24,5,11,0,11
8230,6,dublin,CHRISTCHURCH PLACE,Christchurch Place,False,False,OPEN,2024-12-28 14:41:38,True,False,,,53.343368,-6.27012,20,1,19,1,0,0,0,20,1,19,1,0,0,0
8231,18,dublin,GRANTHAM STREET,Grantham Street,False,False,OPEN,2024-12-28 14:48:52,True,False,,,53.334123,-6.265436,30,9,21,4,5,0,5,30,9,21,4,5,0,5
8232,32,dublin,PEARSE STREET,Pearse Street,False,False,OPEN,2024-12-28 14:41:31,True,False,,,53.344304,-6.250427,30,30,0,19,11,0,11,30,30,0,19,11,0,11
8233,52,dublin,YORK STREET EAST,York Street East,False,False,OPEN,2024-12-28 14:43:01,True,False,,,53.338755,-6.262003,32,24,8,10,14,0,14,32,24,8,10,14,0,14
8234,48,dublin,EXCISE WALK,Excise Walk,False,False,OPEN,2024-12-28 14:42:22,True,False,,,53.347777,-6.244239,40,0,40,0,0,0,0,40,0,40,0,0,0,0
8235,13,dublin,FITZWILLIAM SQUARE WEST,Fitzwilliam Square West,False,False,OPEN,2024-12-28 14:44:00,True,False,,,53.336074,-6.252825,30,27,3,11,16,0,16,30,27,3,11,16,0,16
8236,43,dublin,PORTOBELLO ROAD,Portobello Road,False,False,OPEN,2024-12-28 14:43:09,True,False,,,53.330091,-6.268044,30,15,15,10,5,0,5,30,15,15,10,5,0,5
8237,31,dublin,PARNELL STREET,Parnell Street,False,False,OPEN,2024-12-28 14:41:57,True,False,,,53.350929,-6.265125,20,2,18,2,0,0,0,20,2,18,2,0,0,0
8238,98,dublin,FREDERICK STREET SOUTH,Frederick Street South,False,False,OPEN,2024-12-28 14:44:45,True,False,,,53.341515,-6.256853,40,25,15,13,12,0,12,40,25,15,13,12,0,12
8239,14,dublin,FOWNES STREET UPPER,Fownes Street Upper,False,False,OPEN,2024-12-28 14:44:53,True,False,,,53.344603,-6.263371,30,4,26,1,3,0,3,30,4,26,1,3,0,3
8240,1,dublin,CLARENDON ROW,Clarendon Row,False,False,OPEN,2024-12-28 14:44:41,True,False,,,53.340927,-6.262501,31,10,21,5,5,0,5,31,10,21,5,5,0,5
8241,23,dublin,CUSTOM HOUSE,Custom House,False,False,OPEN,2024-12-28 14:45:02,True,False,,,53.348279,-6.254662,30,19,11,5,14,0,14,30,19,11,5,14,0,14
8242,106,dublin,RATHDOWN ROAD,Rathdown Road,False,False,OPEN,2024-12-28 14:42:43,True,False,,,53.35893,-6.280337,40,26,14,16,10,0,10,40,26,14,16,10,0,10
8243,112,dublin,NORTH CIRCULAR ROAD (O'CONNELL'S),North Circular Road (O'Connell's),False,False,OPEN,2024-12-28 14:49:35,True,False,,,53.357841,-6.251557,30,19,11,11,8,0,8,30,19,11,11,8,0,8
8244,68,dublin,HANOVER QUAY,Hanover Quay,False,False,OPEN,2024-12-28 14:42:50,True,False,,,53.344115,-6.237153,40,29,11,19,10,0,10,40,29,11,19,10,0,10
8245,74,dublin,OLIVER BOND STREET,Oliver Bond Street,False,False,OPEN,2024-12-28 14:44:07,True,False,,,53.343893,-6.280531,30,17,13,14,3,0,3,30,17,13,14,3,0,3
8246,87,dublin,COLLINS BARRACKS MUSEUM,Collins Barracks Museum,False,False,OPEN,2024-12-28 14:45:24,True,False,,,53.347477,-6.28525,38,18,20,7,11,0,11,38,18,20,7,11,0,11
8247,84,dublin,BROOKFIELD ROAD,Brookfield Road,False,False,OPEN,2024-12-28 14:44:11,True,False,,,53.339005,-6.300217,30,11,19,6,5,0,5,30,11,19,6,5,0,5
8248,90,dublin,BENSON STREET,Benson Street,False,False,OPEN,2024-12-28 14:45:31,True,False,,,53.344153,-6.233451,40,2,38,1,1,0,1,40,2,38,1,1,0,1
8249,11,dublin,EARLSFORT TERRACE,Earlsfort Terrace,False,False,OPEN,2024-12-28 14:40:41,True,False,,,53.334295,-6.258503,30,19,11,15,4,0,4,30,19,11,15,4,0,4
8250,17,dublin,GOLDEN LANE,Golden Lane,False,False,OPEN,2024-12-28 14:42:08,True,False,,,53.340803,-6.267732,20,15,5,5,10,0,10,20,15,5,5,10,0,10
8251,45,dublin,DEVERELL PLACE,Deverell Place,False,False,OPEN,2024-12-28 14:45:15,True,False,,,53.351464,-6.255265,30,9,21,3,6,0,6,30,9,21,3,6,0,6
8252,114,dublin,WILTON TERRACE (PARK),Wilton Terrace (Park),False,False,OPEN,2024-12-28 14:47:58,True,False,,,53.333653,-6.248345,40,2,38,1,1,0,1,40,2,38,1,1,0,1
8253,72,dublin,JOHN STREET WEST,John Street West,False,False,OPEN,2024-12-28 14:45:47,True,False,,,53.343105,-6.277167,31,0,31,0,0,0,0,31,0,31,0,0,0,0
8254,63,dublin,FENIAN STREET,Fenian Street,False,False,OPEN,2024-12-28 14:44:50,True,False,,,53.341428,-6.24672,35,25,10,14,11,0,11,35,25,10,14,11,0,11
8255,113,dublin,MERRION SQUARE SOUTH,Merrion Square South,False,False,OPEN,2024-12-28 14:43:36,True,False,,,53.338614,-6.248606,40,7,22,6,1,0,1,40,7,22,6,1,0,1
8256,91,dublin,SOUTH DOCK ROAD,South Dock Road,False,False,OPEN,2024-12-28 14:42:16,True,False,,,53.341833,-6.231291,30,21,9,13,8,0,8,30,21,9,13,8,0,8
8257,99,dublin,CITY QUAY,City Quay,False,False,OPEN,2024-12-28 14:43:32,True,False,,,53.346637,-6.246154,30,21,9,10,11,0,11,30,21,9,10,11,0,11
8258,9,dublin,EXCHEQUER STREET,Exchequer Street,False,False,OPEN,2024-12-28 14:49:38,True,False,,,53.343034,-6.263578,24,6,18,2,4,0,4,24,6,18,2,4,0,4
8259,67,dublin,THE POINT,The Point,False,False,OPEN,2024-12-28 14:44:00,True,False,,,53.346867,-6.230852,40,15,25,8,7,0,7,40,15,25,8,7,0,7
8260,116,dublin,BROADSTONE,Broadstone,False,False,OPEN,2024-12-28 14:40:19,True,False,,,53.3547,-6.272314,30,10,20,1,9,0,9,30,10,20,1,9,0,9
8261,55,dublin,HATCH STREET,Hatch Street,False,False,OPEN,2024-12-28 14:44:57,True,False,,,53.33403,-6.260714,36,15,21,9,6,0,6,36,15,21,9,6,0,6
8262,62,dublin,LIME STREET,Lime Street,False,False,OPEN,2024-12-28 14:44:34,True,False,,,53.346026,-6.243576,40,9,31,2,7,0,7,40,9,31,2,7,0,7
8263,5,dublin,CHARLEMONT PLACE,Charlemont Street,False,False,OPEN,2024-12-28 14:45:22,True,False,,,53.330662,-6.260177,40,26,13,23,3,0,3,40,26,13,23,3,0,3
8264,97,dublin,KILMAINHAM GAOL,Kilmainham Gaol,False,False,OPEN,2024-12-28 14:42:08,True,False,,,53.342113,-6.310015,40,25,15,10,15,0,15,40,25,15,10,15,0,15
8265,61,dublin,HARDWICKE PLACE,Hardwicke Place,False,False,OPEN,2024-12-28 14:41:02,True,False,,,53.357043,-6.263232,25,1,24,1,0,0,0,25,1,24,1,0,0,0
8266,77,dublin,WOLFE TONE STREET,Wolfe Tone Street,False,False,OPEN,2024-12-28 14:44:13,True,False,,,53.348875,-6.267459,29,18,11,9,9,0,9,29,18,11,9,9,0,9
8267,73,dublin,FRANCIS STREET,Francis Street,False,False,OPEN,2024-12-28 14:43:13,True,False,,,53.342081,-6.275233,30,8,22,3,5,0,5,30,8,22,3,5,0,5
8268,4,dublin,GREEK STREET,Greek Street,False,False,OPEN,2024-12-28 14:45:23,True,False,,,53.346874,-6.272976,20,15,5,6,9,0,9,20,15,5,6,9,0,9
8269,49,dublin,GUILD STREET,Guild Street,False,False,OPEN,2024-12-28 14:46:25,True,False,,,53.347932,-6.240928,40,30,10,22,8,0,8,40,30,10,22,8,0,8
8270,19,dublin,HERBERT PLACE,Herbert Place,False,False,OPEN,2024-12-28 14:44:31,True,False,,,53.334432,-6.245575,30,10,20,6,4,0,4,30,10,20,6,4,0,4
8271,7,dublin,HIGH STREET,High Street,False,False,OPEN,2024-12-28 14:45:42,True,False,,,53.343565,-6.275071,29,10,19,5,5,0,5,29,10,19,5,5,0,5
8272,60,dublin,NORTH CIRCULAR ROAD,North Circular Road,False,False,OPEN,2024-12-28 14:45:16,True,False,,,53.359624,-6.260348,30,0,30,0,0,0,0,30,0,30,0,0,0,0
8273,102,dublin,WESTERN WAY,Western Way,False,False,OPEN,2024-12-28 14:43:25,True,False,,,53.354929,-6.269425,40,21,19,17,4,0,4,40,21,19,17,4,0,4
8274,38,dublin,TALBOT STREET,Talbot Street,False,False,OPEN,2024-12-28 14:43:35,True,False,,,53.350974,-6.25294,40,28,12,23,5,0,5,40,28,12,23,5,0,5
8275,53,dublin,NEWMAN HOUSE,Newman House,False,False,OPEN,2024-12-28 14:42:54,True,False,,,53.337132,-6.26059,40,11,29,11,0,0,0,40,11,29,11,0,0,0
8276,58,dublin,SIR PATRICK DUN'S,Sir Patrick's Dun,False,False,OPEN,2024-12-28 14:44:50,True,False,,,53.339218,-6.240642,40,26,14,21,5,0,5,40,26,14,21,5,0,5
8277,66,dublin,NEW CENTRAL BANK,New Central Bank,False,False,OPEN,2024-12-28 14:41:10,True,False,,,53.347122,-6.234749,40,0,40,0,0,0,0,40,0,40,0,0,0,0
8278,104,dublin,GRANGEGORMAN LOWER (CENTRAL),Grangegorman Lower (Central),False,False,OPEN,2024-12-28 14:44:57,True,False,,,53.355173,-6.278424,40,1,39,1,0,0,0,40,1,39,1,0,0,0
8279,101,dublin,KING STREET NORTH,King Street North,False,False,OPEN,2024-12-28 14:46:25,True,False,,,53.350291,-6.273507,30,8,22,6,2,0,2,30,8,22,6,2,0,2
8280,115,dublin,KILLARNEY STREET,Killarney Street,False,False,OPEN,2024-12-28 14:46:09,True,False,,,53.354845,-6.247579,30,8,21,4,4,0,4,30,8,21,4,4,0,4
8281,47,dublin,HERBERT STREET,Herbert Street,False,False,OPEN,2024-12-28 14:43:40,True,False,,,53.335742,-6.24551,40,1,39,1,0,0,0,40,1,39,1,0,0,0
8282,117,dublin,HANOVER QUAY EAST,Hanover Quay East,False,False,OPEN,2024-12-28 14:44:09,True,False,,,53.343653,-6.231755,40,6,34,2,4,0,4,40,6,34,2,4,0,4
8283,8,dublin,CUSTOM HOUSE QUAY,Custom House Quay,False,False,OPEN,2024-12-28 14:48:33,True,False,,,53.347884,-6.248048,30,24,6,20,4,0,4,30,24,6,20,4,0,4
8284,27,dublin,MOLESWORTH STREET,Molesworth Street,False,False,OPEN,2024-12-28 14:41:41,True,False,,,53.341288,-6.258117,20,15,5,7,8,0,8,20,15,5,7,8,0,8
8285,16,dublin,GEORGES QUAY,Georges Quay,False,False,OPEN,2024-12-28 14:40:19,True,False,,,53.347508,-6.252192,20,7,13,3,4,0,4,20,7,13,3,4,0,4
8286,96,dublin,KILMAINHAM LANE,Kilmainham Lane,False,False,OPEN,2024-12-28 14:40:05,True,False,,,53.341805,-6.305085,30,18,12,12,6,0,6,30,18,12,12,6,0,6
8287,82,dublin,MOUNT BROWN,Mount Brown,False,False,OPEN,2024-12-28 14:42:08,True,False,,,53.341645,-6.29719,22,7,15,1,6,0,6,22,7,15,1,6,0,6
8288,76,dublin,MARKET STREET SOUTH,Market Street South,False,False,OPEN,2024-12-28 14:40:48,True,False,,,53.342296,-6.287661,38,6,32,3,3,0,3,38,6,32,3,3,0,3
8289,71,dublin,KEVIN STREET,Kevin Street,False,False,OPEN,2024-12-28 14:42:00,True,False,,,53.337757,-6.267699,40,15,25,9,6,0,6,40,15,25,9,6,0,6
8290,79,dublin,ECCLES STREET EAST,Eccles Street East,False,False,OPEN,2024-12-28 14:43:48,True,False,,,53.358115,-6.265601,27,0,27,0,0,0,0,27,0,27,0,0,0,0
8291,69,dublin,GRAND CANAL DOCK,Grand Canal Dock,False,False,OPEN,2024-12-28 14:47:44,True,False,,,53.342638,-6.238695,40,23,16,17,6,0,6,40,23,16,17,6,0,6
8292,25,dublin,MERRION SQUARE EAST,Merrion Square East,False,False,OPEN,2024-12-28 14:49:15,True,False,,,53.339434,-6.246548,30,1,29,1,0,0,0,30,1,29,1,0,0,0
8293,51,dublin,YORK STREET WEST,York Street West,False,False,OPEN,2024-12-28 14:41:32,True,False,,,53.339334,-6.264699,40,0,0,0,0,0,0,40,0,0,0,0,0,0
8294,37,dublin,ST. STEPHEN'S GREEN SOUTH,St. Stephen's Green South,False,False,OPEN,2024-12-28 14:42:45,True,False,,,53.337494,-6.26199,30,16,14,9,7,0,7,30,16,14,9,7,0,7
8295,59,dublin,DENMARK STREET GREAT,Denmark Street Great,False,False,OPEN,2024-12-28 14:45:15,True,False,,,53.35561,-6.261397,20,0,20,0,0,0,0,20,0,20,0,0,0,0
8296,95,dublin,ROYAL HOSPITAL,Royal Hospital,False,False,OPEN,2024-12-28 14:45:17,True,False,,,53.343897,-6.29706,40,22,18,14,8,0,8,40,22,18,14,8,0,8
8297,94,dublin,HEUSTON STATION (CAR PARK),Heuston Station (Car Park),False,False,OPEN,2024-12-28 14:43:37,True,False,,,53.346985,-6.297804,40,10,30,10,0,0,0,40,10,30,10,0,0,0
8298,105,dublin,GRANGEGORMAN LOWER (NORTH),Grangegorman Lower (North),False,False,OPEN,2024-12-28 14:44:24,True,False,,,53.355954,-6.278378,36,2,34,1,1,0,1,36,2,34,1,1,0,1
8299,36,dublin,ST. STEPHEN'S GREEN EAST,St. Stephen's Green East,False,False,OPEN,2024-12-28 14:43:25,True,False,,,53.337824,-6.256035,40,24,16,11,13,0,13,40,24,16,11,13,0,13
8300,93,dublin,HEUSTON STATION (CENTRAL),Heuston Station (Central),False,False,OPEN,2024-12-28 14:41:36,True,False,,,53.346603,-6.296924,40,14,26,14,0,0,0,40,14,26,14,0,0,0
8301,22,dublin,TOWNSEND STREET,Townsend Street,False,False,OPEN,2024-12-28 14:48:07,True,False,,,53.345922,-6.254614,20,9,11,8,1,0,1,20,9,11,8,1,0,1
8302,50,dublin,GEORGES LANE,George's Lane,False,False,OPEN,2024-12-28 14:45:19,True,False,,,53.35023,-6.279696,40,0,40,0,0,0,0,40,0,40,0,0,0,0
8303,110,dublin,PHIBSBOROUGH ROAD,Phibsborough Road,False,False,OPEN,2024-12-28 14:46:07,True,False,,,53.356307,-6.273717,40,8,32,2,6,0,6,40,8,32,2,6,0,6
8304,12,dublin,ECCLES STREET,Eccles Street,False,False,OPEN,2024-12-28 14:44:17,True,False,,,53.359246,-6.269779,20,10,10,3,7,0,7,20,10,10,3,7,0,7
8305,34,dublin,PORTOBELLO HARBOUR,Portobello Harbour,False,False,OPEN,2024-12-28 14:49:48,True,False,,,53.330362,-6.265163,30,4,26,0,4,0,4,30,4,26,0,4,0,4
8306,78,dublin,MATER HOSPITAL,Mater Hospital,False,False,OPEN,2024-12-28 14:44:11,True,False,,,53.359967,-6.264828,40,2,38,1,1,0,1,40,2,38,1,1,0,1
8307,2,dublin,BLESSINGTON STREET,Blessington Street,False,False,OPEN,2024-12-28 14:41:10,True,False,,,53.356769,-6.26814,20,2,18,1,1,0,1,20,2,18,1,1,0,1
8308,75,dublin,JAMES STREET,James Street,False,False,OPEN,2024-12-28 14:44:43,True,False,,,53.343456,-6.287409,40,22,18,11,11,0,11,40,22,18,11,11,0,11
8309,111,dublin,MOUNTJOY SQUARE EAST,Mountjoy Square East,False,False,OPEN,2024-12-28 14:47:02,True,False,,,53.356717,-6.256359,40,3,37,2,1,0,1,40,3,37,2,1,0,1
8310,26,dublin,MERRION SQUARE WEST,Merrion Square West,False,False,OPEN,2024-12-28 14:42:50,True,False,,,53.339764,-6.251988,20,20,0,10,10,0,10,20,20,0,10,10,0,10
8311,65,dublin,CONVENTION CENTRE,Convention Centre,False,False,OPEN,2024-12-28 14:45:10,True,False,,,53.34744,-6.238523,40,6,34,3,3,0,3,40,6,34,3,3,0,3
8312,15,dublin,HARDWICKE STREET,Hardwicke Street,False,False,OPEN,2024-12-28 14:44:36,True,False,,,53.355473,-6.264423,16,0,16,0,0,0,0,16,0,16,0,0,0,0
8313,86,dublin,PARKGATE STREET,Parkgate Street,False,False,OPEN,2024-12-28 14:47:18,True,False,,,53.347972,-6.291804,38,23,15,1,22,0,22,38,23,15,1,22,0,22
8314,35,dublin,SMITHFIELD,Smithfield,False,False,OPEN,2024-12-28 14:49:04,True,False,,,53.347692,-6.278214,30,2,28,2,0,0,0,30,2,28,2,0,0,0
8315,10,dublin,DAME STREET,Dame Street,False,False,OPEN,2024-12-28 14:46:02,True,False,,,53.344007,-6.266802,16,16,0,13,3,0,3,16,16,0,13,3,0,3
8316,100,dublin,HEUSTON BRIDGE (SOUTH),Heuston Bridge (South),False,False,OPEN,2024-12-28 14:46:22,True,False,,,53.347106,-6.292041,25,11,14,3,8,0,8,25,11,14,3,8,0,8
8317,24,dublin,CATHAL BRUGHA STREET,Cathal Brugha Street,False,False,OPEN,2024-12-28 14:46:02,True,False,,,53.352149,-6.260533,20,9,11,8,1,0,1,20,9,11,8,1,0,1
8318,64,dublin,SANDWITH STREET,Sandwith Street,False,False,OPEN,2024-12-28 14:45:17,True,False,,,53.345203,-6.247163,40,19,21,15,4,0,4,40,19,21,15,4,0,4
8319,109,dublin,BUCKINGHAM STREET LOWER,Buckingham Street Lower,False,False,OPEN,2024-12-28 14:44:29,True,False,,,53.353331,-6.249319,29,6,23,0,6,0,6,29,6,23,0,6,0,6
8320,85,dublin,ROTHE ABBEY,Rothe Abbey,False,False,OPEN,2024-12-28 14:40:18,True,False,,,53.338776,-6.30395,35,22,13,9,13,0,13,35,22,13,9,13,0,13
8321,107,dublin,CHARLEVILLE ROAD,Charleville Road,False,False,OPEN,2024-12-28 14:42:17,True,False,,,53.359157,-6.281866,40,10,30,5,5,0,5,40,10,30,5,5,0,5
8322,33,dublin,PRINCES STREET / O'CONNELL STREET,Princes Street / O'Connell Street,False,False,OPEN,2024-12-28 14:46:17,True,False,,,53.349013,-6.260311,23,18,5,12,6,0,6,23,18,5,12,6,0,6
8323,44,dublin,UPPER SHERRARD STREET,Upper Sherrard Street,False,False,OPEN,2024-12-28 14:45:40,True,False,,,53.358437,-6.260641,30,0,30,0,0,0,0,30,0,30,0,0,0,0
8324,89,dublin,FITZWILLIAM SQUARE EAST,Fitzwilliam Square East,False,False,OPEN,2024-12-28 14:43:56,True,False,,,53.335211,-6.2509,40,20,20,11,9,0,9,40,20,20,11,9,0,9
8325,57,dublin,GRATTAN STREET,Grattan Street,False,False,OPEN,2024-12-28 14:42:15,True,False,,,53.339629,-6.243778,23,1,22,1,0,0,0,23,1,22,1,0,0,0
8326,80,dublin,ST JAMES HOSPITAL (LUAS),St James Hospital (Luas),False,False,OPEN,2024-12-28 14:44:20,True,False,,,53.341359,-6.292951,40,16,24,9,7,0,7,40,16,24,9,7,0,7
8327,41,dublin,HARCOURT TERRACE,Harcourt Terrace,False,False,OPEN,2024-12-28 14:41:34,True,False,,,53.332763,-6.257942,20,0,20,0,0,0,0,20,0,20,0,0,0,0
8328,3,dublin,BOLTON STREET,Bolton Street,False,False,OPEN,2024-12-28 14:43:57,True,False,,,53.351182,-6.269859,20,1,19,0,1,0,1,20,1,19,0,1,0,1
8329,40,dublin,JERVIS STREET,Jervis Street,False,False,OPEN,2024-12-28 14:44:53,True,False,,,53.3483,-6.266651,21,16,5,13,3,0,3,21,16,5,13,3,0,3
8330,29,dublin,ORMOND QUAY UPPER,Ormond Quay Upper,False,False,OPEN,2024-12-28 14:46:05,True,False,,,53.346057,-6.268001,29,22,7,14,8,0,8,29,22,7,14,8,0,8
8331,103,dublin,GRANGEGORMAN LOWER (SOUTH),Grangegorman Lower (South),False,False,OPEN,2024-12-28 14:42:36,True,False,,,53.354663,-6.278681,40,3,37,3,0,0,0,40,3,37,3,0,0,0
8332,28,dublin,MOUNTJOY SQUARE WEST,Mountjoy Square West,False,False,OPEN,2024-12-28 14:46:04,True,False,,,53.356299,-6.258586,30,1,29,0,1,0,1,30,1,29,0,1,0,1
8333,39,dublin,WILTON TERRACE,Wilton Terrace,False,False,OPEN,2024-12-28 14:44:16,True,False,,,53.332383,-6.252717,20,0,20,0,0,0,0,20,0,20,0,0,0,0
8334,83,dublin,EMMET ROAD,Emmet Road,False,False,OPEN,2024-12-28 14:44:50,True,False,,,53.340714,-6.308191,40,10,30,7,3,0,3,40,10,30,7,3,0,3
8335,92,dublin,HEUSTON BRIDGE (NORTH),Heuston Bridge (North),False,False,OPEN,2024-12-28 14:42:11,True,False,,,53.347802,-6.292432,40,33,7,26,7,0,7,40,33,7,26,7,0,7
8336,21,dublin,LEINSTER STREET SOUTH,Leinster Street South,False,False,OPEN,2024-12-28 14:41:55,True,False,,,53.34218,-6.254485,30,13,17,12,1,0,1,30,13,17,12,1,0,1
8337,88,dublin,BLACKHALL PLACE,Blackhall Place,False,False,OPEN,2024-12-28 14:42:49,True,False,,,53.3488,-6.281637,30,1,29,1,0,0,0,30,1,29,1,0,0,0
8338,42,dublin,SMITHFIELD NORTH,Smithfield North,False,False,OPEN,2024-12-28 15:03:42,True,False,,,53.349562,-6.278198,30,6,24,4,2,0,2,30,6,24,4,2,0,2
8339,30,dublin,PARNELL SQUARE NORTH,Parnell Square North,False,False,OPEN,2024-12-28 15:09:42,True,False,,,53.3537415547453,-6.26530144781526,20,1,19,0,1,0,1,20,1,19,0,1,0,1
8340,54,dublin,CLONMEL STREET,Clonmel Street,False,False,OPEN,2024-12-28 15:02:20,True,False,,,53.336021,-6.26298,33,17,16,5,12,0,12,33,17,16,5,12,0,12
8341,108,dublin,AVONDALE ROAD,Avondale Road,False,False,OPEN,2024-12-28 15:09:19,True,False,,,53.359405,-6.276142,35,4,31,4,0,0,0,35,4,31,4,0,0,0
8342,20,dublin,JAMES STREET EAST,James Street East,False,False,OPEN,2024-12-28 15:05:02,True,False,,,53.336597,-6.248109,30,3,27,3,0,0,0,30,3,27,3,0,0,0
8343,56,dublin,MOUNT STREET LOWER,Mount Street Lower,False,False,OPEN,2024-12-28 15:01:37,True,False,,,53.33796,-6.24153,40,17,23,6,11,0,11,40,17,23,6,11,0,11
8344,6,dublin,CHRISTCHURCH PLACE,Christchurch Place,False,False,OPEN,2024-12-28 15:01:46,True,False,,,53.343368,-6.27012,20,1,19,1,0,0,0,20,1,19,1,0,0,0
8345,18,dublin,GRANTHAM STREET,Grantham Street,False,False,OPEN,2024-12-28 15:04:39,True,False,,,53.334123,-6.265436,30,7,23,3,4,0,4,30,7,23,3,4,0,4
8346,32,dublin,PEARSE STREET,Pearse Street,False,False,OPEN,2024-12-28 15:04:31,True,False,,,53.344304,-6.250427,30,30,0,19,11,0,11,30,30,0,19,11,0,11
8347,52,dublin,YORK STREET EAST,York Street East,False,False,OPEN,2024-12-28 15:03:11,True,False,,,53.338755,-6.262003,32,23,9,10,13,0,13,32,23,9,10,13,0,13
8348,48,dublin,EXCISE WALK,Excise Walk,False,False,OPEN,2024-12-28 15:02:29,True,False,,,53.347777,-6.244239,40,0,40,0,0,0,0,40,0,40,0,0,0,0
8349,13,dublin,FITZWILLIAM SQUARE WEST,Fitzwilliam Square West,False,False,OPEN,2024-12-28 15:03:04,True,False,,,53.336074,-6.252825,30,27,3,11,16,0,16,30,27,3,11,16,0,16
8350,43,dublin,PORTOBELLO ROAD,Portobello Road,False,False,OPEN,2024-12-28 15:03:46,True,False,,,53.330091,-6.268044,30,16,14,11,5,0,5,30,16,14,11,5,0,5
8351,31,dublin,PARNELL STREET,Parnell Street,False,False,OPEN,2024-12-28 15:02:07,True,False,,,53.350929,-6.265125,20,3,17,2,1,0,1,20,3,17,2,1,0,1
8352,98,dublin,FREDERICK STREET SOUTH,Frederick Street South,False,False,OPEN,2024-12-28 15:04:55,True,False,,,53.341515,-6.256853,40,25,15,13,12,0,12,40,25,15,13,12,0,12
8353,14,dublin,FOWNES STREET UPPER,Fownes Street Upper,False,False,OPEN,2024-12-28 15:05:03,True,False,,,53.344603,-6.263371,30,4,26,1,3,0,3,30,4,26,1,3,0,3
8354,1,dublin,CLARENDON ROW,Clarendon Row,False,False,OPEN,2024-12-28 15:06:04,True,False,,,53.340927,-6.262501,31,11,20,7,4,0,4,31,11,20,7,4,0,4
8355,23,dublin,CUSTOM HOUSE,Custom House,False,False,OPEN,2024-12-28 15:07:32,True,False,,,53.348279,-6.254662,30,18,12,4,14,0,14,30,18,12,4,14,0,14
8356,106,dublin,RATHDOWN ROAD,Rathdown Road,False,False,OPEN,2024-12-28 15:02:55,True,False,,,53.35893,-6.280337,40,27,13,16,11,0,11,40,27,13,16,11,0,11
8357,112,dublin,NORTH CIRCULAR ROAD (O'CONNELL'S),North Circular Road (O'Connell's),False,False,OPEN,2024-12-28 15:05:36,True,False,,,53.357841,-6.251557,30,18,12,11,7,0,7,30,18,12,11,7,0,7
8358,68,dublin,HANOVER QUAY,Hanover Quay,False,False,OPEN,2024-12-28 15:02:59,True,False,,,53.344115,-6.237153,40,30,10,20,10,0,10,40,30,10,20,10,0,10
8359,74,dublin,OLIVER BOND STREET,Oliver Bond Street,False,False,OPEN,2024-12-28 15:04:15,True,False,,,53.343893,-6.280531,30,17,13,14,3,0,3,30,17,13,14,3,0,3
8360,87,dublin,COLLINS BARRACKS MUSEUM,Collins Barracks Museum,False,False,OPEN,2024-12-28 15:05:34,True,False,,,53.347477,-6.28525,38,18,20,7,11,0,11,38,18,20,7,11,0,11
8361,84,dublin,BROOKFIELD ROAD,Brookfield Road,False,False,OPEN,2024-12-28 15:08:36,True,False,,,53.339005,-6.300217,30,10,20,5,5,0,5,30,10,20,5,5,0,5
8362,90,dublin,BENSON STREET,Benson Street,False,False,OPEN,2024-12-28 15:05:40,True,False,,,53.344153,-6.233451,40,1,39,0,1,0,1,40,1,39,0,1,0,1
8363,11,dublin,EARLSFORT TERRACE,Earlsfort Terrace,False,False,OPEN,2024-12-28 15:06:20,True,False,,,53.334295,-6.258503,30,20,10,15,5,0,5,30,20,10,15,5,0,5
8364,17,dublin,GOLDEN LANE,Golden Lane,False,False,OPEN,2024-12-28 15:09:53,True,False,,,53.340803,-6.267732,20,15,5,5,10,0,10,20,15,5,5,10,0,10
8365,45,dublin,DEVERELL PLACE,Deverell Place,False,False,OPEN,2024-12-28 15:06:51,True,False,,,53.351464,-6.255265,30,8,22,2,6,0,6,30,8,22,2,6,0,6
8366,114,dublin,WILTON TERRACE (PARK),Wilton Terrace (Park),False,False,OPEN,2024-12-28 15:08:05,True,False,,,53.333653,-6.248345,40,0,40,0,0,0,0,40,0,40,0,0,0,0
8367,72,dublin,JOHN STREET WEST,John Street West,False,False,OPEN,2024-12-28 15:05:55,True,False,,,53.343105,-6.277167,31,0,31,0,0,0,0,31,0,31,0,0,0,0
8368,63,dublin,FENIAN STREET,Fenian Street,False,False,OPEN,2024-12-28 15:04:59,True,False,,,53.341428,-6.24672,35,25,10,14,11,0,11,35,25,10,14,11,0,11
8369,113,dublin,MERRION SQUARE SOUTH,Merrion Square South,False,False,OPEN,2024-12-28 15:03:44,True,False,,,53.338614,-6.248606,40,7,22,6,1,0,1,40,7,22,6,1,0,1
8370,91,dublin,SOUTH DOCK ROAD,South Dock Road,False,False,OPEN,2024-12-28 15:07:24,True,False,,,53.341833,-6.231291,30,22,8,13,9,0,9,30,22,8,13,9,0,9
8371,99,dublin,CITY QUAY,City Quay,False,False,OPEN,2024-12-28 15:03:41,True,False,,,53.346637,-6.246154,30,21,9,10,11,0,11,30,21,9,10,11,0,11
8372,9,dublin,EXCHEQUER STREET,Exchequer Street,False,False,OPEN,2024-12-28 15:06:45,True,False,,,53.343034,-6.263578,24,9,15,5,4,0,4,24,9,15,5,4,0,4
8373,67,dublin,THE POINT,The Point,False,False,OPEN,2024-12-28 15:04:08,True,False,,,53.346867,-6.230852,40,15,25,8,7,0,7,40,15,25,8,7,0,7
8374,116,dublin,BROADSTONE,Broadstone,False,False,OPEN,2024-12-28 15:00:26,True,False,,,53.3547,-6.272314,30,10,20,1,9,0,9,30,10,20,1,9,0,9
8375,55,dublin,HATCH STREET,Hatch Street,False,False,OPEN,2024-12-28 15:05:04,True,False,,,53.33403,-6.260714,36,15,21,9,6,0,6,36,15,21,9,6,0,6
8376,62,dublin,LIME STREET,Lime Street,False,False,OPEN,2024-12-28 15:03:36,True,False,,,53.346026,-6.243576,40,8,32,1,7,0,7,40,8,32,1,7,0,7
8377,5,dublin,CHARLEMONT PLACE,Charlemont Street,False,False,OPEN,2024-12-28 15:06:58,True,False,,,53.330662,-6.260177,40,26,14,23,3,0,3,40,26,14,23,3,0,3
8378,97,dublin,KILMAINHAM GAOL,Kilmainham Gaol,False,False,OPEN,2024-12-28 15:02:18,True,False,,,53.342113,-6.310015,40,24,16,9,15,0,15,40,24,16,9,15,0,15
8379,61,dublin,HARDWICKE PLACE,Hardwicke Place,False,False,OPEN,2024-12-28 15:01:13,True,False,,,53.357043,-6.263232,25,0,25,0,0,0,0,25,0,25,0,0,0,0
8380,77,dublin,WOLFE TONE STREET,Wolfe Tone Street,False,False,OPEN,2024-12-28 15:03:03,True,False,,,53.348875,-6.267459,29,15,14,6,9,0,9,29,15,14,6,9,0,9
8381,73,dublin,FRANCIS STREET,Francis Street,False,False,OPEN,2024-12-28 15:03:22,True,False,,,53.342081,-6.275233,30,9,21,3,6,0,6,30,9,21,3,6,0,6
8382,4,dublin,GREEK STREET,Greek Street,False,False,OPEN,2024-12-28 15:05:35,True,False,,,53.346874,-6.272976,20,17,3,7,10,0,10,20,17,3,7,10,0,10
8383,49,dublin,GUILD STREET,Guild Street,False,False,OPEN,2024-12-28 15:06:58,True,False,,,53.347932,-6.240928,40,28,12,21,7,0,7,40,28,12,21,7,0,7
8384,19,dublin,HERBERT PLACE,Herbert Place,False,False,OPEN,2024-12-28 15:04:40,True,False,,,53.334432,-6.245575,30,10,20,6,4,0,4,30,10,20,6,4,0,4
8385,7,dublin,HIGH STREET,High Street,False,False,OPEN,2024-12-28 15:04:47,True,False,,,53.343565,-6.275071,29,10,19,5,5,0,5,29,10,19,5,5,0,5
8386,60,dublin,NORTH CIRCULAR ROAD,North Circular Road,False,False,OPEN,2024-12-28 15:07:35,True,False,,,53.359624,-6.260348,30,1,29,1,0,0,0,30,1,29,1,0,0,0
8387,102,dublin,WESTERN WAY,Western Way,False,False,OPEN,2024-12-28 15:03:38,True,False,,,53.354929,-6.269425,40,20,20,17,3,0,3,40,20,20,17,3,0,3
8388,38,dublin,TALBOT STREET,Talbot Street,False,False,OPEN,2024-12-28 15:07:13,True,False,,,53.350974,-6.25294,40,29,11,23,6,0,6,40,29,11,23,6,0,6
8389,53,dublin,NEWMAN HOUSE,Newman House,False,False,OPEN,2024-12-28 15:03:02,True,False,,,53.337132,-6.26059,40,11,29,11,0,0,0,40,11,29,11,0,0,0
8390,58,dublin,SIR PATRICK DUN'S,Sir Patrick's Dun,False,False,OPEN,2024-12-28 15:08:21,True,False,,,53.339218,-6.240642,40,26,14,21,5,0,5,40,26,14,21,5,0,5
8391,66,dublin,NEW CENTRAL BANK,New Central Bank,False,False,OPEN,2024-12-28 15:01:32,True,False,,,53.347122,-6.234749,40,1,39,0,1,0,1,40,1,39,0,1,0,1
8392,104,dublin,GRANGEGORMAN LOWER (CENTRAL),Grangegorman Lower (Central),False,False,OPEN,2024-12-28 15:05:07,True,False,,,53.355173,-6.278424,40,1,39,1,0,0,0,40,1,39,1,0,0,0
8393,101,dublin,KING STREET NORTH,King Street North,False,False,OPEN,2024-12-28 15:01:08,True,False,,,53.350291,-6.273507,30,8,22,6,2,0,2,30,8,22,6,2,0,2
8394,115,dublin,KILLARNEY STREET,Killarney Street,False,False,OPEN,2024-12-28 15:06:18,True,False,,,53.354845,-6.247579,30,8,21,4,4,0,4,30,8,21,4,4,0,4
8395,47,dublin,HERBERT STREET,Herbert Street,False,False,OPEN,2024-12-28 15:03:53,True,False,,,53.335742,-6.24551,40,0,40,0,0,0,0,40,0,40,0,0,0,0
8396,117,dublin,HANOVER QUAY EAST,Hanover Quay East,False,False,OPEN,2024-12-28 15:04:23,True,False,,,53.343653,-6.231755,40,4,36,1,3,0,3,40,4,36,1,3,0,3
8397,8,dublin,CUSTOM HOUSE QUAY,Custom House Quay,False,False,OPEN,2024-12-28 15:09:44,True,False,,,53.347884,-6.248048,30,25,5,20,5,0,5,30,25,5,20,5,0,5
8398,27,dublin,MOLESWORTH STREET,Molesworth Street,False,False,OPEN,2024-12-28 15:01:22,True,False,,,53.341288,-6.258117,20,15,5,7,8,0,8,20,15,5,7,8,0,8
8399,16,dublin,GEORGES QUAY,Georges Quay,False,False,OPEN,2024-12-28 15:00:28,True,False,,,53.347508,-6.252192,20,7,13,3,4,0,4,20,7,13,3,4,0,4
8400,96,dublin,KILMAINHAM LANE,Kilmainham Lane,False,False,OPEN,2024-12-28 15:00:13,True,False,,,53.341805,-6.305085,30,18,12,12,6,0,6,30,18,12,12,6,0,6
8401,82,dublin,MOUNT BROWN,Mount Brown,False,False,OPEN,2024-12-28 15:02:17,True,False,,,53.341645,-6.29719,22,8,14,2,6,0,6,22,8,14,2,6,0,6
8402,76,dublin,MARKET STREET SOUTH,Market Street South,False,False,OPEN,2024-12-28 15:00:57,True,False,,,53.342296,-6.287661,38,6,32,3,3,0,3,38,6,32,3,3,0,3
8403,71,dublin,KEVIN STREET,Kevin Street,False,False,OPEN,2024-12-28 15:02:09,True,False,,,53.337757,-6.267699,40,15,25,9,6,0,6,40,15,25,9,6,0,6
8404,79,dublin,ECCLES STREET EAST,Eccles Street East,False,False,OPEN,2024-12-28 15:03:55,True,False,,,53.358115,-6.265601,27,0,27,0,0,0,0,27,0,27,0,0,0,0
8405,69,dublin,GRAND CANAL DOCK,Grand Canal Dock,False,False,OPEN,2024-12-28 15:09:34,True,False,,,53.342638,-6.238695,40,20,19,16,4,0,4,40,20,19,16,4,0,4
8406,25,dublin,MERRION SQUARE EAST,Merrion Square East,False,False,OPEN,2024-12-28 15:09:26,True,False,,,53.339434,-6.246548,30,1,29,1,0,0,0,30,1,29,1,0,0,0
8407,51,dublin,YORK STREET WEST,York Street West,False,False,OPEN,2024-12-28 15:01:41,True,False,,,53.339334,-6.264699,40,0,0,0,0,0,0,40,0,0,0,0,0,0
8408,37,dublin,ST. STEPHEN'S GREEN SOUTH,St. Stephen's Green South,False,False,OPEN,2024-12-28 15:02:55,True,False,,,53.337494,-6.26199,30,16,14,9,7,0,7,30,16,14,9,7,0,7
8409,59,dublin,DENMARK STREET GREAT,Denmark Street Great,False,False,OPEN,2024-12-28 15:05:25,True,False,,,53.35561,-6.261397,20,0,20,0,0,0,0,20,0,20,0,0,0,0
8410,95,dublin,ROYAL HOSPITAL,Royal Hospital,False,False,OPEN,2024-12-28 15:08:32,True,False,,,53.343897,-6.29706,40,21,19,13,8,0,8,40,21,19,13,8,0,8
8411,94,dublin,HEUSTON STATION (CAR PARK),Heuston Station (Car Park),False,False,OPEN,2024-12-28 15:03:44,True,False,,,53.346985,-6.297804,40,10,30,10,0,0,0,40,10,30,10,0,0,0
8412,105,dublin,GRANGEGORMAN LOWER (NORTH),Grangegorman Lower (North),False,False,OPEN,2024-12-28 15:04:32,True,False,,,53.355954,-6.278378,36,2,34,1,1,0,1,36,2,34,1,1,0,1
8413,36,dublin,ST. STEPHEN'S GREEN EAST,St. Stephen's Green East,False,False,OPEN,2024-12-28 15:02:27,True,False,,,53.337824,-6.256035,40,24,16,11,13,0,13,40,24,16,11,13,0,13
8414,93,dublin,HEUSTON STATION (CENTRAL),Heuston Station (Central),False,False,OPEN,2024-12-28 15:01:43,True,False,,,53.346603,-6.296924,40,14,26,14,0,0,0,40,14,26,14,0,0,0
8415,22,dublin,TOWNSEND STREET,Townsend Street,False,False,OPEN,2024-12-28 15:03:33,True,False,,,53.345922,-6.254614,20,9,11,8,1,0,1,20,9,11,8,1,0,1
8416,50,dublin,GEORGES LANE,George's Lane,False,False,OPEN,2024-12-28 15:05:28,True,False,,,53.35023,-6.279696,40,0,40,0,0,0,0,40,0,40,0,0,0,0
8417,110,dublin,PHIBSBOROUGH ROAD,Phibsborough Road,False,False,OPEN,2024-12-28 15:06:15,True,False,,,53.356307,-6.273717,40,8,32,2,6,0,6,40,8,32,2,6,0,6
8418,12,dublin,ECCLES STREET,Eccles Street,False,False,OPEN,2024-12-28 15:04:28,True,False,,,53.359246,-6.269779,20,10,10,3,7,0,7,20,10,10,3,7,0,7
8419,34,dublin,PORTOBELLO HARBOUR,Portobello Harbour,False,False,OPEN,2024-12-28 15:03:33,True,False,,,53.330362,-6.265163,30,22,8,14,8,0,8,30,22,8,14,8,0,8
8420,78,dublin,MATER HOSPITAL,Mater Hospital,False,False,OPEN,2024-12-28 15:08:32,True,False,,,53.359967,-6.264828,40,2,38,1,1,0,1,40,2,38,1,1,0,1
8421,2,dublin,BLESSINGTON STREET,Blessington Street,False,False,OPEN,2024-12-28 15:01:17,True,False,,,53.356769,-6.26814,20,2,18,1,1,0,1,20,2,18,1,1,0,1
8422,75,dublin,JAMES STREET,James Street,False,False,OPEN,2024-12-28 15:04:50,True,False,,,53.343456,-6.287409,40,22,18,11,11,0,11,40,22,18,11,11,0,11
8423,111,dublin,MOUNTJOY SQUARE EAST,Mountjoy Square East,False,False,OPEN,2024-12-28 15:09:13,True,False,,,53.356717,-6.256359,40,3,37,2,1,0,1,40,3,37,2,1,0,1
8424,26,dublin,MERRION SQUARE WEST,Merrion Square West,False,False,OPEN,2024-12-28 15:03:00,True,False,,,53.339764,-6.251988,20,20,0,10,10,0,10,20,20,0,10,10,0,10
8425,65,dublin,CONVENTION CENTRE,Convention Centre,False,False,OPEN,2024-12-28 15:05:19,True,False,,,53.34744,-6.238523,40,5,35,3,2,0,2,40,5,35,3,2,0,2
8426,15,dublin,HARDWICKE STREET,Hardwicke Street,False,False,OPEN,2024-12-28 15:04:45,True,False,,,53.355473,-6.264423,16,0,16,0,0,0,0,16,0,16,0,0,0,0
8427,86,dublin,PARKGATE STREET,Parkgate Street,False,False,OPEN,2024-12-28 15:01:34,True,False,,,53.347972,-6.291804,38,22,16,0,22,0,22,38,22,16,0,22,0,22
8428,35,dublin,SMITHFIELD,Smithfield,False,False,OPEN,2024-12-28 15:05:56,True,False,,,53.347692,-6.278214,30,3,27,3,0,0,0,30,3,27,3,0,0,0
8429,10,dublin,DAME STREET,Dame Street,False,False,OPEN,2024-12-28 15:07:27,True,False,,,53.344007,-6.266802,16,13,3,11,2,0,2,16,13,3,11,2,0,2
8430,100,dublin,HEUSTON BRIDGE (SOUTH),Heuston Bridge (South),False,False,OPEN,2024-12-28 15:08:50,True,False,,,53.347106,-6.292041,25,12,13,3,9,0,9,25,12,13,3,9,0,9
8431,24,dublin,CATHAL BRUGHA STREET,Cathal Brugha Street,False,False,OPEN,2024-12-28 15:06:15,True,False,,,53.352149,-6.260533,20,8,12,7,1,0,1,20,8,12,7,1,0,1
8432,64,dublin,SANDWITH STREET,Sandwith Street,False,False,OPEN,2024-12-28 15:05:28,True,False,,,53.345203,-6.247163,40,21,19,17,4,0,4,40,21,19,17,4,0,4
8433,109,dublin,BUCKINGHAM STREET LOWER,Buckingham Street Lower,False,False,OPEN,2024-12-28 15:04:38,True,False,,,53.353331,-6.249319,29,6,23,0,6,0,6,29,6,23,0,6,0,6
8434,85,dublin,ROTHE ABBEY,Rothe Abbey,False,False,OPEN,2024-12-28 15:00:27,True,False,,,53.338776,-6.30395,35,22,13,9,13,0,13,35,22,13,9,13,0,13
8435,107,dublin,CHARLEVILLE ROAD,Charleville Road,False,False,OPEN,2024-12-28 15:05:13,True,False,,,53.359157,-6.281866,40,9,31,5,4,0,4,40,9,31,5,4,0,4
8436,33,dublin,PRINCES STREET / O'CONNELL STREET,Princes Street / O'Connell Street,False,False,OPEN,2024-12-28 15:04:41,True,False,,,53.349013,-6.260311,23,16,7,10,6,0,6,23,16,7,10,6,0,6
8437,44,dublin,UPPER SHERRARD STREET,Upper Sherrard Street,False,False,OPEN,2024-12-28 15:05:51,True,False,,,53.358437,-6.260641,30,0,30,0,0,0,0,30,0,30,0,0,0,0
8438,89,dublin,FITZWILLIAM SQUARE EAST,Fitzwilliam Square East,False,False,OPEN,2024-12-28 15:04:03,True,False,,,53.335211,-6.2509,40,20,20,11,9,0,9,40,20,20,11,9,0,9
8439,57,dublin,GRATTAN STREET,Grattan Street,False,False,OPEN,2024-12-28 15:06:11,True,False,,,53.339629,-6.243778,23,2,21,2,0,0,0,23,2,21,2,0,0,0
8440,80,dublin,ST JAMES HOSPITAL (LUAS),St James Hospital (Luas),False,False,OPEN,2024-12-28 15:04:28,True,False,,,53.341359,-6.292951,40,16,24,9,7,0,7,40,16,24,9,7,0,7
8441,41,dublin,HARCOURT TERRACE,Harcourt Terrace,False,False,OPEN,2024-12-28 15:01:44,True,False,,,53.332763,-6.257942,20,0,20,0,0,0,0,20,0,20,0,0,0,0
8442,3,dublin,BOLTON STREET,Bolton Street,False,False,OPEN,2024-12-28 15:04:09,True,False,,,53.351182,-6.269859,20,2,18,1,1,0,1,20,2,18,1,1,0,1
8443,40,dublin,JERVIS STREET,Jervis Street,False,False,OPEN,2024-12-28 15:09:14,True,False,,,53.3483,-6.266651,21,14,7,11,3,0,3,21,14,7,11,3,0,3
8444,29,dublin,ORMOND QUAY UPPER,Ormond Quay Upper,False,False,OPEN,2024-12-28 15:06:15,True,False,,,53.346057,-6.268001,29,22,7,14,8,0,8,29,22,7,14,8,0,8
8445,103,dublin,GRANGEGORMAN LOWER (SOUTH),Grangegorman Lower (South),False,False,OPEN,2024-12-28 15:09:47,True,False,,,53.354663,-6.278681,40,2,38,2,0,0,0,40,2,38,2,0,0,0
8446,28,dublin,MOUNTJOY SQUARE WEST,Mountjoy Square West,False,False,OPEN,2024-12-28 15:09:36,True,False,,,53.356299,-6.258586,30,9,21,6,3,0,3,30,9,21,6,3,0,3
8447,39,dublin,WILTON TERRACE,Wilton Terrace,False,False,OPEN,2024-12-28 15:04:28,True,False,,,53.332383,-6.252717,20,1,19,0,1,0,1,20,1,19,0,1,0,1
8448,83,dublin,EMMET ROAD,Emmet Road,False,False,OPEN,2024-12-28 15:05:02,True,False,,,53.340714,-6.308191,40,9,31,7,2,0,2,40,9,31,7,2,0,2
8449,92,dublin,HEUSTON BRIDGE (NORTH),Heuston Bridge (North),False,False,OPEN,2024-12-28 15:08:52,True,False,,,53.347802,-6.292432,40,33,7,26,7,0,7,40,33,7,26,7,0,7
8450,21,dublin,LEINSTER STREET SOUTH,Leinster Street South,False,False,OPEN,2024-12-28 15:03:35,True,False,,,53.34218,-6.254485,30,13,17,12,1,0,1,30,13,17,12,1,0,1
8451,88,dublin,BLACKHALL PLACE,Blackhall Place,False,False,OPEN,2024-12-28 15:02:58,True,False,,,53.3488,-6.281637,30,1,29,1,0,0,0,30,1,29,1,0,0,0
8452,42,dublin,SMITHFIELD NORTH,Smithfield North,False,False,OPEN,2024-12-28 15:23:54,True,False,,,53.349562,-6.278198,30,5,25,3,2,0,2,30,5,25,3,2,0,2
8453,30,dublin,PARNELL SQUARE NORTH,Parnell Square North,False,False,OPEN,2024-12-28 15:26:41,True,False,,,53.3537415547453,-6.26530144781526,20,1,19,0,1,0,1,20,1,19,0,1,0,1
8454,54,dublin,CLONMEL STREET,Clonmel Street,False,False,OPEN,2024-12-28 15:22:31,True,False,,,53.336021,-6.26298,33,17,16,5,12,0,12,33,17,16,5,12,0,12
8455,108,dublin,AVONDALE ROAD,Avondale Road,False,False,OPEN,2024-12-28 15:26:46,True,False,,,53.359405,-6.276142,35,4,31,4,0,0,0,35,4,31,4,0,0,0
8456,20,dublin,JAMES STREET EAST,James Street East,False,False,OPEN,2024-12-28 15:25:09,True,False,,,53.336597,-6.248109,30,3,27,3,0,0,0,30,3,27,3,0,0,0
8457,56,dublin,MOUNT STREET LOWER,Mount Street Lower,False,False,OPEN,2024-12-28 15:22:35,True,False,,,53.33796,-6.24153,40,19,21,8,11,0,11,40,19,21,8,11,0,11
8458,6,dublin,CHRISTCHURCH PLACE,Christchurch Place,False,False,OPEN,2024-12-28 15:21:55,True,False,,,53.343368,-6.27012,20,1,19,1,0,0,0,20,1,19,1,0,0,0
8459,18,dublin,GRANTHAM STREET,Grantham Street,False,False,OPEN,2024-12-28 15:24:47,True,False,,,53.334123,-6.265436,30,7,23,3,4,0,4,30,7,23,3,4,0,4
8460,32,dublin,PEARSE STREET,Pearse Street,False,False,OPEN,2024-12-28 15:21:50,True,False,,,53.344304,-6.250427,30,30,0,19,11,0,11,30,30,0,19,11,0,11
8461,52,dublin,YORK STREET EAST,York Street East,False,False,OPEN,2024-12-28 15:23:21,True,False,,,53.338755,-6.262003,32,25,7,11,14,0,14,32,25,7,11,14,0,14
8462,48,dublin,EXCISE WALK,Excise Walk,False,False,OPEN,2024-12-28 15:22:36,True,False,,,53.347777,-6.244239,40,0,40,0,0,0,0,40,0,40,0,0,0,0
8463,13,dublin,FITZWILLIAM SQUARE WEST,Fitzwilliam Square West,False,False,OPEN,2024-12-28 15:26:06,True,False,,,53.336074,-6.252825,30,28,2,12,16,0,16,30,28,2,12,16,0,16
8464,43,dublin,PORTOBELLO ROAD,Portobello Road,False,False,OPEN,2024-12-28 15:23:31,True,False,,,53.330091,-6.268044,30,15,15,10,5,0,5,30,15,15,10,5,0,5
8465,31,dublin,PARNELL STREET,Parnell Street,False,False,OPEN,2024-12-28 15:28:14,True,False,,,53.350929,-6.265125,20,4,16,3,1,0,1,20,4,16,3,1,0,1
8466,98,dublin,FREDERICK STREET SOUTH,Frederick Street South,False,False,OPEN,2024-12-28 15:25:08,True,False,,,53.341515,-6.256853,40,24,16,12,12,0,12,40,24,16,12,12,0,12
8467,14,dublin,FOWNES STREET UPPER,Fownes Street Upper,False,False,OPEN,2024-12-28 15:25:12,True,False,,,53.344603,-6.263371,30,6,24,2,4,0,4,30,6,24,2,4,0,4
8468,1,dublin,CLARENDON ROW,Clarendon Row,False,False,OPEN,2024-12-28 15:24:56,True,False,,,53.340927,-6.262501,31,10,21,6,4,0,4,31,10,21,6,4,0,4
8469,23,dublin,CUSTOM HOUSE,Custom House,False,False,OPEN,2024-12-28 15:24:37,True,False,,,53.348279,-6.254662,30,18,12,4,14,0,14,30,18,12,4,14,0,14
8470,106,dublin,RATHDOWN ROAD,Rathdown Road,False,False,OPEN,2024-12-28 15:25:04,True,False,,,53.35893,-6.280337,40,25,15,14,11,0,11,40,25,15,14,11,0,11
8471,112,dublin,NORTH CIRCULAR ROAD (O'CONNELL'S),North Circular Road (O'Connell's),False,False,OPEN,2024-12-28 15:25:50,True,False,,,53.357841,-6.251557,30,17,13,10,7,0,7,30,17,13,10,7,0,7
8472,68,dublin,HANOVER QUAY,Hanover Quay,False,False,OPEN,2024-12-28 15:29:52,True,False,,,53.344115,-6.237153,40,30,10,20,10,0,10,40,30,10,20,10,0,10
8473,74,dublin,OLIVER BOND STREET,Oliver Bond Street,False,False,OPEN,2024-12-28 15:24:22,True,False,,,53.343893,-6.280531,30,17,13,14,3,0,3,30,17,13,14,3,0,3
8474,87,dublin,COLLINS BARRACKS MUSEUM,Collins Barracks Museum,False,False,OPEN,2024-12-28 15:25:46,True,False,,,53.347477,-6.28525,38,19,19,8,11,0,11,38,19,19,8,11,0,11
8475,84,dublin,BROOKFIELD ROAD,Brookfield Road,False,False,OPEN,2024-12-28 15:24:30,True,False,,,53.339005,-6.300217,30,10,20,5,5,0,5,30,10,20,5,5,0,5
8476,90,dublin,BENSON STREET,Benson Street,False,False,OPEN,2024-12-28 15:25:48,True,False,,,53.344153,-6.233451,40,1,39,0,1,0,1,40,1,39,0,1,0,1
8477,11,dublin,EARLSFORT TERRACE,Earlsfort Terrace,False,False,OPEN,2024-12-28 15:20:56,True,False,,,53.334295,-6.258503,30,20,10,15,5,0,5,30,20,10,15,5,0,5
8478,17,dublin,GOLDEN LANE,Golden Lane,False,False,OPEN,2024-12-28 15:22:36,True,False,,,53.340803,-6.267732,20,17,3,6,11,0,11,20,17,3,6,11,0,11
8479,45,dublin,DEVERELL PLACE,Deverell Place,False,False,OPEN,2024-12-28 15:25:36,True,False,,,53.351464,-6.255265,30,10,20,4,6,0,6,30,10,20,4,6,0,6
8480,114,dublin,WILTON TERRACE (PARK),Wilton Terrace (Park),False,False,OPEN,2024-12-28 15:28:13,True,False,,,53.333653,-6.248345,40,0,40,0,0,0,0,40,0,40,0,0,0,0
8481,72,dublin,JOHN STREET WEST,John Street West,False,False,OPEN,2024-12-28 15:26:02,True,False,,,53.343105,-6.277167,31,0,31,0,0,0,0,31,0,31,0,0,0,0
8482,63,dublin,FENIAN STREET,Fenian Street,False,False,OPEN,2024-12-28 15:25:09,True,False,,,53.341428,-6.24672,35,26,9,14,12,0,12,35,26,9,14,12,0,12
8483,113,dublin,MERRION SQUARE SOUTH,Merrion Square South,False,False,OPEN,2024-12-28 15:23:52,True,False,,,53.338614,-6.248606,40,7,22,6,1,0,1,40,7,22,6,1,0,1
8484,91,dublin,SOUTH DOCK ROAD,South Dock Road,False,False,OPEN,2024-12-28 15:22:39,True,False,,,53.341833,-6.231291,30,23,7,13,10,0,10,30,23,7,13,10,0,10
8485,99,dublin,CITY QUAY,City Quay,False,False,OPEN,2024-12-28 15:23:49,True,False,,,53.346637,-6.246154,30,21,9,10,11,0,11,30,21,9,10,11,0,11
8486,9,dublin,EXCHEQUER STREET,Exchequer Street,False,False,OPEN,2024-12-28 15:26:59,True,False,,,53.343034,-6.263578,24,8,16,6,2,0,2,24,8,16,6,2,0,2
8487,67,dublin,THE POINT,The Point,False,False,OPEN,2024-12-28 15:24:16,True,False,,,53.346867,-6.230852,40,15,25,8,7,0,7,40,15,25,8,7,0,7
8488,116,dublin,BROADSTONE,Broadstone,False,False,OPEN,2024-12-28 15:20:33,True,False,,,53.3547,-6.272314,30,10,20,1,9,0,9,30,10,20,1,9,0,9
8489,55,dublin,HATCH STREET,Hatch Street,False,False,OPEN,2024-12-28 15:26:14,True,False,,,53.33403,-6.260714,36,14,22,9,5,0,5,36,14,22,9,5,0,5
8490,62,dublin,LIME STREET,Lime Street,False,False,OPEN,2024-12-28 15:22:46,True,False,,,53.346026,-6.243576,40,8,32,1,7,0,7,40,8,32,1,7,0,7
8491,5,dublin,CHARLEMONT PLACE,Charlemont Street,False,False,OPEN,2024-12-28 15:25:47,True,False,,,53.330662,-6.260177,40,23,17,20,3,0,3,40,23,17,20,3,0,3
8492,97,dublin,KILMAINHAM GAOL,Kilmainham Gaol,False,False,OPEN,2024-12-28 15:29:53,True,False,,,53.342113,-6.310015,40,24,16,9,15,0,15,40,24,16,9,15,0,15
8493,61,dublin,HARDWICKE PLACE,Hardwicke Place,False,False,OPEN,2024-12-28 15:21:21,True,False,,,53.357043,-6.263232,25,0,25,0,0,0,0,25,0,25,0,0,0,0
8494,77,dublin,WOLFE TONE STREET,Wolfe Tone Street,False,False,OPEN,2024-12-28 15:23:15,True,False,,,53.348875,-6.267459,29,17,12,7,10,0,10,29,17,12,7,10,0,10
8495,73,dublin,FRANCIS STREET,Francis Street,False,False,OPEN,2024-12-28 15:26:48,True,False,,,53.342081,-6.275233,30,8,22,2,6,0,6,30,8,22,2,6,0,6
8496,4,dublin,GREEK STREET,Greek Street,False,False,OPEN,2024-12-28 15:25:50,True,False,,,53.346874,-6.272976,20,17,3,7,10,0,10,20,17,3,7,10,0,10
8497,49,dublin,GUILD STREET,Guild Street,False,False,OPEN,2024-12-28 15:26:49,True,False,,,53.347932,-6.240928,40,28,12,21,7,0,7,40,28,12,21,7,0,7
8498,19,dublin,HERBERT PLACE,Herbert Place,False,False,OPEN,2024-12-28 15:24:49,True,False,,,53.334432,-6.245575,30,9,21,5,4,0,4,30,9,21,5,4,0,4
8499,7,dublin,HIGH STREET,High Street,False,False,OPEN,2024-12-28 15:24:58,True,False,,,53.343565,-6.275071,29,10,19,5,5,0,5,29,10,19,5,5,0,5
8500,60,dublin,NORTH CIRCULAR ROAD,North Circular Road,False,False,OPEN,2024-12-28 15:25:34,True,False,,,53.359624,-6.260348,30,0,30,0,0,0,0,30,0,30,0,0,0,0
8501,102,dublin,WESTERN WAY,Western Way,False,False,OPEN,2024-12-28 15:23:49,True,False,,,53.354929,-6.269425,40,20,20,17,3,0,3,40,20,20,17,3,0,3
8502,38,dublin,TALBOT STREET,Talbot Street,False,False,OPEN,2024-12-28 15:23:54,True,False,,,53.350974,-6.25294,40,28,12,23,5,0,5,40,28,12,23,5,0,5
8503,53,dublin,NEWMAN HOUSE,Newman House,False,False,OPEN,2024-12-28 15:23:09,True,False,,,53.337132,-6.26059,40,11,29,11,0,0,0,40,11,29,11,0,0,0
8504,58,dublin,SIR PATRICK DUN'S,Sir Patrick's Dun,False,False,OPEN,2024-12-28 15:27:48,True,False,,,53.339218,-6.240642,40,25,15,20,5,0,5,40,25,15,20,5,0,5
8505,66,dublin,NEW CENTRAL BANK,New Central Bank,False,False,OPEN,2024-12-28 15:21:25,True,False,,,53.347122,-6.234749,40,1,39,0,1,0,1,40,1,39,0,1,0,1
8506,104,dublin,GRANGEGORMAN LOWER (CENTRAL),Grangegorman Lower (Central),False,False,OPEN,2024-12-28 15:25:18,True,False,,,53.355173,-6.278424,40,1,39,1,0,0,0,40,1,39,1,0,0,0
8507,101,dublin,KING STREET NORTH,King Street North,False,False,OPEN,2024-12-28 15:23:02,True,False,,,53.350291,-6.273507,30,9,21,6,3,0,3,30,9,21,6,3,0,3
8508,115,dublin,KILLARNEY STREET,Killarney Street,False,False,OPEN,2024-12-28 15:26:30,True,False,,,53.354845,-6.247579,30,5,24,2,3,0,3,30,5,24,2,3,0,3
8509,47,dublin,HERBERT STREET,Herbert Street,False,False,OPEN,2024-12-28 15:24:03,True,False,,,53.335742,-6.24551,40,1,39,1,0,0,0,40,1,39,1,0,0,0
8510,117,dublin,HANOVER QUAY EAST,Hanover Quay East,False,False,OPEN,2024-12-28 15:24:34,True,False,,,53.343653,-6.231755,40,4,36,1,3,0,3,40,4,36,1,3,0,3
8511,8,dublin,CUSTOM HOUSE QUAY,Custom House Quay,False,False,OPEN,2024-12-28 15:24:49,True,False,,,53.347884,-6.248048,30,23,7,18,5,0,5,30,23,7,18,5,0,5
8512,27,dublin,MOLESWORTH STREET,Molesworth Street,False,False,OPEN,2024-12-28 15:27:43,True,False,,,53.341288,-6.258117,20,14,6,6,8,0,8,20,14,6,6,8,0,8
8513,16,dublin,GEORGES QUAY,Georges Quay,False,False,OPEN,2024-12-28 15:20:37,True,False,,,53.347508,-6.252192,20,6,14,3,3,0,3,20,6,14,3,3,0,3
8514,96,dublin,KILMAINHAM LANE,Kilmainham Lane,False,False,OPEN,2024-12-28 15:20:22,True,False,,,53.341805,-6.305085,30,18,12,12,6,0,6,30,18,12,12,6,0,6
8515,82,dublin,MOUNT BROWN,Mount Brown,False,False,OPEN,2024-12-28 15:22:26,True,False,,,53.341645,-6.29719,22,7,15,1,6,0,6,22,7,15,1,6,0,6
8516,76,dublin,MARKET STREET SOUTH,Market Street South,False,False,OPEN,2024-12-28 15:21:07,True,False,,,53.342296,-6.287661,38,8,30,5,3,0,3,38,8,30,5,3,0,3
8517,71,dublin,KEVIN STREET,Kevin Street,False,False,OPEN,2024-12-28 15:22:19,True,False,,,53.337757,-6.267699,40,14,26,8,6,0,6,40,14,26,8,6,0,6
8518,79,dublin,ECCLES STREET EAST,Eccles Street East,False,False,OPEN,2024-12-28 15:24:03,True,False,,,53.358115,-6.265601,27,0,27,0,0,0,0,27,0,27,0,0,0,0
8519,69,dublin,GRAND CANAL DOCK,Grand Canal Dock,False,False,OPEN,2024-12-28 15:28:25,True,False,,,53.342638,-6.238695,40,19,21,15,4,0,4,40,19,21,15,4,0,4
8520,25,dublin,MERRION SQUARE EAST,Merrion Square East,False,False,OPEN,2024-12-28 15:29:37,True,False,,,53.339434,-6.246548,30,1,29,1,0,0,0,30,1,29,1,0,0,0
8521,51,dublin,YORK STREET WEST,York Street West,False,False,OPEN,2024-12-28 15:21:49,True,False,,,53.339334,-6.264699,40,0,0,0,0,0,0,40,0,0,0,0,0,0
8522,37,dublin,ST. STEPHEN'S GREEN SOUTH,St. Stephen's Green South,False,False,OPEN,2024-12-28 15:24:54,True,False,,,53.337494,-6.26199,30,15,15,8,7,0,7,30,15,15,8,7,0,7
8523,59,dublin,DENMARK STREET GREAT,Denmark Street Great,False,False,OPEN,2024-12-28 15:25:36,True,False,,,53.35561,-6.261397,20,1,19,1,0,0,0,20,1,19,1,0,0,0
8524,95,dublin,ROYAL HOSPITAL,Royal Hospital,False,False,OPEN,2024-12-28 15:25:36,True,False,,,53.343897,-6.29706,40,19,21,11,8,0,8,40,19,21,11,8,0,8
8525,94,dublin,HEUSTON STATION (CAR PARK),Heuston Station (Car Park),False,False,OPEN,2024-12-28 15:23:52,True,False,,,53.346985,-6.297804,40,10,30,10,0,0,0,40,10,30,10,0,0,0
8526,105,dublin,GRANGEGORMAN LOWER (NORTH),Grangegorman Lower (North),False,False,OPEN,2024-12-28 15:24:40,True,False,,,53.355954,-6.278378,36,2,34,1,1,0,1,36,2,34,1,1,0,1
8527,36,dublin,ST. STEPHEN'S GREEN EAST,St. Stephen's Green East,False,False,OPEN,2024-12-28 15:22:39,True,False,,,53.337824,-6.256035,40,23,17,11,12,0,12,40,23,17,11,12,0,12
8528,93,dublin,HEUSTON STATION (CENTRAL),Heuston Station (Central),False,False,OPEN,2024-12-28 15:21:50,True,False,,,53.346603,-6.296924,40,14,26,14,0,0,0,40,14,26,14,0,0,0
8529,22,dublin,TOWNSEND STREET,Townsend Street,False,False,OPEN,2024-12-28 15:23:44,True,False,,,53.345922,-6.254614,20,9,11,8,1,0,1,20,9,11,8,1,0,1
8530,50,dublin,GEORGES LANE,George's Lane,False,False,OPEN,2024-12-28 15:28:57,True,False,,,53.35023,-6.279696,40,1,39,1,0,0,0,40,1,39,1,0,0,0
8531,110,dublin,PHIBSBOROUGH ROAD,Phibsborough Road,False,False,OPEN,2024-12-28 15:26:24,True,False,,,53.356307,-6.273717,40,8,32,2,6,0,6,40,8,32,2,6,0,6
8532,12,dublin,ECCLES STREET,Eccles Street,False,False,OPEN,2024-12-28 15:24:39,True,False,,,53.359246,-6.269779,20,11,9,4,7,0,7,20,11,9,4,7,0,7
8533,34,dublin,PORTOBELLO HARBOUR,Portobello Harbour,False,False,OPEN,2024-12-28 15:23:40,True,False,,,53.330362,-6.265163,30,22,8,14,8,0,8,30,22,8,14,8,0,8
8534,78,dublin,MATER HOSPITAL,Mater Hospital,False,False,OPEN,2024-12-28 15:24:30,True,False,,,53.359967,-6.264828,40,2,38,1,1,0,1,40,2,38,1,1,0,1
8535,2,dublin,BLESSINGTON STREET,Blessington Street,False,False,OPEN,2024-12-28 15:21:24,True,False,,,53.356769,-6.26814,20,2,18,1,1,0,1,20,2,18,1,1,0,1
8536,75,dublin,JAMES STREET,James Street,False,False,OPEN,2024-12-28 15:24:59,True,False,,,53.343456,-6.287409,40,24,16,13,11,0,11,40,24,16,13,11,0,11
8537,111,dublin,MOUNTJOY SQUARE EAST,Mountjoy Square East,False,False,OPEN,2024-12-28 15:23:21,True,False,,,53.356717,-6.256359,40,2,38,1,1,0,1,40,2,38,1,1,0,1
8538,26,dublin,MERRION SQUARE WEST,Merrion Square West,False,False,OPEN,2024-12-28 15:23:10,True,False,,,53.339764,-6.251988,20,20,0,10,10,0,10,20,20,0,10,10,0,10
8539,65,dublin,CONVENTION CENTRE,Convention Centre,False,False,OPEN,2024-12-28 15:25:27,True,False,,,53.34744,-6.238523,40,6,34,4,2,0,2,40,6,34,4,2,0,2
8540,15,dublin,HARDWICKE STREET,Hardwicke Street,False,False,OPEN,2024-12-28 15:24:52,True,False,,,53.355473,-6.264423,16,0,16,0,0,0,0,16,0,16,0,0,0,0
8541,86,dublin,PARKGATE STREET,Parkgate Street,False,False,OPEN,2024-12-28 15:27:22,True,False,,,53.347972,-6.291804,38,21,17,0,21,0,21,38,21,17,0,21,0,21
8542,35,dublin,SMITHFIELD,Smithfield,False,False,OPEN,2024-12-28 15:26:05,True,False,,,53.347692,-6.278214,30,6,24,6,0,0,0,30,6,24,6,0,0,0
8543,10,dublin,DAME STREET,Dame Street,False,False,OPEN,2024-12-28 15:26:24,True,False,,,53.344007,-6.266802,16,13,3,11,2,0,2,16,13,3,11,2,0,2
8544,100,dublin,HEUSTON BRIDGE (SOUTH),Heuston Bridge (South),False,False,OPEN,2024-12-28 15:19:46,True,False,,,53.347106,-6.292041,25,13,12,4,9,0,9,25,13,12,4,9,0,9
8545,24,dublin,CATHAL BRUGHA STREET,Cathal Brugha Street,False,False,OPEN,2024-12-28 15:26:26,True,False,,,53.352149,-6.260533,20,9,11,8,1,0,1,20,9,11,8,1,0,1
8546,64,dublin,SANDWITH STREET,Sandwith Street,False,False,OPEN,2024-12-28 15:25:43,True,False,,,53.345203,-6.247163,40,22,18,17,5,0,5,40,22,18,17,5,0,5
8547,109,dublin,BUCKINGHAM STREET LOWER,Buckingham Street Lower,False,False,OPEN,2024-12-28 15:24:47,True,False,,,53.353331,-6.249319,29,5,24,0,5,0,5,29,5,24,0,5,0,5
8548,85,dublin,ROTHE ABBEY,Rothe Abbey,False,False,OPEN,2024-12-28 15:20:35,True,False,,,53.338776,-6.30395,35,22,13,9,13,0,13,35,22,13,9,13,0,13
8549,107,dublin,CHARLEVILLE ROAD,Charleville Road,False,False,OPEN,2024-12-28 15:22:37,True,False,,,53.359157,-6.281866,40,10,30,6,4,0,4,40,10,30,6,4,0,4
8550,33,dublin,PRINCES STREET / O'CONNELL STREET,Princes Street / O'Connell Street,False,False,OPEN,2024-12-28 15:27:16,True,False,,,53.349013,-6.260311,23,18,5,12,6,0,6,23,18,5,12,6,0,6
8551,44,dublin,UPPER SHERRARD STREET,Upper Sherrard Street,False,False,OPEN,2024-12-28 15:26:01,True,False,,,53.358437,-6.260641,30,0,30,0,0,0,0,30,0,30,0,0,0,0
8552,89,dublin,FITZWILLIAM SQUARE EAST,Fitzwilliam Square East,False,False,OPEN,2024-12-28 15:24:10,True,False,,,53.335211,-6.2509,40,20,20,11,9,0,9,40,20,20,11,9,0,9
8553,57,dublin,GRATTAN STREET,Grattan Street,False,False,OPEN,2024-12-28 15:22:31,True,False,,,53.339629,-6.243778,23,2,21,2,0,0,0,23,2,21,2,0,0,0
8554,80,dublin,ST JAMES HOSPITAL (LUAS),St James Hospital (Luas),False,False,OPEN,2024-12-28 15:26:00,True,False,,,53.341359,-6.292951,40,16,24,9,7,0,7,40,16,24,9,7,0,7
8555,41,dublin,HARCOURT TERRACE,Harcourt Terrace,False,False,OPEN,2024-12-28 15:21:55,True,False,,,53.332763,-6.257942,20,0,20,0,0,0,0,20,0,20,0,0,0,0
8556,3,dublin,BOLTON STREET,Bolton Street,False,False,OPEN,2024-12-28 15:24:21,True,False,,,53.351182,-6.269859,20,1,19,1,0,0,0,20,1,19,1,0,0,0
8557,40,dublin,JERVIS STREET,Jervis Street,False,False,OPEN,2024-12-28 15:25:17,True,False,,,53.3483,-6.266651,21,14,7,11,3,0,3,21,14,7,11,3,0,3
8558,29,dublin,ORMOND QUAY UPPER,Ormond Quay Upper,False,False,OPEN,2024-12-28 15:26:27,True,False,,,53.346057,-6.268001,29,26,3,17,9,0,9,29,26,3,17,9,0,9
8559,103,dublin,GRANGEGORMAN LOWER (SOUTH),Grangegorman Lower (South),False,False,OPEN,2024-12-28 15:22:53,True,False,,,53.354663,-6.278681,40,2,38,2,0,0,0,40,2,38,2,0,0,0
8560,28,dublin,MOUNTJOY SQUARE WEST,Mountjoy Square West,False,False,OPEN,2024-12-28 15:28:37,True,False,,,53.356299,-6.258586,30,18,12,13,5,0,5,30,18,12,13,5,0,5
8561,39,dublin,WILTON TERRACE,Wilton Terrace,False,False,OPEN,2024-12-28 15:24:36,True,False,,,53.332383,-6.252717,20,0,20,0,0,0,0,20,0,20,0,0,0,0
8562,83,dublin,EMMET ROAD,Emmet Road,False,False,OPEN,2024-12-28 15:25:12,True,False,,,53.340714,-6.308191,40,9,31,7,2,0,2,40,9,31,7,2,0,2
8563,92,dublin,HEUSTON BRIDGE (NORTH),Heuston Bridge (North),False,False,OPEN,2024-12-28 15:22:33,True,False,,,53.347802,-6.292432,40,34,6,26,8,0,8,40,34,6,26,8,0,8
8564,21,dublin,LEINSTER STREET SOUTH,Leinster Street South,False,False,OPEN,2024-12-28 15:22:15,True,False,,,53.34218,-6.254485,30,14,16,13,1,0,1,30,14,16,13,1,0,1
8565,88,dublin,BLACKHALL PLACE,Blackhall Place,False,False,OPEN,2024-12-28 15:28:30,True,False,,,53.3488,-6.281637,30,3,27,2,1,0,1,30,3,27,2,1,0,1
8566,42,dublin,SMITHFIELD NORTH,Smithfield North,False,False,OPEN,2024-12-28 15:44:05,True,False,,,53.349562,-6.278198,30,5,25,3,2,0,2,30,5,25,3,2,0,2
8567,30,dublin,PARNELL SQUARE NORTH,Parnell Square North,False,False,OPEN,2024-12-28 15:46:54,True,False,,,53.3537415547453,-6.26530144781526,20,1,19,0,1,0,1,20,1,19,0,1,0,1
8568,54,dublin,CLONMEL STREET,Clonmel Street,False,False,OPEN,2024-12-28 15:42:45,True,False,,,53.336021,-6.26298,33,16,17,4,12,0,12,33,16,17,4,12,0,12
8569,108,dublin,AVONDALE ROAD,Avondale Road,False,False,OPEN,2024-12-28 15:47:11,True,False,,,53.359405,-6.276142,35,3,32,3,0,0,0,35,3,32,3,0,0,0
8570,20,dublin,JAMES STREET EAST,James Street East,False,False,OPEN,2024-12-28 15:45:17,True,False,,,53.336597,-6.248109,30,3,27,3,0,0,0,30,3,27,3,0,0,0
8571,56,dublin,MOUNT STREET LOWER,Mount Street Lower,False,False,OPEN,2024-12-28 15:41:53,True,False,,,53.33796,-6.24153,40,19,21,8,11,0,11,40,19,21,8,11,0,11
8572,6,dublin,CHRISTCHURCH PLACE,Christchurch Place,False,False,OPEN,2024-12-28 15:42:02,True,False,,,53.343368,-6.27012,20,1,19,1,0,0,0,20,1,19,1,0,0,0
8573,18,dublin,GRANTHAM STREET,Grantham Street,False,False,OPEN,2024-12-28 15:45:54,True,False,,,53.334123,-6.265436,30,6,24,1,5,0,5,30,6,24,1,5,0,5
8574,32,dublin,PEARSE STREET,Pearse Street,False,False,OPEN,2024-12-28 15:41:58,True,False,,,53.344304,-6.250427,30,30,0,19,11,0,11,30,30,0,19,11,0,11
8575,52,dublin,YORK STREET EAST,York Street East,False,False,OPEN,2024-12-28 15:49:06,True,False,,,53.338755,-6.262003,32,25,7,12,13,0,13,32,25,7,12,13,0,13
8576,48,dublin,EXCISE WALK,Excise Walk,False,False,OPEN,2024-12-28 15:42:43,True,False,,,53.347777,-6.244239,40,0,40,0,0,0,0,40,0,40,0,0,0,0
8577,13,dublin,FITZWILLIAM SQUARE WEST,Fitzwilliam Square West,False,False,OPEN,2024-12-28 15:43:23,True,False,,,53.336074,-6.252825,30,27,3,11,16,0,16,30,27,3,11,16,0,16
8578,43,dublin,PORTOBELLO ROAD,Portobello Road,False,False,OPEN,2024-12-28 15:45:48,True,False,,,53.330091,-6.268044,30,16,14,11,5,0,5,30,16,14,11,5,0,5
8579,31,dublin,PARNELL STREET,Parnell Street,False,False,OPEN,2024-12-28 15:47:22,True,False,,,53.350929,-6.265125,20,5,15,3,2,0,2,20,5,15,3,2,0,2
8580,98,dublin,FREDERICK STREET SOUTH,Frederick Street South,False,False,OPEN,2024-12-28 15:45:19,True,False,,,53.341515,-6.256853,40,24,16,12,12,0,12,40,24,16,12,12,0,12
8581,14,dublin,FOWNES STREET UPPER,Fownes Street Upper,False,False,OPEN,2024-12-28 15:48:18,True,False,,,53.344603,-6.263371,30,8,22,1,7,0,7,30,8,22,1,7,0,7
8582,1,dublin,CLARENDON ROW,Clarendon Row,False,False,OPEN,2024-12-28 15:45:06,True,False,,,53.340927,-6.262501,31,11,20,7,4,0,4,31,11,20,7,4,0,4
8583,23,dublin,CUSTOM HOUSE,Custom House,False,False,OPEN,2024-12-28 15:44:48,True,False,,,53.348279,-6.254662,30,18,12,4,14,0,14,30,18,12,4,14,0,14
8584,106,dublin,RATHDOWN ROAD,Rathdown Road,False,False,OPEN,2024-12-28 15:43:19,True,False,,,53.35893,-6.280337,40,25,15,14,11,0,11,40,25,15,14,11,0,11
8585,112,dublin,NORTH CIRCULAR ROAD (O'CONNELL'S),North Circular Road (O'Connell's),False,False,OPEN,2024-12-28 15:46:00,True,False,,,53.357841,-6.251557,30,17,13,10,7,0,7,30,17,13,10,7,0,7
8586,68,dublin,HANOVER QUAY,Hanover Quay,False,False,OPEN,2024-12-28 15:47:33,True,False,,,53.344115,-6.237153,40,31,9,21,10,0,10,40,31,9,21,10,0,10
8587,74,dublin,OLIVER BOND STREET,Oliver Bond Street,False,False,OPEN,2024-12-28 15:44:29,True,False,,,53.343893,-6.280531,30,17,13,14,3,0,3,30,17,13,14,3,0,3
8588,87,dublin,COLLINS BARRACKS MUSEUM,Collins Barracks Museum,False,False,OPEN,2024-12-28 15:45:57,True,False,,,53.347477,-6.28525,38,19,19,8,11,0,11,38,19,19,8,11,0,11
8589,84,dublin,BROOKFIELD ROAD,Brookfield Road,False,False,OPEN,2024-12-28 15:44:39,True,False,,,53.339005,-6.300217,30,12,18,6,6,0,6,30,12,18,6,6,0,6
8590,90,dublin,BENSON STREET,Benson Street,False,False,OPEN,2024-12-28 15:45:56,True,False,,,53.344153,-6.233451,40,1,39,0,1,0,1,40,1,39,0,1,0,1
8591,11,dublin,EARLSFORT TERRACE,Earlsfort Terrace,False,False,OPEN,2024-12-28 15:41:03,True,False,,,53.334295,-6.258503,30,20,10,15,5,0,5,30,20,10,15,5,0,5
8592,17,dublin,GOLDEN LANE,Golden Lane,False,False,OPEN,2024-12-28 15:42:41,True,False,,,53.340803,-6.267732,20,15,5,5,10,0,10,20,15,5,5,10,0,10
8593,45,dublin,DEVERELL PLACE,Deverell Place,False,False,OPEN,2024-12-28 15:45:46,True,False,,,53.351464,-6.255265,30,9,21,3,6,0,6,30,9,21,3,6,0,6
8594,114,dublin,WILTON TERRACE (PARK),Wilton Terrace (Park),False,False,OPEN,2024-12-28 15:48:21,True,False,,,53.333653,-6.248345,40,0,40,0,0,0,0,40,0,40,0,0,0,0
8595,72,dublin,JOHN STREET WEST,John Street West,False,False,OPEN,2024-12-28 15:46:10,True,False,,,53.343105,-6.277167,31,0,31,0,0,0,0,31,0,31,0,0,0,0
8596,63,dublin,FENIAN STREET,Fenian Street,False,False,OPEN,2024-12-28 15:45:20,True,False,,,53.341428,-6.24672,35,25,10,13,12,0,12,35,25,10,13,12,0,12
8597,113,dublin,MERRION SQUARE SOUTH,Merrion Square South,False,False,OPEN,2024-12-28 15:44:02,True,False,,,53.338614,-6.248606,40,8,21,7,1,0,1,40,8,21,7,1,0,1
8598,91,dublin,SOUTH DOCK ROAD,South Dock Road,False,False,OPEN,2024-12-28 15:47:53,True,False,,,53.341833,-6.231291,30,22,8,12,10,0,10,30,22,8,12,10,0,10
8599,99,dublin,CITY QUAY,City Quay,False,False,OPEN,2024-12-28 15:43:57,True,False,,,53.346637,-6.246154,30,21,9,10,11,0,11,30,21,9,10,11,0,11
8600,9,dublin,EXCHEQUER STREET,Exchequer Street,False,False,OPEN,2024-12-28 15:47:14,True,False,,,53.343034,-6.263578,24,7,17,6,1,0,1,24,7,17,6,1,0,1
8601,67,dublin,THE POINT,The Point,False,False,OPEN,2024-12-28 15:44:27,True,False,,,53.346867,-6.230852,40,14,26,8,6,0,6,40,14,26,8,6,0,6
8602,116,dublin,BROADSTONE,Broadstone,False,False,OPEN,2024-12-28 15:40:40,True,False,,,53.3547,-6.272314,30,10,20,1,9,0,9,30,10,20,1,9,0,9
8603,55,dublin,HATCH STREET,Hatch Street,False,False,OPEN,2024-12-28 15:45:21,True,False,,,53.33403,-6.260714,36,14,22,9,5,0,5,36,14,22,9,5,0,5
8604,62,dublin,LIME STREET,Lime Street,False,False,OPEN,2024-12-28 15:46:35,True,False,,,53.346026,-6.243576,40,9,31,1,8,0,8,40,9,31,1,8,0,8
8605,5,dublin,CHARLEMONT PLACE,Charlemont Street,False,False,OPEN,2024-12-28 15:45:55,True,False,,,53.330662,-6.260177,40,23,17,20,3,0,3,40,23,17,20,3,0,3
8606,97,dublin,KILMAINHAM GAOL,Kilmainham Gaol,False,False,OPEN,2024-12-28 15:42:40,True,False,,,53.342113,-6.310015,40,19,21,5,14,0,14,40,19,21,5,14,0,14
8607,61,dublin,HARDWICKE PLACE,Hardwicke Place,False,False,OPEN,2024-12-28 15:41:29,True,False,,,53.357043,-6.263232,25,0,25,0,0,0,0,25,0,25,0,0,0,0
8608,77,dublin,WOLFE TONE STREET,Wolfe Tone Street,False,False,OPEN,2024-12-28 15:45:34,True,False,,,53.348875,-6.267459,29,20,9,9,11,0,11,29,20,9,9,11,0,11
8609,73,dublin,FRANCIS STREET,Francis Street,False,False,OPEN,2024-12-28 15:43:44,True,False,,,53.342081,-6.275233,30,9,21,3,6,0,6,30,9,21,3,6,0,6
8610,4,dublin,GREEK STREET,Greek Street,False,False,OPEN,2024-12-28 15:46:01,True,False,,,53.346874,-6.272976,20,17,3,7,10,0,10,20,17,3,7,10,0,10
8611,49,dublin,GUILD STREET,Guild Street,False,False,OPEN,2024-12-28 15:47:00,True,False,,,53.347932,-6.240928,40,29,11,22,7,0,7,40,29,11,22,7,0,7
8612,19,dublin,HERBERT PLACE,Herbert Place,False,False,OPEN,2024-12-28 15:47:24,True,False,,,53.334432,-6.245575,30,10,20,6,4,0,4,30,10,20,6,4,0,4
8613,7,dublin,HIGH STREET,High Street,False,False,OPEN,2024-12-28 15:46:31,True,False,,,53.343565,-6.275071,29,8,21,4,4,0,4,29,8,21,4,4,0,4
8614,60,dublin,NORTH CIRCULAR ROAD,North Circular Road,False,False,OPEN,2024-12-28 15:45:42,True,False,,,53.359624,-6.260348,30,2,28,1,1,0,1,30,2,28,1,1,0,1
8615,102,dublin,WESTERN WAY,Western Way,False,False,OPEN,2024-12-28 15:44:00,True,False,,,53.354929,-6.269425,40,21,19,18,3,0,3,40,21,19,18,3,0,3
8616,38,dublin,TALBOT STREET,Talbot Street,False,False,OPEN,2024-12-28 15:44:02,True,False,,,53.350974,-6.25294,40,28,12,23,5,0,5,40,28,12,23,5,0,5
8617,53,dublin,NEWMAN HOUSE,Newman House,False,False,OPEN,2024-12-28 15:43:17,True,False,,,53.337132,-6.26059,40,11,29,11,0,0,0,40,11,29,11,0,0,0
8618,58,dublin,SIR PATRICK DUN'S,Sir Patrick's Dun,False,False,OPEN,2024-12-28 15:45:34,True,False,,,53.339218,-6.240642,40,22,18,20,2,0,2,40,22,18,20,2,0,2
8619,66,dublin,NEW CENTRAL BANK,New Central Bank,False,False,OPEN,2024-12-28 15:41:31,True,False,,,53.347122,-6.234749,40,1,39,0,1,0,1,40,1,39,0,1,0,1
8620,104,dublin,GRANGEGORMAN LOWER (CENTRAL),Grangegorman Lower (Central),False,False,OPEN,2024-12-28 15:45:28,True,False,,,53.355173,-6.278424,40,1,39,1,0,0,0,40,1,39,1,0,0,0
8621,101,dublin,KING STREET NORTH,King Street North,False,False,OPEN,2024-12-28 15:41:25,True,False,,,53.350291,-6.273507,30,10,20,7,3,0,3,30,10,20,7,3,0,3
8622,115,dublin,KILLARNEY STREET,Killarney Street,False,False,OPEN,2024-12-28 15:46:41,True,False,,,53.354845,-6.247579,30,6,23,2,4,0,4,30,6,23,2,4,0,4
8623,47,dublin,HERBERT STREET,Herbert Street,False,False,OPEN,2024-12-28 15:44:15,True,False,,,53.335742,-6.24551,40,0,40,0,0,0,0,40,0,40,0,0,0,0
8624,117,dublin,HANOVER QUAY EAST,Hanover Quay East,False,False,OPEN,2024-12-28 15:44:45,True,False,,,53.343653,-6.231755,40,4,36,1,3,0,3,40,4,36,1,3,0,3
8625,8,dublin,CUSTOM HOUSE QUAY,Custom House Quay,False,False,OPEN,2024-12-28 15:45:00,True,False,,,53.347884,-6.248048,30,23,7,18,5,0,5,30,23,7,18,5,0,5
8626,27,dublin,MOLESWORTH STREET,Molesworth Street,False,False,OPEN,2024-12-28 15:43:26,True,False,,,53.341288,-6.258117,20,16,4,6,10,0,10,20,16,4,6,10,0,10
8627,16,dublin,GEORGES QUAY,Georges Quay,False,False,OPEN,2024-12-28 15:42:38,True,False,,,53.347508,-6.252192,20,5,15,2,3,0,3,20,5,15,2,3,0,3
8628,96,dublin,KILMAINHAM LANE,Kilmainham Lane,False,False,OPEN,2024-12-28 15:40:29,True,False,,,53.341805,-6.305085,30,18,12,12,6,0,6,30,18,12,12,6,0,6
8629,82,dublin,MOUNT BROWN,Mount Brown,False,False,OPEN,2024-12-28 15:42:35,True,False,,,53.341645,-6.29719,22,7,15,1,6,0,6,22,7,15,1,6,0,6
8630,76,dublin,MARKET STREET SOUTH,Market Street South,False,False,OPEN,2024-12-28 15:41:15,True,False,,,53.342296,-6.287661,38,8,30,5,3,0,3,38,8,30,5,3,0,3
8631,71,dublin,KEVIN STREET,Kevin Street,False,False,OPEN,2024-12-28 15:46:01,True,False,,,53.337757,-6.267699,40,14,26,8,6,0,6,40,14,26,8,6,0,6
8632,79,dublin,ECCLES STREET EAST,Eccles Street East,False,False,OPEN,2024-12-28 15:44:11,True,False,,,53.358115,-6.265601,27,0,27,0,0,0,0,27,0,27,0,0,0,0
8633,69,dublin,GRAND CANAL DOCK,Grand Canal Dock,False,False,OPEN,2024-12-28 15:45:52,True,False,,,53.342638,-6.238695,40,18,22,13,5,0,5,40,18,22,13,5,0,5
8634,25,dublin,MERRION SQUARE EAST,Merrion Square East,False,False,OPEN,2024-12-28 15:49:49,True,False,,,53.339434,-6.246548,30,1,29,1,0,0,0,30,1,29,1,0,0,0
8635,51,dublin,YORK STREET WEST,York Street West,False,False,OPEN,2024-12-28 15:41:57,True,False,,,53.339334,-6.264699,40,0,0,0,0,0,0,40,0,0,0,0,0,0
8636,37,dublin,ST. STEPHEN'S GREEN SOUTH,St. Stephen's Green South,False,False,OPEN,2024-12-28 15:43:19,True,False,,,53.337494,-6.26199,30,15,15,8,7,0,7,30,15,15,8,7,0,7
8637,59,dublin,DENMARK STREET GREAT,Denmark Street Great,False,False,OPEN,2024-12-28 15:45:47,True,False,,,53.35561,-6.261397,20,1,19,1,0,0,0,20,1,19,1,0,0,0
8638,95,dublin,ROYAL HOSPITAL,Royal Hospital,False,False,OPEN,2024-12-28 15:49:24,True,False,,,53.343897,-6.29706,40,17,23,10,7,0,7,40,17,23,10,7,0,7
8639,94,dublin,HEUSTON STATION (CAR PARK),Heuston Station (Car Park),False,False,OPEN,2024-12-28 15:47:08,True,False,,,53.346985,-6.297804,40,10,30,10,0,0,0,40,10,30,10,0,0,0
8640,105,dublin,GRANGEGORMAN LOWER (NORTH),Grangegorman Lower (North),False,False,OPEN,2024-12-28 15:44:48,True,False,,,53.355954,-6.278378,36,2,34,1,1,0,1,36,2,34,1,1,0,1
8641,36,dublin,ST. STEPHEN'S GREEN EAST,St. Stephen's Green East,False,False,OPEN,2024-12-28 15:42:50,True,False,,,53.337824,-6.256035,40,23,17,11,12,0,12,40,23,17,11,12,0,12
8642,93,dublin,HEUSTON STATION (CENTRAL),Heuston Station (Central),False,False,OPEN,2024-12-28 15:41:57,True,False,,,53.346603,-6.296924,40,14,26,14,0,0,0,40,14,26,14,0,0,0
8643,22,dublin,TOWNSEND STREET,Townsend Street,False,False,OPEN,2024-12-28 15:43:55,True,False,,,53.345922,-6.254614,20,9,11,8,1,0,1,20,9,11,8,1,0,1
8644,50,dublin,GEORGES LANE,George's Lane,False,False,OPEN,2024-12-28 15:48:20,True,False,,,53.35023,-6.279696,40,2,38,2,0,0,0,40,2,38,2,0,0,0
8645,110,dublin,PHIBSBOROUGH ROAD,Phibsborough Road,False,False,OPEN,2024-12-28 15:46:33,True,False,,,53.356307,-6.273717,40,9,31,3,6,0,6,40,9,31,3,6,0,6
8646,12,dublin,ECCLES STREET,Eccles Street,False,False,OPEN,2024-12-28 15:44:50,True,False,,,53.359246,-6.269779,20,11,9,4,7,0,7,20,11,9,4,7,0,7
8647,34,dublin,PORTOBELLO HARBOUR,Portobello Harbour,False,False,OPEN,2024-12-28 15:43:47,True,False,,,53.330362,-6.265163,30,22,8,14,8,0,8,30,22,8,14,8,0,8
8648,78,dublin,MATER HOSPITAL,Mater Hospital,False,False,OPEN,2024-12-28 15:44:41,True,False,,,53.359967,-6.264828,40,1,39,1,0,0,0,40,1,39,1,0,0,0
8649,2,dublin,BLESSINGTON STREET,Blessington Street,False,False,OPEN,2024-12-28 15:45:45,True,False,,,53.356769,-6.26814,20,1,19,0,1,0,1,20,1,19,0,1,0,1
8650,75,dublin,JAMES STREET,James Street,False,False,OPEN,2024-12-28 15:45:09,True,False,,,53.343456,-6.287409,40,23,17,12,11,0,11,40,23,17,12,11,0,11
8651,111,dublin,MOUNTJOY SQUARE EAST,Mountjoy Square East,False,False,OPEN,2024-12-28 15:43:32,True,False,,,53.356717,-6.256359,40,2,38,1,1,0,1,40,2,38,1,1,0,1
8652,26,dublin,MERRION SQUARE WEST,Merrion Square West,False,False,OPEN,2024-12-28 15:43:21,True,False,,,53.339764,-6.251988,20,20,0,10,10,0,10,20,20,0,10,10,0,10
8653,65,dublin,CONVENTION CENTRE,Convention Centre,False,False,OPEN,2024-12-28 15:45:34,True,False,,,53.34744,-6.238523,40,6,34,4,2,0,2,40,6,34,4,2,0,2
8654,15,dublin,HARDWICKE STREET,Hardwicke Street,False,False,OPEN,2024-12-28 15:45:00,True,False,,,53.355473,-6.264423,16,0,16,0,0,0,0,16,0,16,0,0,0,0
8655,86,dublin,PARKGATE STREET,Parkgate Street,False,False,OPEN,2024-12-28 15:41:56,True,False,,,53.347972,-6.291804,38,23,15,1,22,0,22,38,23,15,1,22,0,22
8656,35,dublin,SMITHFIELD,Smithfield,False,False,OPEN,2024-12-28 15:49:33,True,False,,,53.347692,-6.278214,30,5,25,5,0,0,0,30,5,25,5,0,0,0
8657,10,dublin,DAME STREET,Dame Street,False,False,OPEN,2024-12-28 15:46:32,True,False,,,53.344007,-6.266802,16,15,1,12,3,0,3,16,15,1,12,3,0,3
8658,100,dublin,HEUSTON BRIDGE (SOUTH),Heuston Bridge (South),False,False,OPEN,2024-12-28 15:43:22,True,False,,,53.347106,-6.292041,25,15,10,6,9,0,9,25,15,10,6,9,0,9
8659,24,dublin,CATHAL BRUGHA STREET,Cathal Brugha Street,False,False,OPEN,2024-12-28 15:46:37,True,False,,,53.352149,-6.260533,20,10,10,9,1,0,1,20,10,10,9,1,0,1
8660,64,dublin,SANDWITH STREET,Sandwith Street,False,False,OPEN,2024-12-28 15:45:53,True,False,,,53.345203,-6.247163,40,22,18,17,5,0,5,40,22,18,17,5,0,5
8661,109,dublin,BUCKINGHAM STREET LOWER,Buckingham Street Lower,False,False,OPEN,2024-12-28 15:44:55,True,False,,,53.353331,-6.249319,29,5,24,0,5,0,5,29,5,24,0,5,0,5
8662,85,dublin,ROTHE ABBEY,Rothe Abbey,False,False,OPEN,2024-12-28 15:47:56,True,False,,,53.338776,-6.30395,35,21,14,8,13,0,13,35,21,14,8,13,0,13
8663,107,dublin,CHARLEVILLE ROAD,Charleville Road,False,False,OPEN,2024-12-28 15:42:46,True,False,,,53.359157,-6.281866,40,10,30,6,4,0,4,40,10,30,6,4,0,4
8664,33,dublin,PRINCES STREET / O'CONNELL STREET,Princes Street / O'Connell Street,False,False,OPEN,2024-12-28 15:45:03,True,False,,,53.349013,-6.260311,23,17,6,11,6,0,6,23,17,6,11,6,0,6
8665,44,dublin,UPPER SHERRARD STREET,Upper Sherrard Street,False,False,OPEN,2024-12-28 15:46:12,True,False,,,53.358437,-6.260641,30,0,30,0,0,0,0,30,0,30,0,0,0,0
8666,89,dublin,FITZWILLIAM SQUARE EAST,Fitzwilliam Square East,False,False,OPEN,2024-12-28 15:48:30,True,False,,,53.335211,-6.2509,40,20,20,11,9,0,9,40,20,20,11,9,0,9
8667,57,dublin,GRATTAN STREET,Grattan Street,False,False,OPEN,2024-12-28 15:45:12,True,False,,,53.339629,-6.243778,23,3,20,3,0,0,0,23,3,20,3,0,0,0
8668,80,dublin,ST JAMES HOSPITAL (LUAS),St James Hospital (Luas),False,False,OPEN,2024-12-28 15:44:43,True,False,,,53.341359,-6.292951,40,16,24,9,7,0,7,40,16,24,9,7,0,7
8669,41,dublin,HARCOURT TERRACE,Harcourt Terrace,False,False,OPEN,2024-12-28 15:44:15,True,False,,,53.332763,-6.257942,20,1,19,0,1,0,1,20,1,19,0,1,0,1
8670,3,dublin,BOLTON STREET,Bolton Street,False,False,OPEN,2024-12-28 15:44:33,True,False,,,53.351182,-6.269859,20,1,19,1,0,0,0,20,1,19,1,0,0,0
8671,40,dublin,JERVIS STREET,Jervis Street,False,False,OPEN,2024-12-28 15:49:03,True,False,,,53.3483,-6.266651,21,15,6,12,3,0,3,21,15,6,12,3,0,3
8672,29,dublin,ORMOND QUAY UPPER,Ormond Quay Upper,False,False,OPEN,2024-12-28 15:46:37,True,False,,,53.346057,-6.268001,29,26,3,17,9,0,9,29,26,3,17,9,0,9
8673,103,dublin,GRANGEGORMAN LOWER (SOUTH),Grangegorman Lower (South),False,False,OPEN,2024-12-28 15:43:00,True,False,,,53.354663,-6.278681,40,2,38,2,0,0,0,40,2,38,2,0,0,0
8674,28,dublin,MOUNTJOY SQUARE WEST,Mountjoy Square West,False,False,OPEN,2024-12-28 15:43:33,True,False,,,53.356299,-6.258586,30,15,15,12,3,0,3,30,15,15,12,3,0,3
8675,39,dublin,WILTON TERRACE,Wilton Terrace,False,False,OPEN,2024-12-28 15:44:45,True,False,,,53.332383,-6.252717,20,0,20,0,0,0,0,20,0,20,0,0,0,0
8676,83,dublin,EMMET ROAD,Emmet Road,False,False,OPEN,2024-12-28 15:45:23,True,False,,,53.340714,-6.308191,40,10,30,8,2,0,2,40,10,30,8,2,0,2
8677,92,dublin,HEUSTON BRIDGE (NORTH),Heuston Bridge (North),False,False,OPEN,2024-12-28 15:48:35,True,False,,,53.347802,-6.292432,40,33,7,25,8,0,8,40,33,7,25,8,0,8
8678,21,dublin,LEINSTER STREET SOUTH,Leinster Street South,False,False,OPEN,2024-12-28 15:42:26,True,False,,,53.34218,-6.254485,30,13,17,12,1,0,1,30,13,17,12,1,0,1
8679,88,dublin,BLACKHALL PLACE,Blackhall Place,False,False,OPEN,2024-12-28 15:43:16,True,False,,,53.3488,-6.281637,30,2,28,1,1,0,1,30,2,28,1,1,0,1
8680,42,dublin,SMITHFIELD NORTH,Smithfield North,False,False,OPEN,2024-12-28 16:04:17,True,False,,,53.349562,-6.278198,30,5,25,3,2,0,2,30,5,25,3,2,0,2
8681,30,dublin,PARNELL SQUARE NORTH,Parnell Square North,False,False,OPEN,2024-12-28 16:07:06,True,False,,,53.3537415547453,-6.26530144781526,20,0,20,0,0,0,0,20,0,20,0,0,0,0
8682,54,dublin,CLONMEL STREET,Clonmel Street,False,False,OPEN,2024-12-28 16:02:54,True,False,,,53.336021,-6.26298,33,16,17,4,12,0,12,33,16,17,4,12,0,12
8683,108,dublin,AVONDALE ROAD,Avondale Road,False,False,OPEN,2024-12-28 16:05:26,True,False,,,53.359405,-6.276142,35,4,31,4,0,0,0,35,4,31,4,0,0,0
8684,20,dublin,JAMES STREET EAST,James Street East,False,False,OPEN,2024-12-28 16:05:24,True,False,,,53.336597,-6.248109,30,3,27,3,0,0,0,30,3,27,3,0,0,0
8685,56,dublin,MOUNT STREET LOWER,Mount Street Lower,False,False,OPEN,2024-12-28 16:02:01,True,False,,,53.33796,-6.24153,40,19,21,8,11,0,11,40,19,21,8,11,0,11
8686,6,dublin,CHRISTCHURCH PLACE,Christchurch Place,False,False,OPEN,2024-12-28 16:02:10,True,False,,,53.343368,-6.27012,20,1,19,1,0,0,0,20,1,19,1,0,0,0
8687,18,dublin,GRANTHAM STREET,Grantham Street,False,False,OPEN,2024-12-28 16:09:10,True,False,,,53.334123,-6.265436,30,1,29,0,1,0,1,30,1,29,0,1,0,1
8688,32,dublin,PEARSE STREET,Pearse Street,False,False,OPEN,2024-12-28 16:02:06,True,False,,,53.344304,-6.250427,30,30,0,19,11,0,11,30,30,0,19,11,0,11
8689,52,dublin,YORK STREET EAST,York Street East,False,False,OPEN,2024-12-28 16:09:36,True,False,,,53.338755,-6.262003,32,26,6,13,13,0,13,32,26,6,13,13,0,13
8690,48,dublin,EXCISE WALK,Excise Walk,False,False,OPEN,2024-12-28 16:02:50,True,False,,,53.347777,-6.244239,40,0,40,0,0,0,0,40,0,40,0,0,0,0
8691,13,dublin,FITZWILLIAM SQUARE WEST,Fitzwilliam Square West,False,False,OPEN,2024-12-28 16:03:31,True,False,,,53.336074,-6.252825,30,27,3,11,16,0,16,30,27,3,11,16,0,16
8692,43,dublin,PORTOBELLO ROAD,Portobello Road,False,False,OPEN,2024-12-28 16:03:42,True,False,,,53.330091,-6.268044,30,16,14,11,5,0,5,30,16,14,11,5,0,5
8693,31,dublin,PARNELL STREET,Parnell Street,False,False,OPEN,2024-12-28 16:04:18,True,False,,,53.350929,-6.265125,20,5,15,3,2,0,2,20,5,15,3,2,0,2
8694,98,dublin,FREDERICK STREET SOUTH,Frederick Street South,False,False,OPEN,2024-12-28 16:07:26,True,False,,,53.341515,-6.256853,40,27,13,13,14,0,14,40,27,13,13,14,0,14
8695,14,dublin,FOWNES STREET UPPER,Fownes Street Upper,False,False,OPEN,2024-12-28 16:09:09,True,False,,,53.344603,-6.263371,30,11,19,3,8,0,8,30,11,19,3,8,0,8
8696,1,dublin,CLARENDON ROW,Clarendon Row,False,False,OPEN,2024-12-28 16:08:16,True,False,,,53.340927,-6.262501,31,11,20,7,4,0,4,31,11,20,7,4,0,4
8697,23,dublin,CUSTOM HOUSE,Custom House,False,False,OPEN,2024-12-28 16:04:59,True,False,,,53.348279,-6.254662,30,19,11,5,14,0,14,30,19,11,5,14,0,14
8698,106,dublin,RATHDOWN ROAD,Rathdown Road,False,False,OPEN,2024-12-28 16:05:34,True,False,,,53.35893,-6.280337,40,23,17,12,11,0,11,40,23,17,12,11,0,11
8699,112,dublin,NORTH CIRCULAR ROAD (O'CONNELL'S),North Circular Road (O'Connell's),False,False,OPEN,2024-12-28 16:06:11,True,False,,,53.357841,-6.251557,30,18,12,10,8,0,8,30,18,12,10,8,0,8
8700,68,dublin,HANOVER QUAY,Hanover Quay,False,False,OPEN,2024-12-28 16:03:37,True,False,,,53.344115,-6.237153,40,30,10,20,10,0,10,40,30,10,20,10,0,10
8701,74,dublin,OLIVER BOND STREET,Oliver Bond Street,False,False,OPEN,2024-12-28 16:04:39,True,False,,,53.343893,-6.280531,30,15,15,12,3,0,3,30,15,15,12,3,0,3
8702,87,dublin,COLLINS BARRACKS MUSEUM,Collins Barracks Museum,False,False,OPEN,2024-12-28 16:06:10,True,False,,,53.347477,-6.28525,38,20,18,9,11,0,11,38,20,18,9,11,0,11
8703,84,dublin,BROOKFIELD ROAD,Brookfield Road,False,False,OPEN,2024-12-28 16:04:46,True,False,,,53.339005,-6.300217,30,12,18,6,6,0,6,30,12,18,6,6,0,6
8704,90,dublin,BENSON STREET,Benson Street,False,False,OPEN,2024-12-28 16:06:04,True,False,,,53.344153,-6.233451,40,0,40,0,0,0,0,40,0,40,0,0,0,0
8705,11,dublin,EARLSFORT TERRACE,Earlsfort Terrace,False,False,OPEN,2024-12-28 16:01:10,True,False,,,53.334295,-6.258503,30,20,10,15,5,0,5,30,20,10,15,5,0,5
8706,17,dublin,GOLDEN LANE,Golden Lane,False,False,OPEN,2024-12-28 16:02:49,True,False,,,53.340803,-6.267732,20,15,5,5,10,0,10,20,15,5,5,10,0,10
8707,45,dublin,DEVERELL PLACE,Deverell Place,False,False,OPEN,2024-12-28 16:05:55,True,False,,,53.351464,-6.255265,30,10,20,4,6,0,6,30,10,20,4,6,0,6
8708,114,dublin,WILTON TERRACE (PARK),Wilton Terrace (Park),False,False,OPEN,2024-12-28 16:08:29,True,False,,,53.333653,-6.248345,40,0,40,0,0,0,0,40,0,40,0,0,0,0
8709,72,dublin,JOHN STREET WEST,John Street West,False,False,OPEN,2024-12-28 16:06:18,True,False,,,53.343105,-6.277167,31,1,30,1,0,0,0,31,1,30,1,0,0,0
8710,63,dublin,FENIAN STREET,Fenian Street,False,False,OPEN,2024-12-28 16:05:30,True,False,,,53.341428,-6.24672,35,25,10,13,12,0,12,35,25,10,13,12,0,12
8711,113,dublin,MERRION SQUARE SOUTH,Merrion Square South,False,False,OPEN,2024-12-28 16:04:10,True,False,,,53.338614,-6.248606,40,8,21,7,1,0,1,40,8,21,7,1,0,1
8712,91,dublin,SOUTH DOCK ROAD,South Dock Road,False,False,OPEN,2024-12-28 16:06:06,True,False,,,53.341833,-6.231291,30,23,7,13,10,0,10,30,23,7,13,10,0,10
8713,99,dublin,CITY QUAY,City Quay,False,False,OPEN,2024-12-28 16:04:05,True,False,,,53.346637,-6.246154,30,21,9,10,11,0,11,30,21,9,10,11,0,11
8714,9,dublin,EXCHEQUER STREET,Exchequer Street,False,False,OPEN,2024-12-28 16:09:28,True,False,,,53.343034,-6.263578,24,6,18,5,1,0,1,24,6,18,5,1,0,1
8715,67,dublin,THE POINT,The Point,False,False,OPEN,2024-12-28 16:05:40,True,False,,,53.346867,-6.230852,40,14,26,8,6,0,6,40,14,26,8,6,0,6
8716,116,dublin,BROADSTONE,Broadstone,False,False,OPEN,2024-12-28 16:00:47,True,False,,,53.3547,-6.272314,30,10,20,1,9,0,9,30,10,20,1,9,0,9
8717,55,dublin,HATCH STREET,Hatch Street,False,False,OPEN,2024-12-28 16:05:29,True,False,,,53.33403,-6.260714,36,14,22,9,5,0,5,36,14,22,9,5,0,5
8718,62,dublin,LIME STREET,Lime Street,False,False,OPEN,2024-12-28 16:09:17,True,False,,,53.346026,-6.243576,40,9,31,1,8,0,8,40,9,31,1,8,0,8
8719,5,dublin,CHARLEMONT PLACE,Charlemont Street,False,False,OPEN,2024-12-28 16:06:03,True,False,,,53.330662,-6.260177,40,23,17,20,3,0,3,40,23,17,20,3,0,3
8720,97,dublin,KILMAINHAM GAOL,Kilmainham Gaol,False,False,OPEN,2024-12-28 16:04:21,True,False,,,53.342113,-6.310015,40,19,21,5,14,0,14,40,19,21,5,14,0,14
8721,61,dublin,HARDWICKE PLACE,Hardwicke Place,False,False,OPEN,2024-12-28 16:01:38,True,False,,,53.357043,-6.263232,25,0,25,0,0,0,0,25,0,25,0,0,0,0
8722,77,dublin,WOLFE TONE STREET,Wolfe Tone Street,False,False,OPEN,2024-12-28 16:06:31,True,False,,,53.348875,-6.267459,29,20,9,9,11,0,11,29,20,9,9,11,0,11
8723,73,dublin,FRANCIS STREET,Francis Street,False,False,OPEN,2024-12-28 16:03:53,True,False,,,53.342081,-6.275233,30,10,20,4,6,0,6,30,10,20,4,6,0,6
8724,4,dublin,GREEK STREET,Greek Street,False,False,OPEN,2024-12-28 16:06:12,True,False,,,53.346874,-6.272976,20,17,3,7,10,0,10,20,17,3,7,10,0,10
8725,49,dublin,GUILD STREET,Guild Street,False,False,OPEN,2024-12-28 16:07:13,True,False,,,53.347932,-6.240928,40,27,13,20,7,0,7,40,27,13,20,7,0,7
8726,19,dublin,HERBERT PLACE,Herbert Place,False,False,OPEN,2024-12-28 16:05:07,True,False,,,53.334432,-6.245575,30,12,18,7,5,0,5,30,12,18,7,5,0,5
8727,7,dublin,HIGH STREET,High Street,False,False,OPEN,2024-12-28 16:05:25,True,False,,,53.343565,-6.275071,29,9,20,6,3,0,3,29,9,20,6,3,0,3
8728,60,dublin,NORTH CIRCULAR ROAD,North Circular Road,False,False,OPEN,2024-12-28 16:05:52,True,False,,,53.359624,-6.260348,30,1,29,1,0,0,0,30,1,29,1,0,0,0
8729,102,dublin,WESTERN WAY,Western Way,False,False,OPEN,2024-12-28 16:04:11,True,False,,,53.354929,-6.269425,40,21,19,18,3,0,3,40,21,19,18,3,0,3
8730,38,dublin,TALBOT STREET,Talbot Street,False,False,OPEN,2024-12-28 16:09:21,True,False,,,53.350974,-6.25294,40,28,12,22,6,0,6,40,28,12,22,6,0,6
8731,53,dublin,NEWMAN HOUSE,Newman House,False,False,OPEN,2024-12-28 16:03:25,True,False,,,53.337132,-6.26059,40,11,29,11,0,0,0,40,11,29,11,0,0,0
8732,58,dublin,SIR PATRICK DUN'S,Sir Patrick's Dun,False,False,OPEN,2024-12-28 16:07:54,True,False,,,53.339218,-6.240642,40,21,19,19,2,0,2,40,21,19,19,2,0,2
8733,66,dublin,NEW CENTRAL BANK,New Central Bank,False,False,OPEN,2024-12-28 16:01:39,True,False,,,53.347122,-6.234749,40,1,39,0,1,0,1,40,1,39,0,1,0,1
8734,104,dublin,GRANGEGORMAN LOWER (CENTRAL),Grangegorman Lower (Central),False,False,OPEN,2024-12-28 16:05:39,True,False,,,53.355173,-6.278424,40,1,39,1,0,0,0,40,1,39,1,0,0,0
8735,101,dublin,KING STREET NORTH,King Street North,False,False,OPEN,2024-12-28 16:09:51,True,False,,,53.350291,-6.273507,30,11,19,8,3,0,3,30,11,19,8,3,0,3
8736,115,dublin,KILLARNEY STREET,Killarney Street,False,False,OPEN,2024-12-28 16:06:51,True,False,,,53.354845,-6.247579,30,7,23,3,4,0,4,30,7,23,3,4,0,4
8737,47,dublin,HERBERT STREET,Herbert Street,False,False,OPEN,2024-12-28 16:04:25,True,False,,,53.335742,-6.24551,40,0,40,0,0,0,0,40,0,40,0,0,0,0
8738,117,dublin,HANOVER QUAY EAST,Hanover Quay East,False,False,OPEN,2024-12-28 16:04:55,True,False,,,53.343653,-6.231755,40,4,36,1,3,0,3,40,4,36,1,3,0,3
8739,8,dublin,CUSTOM HOUSE QUAY,Custom House Quay,False,False,OPEN,2024-12-28 16:07:34,True,False,,,53.347884,-6.248048,30,22,8,17,5,0,5,30,22,8,17,5,0,5
8740,27,dublin,MOLESWORTH STREET,Molesworth Street,False,False,OPEN,2024-12-28 16:01:51,True,False,,,53.341288,-6.258117,20,16,4,6,10,0,10,20,16,4,6,10,0,10
8741,16,dublin,GEORGES QUAY,Georges Quay,False,False,OPEN,2024-12-28 16:02:19,True,False,,,53.347508,-6.252192,20,5,15,1,4,0,4,20,5,15,1,4,0,4
8742,96,dublin,KILMAINHAM LANE,Kilmainham Lane,False,False,OPEN,2024-12-28 16:00:37,True,False,,,53.341805,-6.305085,30,18,12,12,6,0,6,30,18,12,12,6,0,6
8743,82,dublin,MOUNT BROWN,Mount Brown,False,False,OPEN,2024-12-28 16:02:42,True,False,,,53.341645,-6.29719,22,7,15,1,6,0,6,22,7,15,1,6,0,6
8744,76,dublin,MARKET STREET SOUTH,Market Street South,False,False,OPEN,2024-12-28 16:01:23,True,False,,,53.342296,-6.287661,38,8,30,5,3,0,3,38,8,30,5,3,0,3
8745,71,dublin,KEVIN STREET,Kevin Street,False,False,OPEN,2024-12-28 16:02:37,True,False,,,53.337757,-6.267699,40,14,26,8,6,0,6,40,14,26,8,6,0,6
8746,79,dublin,ECCLES STREET EAST,Eccles Street East,False,False,OPEN,2024-12-28 16:04:20,True,False,,,53.358115,-6.265601,27,0,27,0,0,0,0,27,0,27,0,0,0,0
8747,69,dublin,GRAND CANAL DOCK,Grand Canal Dock,False,False,OPEN,2024-12-28 16:08:59,True,False,,,53.342638,-6.238695,40,18,22,13,5,0,5,40,18,22,13,5,0,5
8748,25,dublin,MERRION SQUARE EAST,Merrion Square East,False,False,OPEN,2024-12-28 15:59:54,True,False,,,53.339434,-6.246548,30,1,29,1,0,0,0,30,1,29,1,0,0,0
8749,51,dublin,YORK STREET WEST,York Street West,False,False,OPEN,2024-12-28 16:02:06,True,False,,,53.339334,-6.264699,40,0,0,0,0,0,0,40,0,0,0,0,0,0
8750,37,dublin,ST. STEPHEN'S GREEN SOUTH,St. Stephen's Green South,False,False,OPEN,2024-12-28 16:03:29,True,False,,,53.337494,-6.26199,30,15,15,8,7,0,7,30,15,15,8,7,0,7
8751,59,dublin,DENMARK STREET GREAT,Denmark Street Great,False,False,OPEN,2024-12-28 16:05:57,True,False,,,53.35561,-6.261397,20,0,20,0,0,0,0,20,0,20,0,0,0,0
8752,95,dublin,ROYAL HOSPITAL,Royal Hospital,False,False,OPEN,2024-12-28 16:05:57,True,False,,,53.343897,-6.29706,40,18,22,11,7,0,7,40,18,22,11,7,0,7
8753,94,dublin,HEUSTON STATION (CAR PARK),Heuston Station (Car Park),False,False,OPEN,2024-12-28 16:04:07,True,False,,,53.346985,-6.297804,40,10,30,10,0,0,0,40,10,30,10,0,0,0
8754,105,dublin,GRANGEGORMAN LOWER (NORTH),Grangegorman Lower (North),False,False,OPEN,2024-12-28 16:04:56,True,False,,,53.355954,-6.278378,36,2,34,1,1,0,1,36,2,34,1,1,0,1
8755,36,dublin,ST. STEPHEN'S GREEN EAST,St. Stephen's Green East,False,False,OPEN,2024-12-28 16:03:03,True,False,,,53.337824,-6.256035,40,22,18,10,12,0,12,40,22,18,10,12,0,12
8756,93,dublin,HEUSTON STATION (CENTRAL),Heuston Station (Central),False,False,OPEN,2024-12-28 16:02:05,True,False,,,53.346603,-6.296924,40,14,26,14,0,0,0,40,14,26,14,0,0,0
8757,22,dublin,TOWNSEND STREET,Townsend Street,False,False,OPEN,2024-12-28 16:04:15,True,False,,,53.345922,-6.254614,20,7,13,6,1,0,1,20,7,13,6,1,0,1
8758,50,dublin,GEORGES LANE,George's Lane,False,False,OPEN,2024-12-28 16:06:04,True,False,,,53.35023,-6.279696,40,4,36,4,0,0,0,40,4,36,4,0,0,0
8759,110,dublin,PHIBSBOROUGH ROAD,Phibsborough Road,False,False,OPEN,2024-12-28 16:06:40,True,False,,,53.356307,-6.273717,40,9,31,3,6,0,6,40,9,31,3,6,0,6
8760,12,dublin,ECCLES STREET,Eccles Street,False,False,OPEN,2024-12-28 16:05:02,True,False,,,53.359246,-6.269779,20,11,9,4,7,0,7,20,11,9,4,7,0,7
8761,34,dublin,PORTOBELLO HARBOUR,Portobello Harbour,False,False,OPEN,2024-12-28 16:09:15,True,False,,,53.330362,-6.265163,30,20,10,12,8,0,8,30,20,10,12,8,0,8
8762,78,dublin,MATER HOSPITAL,Mater Hospital,False,False,OPEN,2024-12-28 16:04:51,True,False,,,53.359967,-6.264828,40,2,38,1,1,0,1,40,2,38,1,1,0,1
8763,2,dublin,BLESSINGTON STREET,Blessington Street,False,False,OPEN,2024-12-28 16:01:41,True,False,,,53.356769,-6.26814,20,1,19,0,1,0,1,20,1,19,0,1,0,1
8764,75,dublin,JAMES STREET,James Street,False,False,OPEN,2024-12-28 16:09:03,True,False,,,53.343456,-6.287409,40,23,17,12,11,0,11,40,23,17,12,11,0,11
8765,111,dublin,MOUNTJOY SQUARE EAST,Mountjoy Square East,False,False,OPEN,2024-12-28 16:03:42,True,False,,,53.356717,-6.256359,40,2,38,1,1,0,1,40,2,38,1,1,0,1
8766,26,dublin,MERRION SQUARE WEST,Merrion Square West,False,False,OPEN,2024-12-28 16:03:33,True,False,,,53.339764,-6.251988,20,19,1,9,10,0,10,20,19,1,9,10,0,10
8767,65,dublin,CONVENTION CENTRE,Convention Centre,False,False,OPEN,2024-12-28 16:05:43,True,False,,,53.34744,-6.238523,40,6,34,4,2,0,2,40,6,34,4,2,0,2
8768,15,dublin,HARDWICKE STREET,Hardwicke Street,False,False,OPEN,2024-12-28 16:05:08,True,False,,,53.355473,-6.264423,16,0,16,0,0,0,0,16,0,16,0,0,0,0
8769,86,dublin,PARKGATE STREET,Parkgate Street,False,False,OPEN,2024-12-28 16:06:15,True,False,,,53.347972,-6.291804,38,18,20,0,18,0,18,38,18,20,0,18,0,18
8770,35,dublin,SMITHFIELD,Smithfield,False,False,OPEN,2024-12-28 16:06:24,True,False,,,53.347692,-6.278214,30,8,22,8,0,0,0,30,8,22,8,0,0,0
8771,10,dublin,DAME STREET,Dame Street,False,False,OPEN,2024-12-28 16:09:53,True,False,,,53.344007,-6.266802,16,15,1,12,3,0,3,16,15,1,12,3,0,3
8772,100,dublin,HEUSTON BRIDGE (SOUTH),Heuston Bridge (South),False,False,OPEN,2024-12-28 16:04:18,True,False,,,53.347106,-6.292041,25,15,10,6,9,0,9,25,15,10,6,9,0,9
8773,24,dublin,CATHAL BRUGHA STREET,Cathal Brugha Street,False,False,OPEN,2024-12-28 16:06:50,True,False,,,53.352149,-6.260533,20,11,9,10,1,0,1,20,11,9,10,1,0,1
8774,64,dublin,SANDWITH STREET,Sandwith Street,False,False,OPEN,2024-12-28 16:06:03,True,False,,,53.345203,-6.247163,40,22,18,17,5,0,5,40,22,18,17,5,0,5
8775,109,dublin,BUCKINGHAM STREET LOWER,Buckingham Street Lower,False,False,OPEN,2024-12-28 16:05:03,True,False,,,53.353331,-6.249319,29,6,23,0,6,0,6,29,6,23,0,6,0,6
8776,85,dublin,ROTHE ABBEY,Rothe Abbey,False,False,OPEN,2024-12-28 16:00:56,True,False,,,53.338776,-6.30395,35,22,13,9,13,0,13,35,22,13,9,13,0,13
8777,107,dublin,CHARLEVILLE ROAD,Charleville Road,False,False,OPEN,2024-12-28 16:02:53,True,False,,,53.359157,-6.281866,40,10,30,6,4,0,4,40,10,30,6,4,0,4
8778,33,dublin,PRINCES STREET / O'CONNELL STREET,Princes Street / O'Connell Street,False,False,OPEN,2024-12-28 16:05:12,True,False,,,53.349013,-6.260311,23,17,6,11,6,0,6,23,17,6,11,6,0,6
8779,44,dublin,UPPER SHERRARD STREET,Upper Sherrard Street,False,False,OPEN,2024-12-28 16:06:22,True,False,,,53.358437,-6.260641,30,0,30,0,0,0,0,30,0,30,0,0,0,0
8780,89,dublin,FITZWILLIAM SQUARE EAST,Fitzwilliam Square East,False,False,OPEN,2024-12-28 16:04:26,True,False,,,53.335211,-6.2509,40,20,20,11,9,0,9,40,20,20,11,9,0,9
8781,57,dublin,GRATTAN STREET,Grattan Street,False,False,OPEN,2024-12-28 16:02:48,True,False,,,53.339629,-6.243778,23,3,20,3,0,0,0,23,3,20,3,0,0,0
8782,80,dublin,ST JAMES HOSPITAL (LUAS),St James Hospital (Luas),False,False,OPEN,2024-12-28 16:04:51,True,False,,,53.341359,-6.292951,40,18,22,10,8,0,8,40,18,22,10,8,0,8
8783,41,dublin,HARCOURT TERRACE,Harcourt Terrace,False,False,OPEN,2024-12-28 16:07:17,True,False,,,53.332763,-6.257942,20,2,18,1,1,0,1,20,2,18,1,1,0,1
8784,3,dublin,BOLTON STREET,Bolton Street,False,False,OPEN,2024-12-28 16:09:31,True,False,,,53.351182,-6.269859,20,2,18,2,0,0,0,20,2,18,2,0,0,0
8785,40,dublin,JERVIS STREET,Jervis Street,False,False,OPEN,2024-12-28 16:05:34,True,False,,,53.3483,-6.266651,21,16,5,13,3,0,3,21,16,5,13,3,0,3
8786,29,dublin,ORMOND QUAY UPPER,Ormond Quay Upper,False,False,OPEN,2024-12-28 16:06:50,True,False,,,53.346057,-6.268001,29,27,2,18,9,0,9,29,27,2,18,9,0,9
8787,103,dublin,GRANGEGORMAN LOWER (SOUTH),Grangegorman Lower (South),False,False,OPEN,2024-12-28 16:03:07,True,False,,,53.354663,-6.278681,40,2,38,2,0,0,0,40,2,38,2,0,0,0
8788,28,dublin,MOUNTJOY SQUARE WEST,Mountjoy Square West,False,False,OPEN,2024-12-28 16:03:43,True,False,,,53.356299,-6.258586,30,16,14,12,4,0,4,30,16,14,12,4,0,4
8789,39,dublin,WILTON TERRACE,Wilton Terrace,False,False,OPEN,2024-12-28 16:04:52,True,False,,,53.332383,-6.252717,20,0,20,0,0,0,0,20,0,20,0,0,0,0
8790,83,dublin,EMMET ROAD,Emmet Road,False,False,OPEN,2024-12-28 16:05:36,True,False,,,53.340714,-6.308191,40,9,31,7,2,0,2,40,9,31,7,2,0,2
8791,92,dublin,HEUSTON BRIDGE (NORTH),Heuston Bridge (North),False,False,OPEN,2024-12-28 16:05:19,True,False,,,53.347802,-6.292432,40,33,7,25,8,0,8,40,33,7,25,8,0,8
8792,21,dublin,LEINSTER STREET SOUTH,Leinster Street South,False,False,OPEN,2024-12-28 16:03:07,True,False,,,53.34218,-6.254485,30,11,19,10,1,0,1,30,11,19,10,1,0,1
8793,88,dublin,BLACKHALL PLACE,Blackhall Place,False,False,OPEN,2024-12-28 16:03:24,True,False,,,53.3488,-6.281637,30,2,28,1,1,0,1,30,2,28,1,1,0,1
8794,42,dublin,SMITHFIELD NORTH,Smithfield North,False,False,OPEN,2024-12-28 16:24:27,True,False,,,53.349562,-6.278198,30,5,25,3,2,0,2,30,5,25,3,2,0,2
8795,30,dublin,PARNELL SQUARE NORTH,Parnell Square North,False,False,OPEN,2024-12-28 16:27:16,True,False,,,53.3537415547453,-6.26530144781526,20,0,20,0,0,0,0,20,0,20,0,0,0,0
8796,54,dublin,CLONMEL STREET,Clonmel Street,False,False,OPEN,2024-12-28 16:23:05,True,False,,,53.336021,-6.26298,33,16,17,4,12,0,12,33,16,17,4,12,0,12
8797,108,dublin,AVONDALE ROAD,Avondale Road,False,False,OPEN,2024-12-28 16:25:17,True,False,,,53.359405,-6.276142,35,4,31,4,0,0,0,35,4,31,4,0,0,0
8798,20,dublin,JAMES STREET EAST,James Street East,False,False,OPEN,2024-12-28 16:25:33,True,False,,,53.336597,-6.248109,30,3,27,3,0,0,0,30,3,27,3,0,0,0
8799,56,dublin,MOUNT STREET LOWER,Mount Street Lower,False,False,OPEN,2024-12-28 16:27:58,True,False,,,53.33796,-6.24153,40,18,22,7,11,0,11,40,18,22,7,11,0,11
8800,6,dublin,CHRISTCHURCH PLACE,Christchurch Place,False,False,OPEN,2024-12-28 16:22:18,True,False,,,53.343368,-6.27012,20,1,19,1,0,0,0,20,1,19,1,0,0,0
8801,18,dublin,GRANTHAM STREET,Grantham Street,False,False,OPEN,2024-12-28 16:25:35,True,False,,,53.334123,-6.265436,30,0,30,0,0,0,0,30,0,30,0,0,0,0
8802,32,dublin,PEARSE STREET,Pearse Street,False,False,OPEN,2024-12-28 16:27:18,True,False,,,53.344304,-6.250427,30,29,1,18,11,0,11,30,29,1,18,11,0,11
8803,52,dublin,YORK STREET EAST,York Street East,False,False,OPEN,2024-12-28 16:25:03,True,False,,,53.338755,-6.262003,32,29,3,15,14,0,14,32,29,3,15,14,0,14
8804,48,dublin,EXCISE WALK,Excise Walk,False,False,OPEN,2024-12-28 16:22:58,True,False,,,53.347777,-6.244239,40,0,40,0,0,0,0,40,0,40,0,0,0,0
8805,13,dublin,FITZWILLIAM SQUARE WEST,Fitzwilliam Square West,False,False,OPEN,2024-12-28 16:23:39,True,False,,,53.336074,-6.252825,30,27,3,11,16,0,16,30,27,3,11,16,0,16
8806,43,dublin,PORTOBELLO ROAD,Portobello Road,False,False,OPEN,2024-12-28 16:23:50,True,False,,,53.330091,-6.268044,30,16,14,11,5,0,5,30,16,14,11,5,0,5
8807,31,dublin,PARNELL STREET,Parnell Street,False,False,OPEN,2024-12-28 16:26:51,True,False,,,53.350929,-6.265125,20,3,17,3,0,0,0,20,3,17,3,0,0,0
8808,98,dublin,FREDERICK STREET SOUTH,Frederick Street South,False,False,OPEN,2024-12-28 16:26:58,True,False,,,53.341515,-6.256853,40,27,13,13,14,0,14,40,27,13,13,14,0,14
8809,14,dublin,FOWNES STREET UPPER,Fownes Street Upper,False,False,OPEN,2024-12-28 16:27:04,True,False,,,53.344603,-6.263371,30,12,18,4,8,0,8,30,12,18,4,8,0,8
8810,1,dublin,CLARENDON ROW,Clarendon Row,False,False,OPEN,2024-12-28 16:26:04,True,False,,,53.340927,-6.262501,31,12,19,7,5,0,5,31,12,19,7,5,0,5
8811,23,dublin,CUSTOM HOUSE,Custom House,False,False,OPEN,2024-12-28 16:26:43,True,False,,,53.348279,-6.254662,30,22,8,7,15,0,15,30,22,8,7,15,0,15
8812,106,dublin,RATHDOWN ROAD,Rathdown Road,False,False,OPEN,2024-12-28 16:23:44,True,False,,,53.35893,-6.280337,40,24,16,13,11,0,11,40,24,16,13,11,0,11
8813,112,dublin,NORTH CIRCULAR ROAD (O'CONNELL'S),North Circular Road (O'Connell's),False,False,OPEN,2024-12-28 16:27:02,True,False,,,53.357841,-6.251557,30,18,12,10,8,0,8,30,18,12,10,8,0,8
8814,68,dublin,HANOVER QUAY,Hanover Quay,False,False,OPEN,2024-12-28 16:27:02,True,False,,,53.344115,-6.237153,40,31,9,21,10,0,10,40,31,9,21,10,0,10
8815,74,dublin,OLIVER BOND STREET,Oliver Bond Street,False,False,OPEN,2024-12-28 16:26:10,True,False,,,53.343893,-6.280531,30,16,14,13,3,0,3,30,16,14,13,3,0,3
8816,87,dublin,COLLINS BARRACKS MUSEUM,Collins Barracks Museum,False,False,OPEN,2024-12-28 16:29:14,True,False,,,53.347477,-6.28525,38,21,17,10,11,0,11,38,21,17,10,11,0,11
8817,84,dublin,BROOKFIELD ROAD,Brookfield Road,False,False,OPEN,2024-12-28 16:24:54,True,False,,,53.339005,-6.300217,30,12,18,6,6,0,6,30,12,18,6,6,0,6
8818,90,dublin,BENSON STREET,Benson Street,False,False,OPEN,2024-12-28 16:26:12,True,False,,,53.344153,-6.233451,40,0,40,0,0,0,0,40,0,40,0,0,0,0
8819,11,dublin,EARLSFORT TERRACE,Earlsfort Terrace,False,False,OPEN,2024-12-28 16:21:17,True,False,,,53.334295,-6.258503,30,20,10,15,5,0,5,30,20,10,15,5,0,5
8820,17,dublin,GOLDEN LANE,Golden Lane,False,False,OPEN,2024-12-28 16:22:58,True,False,,,53.340803,-6.267732,20,15,5,5,10,0,10,20,15,5,5,10,0,10
8821,45,dublin,DEVERELL PLACE,Deverell Place,False,False,OPEN,2024-12-28 16:26:03,True,False,,,53.351464,-6.255265,30,10,20,4,6,0,6,30,10,20,4,6,0,6
8822,114,dublin,WILTON TERRACE (PARK),Wilton Terrace (Park),False,False,OPEN,2024-12-28 16:28:36,True,False,,,53.333653,-6.248345,40,0,40,0,0,0,0,40,0,40,0,0,0,0
8823,72,dublin,JOHN STREET WEST,John Street West,False,False,OPEN,2024-12-28 16:26:26,True,False,,,53.343105,-6.277167,31,1,30,1,0,0,0,31,1,30,1,0,0,0
8824,63,dublin,FENIAN STREET,Fenian Street,False,False,OPEN,2024-12-28 16:25:53,True,False,,,53.341428,-6.24672,35,22,13,13,9,0,9,35,22,13,13,9,0,9
8825,113,dublin,MERRION SQUARE SOUTH,Merrion Square South,False,False,OPEN,2024-12-28 16:24:18,True,False,,,53.338614,-6.248606,40,8,21,7,1,0,1,40,8,21,7,1,0,1
8826,91,dublin,SOUTH DOCK ROAD,South Dock Road,False,False,OPEN,2024-12-28 16:23:45,True,False,,,53.341833,-6.231291,30,25,5,15,10,0,10,30,25,5,15,10,0,10
8827,99,dublin,CITY QUAY,City Quay,False,False,OPEN,2024-12-28 16:24:38,True,False,,,53.346637,-6.246154,30,21,9,10,11,0,11,30,21,9,10,11,0,11
8828,9,dublin,EXCHEQUER STREET,Exchequer Street,False,False,OPEN,2024-12-28 16:29:52,True,False,,,53.343034,-6.263578,24,4,20,2,2,0,2,24,4,20,2,2,0,2
8829,67,dublin,THE POINT,The Point,False,False,OPEN,2024-12-28 16:24:45,True,False,,,53.346867,-6.230852,40,14,26,8,6,0,6,40,14,26,8,6,0,6
8830,116,dublin,BROADSTONE,Broadstone,False,False,OPEN,2024-12-28 16:20:54,True,False,,,53.3547,-6.272314,30,10,20,1,9,0,9,30,10,20,1,9,0,9
8831,55,dublin,HATCH STREET,Hatch Street,False,False,OPEN,2024-12-28 16:25:37,True,False,,,53.33403,-6.260714,36,14,22,9,5,0,5,36,14,22,9,5,0,5
8832,62,dublin,LIME STREET,Lime Street,False,False,OPEN,2024-12-28 16:23:15,True,False,,,53.346026,-6.243576,40,9,31,1,8,0,8,40,9,31,1,8,0,8
8833,5,dublin,CHARLEMONT PLACE,Charlemont Street,False,False,OPEN,2024-12-28 16:26:15,True,False,,,53.330662,-6.260177,40,22,18,20,2,0,2,40,22,18,20,2,0,2
8834,97,dublin,KILMAINHAM GAOL,Kilmainham Gaol,False,False,OPEN,2024-12-28 16:22:56,True,False,,,53.342113,-6.310015,40,19,21,5,14,0,14,40,19,21,5,14,0,14
8835,61,dublin,HARDWICKE PLACE,Hardwicke Place,False,False,OPEN,2024-12-28 16:21:46,True,False,,,53.357043,-6.263232,25,0,25,0,0,0,0,25,0,25,0,0,0,0
8836,77,dublin,WOLFE TONE STREET,Wolfe Tone Street,False,False,OPEN,2024-12-28 16:23:45,True,False,,,53.348875,-6.267459,29,20,9,9,11,0,11,29,20,9,9,11,0,11
8837,73,dublin,FRANCIS STREET,Francis Street,False,False,OPEN,2024-12-28 16:24:04,True,False,,,53.342081,-6.275233,30,9,21,3,6,0,6,30,9,21,3,6,0,6
8838,4,dublin,GREEK STREET,Greek Street,False,False,OPEN,2024-12-28 16:26:22,True,False,,,53.346874,-6.272976,20,17,3,8,9,0,9,20,17,3,8,9,0,9
8839,49,dublin,GUILD STREET,Guild Street,False,False,OPEN,2024-12-28 16:27:25,True,False,,,53.347932,-6.240928,40,26,14,19,7,0,7,40,26,14,19,7,0,7
8840,19,dublin,HERBERT PLACE,Herbert Place,False,False,OPEN,2024-12-28 16:25:17,True,False,,,53.334432,-6.245575,30,11,19,7,4,0,4,30,11,19,7,4,0,4
8841,7,dublin,HIGH STREET,High Street,False,False,OPEN,2024-12-28 16:25:36,True,False,,,53.343565,-6.275071,29,10,19,7,3,0,3,29,10,19,7,3,0,3
8842,60,dublin,NORTH CIRCULAR ROAD,North Circular Road,False,False,OPEN,2024-12-28 16:26:00,True,False,,,53.359624,-6.260348,30,1,29,1,0,0,0,30,1,29,1,0,0,0
8843,102,dublin,WESTERN WAY,Western Way,False,False,OPEN,2024-12-28 16:24:23,True,False,,,53.354929,-6.269425,40,21,19,18,3,0,3,40,21,19,18,3,0,3
8844,38,dublin,TALBOT STREET,Talbot Street,False,False,OPEN,2024-12-28 16:29:49,True,False,,,53.350974,-6.25294,40,26,14,18,8,0,8,40,26,14,18,8,0,8
8845,53,dublin,NEWMAN HOUSE,Newman House,False,False,OPEN,2024-12-28 16:23:33,True,False,,,53.337132,-6.26059,40,11,29,11,0,0,0,40,11,29,11,0,0,0
8846,58,dublin,SIR PATRICK DUN'S,Sir Patrick's Dun,False,False,OPEN,2024-12-28 16:28:30,True,False,,,53.339218,-6.240642,40,21,19,19,2,0,2,40,21,19,19,2,0,2
8847,66,dublin,NEW CENTRAL BANK,New Central Bank,False,False,OPEN,2024-12-28 16:21:47,True,False,,,53.347122,-6.234749,40,2,38,1,1,0,1,40,2,38,1,1,0,1
8848,104,dublin,GRANGEGORMAN LOWER (CENTRAL),Grangegorman Lower (Central),False,False,OPEN,2024-12-28 16:25:50,True,False,,,53.355173,-6.278424,40,1,39,1,0,0,0,40,1,39,1,0,0,0
8849,101,dublin,KING STREET NORTH,King Street North,False,False,OPEN,2024-12-28 16:21:44,True,False,,,53.350291,-6.273507,30,10,20,7,3,0,3,30,10,20,7,3,0,3
8850,115,dublin,KILLARNEY STREET,Killarney Street,False,False,OPEN,2024-12-28 16:27:04,True,False,,,53.354845,-6.247579,30,4,26,3,1,0,1,30,4,26,3,1,0,1
8851,47,dublin,HERBERT STREET,Herbert Street,False,False,OPEN,2024-12-28 16:24:36,True,False,,,53.335742,-6.24551,40,0,40,0,0,0,0,40,0,40,0,0,0,0
8852,117,dublin,HANOVER QUAY EAST,Hanover Quay East,False,False,OPEN,2024-12-28 16:25:06,True,False,,,53.343653,-6.231755,40,4,36,1,3,0,3,40,4,36,1,3,0,3
8853,8,dublin,CUSTOM HOUSE QUAY,Custom House Quay,False,False,OPEN,2024-12-28 16:27:29,True,False,,,53.347884,-6.248048,30,22,8,17,5,0,5,30,22,8,17,5,0,5
8854,27,dublin,MOLESWORTH STREET,Molesworth Street,False,False,OPEN,2024-12-28 16:23:49,True,False,,,53.341288,-6.258117,20,16,4,3,13,0,13,20,16,4,3,13,0,13
8855,16,dublin,GEORGES QUAY,Georges Quay,False,False,OPEN,2024-12-28 16:21:08,True,False,,,53.347508,-6.252192,20,6,14,1,5,0,5,20,6,14,1,5,0,5
8856,96,dublin,KILMAINHAM LANE,Kilmainham Lane,False,False,OPEN,2024-12-28 16:29:13,True,False,,,53.341805,-6.305085,30,17,13,11,6,0,6,30,17,13,11,6,0,6
8857,82,dublin,MOUNT BROWN,Mount Brown,False,False,OPEN,2024-12-28 16:22:50,True,False,,,53.341645,-6.29719,22,7,15,1,6,0,6,22,7,15,1,6,0,6
8858,76,dublin,MARKET STREET SOUTH,Market Street South,False,False,OPEN,2024-12-28 16:21:32,True,False,,,53.342296,-6.287661,38,8,30,5,3,0,3,38,8,30,5,3,0,3
8859,71,dublin,KEVIN STREET,Kevin Street,False,False,OPEN,2024-12-28 16:22:46,True,False,,,53.337757,-6.267699,40,14,26,8,6,0,6,40,14,26,8,6,0,6
8860,79,dublin,ECCLES STREET EAST,Eccles Street East,False,False,OPEN,2024-12-28 16:24:28,True,False,,,53.358115,-6.265601,27,0,27,0,0,0,0,27,0,27,0,0,0,0
8861,69,dublin,GRAND CANAL DOCK,Grand Canal Dock,False,False,OPEN,2024-12-28 16:25:18,True,False,,,53.342638,-6.238695,40,18,22,13,5,0,5,40,18,22,13,5,0,5
8862,25,dublin,MERRION SQUARE EAST,Merrion Square East,False,False,OPEN,2024-12-28 16:20:04,True,False,,,53.339434,-6.246548,30,1,29,1,0,0,0,30,1,29,1,0,0,0
8863,51,dublin,YORK STREET WEST,York Street West,False,False,OPEN,2024-12-28 16:22:15,True,False,,,53.339334,-6.264699,40,0,0,0,0,0,0,40,0,0,0,0,0,0
8864,37,dublin,ST. STEPHEN'S GREEN SOUTH,St. Stephen's Green South,False,False,OPEN,2024-12-28 16:23:40,True,False,,,53.337494,-6.26199,30,15,15,8,7,0,7,30,15,15,8,7,0,7
8865,59,dublin,DENMARK STREET GREAT,Denmark Street Great,False,False,OPEN,2024-12-28 16:26:09,True,False,,,53.35561,-6.261397,20,0,20,0,0,0,0,20,0,20,0,0,0,0
8866,95,dublin,ROYAL HOSPITAL,Royal Hospital,False,False,OPEN,2024-12-28 16:26:05,True,False,,,53.343897,-6.29706,40,18,22,11,7,0,7,40,18,22,11,7,0,7
8867,94,dublin,HEUSTON STATION (CAR PARK),Heuston Station (Car Park),False,False,OPEN,2024-12-28 16:24:14,True,False,,,53.346985,-6.297804,40,10,30,10,0,0,0,40,10,30,10,0,0,0
8868,105,dublin,GRANGEGORMAN LOWER (NORTH),Grangegorman Lower (North),False,False,OPEN,2024-12-28 16:25:04,True,False,,,53.355954,-6.278378,36,2,34,1,1,0,1,36,2,34,1,1,0,1
8869,36,dublin,ST. STEPHEN'S GREEN EAST,St. Stephen's Green East,False,False,OPEN,2024-12-28 16:23:14,True,False,,,53.337824,-6.256035,40,22,18,10,12,0,12,40,22,18,10,12,0,12
8870,93,dublin,HEUSTON STATION (CENTRAL),Heuston Station (Central),False,False,OPEN,2024-12-28 16:22:12,True,False,,,53.346603,-6.296924,40,14,26,14,0,0,0,40,14,26,14,0,0,0
8871,22,dublin,TOWNSEND STREET,Townsend Street,False,False,OPEN,2024-12-28 16:24:20,True,False,,,53.345922,-6.254614,20,9,11,8,1,0,1,20,9,11,8,1,0,1
8872,50,dublin,GEORGES LANE,George's Lane,False,False,OPEN,2024-12-28 16:26:12,True,False,,,53.35023,-6.279696,40,4,36,4,0,0,0,40,4,36,4,0,0,0
8873,110,dublin,PHIBSBOROUGH ROAD,Phibsborough Road,False,False,OPEN,2024-12-28 16:26:49,True,False,,,53.356307,-6.273717,40,9,31,3,6,0,6,40,9,31,3,6,0,6
8874,12,dublin,ECCLES STREET,Eccles Street,False,False,OPEN,2024-12-28 16:27:36,True,False,,,53.359246,-6.269779,20,9,11,2,7,0,7,20,9,11,2,7,0,7
8875,34,dublin,PORTOBELLO HARBOUR,Portobello Harbour,False,False,OPEN,2024-12-28 16:24:09,True,False,,,53.330362,-6.265163,30,18,12,10,8,0,8,30,18,12,10,8,0,8
8876,78,dublin,MATER HOSPITAL,Mater Hospital,False,False,OPEN,2024-12-28 16:28:18,True,False,,,53.359967,-6.264828,40,2,38,1,1,0,1,40,2,38,1,1,0,1
8877,2,dublin,BLESSINGTON STREET,Blessington Street,False,False,OPEN,2024-12-28 16:21:48,True,False,,,53.356769,-6.26814,20,1,19,0,1,0,1,20,1,19,0,1,0,1
8878,75,dublin,JAMES STREET,James Street,False,False,OPEN,2024-12-28 16:25:25,True,False,,,53.343456,-6.287409,40,23,17,12,11,0,11,40,23,17,12,11,0,11
8879,111,dublin,MOUNTJOY SQUARE EAST,Mountjoy Square East,False,False,OPEN,2024-12-28 16:23:53,True,False,,,53.356717,-6.256359,40,2,38,1,1,0,1,40,2,38,1,1,0,1
8880,26,dublin,MERRION SQUARE WEST,Merrion Square West,False,False,OPEN,2024-12-28 16:27:37,True,False,,,53.339764,-6.251988,20,17,3,7,10,0,10,20,17,3,7,10,0,10
8881,65,dublin,CONVENTION CENTRE,Convention Centre,False,False,OPEN,2024-12-28 16:25:50,True,False,,,53.34744,-6.238523,40,6,34,4,2,0,2,40,6,34,4,2,0,2
8882,15,dublin,HARDWICKE STREET,Hardwicke Street,False,False,OPEN,2024-12-28 16:25:16,True,False,,,53.355473,-6.264423,16,0,16,0,0,0,0,16,0,16,0,0,0,0
8883,86,dublin,PARKGATE STREET,Parkgate Street,False,False,OPEN,2024-12-28 16:22:22,True,False,,,53.347972,-6.291804,38,16,22,0,16,0,16,38,16,22,0,16,0,16
8884,35,dublin,SMITHFIELD,Smithfield,False,False,OPEN,2024-12-28 16:26:38,True,False,,,53.347692,-6.278214,30,4,26,4,0,0,0,30,4,26,4,0,0,0
8885,10,dublin,DAME STREET,Dame Street,False,False,OPEN,2024-12-28 16:28:22,True,False,,,53.344007,-6.266802,16,16,0,13,3,0,3,16,16,0,13,3,0,3
8886,100,dublin,HEUSTON BRIDGE (SOUTH),Heuston Bridge (South),False,False,OPEN,2024-12-28 16:26:10,True,False,,,53.347106,-6.292041,25,15,10,6,9,0,9,25,15,10,6,9,0,9
8887,24,dublin,CATHAL BRUGHA STREET,Cathal Brugha Street,False,False,OPEN,2024-12-28 16:29:27,True,False,,,53.352149,-6.260533,20,8,12,7,1,0,1,20,8,12,7,1,0,1
8888,64,dublin,SANDWITH STREET,Sandwith Street,False,False,OPEN,2024-12-28 16:26:13,True,False,,,53.345203,-6.247163,40,22,18,17,5,0,5,40,22,18,17,5,0,5
8889,109,dublin,BUCKINGHAM STREET LOWER,Buckingham Street Lower,False,False,OPEN,2024-12-28 16:25:12,True,False,,,53.353331,-6.249319,29,6,23,0,6,0,6,29,6,23,0,6,0,6
8890,85,dublin,ROTHE ABBEY,Rothe Abbey,False,False,OPEN,2024-12-28 16:21:06,True,False,,,53.338776,-6.30395,35,25,10,11,14,0,14,35,25,10,11,14,0,14
8891,107,dublin,CHARLEVILLE ROAD,Charleville Road,False,False,OPEN,2024-12-28 16:23:01,True,False,,,53.359157,-6.281866,40,10,30,6,4,0,4,40,10,30,6,4,0,4
8892,33,dublin,PRINCES STREET / O'CONNELL STREET,Princes Street / O'Connell Street,False,False,OPEN,2024-12-28 16:25:46,True,False,,,53.349013,-6.260311,23,16,7,10,6,0,6,23,16,7,10,6,0,6
8893,44,dublin,UPPER SHERRARD STREET,Upper Sherrard Street,False,False,OPEN,2024-12-28 16:26:32,True,False,,,53.358437,-6.260641,30,0,30,0,0,0,0,30,0,30,0,0,0,0
8894,89,dublin,FITZWILLIAM SQUARE EAST,Fitzwilliam Square East,False,False,OPEN,2024-12-28 16:24:32,True,False,,,53.335211,-6.2509,40,20,20,11,9,0,9,40,20,20,11,9,0,9
8895,57,dublin,GRATTAN STREET,Grattan Street,False,False,OPEN,2024-12-28 16:22:56,True,False,,,53.339629,-6.243778,23,3,20,3,0,0,0,23,3,20,3,0,0,0
8896,80,dublin,ST JAMES HOSPITAL (LUAS),St James Hospital (Luas),False,False,OPEN,2024-12-28 16:24:59,True,False,,,53.341359,-6.292951,40,19,21,11,8,0,8,40,19,21,11,8,0,8
8897,41,dublin,HARCOURT TERRACE,Harcourt Terrace,False,False,OPEN,2024-12-28 16:26:23,True,False,,,53.332763,-6.257942,20,1,19,0,1,0,1,20,1,19,0,1,0,1
8898,3,dublin,BOLTON STREET,Bolton Street,False,False,OPEN,2024-12-28 16:29:50,True,False,,,53.351182,-6.269859,20,0,20,0,0,0,0,20,0,20,0,0,0,0
8899,40,dublin,JERVIS STREET,Jervis Street,False,False,OPEN,2024-12-28 16:25:41,True,False,,,53.3483,-6.266651,21,18,3,14,4,0,4,21,18,3,14,4,0,4
8900,29,dublin,ORMOND QUAY UPPER,Ormond Quay Upper,False,False,OPEN,2024-12-28 16:28:56,True,False,,,53.346057,-6.268001,29,29,0,20,9,0,9,29,29,0,20,9,0,9
8901,103,dublin,GRANGEGORMAN LOWER (SOUTH),Grangegorman Lower (South),False,False,OPEN,2024-12-28 16:23:14,True,False,,,53.354663,-6.278681,40,2,38,2,0,0,0,40,2,38,2,0,0,0
8902,28,dublin,MOUNTJOY SQUARE WEST,Mountjoy Square West,False,False,OPEN,2024-12-28 16:23:51,True,False,,,53.356299,-6.258586,30,16,14,12,4,0,4,30,16,14,12,4,0,4
8903,39,dublin,WILTON TERRACE,Wilton Terrace,False,False,OPEN,2024-12-28 16:25:01,True,False,,,53.332383,-6.252717,20,0,20,0,0,0,0,20,0,20,0,0,0,0
8904,83,dublin,EMMET ROAD,Emmet Road,False,False,OPEN,2024-12-28 16:26:35,True,False,,,53.340714,-6.308191,40,9,31,8,1,0,1,40,9,31,8,1,0,1
8905,92,dublin,HEUSTON BRIDGE (NORTH),Heuston Bridge (North),False,False,OPEN,2024-12-28 16:23:12,True,False,,,53.347802,-6.292432,40,32,8,24,8,0,8,40,32,8,24,8,0,8
8906,21,dublin,LEINSTER STREET SOUTH,Leinster Street South,False,False,OPEN,2024-12-28 16:22:47,True,False,,,53.34218,-6.254485,30,10,20,9,1,0,1,30,10,20,9,1,0,1
8907,88,dublin,BLACKHALL PLACE,Blackhall Place,False,False,OPEN,2024-12-28 16:26:57,True,False,,,53.3488,-6.281637,30,2,28,0,2,0,2,30,2,28,0,2,0,2
8908,42,dublin,SMITHFIELD NORTH,Smithfield North,False,False,OPEN,2024-12-28 16:44:38,True,False,,,53.349562,-6.278198,30,5,25,3,2,0,2,30,5,25,3,2,0,2
8909,30,dublin,PARNELL SQUARE NORTH,Parnell Square North,False,False,OPEN,2024-12-28 16:47:50,True,False,,,53.3537415547453,-6.26530144781526,20,0,20,0,0,0,0,20,0,20,0,0,0,0
8910,54,dublin,CLONMEL STREET,Clonmel Street,False,False,OPEN,2024-12-28 16:43:15,True,False,,,53.336021,-6.26298,33,16,17,4,12,0,12,33,16,17,4,12,0,12
8911,108,dublin,AVONDALE ROAD,Avondale Road,False,False,OPEN,2024-12-28 16:49:09,True,False,,,53.359405,-6.276142,35,2,33,2,0,0,0,35,2,33,2,0,0,0
8912,20,dublin,JAMES STREET EAST,James Street East,False,False,OPEN,2024-12-28 16:45:42,True,False,,,53.336597,-6.248109,30,2,28,2,0,0,0,30,2,28,2,0,0,0
8913,56,dublin,MOUNT STREET LOWER,Mount Street Lower,False,False,OPEN,2024-12-28 16:49:11,True,False,,,53.33796,-6.24153,40,17,23,7,10,0,10,40,17,23,7,10,0,10
8914,6,dublin,CHRISTCHURCH PLACE,Christchurch Place,False,False,OPEN,2024-12-28 16:42:27,True,False,,,53.343368,-6.27012,20,2,18,2,0,0,0,20,2,18,2,0,0,0
8915,18,dublin,GRANTHAM STREET,Grantham Street,False,False,OPEN,2024-12-28 16:45:43,True,False,,,53.334123,-6.265436,30,0,30,0,0,0,0,30,0,30,0,0,0,0
8916,32,dublin,PEARSE STREET,Pearse Street,False,False,OPEN,2024-12-28 16:43:40,True,False,,,53.344304,-6.250427,30,28,2,17,11,0,11,30,28,2,17,11,0,11
8917,52,dublin,YORK STREET EAST,York Street East,False,False,OPEN,2024-12-28 16:49:32,True,False,,,53.338755,-6.262003,32,28,4,14,14,0,14,32,28,4,14,14,0,14
8918,48,dublin,EXCISE WALK,Excise Walk,False,False,OPEN,2024-12-28 16:43:05,True,False,,,53.347777,-6.244239,40,0,40,0,0,0,0,40,0,40,0,0,0,0
8919,13,dublin,FITZWILLIAM SQUARE WEST,Fitzwilliam Square West,False,False,OPEN,2024-12-28 16:43:46,True,False,,,53.336074,-6.252825,30,27,3,11,16,0,16,30,27,3,11,16,0,16
8920,43,dublin,PORTOBELLO ROAD,Portobello Road,False,False,OPEN,2024-12-28 16:43:57,True,False,,,53.330091,-6.268044,30,16,14,11,5,0,5,30,16,14,11,5,0,5
8921,31,dublin,PARNELL STREET,Parnell Street,False,False,OPEN,2024-12-28 16:43:03,True,False,,,53.350929,-6.265125,20,2,18,2,0,0,0,20,2,18,2,0,0,0
8922,98,dublin,FREDERICK STREET SOUTH,Frederick Street South,False,False,OPEN,2024-12-28 16:45:56,True,False,,,53.341515,-6.256853,40,27,13,13,14,0,14,40,27,13,13,14,0,14
8923,14,dublin,FOWNES STREET UPPER,Fownes Street Upper,False,False,OPEN,2024-12-28 16:45:54,True,False,,,53.344603,-6.263371,30,14,16,6,8,0,8,30,14,16,6,8,0,8
8924,1,dublin,CLARENDON ROW,Clarendon Row,False,False,OPEN,2024-12-28 16:46:30,True,False,,,53.340927,-6.262501,31,9,22,6,3,0,3,31,9,22,6,3,0,3
8925,23,dublin,CUSTOM HOUSE,Custom House,False,False,OPEN,2024-12-28 16:45:27,True,False,,,53.348279,-6.254662,30,22,8,8,14,0,14,30,22,8,8,14,0,14
8926,106,dublin,RATHDOWN ROAD,Rathdown Road,False,False,OPEN,2024-12-28 16:47:45,True,False,,,53.35893,-6.280337,40,23,17,13,10,0,10,40,23,17,13,10,0,10
8927,112,dublin,NORTH CIRCULAR ROAD (O'CONNELL'S),North Circular Road (O'Connell's),False,False,OPEN,2024-12-28 16:46:32,True,False,,,53.357841,-6.251557,30,20,10,12,8,0,8,30,20,10,12,8,0,8
8928,68,dublin,HANOVER QUAY,Hanover Quay,False,False,OPEN,2024-12-28 16:45:01,True,False,,,53.344115,-6.237153,40,30,10,20,10,0,10,40,30,10,20,10,0,10
8929,74,dublin,OLIVER BOND STREET,Oliver Bond Street,False,False,OPEN,2024-12-28 16:44:57,True,False,,,53.343893,-6.280531,30,14,16,13,1,0,1,30,14,16,13,1,0,1
8930,87,dublin,COLLINS BARRACKS MUSEUM,Collins Barracks Museum,False,False,OPEN,2024-12-28 16:49:10,True,False,,,53.347477,-6.28525,38,21,17,10,11,0,11,38,21,17,10,11,0,11
8931,84,dublin,BROOKFIELD ROAD,Brookfield Road,False,False,OPEN,2024-12-28 16:45:01,True,False,,,53.339005,-6.300217,30,12,18,6,6,0,6,30,12,18,6,6,0,6
8932,90,dublin,BENSON STREET,Benson Street,False,False,OPEN,2024-12-28 16:46:19,True,False,,,53.344153,-6.233451,40,0,40,0,0,0,0,40,0,40,0,0,0,0
8933,11,dublin,EARLSFORT TERRACE,Earlsfort Terrace,False,False,OPEN,2024-12-28 16:41:24,True,False,,,53.334295,-6.258503,30,20,10,15,5,0,5,30,20,10,15,5,0,5
8934,17,dublin,GOLDEN LANE,Golden Lane,False,False,OPEN,2024-12-28 16:43:07,True,False,,,53.340803,-6.267732,20,15,5,5,10,0,10,20,15,5,5,10,0,10
8935,45,dublin,DEVERELL PLACE,Deverell Place,False,False,OPEN,2024-12-28 16:46:38,True,False,,,53.351464,-6.255265,30,11,19,4,7,0,7,30,11,19,4,7,0,7
8936,114,dublin,WILTON TERRACE (PARK),Wilton Terrace (Park),False,False,OPEN,2024-12-28 16:48:44,True,False,,,53.333653,-6.248345,40,0,40,0,0,0,0,40,0,40,0,0,0,0
8937,72,dublin,JOHN STREET WEST,John Street West,False,False,OPEN,2024-12-28 16:48:33,True,False,,,53.343105,-6.277167,31,1,30,0,1,0,1,31,1,30,0,1,0,1
8938,63,dublin,FENIAN STREET,Fenian Street,False,False,OPEN,2024-12-28 16:46:02,True,False,,,53.341428,-6.24672,35,22,13,13,9,0,9,35,22,13,13,9,0,9
8939,113,dublin,MERRION SQUARE SOUTH,Merrion Square South,False,False,OPEN,2024-12-28 16:44:26,True,False,,,53.338614,-6.248606,40,8,21,7,1,0,1,40,8,21,7,1,0,1
8940,91,dublin,SOUTH DOCK ROAD,South Dock Road,False,False,OPEN,2024-12-28 16:43:26,True,False,,,53.341833,-6.231291,30,25,5,15,10,0,10,30,25,5,15,10,0,10
8941,99,dublin,CITY QUAY,City Quay,False,False,OPEN,2024-12-28 16:44:22,True,False,,,53.346637,-6.246154,30,22,8,11,11,0,11,30,22,8,11,11,0,11
8942,9,dublin,EXCHEQUER STREET,Exchequer Street,False,False,OPEN,2024-12-28 16:47:59,True,False,,,53.343034,-6.263578,24,1,23,1,0,0,0,24,1,23,1,0,0,0
8943,67,dublin,THE POINT,The Point,False,False,OPEN,2024-12-28 16:44:54,True,False,,,53.346867,-6.230852,40,15,25,9,6,0,6,40,15,25,9,6,0,6
8944,116,dublin,BROADSTONE,Broadstone,False,False,OPEN,2024-12-28 16:41:01,True,False,,,53.3547,-6.272314,30,10,20,1,9,0,9,30,10,20,1,9,0,9
8945,55,dublin,HATCH STREET,Hatch Street,False,False,OPEN,2024-12-28 16:45:44,True,False,,,53.33403,-6.260714,36,14,22,9,5,0,5,36,14,22,9,5,0,5
8946,62,dublin,LIME STREET,Lime Street,False,False,OPEN,2024-12-28 16:49:14,True,False,,,53.346026,-6.243576,40,7,33,0,7,0,7,40,7,33,0,7,0,7
8947,5,dublin,CHARLEMONT PLACE,Charlemont Street,False,False,OPEN,2024-12-28 16:46:26,True,False,,,53.330662,-6.260177,40,23,17,20,3,0,3,40,23,17,20,3,0,3
8948,97,dublin,KILMAINHAM GAOL,Kilmainham Gaol,False,False,OPEN,2024-12-28 16:49:20,True,False,,,53.342113,-6.310015,40,20,20,6,14,0,14,40,20,20,6,14,0,14
8949,61,dublin,HARDWICKE PLACE,Hardwicke Place,False,False,OPEN,2024-12-28 16:41:55,True,False,,,53.357043,-6.263232,25,0,25,0,0,0,0,25,0,25,0,0,0,0
8950,77,dublin,WOLFE TONE STREET,Wolfe Tone Street,False,False,OPEN,2024-12-28 16:49:46,True,False,,,53.348875,-6.267459,29,18,11,9,9,0,9,29,18,11,9,9,0,9
8951,73,dublin,FRANCIS STREET,Francis Street,False,False,OPEN,2024-12-28 16:44:12,True,False,,,53.342081,-6.275233,30,10,20,4,6,0,6,30,10,20,4,6,0,6
8952,4,dublin,GREEK STREET,Greek Street,False,False,OPEN,2024-12-28 16:46:33,True,False,,,53.346874,-6.272976,20,17,3,8,9,0,9,20,17,3,8,9,0,9
8953,49,dublin,GUILD STREET,Guild Street,False,False,OPEN,2024-12-28 16:47:38,True,False,,,53.347932,-6.240928,40,24,16,18,6,0,6,40,24,16,18,6,0,6
8954,19,dublin,HERBERT PLACE,Herbert Place,False,False,OPEN,2024-12-28 16:46:21,True,False,,,53.334432,-6.245575,30,11,19,8,3,0,3,30,11,19,8,3,0,3
8955,7,dublin,HIGH STREET,High Street,False,False,OPEN,2024-12-28 16:45:48,True,False,,,53.343565,-6.275071,29,9,20,6,3,0,3,29,9,20,6,3,0,3
8956,60,dublin,NORTH CIRCULAR ROAD,North Circular Road,False,False,OPEN,2024-12-28 16:46:08,True,False,,,53.359624,-6.260348,30,2,28,2,0,0,0,30,2,28,2,0,0,0
8957,102,dublin,WESTERN WAY,Western Way,False,False,OPEN,2024-12-28 16:44:36,True,False,,,53.354929,-6.269425,40,20,20,18,2,0,2,40,20,20,18,2,0,2
8958,38,dublin,TALBOT STREET,Talbot Street,False,False,OPEN,2024-12-28 16:44:43,True,False,,,53.350974,-6.25294,40,28,12,18,10,0,10,40,28,12,18,10,0,10
8959,53,dublin,NEWMAN HOUSE,Newman House,False,False,OPEN,2024-12-28 16:43:41,True,False,,,53.337132,-6.26059,40,11,29,11,0,0,0,40,11,29,11,0,0,0
8960,58,dublin,SIR PATRICK DUN'S,Sir Patrick's Dun,False,False,OPEN,2024-12-28 16:46:12,True,False,,,53.339218,-6.240642,40,22,18,20,2,0,2,40,22,18,20,2,0,2
8961,66,dublin,NEW CENTRAL BANK,New Central Bank,False,False,OPEN,2024-12-28 16:41:54,True,False,,,53.347122,-6.234749,40,2,38,1,1,0,1,40,2,38,1,1,0,1
8962,104,dublin,GRANGEGORMAN LOWER (CENTRAL),Grangegorman Lower (Central),False,False,OPEN,2024-12-28 16:46:00,True,False,,,53.355173,-6.278424,40,1,39,1,0,0,0,40,1,39,1,0,0,0
8963,101,dublin,KING STREET NORTH,King Street North,False,False,OPEN,2024-12-28 16:41:52,True,False,,,53.350291,-6.273507,30,10,20,7,3,0,3,30,10,20,7,3,0,3
8964,115,dublin,KILLARNEY STREET,Killarney Street,False,False,OPEN,2024-12-28 16:47:20,True,False,,,53.354845,-6.247579,30,5,25,3,2,0,2,30,5,25,3,2,0,2
8965,47,dublin,HERBERT STREET,Herbert Street,False,False,OPEN,2024-12-28 16:44:46,True,False,,,53.335742,-6.24551,40,0,40,0,0,0,0,40,0,40,0,0,0,0
8966,117,dublin,HANOVER QUAY EAST,Hanover Quay East,False,False,OPEN,2024-12-28 16:45:17,True,False,,,53.343653,-6.231755,40,5,35,2,3,0,3,40,5,35,2,3,0,3
8967,8,dublin,CUSTOM HOUSE QUAY,Custom House Quay,False,False,OPEN,2024-12-28 16:45:35,True,False,,,53.347884,-6.248048,30,22,8,17,5,0,5,30,22,8,17,5,0,5
8968,27,dublin,MOLESWORTH STREET,Molesworth Street,False,False,OPEN,2024-12-28 16:42:05,True,False,,,53.341288,-6.258117,20,16,4,3,13,0,13,20,16,4,3,13,0,13
8969,16,dublin,GEORGES QUAY,Georges Quay,False,False,OPEN,2024-12-28 16:41:17,True,False,,,53.347508,-6.252192,20,5,15,1,4,0,4,20,5,15,1,4,0,4
8970,96,dublin,KILMAINHAM LANE,Kilmainham Lane,False,False,OPEN,2024-12-28 16:40:56,True,False,,,53.341805,-6.305085,30,19,11,13,6,0,6,30,19,11,13,6,0,6
8971,82,dublin,MOUNT BROWN,Mount Brown,False,False,OPEN,2024-12-28 16:43:00,True,False,,,53.341645,-6.29719,22,6,16,1,5,0,5,22,6,16,1,5,0,5
8972,76,dublin,MARKET STREET SOUTH,Market Street South,False,False,OPEN,2024-12-28 16:41:41,True,False,,,53.342296,-6.287661,38,8,30,5,3,0,3,38,8,30,5,3,0,3
8973,71,dublin,KEVIN STREET,Kevin Street,False,False,OPEN,2024-12-28 16:42:57,True,False,,,53.337757,-6.267699,40,13,27,8,5,0,5,40,13,27,8,5,0,5
8974,79,dublin,ECCLES STREET EAST,Eccles Street East,False,False,OPEN,2024-12-28 16:44:36,True,False,,,53.358115,-6.265601,27,0,27,0,0,0,0,27,0,27,0,0,0,0
8975,69,dublin,GRAND CANAL DOCK,Grand Canal Dock,False,False,OPEN,2024-12-28 16:45:27,True,False,,,53.342638,-6.238695,40,19,21,14,5,0,5,40,19,21,14,5,0,5
8976,25,dublin,MERRION SQUARE EAST,Merrion Square East,False,False,OPEN,2024-12-28 16:40:15,True,False,,,53.339434,-6.246548,30,1,29,1,0,0,0,30,1,29,1,0,0,0
8977,51,dublin,YORK STREET WEST,York Street West,False,False,OPEN,2024-12-28 16:42:24,True,False,,,53.339334,-6.264699,40,0,0,0,0,0,0,40,0,0,0,0,0,0
8978,37,dublin,ST. STEPHEN'S GREEN SOUTH,St. Stephen's Green South,False,False,OPEN,2024-12-28 16:43:50,True,False,,,53.337494,-6.26199,30,15,15,8,7,0,7,30,15,15,8,7,0,7
8979,59,dublin,DENMARK STREET GREAT,Denmark Street Great,False,False,OPEN,2024-12-28 16:46:19,True,False,,,53.35561,-6.261397,20,0,20,0,0,0,0,20,0,20,0,0,0,0
8980,95,dublin,ROYAL HOSPITAL,Royal Hospital,False,False,OPEN,2024-12-28 16:46:16,True,False,,,53.343897,-6.29706,40,18,22,11,7,0,7,40,18,22,11,7,0,7
8981,94,dublin,HEUSTON STATION (CAR PARK),Heuston Station (Car Park),False,False,OPEN,2024-12-28 16:44:22,True,False,,,53.346985,-6.297804,40,10,30,10,0,0,0,40,10,30,10,0,0,0
8982,105,dublin,GRANGEGORMAN LOWER (NORTH),Grangegorman Lower (North),False,False,OPEN,2024-12-28 16:45:12,True,False,,,53.355954,-6.278378,36,2,34,1,1,0,1,36,2,34,1,1,0,1
8983,36,dublin,ST. STEPHEN'S GREEN EAST,St. Stephen's Green East,False,False,OPEN,2024-12-28 16:43:25,True,False,,,53.337824,-6.256035,40,22,18,10,12,0,12,40,22,18,10,12,0,12
8984,93,dublin,HEUSTON STATION (CENTRAL),Heuston Station (Central),False,False,OPEN,2024-12-28 16:42:19,True,False,,,53.346603,-6.296924,40,14,26,14,0,0,0,40,14,26,14,0,0,0
8985,22,dublin,TOWNSEND STREET,Townsend Street,False,False,OPEN,2024-12-28 16:44:32,True,False,,,53.345922,-6.254614,20,10,10,9,1,0,1,20,10,10,9,1,0,1
8986,50,dublin,GEORGES LANE,George's Lane,False,False,OPEN,2024-12-28 16:48:45,True,False,,,53.35023,-6.279696,40,6,34,5,1,0,1,40,6,34,5,1,0,1
8987,110,dublin,PHIBSBOROUGH ROAD,Phibsborough Road,False,False,OPEN,2024-12-28 16:46:58,True,False,,,53.356307,-6.273717,40,9,31,3,6,0,6,40,9,31,3,6,0,6
8988,12,dublin,ECCLES STREET,Eccles Street,False,False,OPEN,2024-12-28 16:45:28,True,False,,,53.359246,-6.269779,20,9,11,2,7,0,7,20,9,11,2,7,0,7
8989,34,dublin,PORTOBELLO HARBOUR,Portobello Harbour,False,False,OPEN,2024-12-28 16:46:17,True,False,,,53.330362,-6.265163,30,20,10,12,8,0,8,30,20,10,12,8,0,8
8990,78,dublin,MATER HOSPITAL,Mater Hospital,False,False,OPEN,2024-12-28 16:45:08,True,False,,,53.359967,-6.264828,40,2,38,1,1,0,1,40,2,38,1,1,0,1
8991,2,dublin,BLESSINGTON STREET,Blessington Street,False,False,OPEN,2024-12-28 16:41:56,True,False,,,53.356769,-6.26814,20,1,19,0,1,0,1,20,1,19,0,1,0,1
8992,75,dublin,JAMES STREET,James Street,False,False,OPEN,2024-12-28 16:45:36,True,False,,,53.343456,-6.287409,40,21,19,11,10,0,10,40,21,19,11,10,0,10
8993,111,dublin,MOUNTJOY SQUARE EAST,Mountjoy Square East,False,False,OPEN,2024-12-28 16:44:04,True,False,,,53.356717,-6.256359,40,3,37,2,1,0,1,40,3,37,2,1,0,1
8994,26,dublin,MERRION SQUARE WEST,Merrion Square West,False,False,OPEN,2024-12-28 16:47:08,True,False,,,53.339764,-6.251988,20,20,0,10,10,0,10,20,20,0,10,10,0,10
8995,65,dublin,CONVENTION CENTRE,Convention Centre,False,False,OPEN,2024-12-28 16:46:00,True,False,,,53.34744,-6.238523,40,7,33,4,3,0,3,40,7,33,4,3,0,3
8996,15,dublin,HARDWICKE STREET,Hardwicke Street,False,False,OPEN,2024-12-28 16:45:52,True,False,,,53.355473,-6.264423,16,1,15,1,0,0,0,16,1,15,1,0,0,0
8997,86,dublin,PARKGATE STREET,Parkgate Street,False,False,OPEN,2024-12-28 16:42:32,True,False,,,53.347972,-6.291804,38,14,24,0,14,0,14,38,14,24,0,14,0,14
8998,35,dublin,SMITHFIELD,Smithfield,False,False,OPEN,2024-12-28 16:46:51,True,False,,,53.347692,-6.278214,30,4,26,4,0,0,0,30,4,26,4,0,0,0
8999,10,dublin,DAME STREET,Dame Street,False,False,OPEN,2024-12-28 16:47:29,True,False,,,53.344007,-6.266802,16,15,1,12,3,0,3,16,15,1,12,3,0,3
9000,100,dublin,HEUSTON BRIDGE (SOUTH),Heuston Bridge (South),False,False,OPEN,2024-12-28 16:48:05,True,False,,,53.347106,-6.292041,25,14,11,5,9,0,9,25,14,11,5,9,0,9
9001,24,dublin,CATHAL BRUGHA STREET,Cathal Brugha Street,False,False,OPEN,2024-12-28 16:47:19,True,False,,,53.352149,-6.260533,20,7,13,6,1,0,1,20,7,13,6,1,0,1
9002,64,dublin,SANDWITH STREET,Sandwith Street,False,False,OPEN,2024-12-28 16:46:27,True,False,,,53.345203,-6.247163,40,22,18,17,5,0,5,40,22,18,17,5,0,5
9003,109,dublin,BUCKINGHAM STREET LOWER,Buckingham Street Lower,False,False,OPEN,2024-12-28 16:45:22,True,False,,,53.353331,-6.249319,29,5,24,0,5,0,5,29,5,24,0,5,0,5
9004,85,dublin,ROTHE ABBEY,Rothe Abbey,False,False,OPEN,2024-12-28 16:46:23,True,False,,,53.338776,-6.30395,35,23,12,9,14,0,14,35,23,12,9,14,0,14
9005,107,dublin,CHARLEVILLE ROAD,Charleville Road,False,False,OPEN,2024-12-28 16:43:09,True,False,,,53.359157,-6.281866,40,10,30,6,4,0,4,40,10,30,6,4,0,4
9006,33,dublin,PRINCES STREET / O'CONNELL STREET,Princes Street / O'Connell Street,False,False,OPEN,2024-12-28 16:45:34,True,False,,,53.349013,-6.260311,23,20,3,14,6,0,6,23,20,3,14,6,0,6
9007,44,dublin,UPPER SHERRARD STREET,Upper Sherrard Street,False,False,OPEN,2024-12-28 16:46:43,True,False,,,53.358437,-6.260641,30,0,30,0,0,0,0,30,0,30,0,0,0,0
9008,89,dublin,FITZWILLIAM SQUARE EAST,Fitzwilliam Square East,False,False,OPEN,2024-12-28 16:44:40,True,False,,,53.335211,-6.2509,40,20,20,11,9,0,9,40,20,20,11,9,0,9
9009,57,dublin,GRATTAN STREET,Grattan Street,False,False,OPEN,2024-12-28 16:46:03,True,False,,,53.339629,-6.243778,23,2,21,2,0,0,0,23,2,21,2,0,0,0
9010,80,dublin,ST JAMES HOSPITAL (LUAS),St James Hospital (Luas),False,False,OPEN,2024-12-28 16:45:07,True,False,,,53.341359,-6.292951,40,19,21,11,8,0,8,40,19,21,11,8,0,8
9011,41,dublin,HARCOURT TERRACE,Harcourt Terrace,False,False,OPEN,2024-12-28 16:42:38,True,False,,,53.332763,-6.257942,20,1,19,0,1,0,1,20,1,19,0,1,0,1
9012,3,dublin,BOLTON STREET,Bolton Street,False,False,OPEN,2024-12-28 16:45:08,True,False,,,53.351182,-6.269859,20,2,18,1,1,0,1,20,2,18,1,1,0,1
9013,40,dublin,JERVIS STREET,Jervis Street,False,False,OPEN,2024-12-28 16:49:47,True,False,,,53.3483,-6.266651,21,18,3,14,4,0,4,21,18,3,14,4,0,4
9014,29,dublin,ORMOND QUAY UPPER,Ormond Quay Upper,False,False,OPEN,2024-12-28 16:47:12,True,False,,,53.346057,-6.268001,29,29,0,20,9,0,9,29,29,0,20,9,0,9
9015,103,dublin,GRANGEGORMAN LOWER (SOUTH),Grangegorman Lower (South),False,False,OPEN,2024-12-28 16:43:21,True,False,,,53.354663,-6.278681,40,2,38,2,0,0,0,40,2,38,2,0,0,0
9016,28,dublin,MOUNTJOY SQUARE WEST,Mountjoy Square West,False,False,OPEN,2024-12-28 16:49:34,True,False,,,53.356299,-6.258586,30,13,17,9,4,0,4,30,13,17,9,4,0,4
9017,39,dublin,WILTON TERRACE,Wilton Terrace,False,False,OPEN,2024-12-28 16:45:09,True,False,,,53.332383,-6.252717,20,0,20,0,0,0,0,20,0,20,0,0,0,0
9018,83,dublin,EMMET ROAD,Emmet Road,False,False,OPEN,2024-12-28 16:45:59,True,False,,,53.340714,-6.308191,40,10,30,9,1,0,1,40,10,30,9,1,0,1
9019,92,dublin,HEUSTON BRIDGE (NORTH),Heuston Bridge (North),False,False,OPEN,2024-12-28 16:43:21,True,False,,,53.347802,-6.292432,40,33,7,25,8,0,8,40,33,7,25,8,0,8
9020,21,dublin,LEINSTER STREET SOUTH,Leinster Street South,False,False,OPEN,2024-12-28 16:47:11,True,False,,,53.34218,-6.254485,30,12,18,11,1,0,1,30,12,18,11,1,0,1
9021,88,dublin,BLACKHALL PLACE,Blackhall Place,False,False,OPEN,2024-12-28 16:43:45,True,False,,,53.3488,-6.281637,30,4,26,2,2,0,2,30,4,26,2,2,0,2
9022,42,dublin,SMITHFIELD NORTH,Smithfield North,False,False,OPEN,2024-12-30 08:52:56,True,False,,,53.349562,-6.278198,30,13,17,8,5,0,5,30,13,17,8,5,0,5
9023,30,dublin,PARNELL SQUARE NORTH,Parnell Square North,False,False,OPEN,2024-12-30 08:46:22,True,False,,,53.3537415547453,-6.26530144781526,20,0,20,0,0,0,0,20,0,20,0,0,0,0
9024,54,dublin,CLONMEL STREET,Clonmel Street,False,False,OPEN,2024-12-30 08:53:27,True,False,,,53.336021,-6.26298,33,19,14,9,10,0,10,33,19,14,9,10,0,10
9025,108,dublin,AVONDALE ROAD,Avondale Road,False,False,OPEN,2024-12-30 08:50:51,True,False,,,53.359405,-6.276142,35,8,27,3,5,0,5,35,8,27,3,5,0,5
9026,20,dublin,JAMES STREET EAST,James Street East,False,False,OPEN,2024-12-30 08:52:44,True,False,,,53.336597,-6.248109,30,0,30,0,0,0,0,30,0,30,0,0,0,0
9027,56,dublin,MOUNT STREET LOWER,Mount Street Lower,False,False,OPEN,2024-12-30 08:51:51,True,False,,,53.33796,-6.24153,40,25,15,16,9,0,9,40,25,15,16,9,0,9
9028,6,dublin,CHRISTCHURCH PLACE,Christchurch Place,False,False,OPEN,2024-12-30 08:48:56,True,False,,,53.343368,-6.27012,20,6,14,1,5,0,5,20,6,14,1,5,0,5
9029,18,dublin,GRANTHAM STREET,Grantham Street,False,False,OPEN,2024-12-30 08:49:56,True,False,,,53.334123,-6.265436,30,1,29,0,1,0,1,30,1,29,0,1,0,1
9030,32,dublin,PEARSE STREET,Pearse Street,False,False,OPEN,2024-12-30 08:49:03,True,False,,,53.344304,-6.250427,30,20,10,16,4,0,4,30,20,10,16,4,0,4
9031,52,dublin,YORK STREET EAST,York Street East,False,False,OPEN,2024-12-30 08:48:49,True,False,,,53.338755,-6.262003,32,22,10,12,10,0,10,32,22,10,12,10,0,10
9032,48,dublin,EXCISE WALK,Excise Walk,False,False,OPEN,2024-12-30 08:50:46,True,False,,,53.347777,-6.244239,40,6,34,4,2,0,2,40,6,34,4,2,0,2
9033,13,dublin,FITZWILLIAM SQUARE WEST,Fitzwilliam Square West,False,False,OPEN,2024-12-30 08:53:25,True,False,,,53.336074,-6.252825,30,22,8,9,13,0,13,30,22,8,9,13,0,13
9034,43,dublin,PORTOBELLO ROAD,Portobello Road,False,False,OPEN,2024-12-30 08:51:57,True,False,,,53.330091,-6.268044,30,19,11,11,8,0,8,30,19,11,11,8,0,8
9035,31,dublin,PARNELL STREET,Parnell Street,False,False,OPEN,2024-12-30 08:52:46,True,False,,,53.350929,-6.265125,20,8,12,4,4,0,4,20,8,12,4,4,0,4
9036,98,dublin,FREDERICK STREET SOUTH,Frederick Street South,False,False,OPEN,2024-12-30 08:50:09,True,False,,,53.341515,-6.256853,40,18,22,15,3,0,3,40,18,22,15,3,0,3
9037,14,dublin,FOWNES STREET UPPER,Fownes Street Upper,False,False,OPEN,2024-12-30 08:51:52,True,False,,,53.344603,-6.263371,30,11,19,7,4,0,4,30,11,19,7,4,0,4
9038,1,dublin,CLARENDON ROW,Clarendon Row,False,False,OPEN,2024-12-30 08:49:47,True,False,,,53.340927,-6.262501,31,11,20,5,6,0,6,31,11,20,5,6,0,6
9039,23,dublin,CUSTOM HOUSE,Custom House,False,False,OPEN,2024-12-30 08:52:12,True,False,,,53.348279,-6.254662,30,2,28,1,1,0,1,30,2,28,1,1,0,1
9040,106,dublin,RATHDOWN ROAD,Rathdown Road,False,False,OPEN,2024-12-30 08:48:53,True,False,,,53.35893,-6.280337,40,16,24,11,5,0,5,40,16,24,11,5,0,5
9041,112,dublin,NORTH CIRCULAR ROAD (O'CONNELL'S),North Circular Road (O'Connell's),False,False,OPEN,2024-12-30 08:50:11,True,False,,,53.357841,-6.251557,30,14,16,6,8,0,8,30,14,16,6,8,0,8
9042,68,dublin,HANOVER QUAY,Hanover Quay,False,False,OPEN,2024-12-30 08:50:07,True,False,,,53.344115,-6.237153,40,36,4,24,12,0,12,40,36,4,24,12,0,12
9043,74,dublin,OLIVER BOND STREET,Oliver Bond Street,False,False,OPEN,2024-12-30 08:52:35,True,False,,,53.343893,-6.280531,30,15,15,8,7,0,7,30,15,15,8,7,0,7
9044,87,dublin,COLLINS BARRACKS MUSEUM,Collins Barracks Museum,False,False,OPEN,2024-12-30 08:50:30,True,False,,,53.347477,-6.28525,38,26,12,12,14,0,14,38,26,12,12,14,0,14
9045,84,dublin,BROOKFIELD ROAD,Brookfield Road,False,False,OPEN,2024-12-30 08:50:45,True,False,,,53.339005,-6.300217,30,16,14,9,7,0,7,30,16,14,9,7,0,7
9046,90,dublin,BENSON STREET,Benson Street,False,False,OPEN,2024-12-30 08:52:11,True,False,,,53.344153,-6.233451,40,8,32,7,1,0,1,40,8,32,7,1,0,1
9047,11,dublin,EARLSFORT TERRACE,Earlsfort Terrace,False,False,OPEN,2024-12-30 08:48:44,True,False,,,53.334295,-6.258503,30,18,12,14,4,0,4,30,18,12,14,4,0,4
9048,17,dublin,GOLDEN LANE,Golden Lane,False,False,OPEN,2024-12-30 08:45:49,True,False,,,53.340803,-6.267732,20,3,17,1,2,0,2,20,3,17,1,2,0,2
9049,45,dublin,DEVERELL PLACE,Deverell Place,False,False,OPEN,2024-12-30 08:52:58,True,False,,,53.351464,-6.255265,30,3,27,3,0,0,0,30,3,27,3,0,0,0
9050,114,dublin,WILTON TERRACE (PARK),Wilton Terrace (Park),False,False,OPEN,2024-12-30 08:51:54,True,False,,,53.333653,-6.248345,40,5,35,4,1,0,1,40,5,35,4,1,0,1
9051,72,dublin,JOHN STREET WEST,John Street West,False,False,OPEN,2024-12-30 08:51:23,True,False,,,53.343105,-6.277167,31,1,30,0,1,0,1,31,1,30,0,1,0,1
9052,63,dublin,FENIAN STREET,Fenian Street,False,False,OPEN,2024-12-30 08:52:48,True,False,,,53.341428,-6.24672,35,13,22,6,7,0,7,35,13,22,6,7,0,7
9053,113,dublin,MERRION SQUARE SOUTH,Merrion Square South,False,False,OPEN,2024-12-30 08:50:45,True,False,,,53.338614,-6.248606,40,6,23,3,3,0,3,40,6,23,3,3,0,3
9054,91,dublin,SOUTH DOCK ROAD,South Dock Road,False,False,OPEN,2024-12-30 08:48:40,True,False,,,53.341833,-6.231291,30,18,12,10,8,0,8,30,18,12,10,8,0,8
9055,99,dublin,CITY QUAY,City Quay,False,False,OPEN,2024-12-30 08:52:51,True,False,,,53.346637,-6.246154,30,19,11,6,13,0,13,30,19,11,6,13,0,13
9056,9,dublin,EXCHEQUER STREET,Exchequer Street,False,False,OPEN,2024-12-30 08:52:28,True,False,,,53.343034,-6.263578,24,3,21,1,2,0,2,24,3,21,1,2,0,2
9057,67,dublin,THE POINT,The Point,False,False,OPEN,2024-12-30 08:48:47,True,False,,,53.346867,-6.230852,40,25,15,15,10,0,10,40,25,15,15,10,0,10
9058,116,dublin,BROADSTONE,Broadstone,False,False,OPEN,2024-12-30 08:47:55,True,False,,,53.3547,-6.272314,30,11,19,2,9,0,9,30,11,19,2,9,0,9
9059,55,dublin,HATCH STREET,Hatch Street,False,False,OPEN,2024-12-30 08:52:30,True,False,,,53.33403,-6.260714,36,9,27,6,3,0,3,36,9,27,6,3,0,3
9060,62,dublin,LIME STREET,Lime Street,False,False,OPEN,2024-12-30 08:51:42,True,False,,,53.346026,-6.243576,40,15,25,7,8,0,8,40,15,25,7,8,0,8
9061,5,dublin,CHARLEMONT PLACE,Charlemont Street,False,False,OPEN,2024-12-30 08:45:46,True,False,,,53.330662,-6.260177,40,38,2,32,6,0,6,40,38,2,32,6,0,6
9062,97,dublin,KILMAINHAM GAOL,Kilmainham Gaol,False,False,OPEN,2024-12-30 08:49:51,True,False,,,53.342113,-6.310015,40,15,25,1,14,0,14,40,15,25,1,14,0,14
9063,61,dublin,HARDWICKE PLACE,Hardwicke Place,False,False,OPEN,2024-12-30 08:48:12,True,False,,,53.357043,-6.263232,25,0,25,0,0,0,0,25,0,25,0,0,0,0
9064,77,dublin,WOLFE TONE STREET,Wolfe Tone Street,False,False,OPEN,2024-12-30 08:52:03,True,False,,,53.348875,-6.267459,29,24,5,5,19,0,19,29,24,5,5,19,0,19
9065,73,dublin,FRANCIS STREET,Francis Street,False,False,OPEN,2024-12-30 08:52:49,True,False,,,53.342081,-6.275233,30,6,24,2,4,0,4,30,6,24,2,4,0,4
9066,4,dublin,GREEK STREET,Greek Street,False,False,OPEN,2024-12-30 08:53:10,True,False,,,53.346874,-6.272976,20,16,4,5,11,0,11,20,16,4,5,11,0,11
9067,49,dublin,GUILD STREET,Guild Street,False,False,OPEN,2024-12-30 08:52:34,True,False,,,53.347932,-6.240928,40,27,13,18,9,0,9,40,27,13,18,9,0,9
9068,19,dublin,HERBERT PLACE,Herbert Place,False,False,OPEN,2024-12-30 08:52:28,True,False,,,53.334432,-6.245575,30,4,26,4,0,0,0,30,4,26,4,0,0,0
9069,7,dublin,HIGH STREET,High Street,False,False,OPEN,2024-12-30 08:49:17,True,False,,,53.343565,-6.275071,29,11,18,4,7,0,7,29,11,18,4,7,0,7
9070,60,dublin,NORTH CIRCULAR ROAD,North Circular Road,False,False,OPEN,2024-12-30 08:44:45,True,False,,,53.359624,-6.260348,30,4,26,0,4,0,4,30,4,26,0,4,0,4
9071,102,dublin,WESTERN WAY,Western Way,False,False,OPEN,2024-12-30 08:49:57,True,False,,,53.354929,-6.269425,40,17,23,15,2,0,2,40,17,23,15,2,0,2
9072,38,dublin,TALBOT STREET,Talbot Street,False,False,OPEN,2024-12-30 08:52:37,True,False,,,53.350974,-6.25294,40,26,14,21,5,0,5,40,26,14,21,5,0,5
9073,53,dublin,NEWMAN HOUSE,Newman House,False,False,OPEN,2024-12-30 08:50:30,True,False,,,53.337132,-6.26059,40,16,24,14,2,0,2,40,16,24,14,2,0,2
9074,58,dublin,SIR PATRICK DUN'S,Sir Patrick's Dun,False,False,OPEN,2024-12-30 08:51:24,True,False,,,53.339218,-6.240642,40,25,15,23,2,0,2,40,25,15,23,2,0,2
9075,66,dublin,NEW CENTRAL BANK,New Central Bank,False,False,OPEN,2024-12-30 08:53:40,True,False,,,53.347122,-6.234749,40,4,36,1,3,0,3,40,4,36,1,3,0,3
9076,104,dublin,GRANGEGORMAN LOWER (CENTRAL),Grangegorman Lower (Central),False,False,OPEN,2024-12-30 08:45:05,True,False,,,53.355173,-6.278424,40,2,38,2,0,0,0,40,2,38,2,0,0,0
9077,101,dublin,KING STREET NORTH,King Street North,False,False,OPEN,2024-12-30 08:48:30,True,False,,,53.350291,-6.273507,30,4,26,2,2,0,2,30,4,26,2,2,0,2
9078,115,dublin,KILLARNEY STREET,Killarney Street,False,False,OPEN,2024-12-30 08:52:39,True,False,,,53.354845,-6.247579,30,22,8,9,13,0,13,30,22,8,9,13,0,13
9079,47,dublin,HERBERT STREET,Herbert Street,False,False,OPEN,2024-12-30 08:50:29,True,False,,,53.335742,-6.24551,40,2,38,2,0,0,0,40,2,38,2,0,0,0
9080,117,dublin,HANOVER QUAY EAST,Hanover Quay East,False,False,OPEN,2024-12-30 08:49:12,True,False,,,53.343653,-6.231755,40,7,33,5,2,0,2,40,7,33,5,2,0,2
9081,8,dublin,CUSTOM HOUSE QUAY,Custom House Quay,False,False,OPEN,2024-12-30 08:50:54,True,False,,,53.347884,-6.248048,30,18,12,13,5,0,5,30,18,12,13,5,0,5
9082,27,dublin,MOLESWORTH STREET,Molesworth Street,False,False,OPEN,2024-12-30 08:51:22,True,False,,,53.341288,-6.258117,20,12,8,4,8,0,8,20,12,8,4,8,0,8
9083,16,dublin,GEORGES QUAY,Georges Quay,False,False,OPEN,2024-12-30 08:54:20,True,False,,,53.347508,-6.252192,20,4,16,2,2,0,2,20,4,16,2,2,0,2
9084,96,dublin,KILMAINHAM LANE,Kilmainham Lane,False,False,OPEN,2024-12-30 08:51:57,True,False,,,53.341805,-6.305085,30,18,12,15,3,0,3,30,18,12,15,3,0,3
9085,82,dublin,MOUNT BROWN,Mount Brown,False,False,OPEN,2024-12-30 08:49:45,True,False,,,53.341645,-6.29719,22,4,18,0,4,0,4,22,4,18,0,4,0,4
9086,76,dublin,MARKET STREET SOUTH,Market Street South,False,False,OPEN,2024-12-30 08:49:16,True,False,,,53.342296,-6.287661,38,4,34,2,2,0,2,38,4,34,2,2,0,2
9087,71,dublin,KEVIN STREET,Kevin Street,False,False,OPEN,2024-12-30 08:53:56,True,False,,,53.337757,-6.267699,40,29,11,22,7,0,7,40,29,11,22,7,0,7
9088,79,dublin,ECCLES STREET EAST,Eccles Street East,False,False,OPEN,2024-12-30 08:51:29,True,False,,,53.358115,-6.265601,27,6,21,5,1,0,1,27,6,21,5,1,0,1
9089,69,dublin,GRAND CANAL DOCK,Grand Canal Dock,False,False,OPEN,2024-12-30 08:53:34,True,False,,,53.342638,-6.238695,40,39,1,25,14,0,14,40,39,1,25,14,0,14
9090,25,dublin,MERRION SQUARE EAST,Merrion Square East,False,False,OPEN,2024-12-30 08:52:29,True,False,,,53.339434,-6.246548,30,4,26,1,3,0,3,30,4,26,1,3,0,3
9091,51,dublin,YORK STREET WEST,York Street West,False,False,OPEN,2024-12-30 08:49:24,True,False,,,53.339334,-6.264699,40,0,0,0,0,0,0,40,0,0,0,0,0,0
9092,37,dublin,ST. STEPHEN'S GREEN SOUTH,St. Stephen's Green South,False,False,OPEN,2024-12-30 08:54:00,True,False,,,53.337494,-6.26199,30,21,9,10,11,0,11,30,21,9,10,11,0,11
9093,59,dublin,DENMARK STREET GREAT,Denmark Street Great,False,False,OPEN,2024-12-30 08:45:16,True,False,,,53.35561,-6.261397,20,0,20,0,0,0,0,20,0,20,0,0,0,0
9094,95,dublin,ROYAL HOSPITAL,Royal Hospital,False,False,OPEN,2024-12-30 08:54:31,True,False,,,53.343897,-6.29706,40,8,32,1,7,0,7,40,8,32,1,7,0,7
9095,94,dublin,HEUSTON STATION (CAR PARK),Heuston Station (Car Park),False,False,OPEN,2024-12-30 08:52:26,True,False,,,53.346985,-6.297804,40,8,32,8,0,0,0,40,8,32,8,0,0,0
9096,105,dublin,GRANGEGORMAN LOWER (NORTH),Grangegorman Lower (North),False,False,OPEN,2024-12-30 08:52:39,True,False,,,53.355954,-6.278378,36,11,25,7,4,0,4,36,11,25,7,4,0,4
9097,36,dublin,ST. STEPHEN'S GREEN EAST,St. Stephen's Green East,False,False,OPEN,2024-12-30 08:49:05,True,False,,,53.337824,-6.256035,40,13,27,8,5,0,5,40,13,27,8,5,0,5
9098,93,dublin,HEUSTON STATION (CENTRAL),Heuston Station (Central),False,False,OPEN,2024-12-30 08:51:32,True,False,,,53.346603,-6.296924,40,10,30,10,0,0,0,40,10,30,10,0,0,0
9099,22,dublin,TOWNSEND STREET,Townsend Street,False,False,OPEN,2024-12-30 08:54:25,True,False,,,53.345922,-6.254614,20,2,18,1,1,0,1,20,2,18,1,1,0,1
9100,50,dublin,GEORGES LANE,George's Lane,False,False,OPEN,2024-12-30 08:51:50,True,False,,,53.35023,-6.279696,40,5,35,3,2,0,2,40,5,35,3,2,0,2
9101,110,dublin,PHIBSBOROUGH ROAD,Phibsborough Road,False,False,OPEN,2024-12-30 08:52:05,True,False,,,53.356307,-6.273717,40,19,21,10,9,0,9,40,19,21,10,9,0,9
9102,12,dublin,ECCLES STREET,Eccles Street,False,False,OPEN,2024-12-30 08:52:56,True,False,,,53.359246,-6.269779,20,6,14,6,0,0,0,20,6,14,6,0,0,0
9103,34,dublin,PORTOBELLO HARBOUR,Portobello Harbour,False,False,OPEN,2024-12-30 08:51:16,True,False,,,53.330362,-6.265163,30,21,9,21,0,0,0,30,21,9,21,0,0,0
9104,78,dublin,MATER HOSPITAL,Mater Hospital,False,False,OPEN,2024-12-30 08:52:13,True,False,,,53.359967,-6.264828,40,20,20,16,4,0,4,40,20,20,16,4,0,4
9105,2,dublin,BLESSINGTON STREET,Blessington Street,False,False,OPEN,2024-12-30 08:48:46,True,False,,,53.356769,-6.26814,20,0,20,0,0,0,0,20,0,20,0,0,0,0
9106,75,dublin,JAMES STREET,James Street,False,False,OPEN,2024-12-30 08:52:26,True,False,,,53.343456,-6.287409,40,14,26,8,6,0,6,40,14,26,8,6,0,6
9107,111,dublin,MOUNTJOY SQUARE EAST,Mountjoy Square East,False,False,OPEN,2024-12-30 08:48:39,True,False,,,53.356717,-6.256359,40,2,38,0,2,0,2,40,2,38,0,2,0,2
9108,26,dublin,MERRION SQUARE WEST,Merrion Square West,False,False,OPEN,2024-12-30 08:48:59,True,False,,,53.339764,-6.251988,20,15,5,5,10,0,10,20,15,5,5,10,0,10
9109,65,dublin,CONVENTION CENTRE,Convention Centre,False,False,OPEN,2024-12-30 08:52:24,True,False,,,53.34744,-6.238523,40,5,35,3,2,0,2,40,5,35,3,2,0,2
9110,15,dublin,HARDWICKE STREET,Hardwicke Street,False,False,OPEN,2024-12-30 08:52:34,True,False,,,53.355473,-6.264423,16,0,16,0,0,0,0,16,0,16,0,0,0,0
9111,86,dublin,PARKGATE STREET,Parkgate Street,False,False,OPEN,2024-12-30 08:47:57,True,False,,,53.347972,-6.291804,38,18,20,3,15,0,15,38,18,20,3,15,0,15
9112,35,dublin,SMITHFIELD,Smithfield,False,False,OPEN,2024-12-30 08:52:21,True,False,,,53.347692,-6.278214,30,26,4,14,12,0,12,30,26,4,14,12,0,12
9113,10,dublin,DAME STREET,Dame Street,False,False,OPEN,2024-12-30 08:51:52,True,False,,,53.344007,-6.266802,16,15,1,13,2,0,2,16,15,1,13,2,0,2
9114,100,dublin,HEUSTON BRIDGE (SOUTH),Heuston Bridge (South),False,False,OPEN,2024-12-30 08:45:10,True,False,,,53.347106,-6.292041,25,9,16,6,3,0,3,25,9,16,6,3,0,3
9115,24,dublin,CATHAL BRUGHA STREET,Cathal Brugha Street,False,False,OPEN,2024-12-30 08:52:21,True,False,,,53.352149,-6.260533,20,1,19,1,0,0,0,20,1,19,1,0,0,0
9116,64,dublin,SANDWITH STREET,Sandwith Street,False,False,OPEN,2024-12-30 08:52:19,True,False,,,53.345203,-6.247163,40,7,33,6,1,0,1,40,7,33,6,1,0,1
9117,109,dublin,BUCKINGHAM STREET LOWER,Buckingham Street Lower,False,False,OPEN,2024-12-30 08:53:01,True,False,,,53.353331,-6.249319,29,4,25,2,2,0,2,29,4,25,2,2,0,2
9118,85,dublin,ROTHE ABBEY,Rothe Abbey,False,False,OPEN,2024-12-30 08:52:43,True,False,,,53.338776,-6.30395,35,17,18,5,12,0,12,35,17,18,5,12,0,12
9119,107,dublin,CHARLEVILLE ROAD,Charleville Road,False,False,OPEN,2024-12-30 08:50:58,True,False,,,53.359157,-6.281866,40,18,22,12,6,0,6,40,18,22,12,6,0,6
9120,33,dublin,PRINCES STREET / O'CONNELL STREET,Princes Street / O'Connell Street,False,False,OPEN,2024-12-30 08:52:46,True,False,,,53.349013,-6.260311,23,13,10,10,3,0,3,23,13,10,10,3,0,3
9121,44,dublin,UPPER SHERRARD STREET,Upper Sherrard Street,False,False,OPEN,2024-12-30 08:53:42,True,False,,,53.358437,-6.260641,30,2,28,1,1,0,1,30,2,28,1,1,0,1
9122,89,dublin,FITZWILLIAM SQUARE EAST,Fitzwilliam Square East,False,False,OPEN,2024-12-30 08:53:49,True,False,,,53.335211,-6.2509,40,19,21,11,8,0,8,40,19,21,11,8,0,8
9123,57,dublin,GRATTAN STREET,Grattan Street,False,False,OPEN,2024-12-30 08:48:34,True,False,,,53.339629,-6.243778,23,5,18,4,1,0,1,23,5,18,4,1,0,1
9124,80,dublin,ST JAMES HOSPITAL (LUAS),St James Hospital (Luas),False,False,OPEN,2024-12-30 08:53:34,True,False,,,53.341359,-6.292951,40,14,26,5,9,0,9,40,14,26,5,9,0,9
9125,41,dublin,HARCOURT TERRACE,Harcourt Terrace,False,False,OPEN,2024-12-30 08:50:30,True,False,,,53.332763,-6.257942,20,16,4,9,7,0,7,20,16,4,9,7,0,7
9126,3,dublin,BOLTON STREET,Bolton Street,False,False,OPEN,2024-12-30 08:50:54,True,False,,,53.351182,-6.269859,20,5,15,4,1,0,1,20,5,15,4,1,0,1
9127,40,dublin,JERVIS STREET,Jervis Street,False,False,OPEN,2024-12-30 08:52:43,True,False,,,53.3483,-6.266651,21,15,6,5,10,0,10,21,15,6,5,10,0,10
9128,29,dublin,ORMOND QUAY UPPER,Ormond Quay Upper,False,False,OPEN,2024-12-30 08:46:58,True,False,,,53.346057,-6.268001,29,8,21,5,3,0,3,29,8,21,5,3,0,3
9129,103,dublin,GRANGEGORMAN LOWER (SOUTH),Grangegorman Lower (South),False,False,OPEN,2024-12-30 08:50:19,True,False,,,53.354663,-6.278681,40,4,36,3,1,0,1,40,4,36,3,1,0,1
9130,28,dublin,MOUNTJOY SQUARE WEST,Mountjoy Square West,False,False,OPEN,2024-12-30 08:50:00,True,False,,,53.356299,-6.258586,30,9,21,2,7,0,7,30,9,21,2,7,0,7
9131,39,dublin,WILTON TERRACE,Wilton Terrace,False,False,OPEN,2024-12-30 08:53:34,True,False,,,53.332383,-6.252717,20,5,15,2,3,0,3,20,5,15,2,3,0,3
9132,83,dublin,EMMET ROAD,Emmet Road,False,False,OPEN,2024-12-30 08:50:30,True,False,,,53.340714,-6.308191,40,18,22,11,7,0,7,40,18,22,11,7,0,7
9133,92,dublin,HEUSTON BRIDGE (NORTH),Heuston Bridge (North),False,False,OPEN,2024-12-30 08:49:10,True,False,,,53.347802,-6.292432,40,25,15,16,9,0,9,40,25,15,16,9,0,9
9134,21,dublin,LEINSTER STREET SOUTH,Leinster Street South,False,False,OPEN,2024-12-30 08:52:28,True,False,,,53.34218,-6.254485,30,3,27,3,0,0,0,30,3,27,3,0,0,0
9135,88,dublin,BLACKHALL PLACE,Blackhall Place,False,False,OPEN,2024-12-30 08:51:03,True,False,,,53.3488,-6.281637,30,5,25,4,1,0,1,30,5,25,4,1,0,1
9136,42,dublin,SMITHFIELD NORTH,Smithfield North,False,False,OPEN,2024-12-30 09:23:14,True,False,,,53.349562,-6.278198,30,15,15,10,5,0,5,30,15,15,10,5,0,5
9137,30,dublin,PARNELL SQUARE NORTH,Parnell Square North,False,False,OPEN,2024-12-30 09:21:11,True,False,,,53.3537415547453,-6.26530144781526,20,2,18,1,1,0,1,20,2,18,1,1,0,1
9138,54,dublin,CLONMEL STREET,Clonmel Street,False,False,OPEN,2024-12-30 09:23:42,True,False,,,53.336021,-6.26298,33,18,15,9,9,0,9,33,18,15,9,9,0,9
9139,108,dublin,AVONDALE ROAD,Avondale Road,False,False,OPEN,2024-12-30 09:21:04,True,False,,,53.359405,-6.276142,35,8,27,3,5,0,5,35,8,27,3,5,0,5
9140,20,dublin,JAMES STREET EAST,James Street East,False,False,OPEN,2024-12-30 09:22:57,True,False,,,53.336597,-6.248109,30,1,29,0,1,0,1,30,1,29,0,1,0,1
9141,56,dublin,MOUNT STREET LOWER,Mount Street Lower,False,False,OPEN,2024-12-30 09:22:46,True,False,,,53.33796,-6.24153,40,26,14,17,9,0,9,40,26,14,17,9,0,9
9142,6,dublin,CHRISTCHURCH PLACE,Christchurch Place,False,False,OPEN,2024-12-30 09:23:18,True,False,,,53.343368,-6.27012,20,6,14,2,4,0,4,20,6,14,2,4,0,4
9143,18,dublin,GRANTHAM STREET,Grantham Street,False,False,OPEN,2024-12-30 09:20:10,True,False,,,53.334123,-6.265436,30,0,30,0,0,0,0,30,0,30,0,0,0,0
9144,32,dublin,PEARSE STREET,Pearse Street,False,False,OPEN,2024-12-30 09:19:17,True,False,,,53.344304,-6.250427,30,22,8,18,4,0,4,30,22,8,18,4,0,4
9145,52,dublin,YORK STREET EAST,York Street East,False,False,OPEN,2024-12-30 09:19:02,True,False,,,53.338755,-6.262003,32,22,10,12,10,0,10,32,22,10,12,10,0,10
9146,48,dublin,EXCISE WALK,Excise Walk,False,False,OPEN,2024-12-30 09:20:58,True,False,,,53.347777,-6.244239,40,6,34,4,2,0,2,40,6,34,4,2,0,2
9147,13,dublin,FITZWILLIAM SQUARE WEST,Fitzwilliam Square West,False,False,OPEN,2024-12-30 09:23:38,True,False,,,53.336074,-6.252825,30,22,8,9,13,0,13,30,22,8,9,13,0,13
9148,43,dublin,PORTOBELLO ROAD,Portobello Road,False,False,OPEN,2024-12-30 09:18:48,True,False,,,53.330091,-6.268044,30,19,11,11,8,0,8,30,19,11,11,8,0,8
9149,31,dublin,PARNELL STREET,Parnell Street,False,False,OPEN,2024-12-30 09:24:07,True,False,,,53.350929,-6.265125,20,10,10,6,4,0,4,20,10,10,6,4,0,4
9150,98,dublin,FREDERICK STREET SOUTH,Frederick Street South,False,False,OPEN,2024-12-30 09:20:20,True,False,,,53.341515,-6.256853,40,18,22,15,3,0,3,40,18,22,15,3,0,3
9151,14,dublin,FOWNES STREET UPPER,Fownes Street Upper,False,False,OPEN,2024-12-30 09:24:05,True,False,,,53.344603,-6.263371,30,13,17,7,6,0,6,30,13,17,7,6,0,6
9152,1,dublin,CLARENDON ROW,Clarendon Row,False,False,OPEN,2024-12-30 09:18:46,True,False,,,53.340927,-6.262501,31,13,18,5,8,0,8,31,13,18,5,8,0,8
9153,23,dublin,CUSTOM HOUSE,Custom House,False,False,OPEN,2024-12-30 09:22:28,True,False,,,53.348279,-6.254662,30,2,28,1,1,0,1,30,2,28,1,1,0,1
9154,106,dublin,RATHDOWN ROAD,Rathdown Road,False,False,OPEN,2024-12-30 09:19:09,True,False,,,53.35893,-6.280337,40,16,24,11,5,0,5,40,16,24,11,5,0,5
9155,112,dublin,NORTH CIRCULAR ROAD (O'CONNELL'S),North Circular Road (O'Connell's),False,False,OPEN,2024-12-30 09:20:26,True,False,,,53.357841,-6.251557,30,13,17,6,7,0,7,30,13,17,6,7,0,7
9156,68,dublin,HANOVER QUAY,Hanover Quay,False,False,OPEN,2024-12-30 09:20:23,True,False,,,53.344115,-6.237153,40,37,3,23,14,0,14,40,37,3,23,14,0,14
9157,74,dublin,OLIVER BOND STREET,Oliver Bond Street,False,False,OPEN,2024-12-30 09:22:50,True,False,,,53.343893,-6.280531,30,15,15,8,7,0,7,30,15,15,8,7,0,7
9158,87,dublin,COLLINS BARRACKS MUSEUM,Collins Barracks Museum,False,False,OPEN,2024-12-30 09:20:46,True,False,,,53.347477,-6.28525,38,26,12,12,14,0,14,38,26,12,12,14,0,14
9159,84,dublin,BROOKFIELD ROAD,Brookfield Road,False,False,OPEN,2024-12-30 09:20:57,True,False,,,53.339005,-6.300217,30,16,14,9,7,0,7,30,16,14,9,7,0,7
9160,90,dublin,BENSON STREET,Benson Street,False,False,OPEN,2024-12-30 09:22:24,True,False,,,53.344153,-6.233451,40,12,28,11,1,0,1,40,12,28,11,1,0,1
9161,11,dublin,EARLSFORT TERRACE,Earlsfort Terrace,False,False,OPEN,2024-12-30 09:18:57,True,False,,,53.334295,-6.258503,30,19,11,15,4,0,4,30,19,11,15,4,0,4
9162,17,dublin,GOLDEN LANE,Golden Lane,False,False,OPEN,2024-12-30 09:16:02,True,False,,,53.340803,-6.267732,20,3,17,1,2,0,2,20,3,17,1,2,0,2
9163,45,dublin,DEVERELL PLACE,Deverell Place,False,False,OPEN,2024-12-30 09:23:11,True,False,,,53.351464,-6.255265,30,3,27,3,0,0,0,30,3,27,3,0,0,0
9164,114,dublin,WILTON TERRACE (PARK),Wilton Terrace (Park),False,False,OPEN,2024-12-30 09:22:10,True,False,,,53.333653,-6.248345,40,5,35,4,1,0,1,40,5,35,4,1,0,1
9165,72,dublin,JOHN STREET WEST,John Street West,False,False,OPEN,2024-12-30 09:21:36,True,False,,,53.343105,-6.277167,31,1,30,0,1,0,1,31,1,30,0,1,0,1
9166,63,dublin,FENIAN STREET,Fenian Street,False,False,OPEN,2024-12-30 09:21:47,True,False,,,53.341428,-6.24672,35,13,22,6,7,0,7,35,13,22,6,7,0,7
9167,113,dublin,MERRION SQUARE SOUTH,Merrion Square South,False,False,OPEN,2024-12-30 09:20:58,True,False,,,53.338614,-6.248606,40,6,23,3,3,0,3,40,6,23,3,3,0,3
9168,91,dublin,SOUTH DOCK ROAD,South Dock Road,False,False,OPEN,2024-12-30 09:18:59,True,False,,,53.341833,-6.231291,30,16,14,10,6,0,6,30,16,14,10,6,0,6
9169,99,dublin,CITY QUAY,City Quay,False,False,OPEN,2024-12-30 09:23:09,True,False,,,53.346637,-6.246154,30,20,10,7,13,0,13,30,20,10,7,13,0,13
9170,9,dublin,EXCHEQUER STREET,Exchequer Street,False,False,OPEN,2024-12-30 09:21:44,True,False,,,53.343034,-6.263578,24,2,22,1,1,0,1,24,2,22,1,1,0,1
9171,67,dublin,THE POINT,The Point,False,False,OPEN,2024-12-30 09:24:31,True,False,,,53.346867,-6.230852,40,23,17,13,10,0,10,40,23,17,13,10,0,10
9172,116,dublin,BROADSTONE,Broadstone,False,False,OPEN,2024-12-30 09:21:58,True,False,,,53.3547,-6.272314,30,10,20,1,9,0,9,30,10,20,1,9,0,9
9173,55,dublin,HATCH STREET,Hatch Street,False,False,OPEN,2024-12-30 09:22:43,True,False,,,53.33403,-6.260714,36,10,26,6,4,0,4,36,10,26,6,4,0,4
9174,62,dublin,LIME STREET,Lime Street,False,False,OPEN,2024-12-30 09:20:00,True,False,,,53.346026,-6.243576,40,16,24,8,8,0,8,40,16,24,8,8,0,8
9175,5,dublin,CHARLEMONT PLACE,Charlemont Street,False,False,OPEN,2024-12-30 09:16:03,True,False,,,53.330662,-6.260177,40,37,3,31,6,0,6,40,37,3,31,6,0,6
9176,97,dublin,KILMAINHAM GAOL,Kilmainham Gaol,False,False,OPEN,2024-12-30 09:20:07,True,False,,,53.342113,-6.310015,40,13,27,1,12,0,12,40,13,27,1,12,0,12
9177,61,dublin,HARDWICKE PLACE,Hardwicke Place,False,False,OPEN,2024-12-30 09:18:24,True,False,,,53.357043,-6.263232,25,0,25,0,0,0,0,25,0,25,0,0,0,0
9178,77,dublin,WOLFE TONE STREET,Wolfe Tone Street,False,False,OPEN,2024-12-30 09:19:38,True,False,,,53.348875,-6.267459,29,24,5,5,19,0,19,29,24,5,5,19,0,19
9179,73,dublin,FRANCIS STREET,Francis Street,False,False,OPEN,2024-12-30 09:21:10,True,False,,,53.342081,-6.275233,30,7,23,3,4,0,4,30,7,23,3,4,0,4
9180,4,dublin,GREEK STREET,Greek Street,False,False,OPEN,2024-12-30 09:21:05,True,False,,,53.346874,-6.272976,20,16,4,5,11,0,11,20,16,4,5,11,0,11
9181,49,dublin,GUILD STREET,Guild Street,False,False,OPEN,2024-12-30 09:22:54,True,False,,,53.347932,-6.240928,40,26,14,16,10,0,10,40,26,14,16,10,0,10
9182,19,dublin,HERBERT PLACE,Herbert Place,False,False,OPEN,2024-12-30 09:21:41,True,False,,,53.334432,-6.245575,30,7,23,4,3,0,3,30,7,23,4,3,0,3
9183,7,dublin,HIGH STREET,High Street,False,False,OPEN,2024-12-30 09:19:32,True,False,,,53.343565,-6.275071,29,10,19,4,6,0,6,29,10,19,4,6,0,6
9184,60,dublin,NORTH CIRCULAR ROAD,North Circular Road,False,False,OPEN,2024-12-30 09:19:14,True,False,,,53.359624,-6.260348,30,3,27,0,3,0,3,30,3,27,0,3,0,3
9185,102,dublin,WESTERN WAY,Western Way,False,False,OPEN,2024-12-30 09:20:10,True,False,,,53.354929,-6.269425,40,17,23,15,2,0,2,40,17,23,15,2,0,2
9186,38,dublin,TALBOT STREET,Talbot Street,False,False,OPEN,2024-12-30 09:21:29,True,False,,,53.350974,-6.25294,40,27,13,21,6,0,6,40,27,13,21,6,0,6
9187,53,dublin,NEWMAN HOUSE,Newman House,False,False,OPEN,2024-12-30 09:20:41,True,False,,,53.337132,-6.26059,40,16,24,14,2,0,2,40,16,24,14,2,0,2
9188,58,dublin,SIR PATRICK DUN'S,Sir Patrick's Dun,False,False,OPEN,2024-12-30 09:21:26,True,False,,,53.339218,-6.240642,40,26,14,25,1,0,1,40,26,14,25,1,0,1
9189,66,dublin,NEW CENTRAL BANK,New Central Bank,False,False,OPEN,2024-12-30 09:19:16,True,False,,,53.347122,-6.234749,40,4,36,1,3,0,3,40,4,36,1,3,0,3
9190,104,dublin,GRANGEGORMAN LOWER (CENTRAL),Grangegorman Lower (Central),False,False,OPEN,2024-12-30 09:23:55,True,False,,,53.355173,-6.278424,40,20,20,11,9,0,9,40,20,20,11,9,0,9
9191,101,dublin,KING STREET NORTH,King Street North,False,False,OPEN,2024-12-30 09:18:45,True,False,,,53.350291,-6.273507,30,3,27,1,2,0,2,30,3,27,1,2,0,2
9192,115,dublin,KILLARNEY STREET,Killarney Street,False,False,OPEN,2024-12-30 09:22:53,True,False,,,53.354845,-6.247579,30,23,7,9,14,0,14,30,23,7,9,14,0,14
9193,47,dublin,HERBERT STREET,Herbert Street,False,False,OPEN,2024-12-30 09:20:49,True,False,,,53.335742,-6.24551,40,2,38,2,0,0,0,40,2,38,2,0,0,0
9194,117,dublin,HANOVER QUAY EAST,Hanover Quay East,False,False,OPEN,2024-12-30 09:19:24,True,False,,,53.343653,-6.231755,40,9,31,7,2,0,2,40,9,31,7,2,0,2
9195,8,dublin,CUSTOM HOUSE QUAY,Custom House Quay,False,False,OPEN,2024-12-30 09:20:11,True,False,,,53.347884,-6.248048,30,16,14,12,4,0,4,30,16,14,12,4,0,4
9196,27,dublin,MOLESWORTH STREET,Molesworth Street,False,False,OPEN,2024-12-30 09:21:33,True,False,,,53.341288,-6.258117,20,13,7,4,9,0,9,20,13,7,4,9,0,9
9197,16,dublin,GEORGES QUAY,Georges Quay,False,False,OPEN,2024-12-30 09:18:06,True,False,,,53.347508,-6.252192,20,4,16,2,2,0,2,20,4,16,2,2,0,2
9198,96,dublin,KILMAINHAM LANE,Kilmainham Lane,False,False,OPEN,2024-12-30 09:22:09,True,False,,,53.341805,-6.305085,30,18,12,15,3,0,3,30,18,12,15,3,0,3
9199,82,dublin,MOUNT BROWN,Mount Brown,False,False,OPEN,2024-12-30 09:19:58,True,False,,,53.341645,-6.29719,22,5,17,1,4,0,4,22,5,17,1,4,0,4
9200,76,dublin,MARKET STREET SOUTH,Market Street South,False,False,OPEN,2024-12-30 09:19:25,True,False,,,53.342296,-6.287661,38,3,35,2,1,0,1,38,3,35,2,1,0,1
9201,71,dublin,KEVIN STREET,Kevin Street,False,False,OPEN,2024-12-30 09:21:38,True,False,,,53.337757,-6.267699,40,29,11,22,7,0,7,40,29,11,22,7,0,7
9202,79,dublin,ECCLES STREET EAST,Eccles Street East,False,False,OPEN,2024-12-30 09:21:45,True,False,,,53.358115,-6.265601,27,6,21,5,1,0,1,27,6,21,5,1,0,1
9203,69,dublin,GRAND CANAL DOCK,Grand Canal Dock,False,False,OPEN,2024-12-30 09:22:30,True,False,,,53.342638,-6.238695,40,40,0,27,13,0,13,40,40,0,27,13,0,13
9204,25,dublin,MERRION SQUARE EAST,Merrion Square East,False,False,OPEN,2024-12-30 09:22:46,True,False,,,53.339434,-6.246548,30,5,25,1,4,0,4,30,5,25,1,4,0,4
9205,51,dublin,YORK STREET WEST,York Street West,False,False,OPEN,2024-12-30 09:19:40,True,False,,,53.339334,-6.264699,40,0,0,0,0,0,0,40,0,0,0,0,0,0
9206,37,dublin,ST. STEPHEN'S GREEN SOUTH,St. Stephen's Green South,False,False,OPEN,2024-12-30 09:19:29,True,False,,,53.337494,-6.26199,30,22,8,11,11,0,11,30,22,8,11,11,0,11
9207,59,dublin,DENMARK STREET GREAT,Denmark Street Great,False,False,OPEN,2024-12-30 09:15:28,True,False,,,53.35561,-6.261397,20,0,20,0,0,0,0,20,0,20,0,0,0,0
9208,95,dublin,ROYAL HOSPITAL,Royal Hospital,False,False,OPEN,2024-12-30 09:22:47,True,False,,,53.343897,-6.29706,40,8,32,1,7,0,7,40,8,32,1,7,0,7
9209,94,dublin,HEUSTON STATION (CAR PARK),Heuston Station (Car Park),False,False,OPEN,2024-12-30 09:22:42,True,False,,,53.346985,-6.297804,40,8,32,8,0,0,0,40,8,32,8,0,0,0
9210,105,dublin,GRANGEGORMAN LOWER (NORTH),Grangegorman Lower (North),False,False,OPEN,2024-12-30 09:22:51,True,False,,,53.355954,-6.278378,36,11,25,7,4,0,4,36,11,25,7,4,0,4
9211,36,dublin,ST. STEPHEN'S GREEN EAST,St. Stephen's Green East,False,False,OPEN,2024-12-30 09:19:19,True,False,,,53.337824,-6.256035,40,14,26,9,5,0,5,40,14,26,9,5,0,5
9212,93,dublin,HEUSTON STATION (CENTRAL),Heuston Station (Central),False,False,OPEN,2024-12-30 09:21:50,True,False,,,53.346603,-6.296924,40,8,32,8,0,0,0,40,8,32,8,0,0,0
9213,22,dublin,TOWNSEND STREET,Townsend Street,False,False,OPEN,2024-12-30 09:20:50,True,False,,,53.345922,-6.254614,20,4,16,1,3,0,3,20,4,16,1,3,0,3
9214,50,dublin,GEORGES LANE,George's Lane,False,False,OPEN,2024-12-30 09:22:46,True,False,,,53.35023,-6.279696,40,2,38,0,2,0,2,40,2,38,0,2,0,2
9215,110,dublin,PHIBSBOROUGH ROAD,Phibsborough Road,False,False,OPEN,2024-12-30 09:22:17,True,False,,,53.356307,-6.273717,40,18,22,9,9,0,9,40,18,22,9,9,0,9
9216,12,dublin,ECCLES STREET,Eccles Street,False,False,OPEN,2024-12-30 09:19:45,True,False,,,53.359246,-6.269779,20,5,15,5,0,0,0,20,5,15,5,0,0,0
9217,34,dublin,PORTOBELLO HARBOUR,Portobello Harbour,False,False,OPEN,2024-12-30 09:21:33,True,False,,,53.330362,-6.265163,30,21,9,21,0,0,0,30,21,9,21,0,0,0
9218,78,dublin,MATER HOSPITAL,Mater Hospital,False,False,OPEN,2024-12-30 09:22:25,True,False,,,53.359967,-6.264828,40,21,19,16,5,0,5,40,21,19,16,5,0,5
9219,2,dublin,BLESSINGTON STREET,Blessington Street,False,False,OPEN,2024-12-30 09:19:00,True,False,,,53.356769,-6.26814,20,1,19,1,0,0,0,20,1,19,1,0,0,0
9220,75,dublin,JAMES STREET,James Street,False,False,OPEN,2024-12-30 09:22:45,True,False,,,53.343456,-6.287409,40,11,29,7,4,0,4,40,11,29,7,4,0,4
9221,111,dublin,MOUNTJOY SQUARE EAST,Mountjoy Square East,False,False,OPEN,2024-12-30 09:18:03,True,False,,,53.356717,-6.256359,40,1,39,0,1,0,1,40,1,39,0,1,0,1
9222,26,dublin,MERRION SQUARE WEST,Merrion Square West,False,False,OPEN,2024-12-30 09:19:16,True,False,,,53.339764,-6.251988,20,14,6,4,10,0,10,20,14,6,4,10,0,10
9223,65,dublin,CONVENTION CENTRE,Convention Centre,False,False,OPEN,2024-12-30 09:22:37,True,False,,,53.34744,-6.238523,40,6,34,4,2,0,2,40,6,34,4,2,0,2
9224,15,dublin,HARDWICKE STREET,Hardwicke Street,False,False,OPEN,2024-12-30 09:22:44,True,False,,,53.355473,-6.264423,16,0,16,0,0,0,0,16,0,16,0,0,0,0
9225,86,dublin,PARKGATE STREET,Parkgate Street,False,False,OPEN,2024-12-30 09:18:09,True,False,,,53.347972,-6.291804,38,18,20,3,15,0,15,38,18,20,3,15,0,15
9226,35,dublin,SMITHFIELD,Smithfield,False,False,OPEN,2024-12-30 09:22:37,True,False,,,53.347692,-6.278214,30,26,4,13,13,0,13,30,26,4,13,13,0,13
9227,10,dublin,DAME STREET,Dame Street,False,False,OPEN,2024-12-30 09:22:05,True,False,,,53.344007,-6.266802,16,16,0,13,3,0,3,16,16,0,13,3,0,3
9228,100,dublin,HEUSTON BRIDGE (SOUTH),Heuston Bridge (South),False,False,OPEN,2024-12-30 09:20:31,True,False,,,53.347106,-6.292041,25,9,16,7,2,0,2,25,9,16,7,2,0,2
9229,24,dublin,CATHAL BRUGHA STREET,Cathal Brugha Street,False,False,OPEN,2024-12-30 09:22:37,True,False,,,53.352149,-6.260533,20,1,19,1,0,0,0,20,1,19,1,0,0,0
9230,64,dublin,SANDWITH STREET,Sandwith Street,False,False,OPEN,2024-12-30 09:22:36,True,False,,,53.345203,-6.247163,40,8,32,7,1,0,1,40,8,32,7,1,0,1
9231,109,dublin,BUCKINGHAM STREET LOWER,Buckingham Street Lower,False,False,OPEN,2024-12-30 09:21:33,True,False,,,53.353331,-6.249319,29,4,25,2,2,0,2,29,4,25,2,2,0,2
9232,85,dublin,ROTHE ABBEY,Rothe Abbey,False,False,OPEN,2024-12-30 09:22:55,True,False,,,53.338776,-6.30395,35,17,18,5,12,0,12,35,17,18,5,12,0,12
9233,107,dublin,CHARLEVILLE ROAD,Charleville Road,False,False,OPEN,2024-12-30 09:21:14,True,False,,,53.359157,-6.281866,40,18,22,12,6,0,6,40,18,22,12,6,0,6
9234,33,dublin,PRINCES STREET / O'CONNELL STREET,Princes Street / O'Connell Street,False,False,OPEN,2024-12-30 09:20:46,True,False,,,53.349013,-6.260311,23,15,8,11,4,0,4,23,15,8,11,4,0,4
9235,44,dublin,UPPER SHERRARD STREET,Upper Sherrard Street,False,False,OPEN,2024-12-30 09:22:17,True,False,,,53.358437,-6.260641,30,2,28,1,1,0,1,30,2,28,1,1,0,1
9236,89,dublin,FITZWILLIAM SQUARE EAST,Fitzwilliam Square East,False,False,OPEN,2024-12-30 09:21:46,True,False,,,53.335211,-6.2509,40,19,21,11,8,0,8,40,19,21,11,8,0,8
9237,57,dublin,GRATTAN STREET,Grattan Street,False,False,OPEN,2024-12-30 09:18:44,True,False,,,53.339629,-6.243778,23,5,18,4,1,0,1,23,5,18,4,1,0,1
9238,80,dublin,ST JAMES HOSPITAL (LUAS),St James Hospital (Luas),False,False,OPEN,2024-12-30 09:23:51,True,False,,,53.341359,-6.292951,40,13,27,5,8,0,8,40,13,27,5,8,0,8
9239,41,dublin,HARCOURT TERRACE,Harcourt Terrace,False,False,OPEN,2024-12-30 09:18:41,True,False,,,53.332763,-6.257942,20,16,4,9,7,0,7,20,16,4,9,7,0,7
9240,3,dublin,BOLTON STREET,Bolton Street,False,False,OPEN,2024-12-30 09:21:07,True,False,,,53.351182,-6.269859,20,4,16,3,1,0,1,20,4,16,3,1,0,1
9241,40,dublin,JERVIS STREET,Jervis Street,False,False,OPEN,2024-12-30 09:22:58,True,False,,,53.3483,-6.266651,21,14,7,4,10,0,10,21,14,7,4,10,0,10
9242,29,dublin,ORMOND QUAY UPPER,Ormond Quay Upper,False,False,OPEN,2024-12-30 09:15:11,True,False,,,53.346057,-6.268001,29,7,22,5,2,0,2,29,7,22,5,2,0,2
9243,103,dublin,GRANGEGORMAN LOWER (SOUTH),Grangegorman Lower (South),False,False,OPEN,2024-12-30 09:20:31,True,False,,,53.354663,-6.278681,40,4,36,3,1,0,1,40,4,36,3,1,0,1
9244,28,dublin,MOUNTJOY SQUARE WEST,Mountjoy Square West,False,False,OPEN,2024-12-30 09:24:27,True,False,,,53.356299,-6.258586,30,9,21,1,8,0,8,30,9,21,1,8,0,8
9245,39,dublin,WILTON TERRACE,Wilton Terrace,False,False,OPEN,2024-12-30 09:21:47,True,False,,,53.332383,-6.252717,20,2,18,1,1,0,1,20,2,18,1,1,0,1
9246,83,dublin,EMMET ROAD,Emmet Road,False,False,OPEN,2024-12-30 09:20:45,True,False,,,53.340714,-6.308191,40,18,22,11,7,0,7,40,18,22,11,7,0,7
9247,92,dublin,HEUSTON BRIDGE (NORTH),Heuston Bridge (North),False,False,OPEN,2024-12-30 09:19:01,True,False,,,53.347802,-6.292432,40,25,15,16,9,0,9,40,25,15,16,9,0,9
9248,21,dublin,LEINSTER STREET SOUTH,Leinster Street South,False,False,OPEN,2024-12-30 09:19:46,True,False,,,53.34218,-6.254485,30,3,27,3,0,0,0,30,3,27,3,0,0,0
9249,88,dublin,BLACKHALL PLACE,Blackhall Place,False,False,OPEN,2024-12-30 09:21:19,True,False,,,53.3488,-6.281637,30,6,24,5,1,0,1,30,6,24,5,1,0,1
9250,42,dublin,SMITHFIELD NORTH,Smithfield North,False,False,OPEN,2024-12-30 09:53:31,True,False,,,53.349562,-6.278198,30,15,15,10,5,0,5,30,15,15,10,5,0,5
9251,30,dublin,PARNELL SQUARE NORTH,Parnell Square North,False,False,OPEN,2024-12-30 09:46:49,True,False,,,53.3537415547453,-6.26530144781526,20,2,18,1,1,0,1,20,2,18,1,1,0,1
9252,54,dublin,CLONMEL STREET,Clonmel Street,False,False,OPEN,2024-12-30 09:53:54,True,False,,,53.336021,-6.26298,33,18,15,9,9,0,9,33,18,15,9,9,0,9
9253,108,dublin,AVONDALE ROAD,Avondale Road,False,False,OPEN,2024-12-30 09:51:17,True,False,,,53.359405,-6.276142,35,8,27,3,5,0,5,35,8,27,3,5,0,5
9254,20,dublin,JAMES STREET EAST,James Street East,False,False,OPEN,2024-12-30 09:53:10,True,False,,,53.336597,-6.248109,30,1,29,0,1,0,1,30,1,29,0,1,0,1
9255,56,dublin,MOUNT STREET LOWER,Mount Street Lower,False,False,OPEN,2024-12-30 09:49:28,True,False,,,53.33796,-6.24153,40,28,12,18,10,0,10,40,28,12,18,10,0,10
9256,6,dublin,CHRISTCHURCH PLACE,Christchurch Place,False,False,OPEN,2024-12-30 09:49:27,True,False,,,53.343368,-6.27012,20,6,14,2,4,0,4,20,6,14,2,4,0,4
9257,18,dublin,GRANTHAM STREET,Grantham Street,False,False,OPEN,2024-12-30 09:50:25,True,False,,,53.334123,-6.265436,30,2,28,2,0,0,0,30,2,28,2,0,0,0
9258,32,dublin,PEARSE STREET,Pearse Street,False,False,OPEN,2024-12-30 09:49:28,True,False,,,53.344304,-6.250427,30,23,7,19,4,0,4,30,23,7,19,4,0,4
9259,52,dublin,YORK STREET EAST,York Street East,False,False,OPEN,2024-12-30 09:53:26,True,False,,,53.338755,-6.262003,32,22,10,12,10,0,10,32,22,10,12,10,0,10
9260,48,dublin,EXCISE WALK,Excise Walk,False,False,OPEN,2024-12-30 09:51:13,True,False,,,53.347777,-6.244239,40,5,35,4,1,0,1,40,5,35,4,1,0,1
9261,13,dublin,FITZWILLIAM SQUARE WEST,Fitzwilliam Square West,False,False,OPEN,2024-12-30 09:53:51,True,False,,,53.336074,-6.252825,30,22,8,9,13,0,13,30,22,8,9,13,0,13
9262,43,dublin,PORTOBELLO ROAD,Portobello Road,False,False,OPEN,2024-12-30 09:49:04,True,False,,,53.330091,-6.268044,30,19,11,11,8,0,8,30,19,11,11,8,0,8
9263,31,dublin,PARNELL STREET,Parnell Street,False,False,OPEN,2024-12-30 09:53:16,True,False,,,53.350929,-6.265125,20,10,10,6,4,0,4,20,10,10,6,4,0,4
9264,98,dublin,FREDERICK STREET SOUTH,Frederick Street South,False,False,OPEN,2024-12-30 09:50:32,True,False,,,53.341515,-6.256853,40,19,21,16,3,0,3,40,19,21,16,3,0,3
9265,14,dublin,FOWNES STREET UPPER,Fownes Street Upper,False,False,OPEN,2024-12-30 09:52:19,True,False,,,53.344603,-6.263371,30,13,17,7,6,0,6,30,13,17,7,6,0,6
9266,1,dublin,CLARENDON ROW,Clarendon Row,False,False,OPEN,2024-12-30 09:48:59,True,False,,,53.340927,-6.262501,31,16,15,8,8,0,8,31,16,15,8,8,0,8
9267,23,dublin,CUSTOM HOUSE,Custom House,False,False,OPEN,2024-12-30 09:52:45,True,False,,,53.348279,-6.254662,30,3,27,2,1,0,1,30,3,27,2,1,0,1
9268,106,dublin,RATHDOWN ROAD,Rathdown Road,False,False,OPEN,2024-12-30 09:50:12,True,False,,,53.35893,-6.280337,40,15,25,10,5,0,5,40,15,25,10,5,0,5
9269,112,dublin,NORTH CIRCULAR ROAD (O'CONNELL'S),North Circular Road (O'Connell's),False,False,OPEN,2024-12-30 09:50:43,True,False,,,53.357841,-6.251557,30,11,19,5,6,0,6,30,11,19,5,6,0,6
9270,68,dublin,HANOVER QUAY,Hanover Quay,False,False,OPEN,2024-12-30 09:53:21,True,False,,,53.344115,-6.237153,40,36,4,23,13,0,13,40,36,4,23,13,0,13
9271,74,dublin,OLIVER BOND STREET,Oliver Bond Street,False,False,OPEN,2024-12-30 09:53:08,True,False,,,53.343893,-6.280531,30,15,15,8,7,0,7,30,15,15,8,7,0,7
9272,87,dublin,COLLINS BARRACKS MUSEUM,Collins Barracks Museum,False,False,OPEN,2024-12-30 09:51:02,True,False,,,53.347477,-6.28525,38,26,12,12,14,0,14,38,26,12,12,14,0,14
9273,84,dublin,BROOKFIELD ROAD,Brookfield Road,False,False,OPEN,2024-12-30 09:51:10,True,False,,,53.339005,-6.300217,30,16,14,9,7,0,7,30,16,14,9,7,0,7
9274,90,dublin,BENSON STREET,Benson Street,False,False,OPEN,2024-12-30 09:52:35,True,False,,,53.344153,-6.233451,40,12,28,11,1,0,1,40,12,28,11,1,0,1
9275,11,dublin,EARLSFORT TERRACE,Earlsfort Terrace,False,False,OPEN,2024-12-30 09:49:09,True,False,,,53.334295,-6.258503,30,19,11,15,4,0,4,30,19,11,15,4,0,4
9276,17,dublin,GOLDEN LANE,Golden Lane,False,False,OPEN,2024-12-30 09:49:33,True,False,,,53.340803,-6.267732,20,4,16,3,1,0,1,20,4,16,3,1,0,1
9277,45,dublin,DEVERELL PLACE,Deverell Place,False,False,OPEN,2024-12-30 09:53:26,True,False,,,53.351464,-6.255265,30,2,28,2,0,0,0,30,2,28,2,0,0,0
9278,114,dublin,WILTON TERRACE (PARK),Wilton Terrace (Park),False,False,OPEN,2024-12-30 09:52:27,True,False,,,53.333653,-6.248345,40,7,33,6,1,0,1,40,7,33,6,1,0,1
9279,72,dublin,JOHN STREET WEST,John Street West,False,False,OPEN,2024-12-30 09:51:50,True,False,,,53.343105,-6.277167,31,1,30,0,1,0,1,31,1,30,0,1,0,1
9280,63,dublin,FENIAN STREET,Fenian Street,False,False,OPEN,2024-12-30 09:51:59,True,False,,,53.341428,-6.24672,35,14,21,6,8,0,8,35,14,21,6,8,0,8
9281,113,dublin,MERRION SQUARE SOUTH,Merrion Square South,False,False,OPEN,2024-12-30 09:51:11,True,False,,,53.338614,-6.248606,40,6,23,3,3,0,3,40,6,23,3,3,0,3
9282,91,dublin,SOUTH DOCK ROAD,South Dock Road,False,False,OPEN,2024-12-30 09:49:18,True,False,,,53.341833,-6.231291,30,14,16,8,6,0,6,30,14,16,8,6,0,6
9283,99,dublin,CITY QUAY,City Quay,False,False,OPEN,2024-12-30 09:53:26,True,False,,,53.346637,-6.246154,30,20,10,7,13,0,13,30,20,10,7,13,0,13
9284,9,dublin,EXCHEQUER STREET,Exchequer Street,False,False,OPEN,2024-12-30 09:51:57,True,False,,,53.343034,-6.263578,24,4,20,2,2,0,2,24,4,20,2,2,0,2
9285,67,dublin,THE POINT,The Point,False,False,OPEN,2024-12-30 09:49:13,True,False,,,53.346867,-6.230852,40,23,17,13,10,0,10,40,23,17,13,10,0,10
9286,116,dublin,BROADSTONE,Broadstone,False,False,OPEN,2024-12-30 09:48:23,True,False,,,53.3547,-6.272314,30,9,21,0,9,0,9,30,9,21,0,9,0,9
9287,55,dublin,HATCH STREET,Hatch Street,False,False,OPEN,2024-12-30 09:52:55,True,False,,,53.33403,-6.260714,36,10,26,6,4,0,4,36,10,26,6,4,0,4
9288,62,dublin,LIME STREET,Lime Street,False,False,OPEN,2024-12-30 09:50:14,True,False,,,53.346026,-6.243576,40,15,25,7,8,0,8,40,15,25,7,8,0,8
9289,5,dublin,CHARLEMONT PLACE,Charlemont Street,False,False,OPEN,2024-12-30 09:51:32,True,False,,,53.330662,-6.260177,40,34,6,28,6,0,6,40,34,6,28,6,0,6
9290,97,dublin,KILMAINHAM GAOL,Kilmainham Gaol,False,False,OPEN,2024-12-30 09:50:19,True,False,,,53.342113,-6.310015,40,13,27,1,12,0,12,40,13,27,1,12,0,12
9291,61,dublin,HARDWICKE PLACE,Hardwicke Place,False,False,OPEN,2024-12-30 09:48:36,True,False,,,53.357043,-6.263232,25,0,25,0,0,0,0,25,0,25,0,0,0,0
9292,77,dublin,WOLFE TONE STREET,Wolfe Tone Street,False,False,OPEN,2024-12-30 09:49:53,True,False,,,53.348875,-6.267459,29,25,4,6,19,0,19,29,25,4,6,19,0,19
9293,73,dublin,FRANCIS STREET,Francis Street,False,False,OPEN,2024-12-30 09:51:25,True,False,,,53.342081,-6.275233,30,5,25,1,4,0,4,30,5,25,1,4,0,4
9294,4,dublin,GREEK STREET,Greek Street,False,False,OPEN,2024-12-30 09:51:17,True,False,,,53.346874,-6.272976,20,16,4,5,11,0,11,20,16,4,5,11,0,11
9295,49,dublin,GUILD STREET,Guild Street,False,False,OPEN,2024-12-30 09:53:11,True,False,,,53.347932,-6.240928,40,26,14,15,11,0,11,40,26,14,15,11,0,11
9296,19,dublin,HERBERT PLACE,Herbert Place,False,False,OPEN,2024-12-30 09:51:55,True,False,,,53.334432,-6.245575,30,6,24,4,2,0,2,30,6,24,4,2,0,2
9297,7,dublin,HIGH STREET,High Street,False,False,OPEN,2024-12-30 09:49:48,True,False,,,53.343565,-6.275071,29,9,20,4,5,0,5,29,9,20,4,5,0,5
9298,60,dublin,NORTH CIRCULAR ROAD,North Circular Road,False,False,OPEN,2024-12-30 09:45:21,True,False,,,53.359624,-6.260348,30,4,26,1,3,0,3,30,4,26,1,3,0,3
9299,102,dublin,WESTERN WAY,Western Way,False,False,OPEN,2024-12-30 09:50:22,True,False,,,53.354929,-6.269425,40,17,23,15,2,0,2,40,17,23,15,2,0,2
9300,38,dublin,TALBOT STREET,Talbot Street,False,False,OPEN,2024-12-30 09:54:21,True,False,,,53.350974,-6.25294,40,26,14,19,7,0,7,40,26,14,19,7,0,7
9301,53,dublin,NEWMAN HOUSE,Newman House,False,False,OPEN,2024-12-30 09:50:54,True,False,,,53.337132,-6.26059,40,16,24,14,2,0,2,40,16,24,14,2,0,2
9302,58,dublin,SIR PATRICK DUN'S,Sir Patrick's Dun,False,False,OPEN,2024-12-30 09:52:47,True,False,,,53.339218,-6.240642,40,27,13,25,2,0,2,40,27,13,25,2,0,2
9303,66,dublin,NEW CENTRAL BANK,New Central Bank,False,False,OPEN,2024-12-30 09:49:28,True,False,,,53.347122,-6.234749,40,4,36,1,3,0,3,40,4,36,1,3,0,3
9304,104,dublin,GRANGEGORMAN LOWER (CENTRAL),Grangegorman Lower (Central),False,False,OPEN,2024-12-30 09:45:39,True,False,,,53.355173,-6.278424,40,20,20,11,9,0,9,40,20,20,11,9,0,9
9305,101,dublin,KING STREET NORTH,King Street North,False,False,OPEN,2024-12-30 09:49:27,True,False,,,53.350291,-6.273507,30,5,25,3,2,0,2,30,5,25,3,2,0,2
9306,115,dublin,KILLARNEY STREET,Killarney Street,False,False,OPEN,2024-12-30 09:53:07,True,False,,,53.354845,-6.247579,30,24,6,10,14,0,14,30,24,6,10,14,0,14
9307,47,dublin,HERBERT STREET,Herbert Street,False,False,OPEN,2024-12-30 09:51:05,True,False,,,53.335742,-6.24551,40,2,38,2,0,0,0,40,2,38,2,0,0,0
9308,117,dublin,HANOVER QUAY EAST,Hanover Quay East,False,False,OPEN,2024-12-30 09:49:38,True,False,,,53.343653,-6.231755,40,8,32,7,1,0,1,40,8,32,7,1,0,1
9309,8,dublin,CUSTOM HOUSE QUAY,Custom House Quay,False,False,OPEN,2024-12-30 09:50:26,True,False,,,53.347884,-6.248048,30,16,14,11,5,0,5,30,16,14,11,5,0,5
9310,27,dublin,MOLESWORTH STREET,Molesworth Street,False,False,OPEN,2024-12-30 09:52:01,True,False,,,53.341288,-6.258117,20,16,4,6,10,0,10,20,16,4,6,10,0,10
9311,16,dublin,GEORGES QUAY,Georges Quay,False,False,OPEN,2024-12-30 09:48:19,True,False,,,53.347508,-6.252192,20,4,16,2,2,0,2,20,4,16,2,2,0,2
9312,96,dublin,KILMAINHAM LANE,Kilmainham Lane,False,False,OPEN,2024-12-30 09:52:21,True,False,,,53.341805,-6.305085,30,18,12,15,3,0,3,30,18,12,15,3,0,3
9313,82,dublin,MOUNT BROWN,Mount Brown,False,False,OPEN,2024-12-30 09:50:10,True,False,,,53.341645,-6.29719,22,5,17,1,4,0,4,22,5,17,1,4,0,4
9314,76,dublin,MARKET STREET SOUTH,Market Street South,False,False,OPEN,2024-12-30 09:49:44,True,False,,,53.342296,-6.287661,38,3,35,1,2,0,2,38,3,35,1,2,0,2
9315,71,dublin,KEVIN STREET,Kevin Street,False,False,OPEN,2024-12-30 09:51:52,True,False,,,53.337757,-6.267699,40,29,11,22,7,0,7,40,29,11,22,7,0,7
9316,79,dublin,ECCLES STREET EAST,Eccles Street East,False,False,OPEN,2024-12-30 09:52:26,True,False,,,53.358115,-6.265601,27,6,21,5,1,0,1,27,6,21,5,1,0,1
9317,69,dublin,GRAND CANAL DOCK,Grand Canal Dock,False,False,OPEN,2024-12-30 09:52:45,True,False,,,53.342638,-6.238695,40,40,0,27,13,0,13,40,40,0,27,13,0,13
9318,25,dublin,MERRION SQUARE EAST,Merrion Square East,False,False,OPEN,2024-12-30 09:53:02,True,False,,,53.339434,-6.246548,30,5,25,1,4,0,4,30,5,25,1,4,0,4
9319,51,dublin,YORK STREET WEST,York Street West,False,False,OPEN,2024-12-30 09:49:56,True,False,,,53.339334,-6.264699,40,0,0,0,0,0,0,40,0,0,0,0,0,0
9320,37,dublin,ST. STEPHEN'S GREEN SOUTH,St. Stephen's Green South,False,False,OPEN,2024-12-30 09:49:41,True,False,,,53.337494,-6.26199,30,22,8,11,11,0,11,30,22,8,11,11,0,11
9321,59,dublin,DENMARK STREET GREAT,Denmark Street Great,False,False,OPEN,2024-12-30 09:45:41,True,False,,,53.35561,-6.261397,20,1,19,1,0,0,0,20,1,19,1,0,0,0
9322,95,dublin,ROYAL HOSPITAL,Royal Hospital,False,False,OPEN,2024-12-30 09:53:05,True,False,,,53.343897,-6.29706,40,6,34,0,6,0,6,40,6,34,0,6,0,6
9323,94,dublin,HEUSTON STATION (CAR PARK),Heuston Station (Car Park),False,False,OPEN,2024-12-30 09:52:58,True,False,,,53.346985,-6.297804,40,8,32,8,0,0,0,40,8,32,8,0,0,0
9324,105,dublin,GRANGEGORMAN LOWER (NORTH),Grangegorman Lower (North),False,False,OPEN,2024-12-30 09:53:03,True,False,,,53.355954,-6.278378,36,11,25,7,4,0,4,36,11,25,7,4,0,4
9325,36,dublin,ST. STEPHEN'S GREEN EAST,St. Stephen's Green East,False,False,OPEN,2024-12-30 09:49:31,True,False,,,53.337824,-6.256035,40,14,26,9,5,0,5,40,14,26,9,5,0,5
9326,93,dublin,HEUSTON STATION (CENTRAL),Heuston Station (Central),False,False,OPEN,2024-12-30 09:52:06,True,False,,,53.346603,-6.296924,40,8,32,8,0,0,0,40,8,32,8,0,0,0
9327,22,dublin,TOWNSEND STREET,Townsend Street,False,False,OPEN,2024-12-30 09:52:27,True,False,,,53.345922,-6.254614,20,5,15,2,3,0,3,20,5,15,2,3,0,3
9328,50,dublin,GEORGES LANE,George's Lane,False,False,OPEN,2024-12-30 09:52:49,True,False,,,53.35023,-6.279696,40,0,40,0,0,0,0,40,0,40,0,0,0,0
9329,110,dublin,PHIBSBOROUGH ROAD,Phibsborough Road,False,False,OPEN,2024-12-30 09:52:39,True,False,,,53.356307,-6.273717,40,18,22,9,9,0,9,40,18,22,9,9,0,9
9330,12,dublin,ECCLES STREET,Eccles Street,False,False,OPEN,2024-12-30 09:50:02,True,False,,,53.359246,-6.269779,20,2,18,2,0,0,0,20,2,18,2,0,0,0
9331,34,dublin,PORTOBELLO HARBOUR,Portobello Harbour,False,False,OPEN,2024-12-30 09:51:57,True,False,,,53.330362,-6.265163,30,18,12,18,0,0,0,30,18,12,18,0,0,0
9332,78,dublin,MATER HOSPITAL,Mater Hospital,False,False,OPEN,2024-12-30 09:52:38,True,False,,,53.359967,-6.264828,40,21,19,16,5,0,5,40,21,19,16,5,0,5
9333,2,dublin,BLESSINGTON STREET,Blessington Street,False,False,OPEN,2024-12-30 09:51:04,True,False,,,53.356769,-6.26814,20,0,20,0,0,0,0,20,0,20,0,0,0,0
9334,75,dublin,JAMES STREET,James Street,False,False,OPEN,2024-12-30 09:52:58,True,False,,,53.343456,-6.287409,40,11,29,7,4,0,4,40,11,29,7,4,0,4
9335,111,dublin,MOUNTJOY SQUARE EAST,Mountjoy Square East,False,False,OPEN,2024-12-30 09:48:15,True,False,,,53.356717,-6.256359,40,0,40,0,0,0,0,40,0,40,0,0,0,0
9336,26,dublin,MERRION SQUARE WEST,Merrion Square West,False,False,OPEN,2024-12-30 09:49:33,True,False,,,53.339764,-6.251988,20,14,6,4,10,0,10,20,14,6,4,10,0,10
9337,65,dublin,CONVENTION CENTRE,Convention Centre,False,False,OPEN,2024-12-30 09:52:52,True,False,,,53.34744,-6.238523,40,6,34,3,3,0,3,40,6,34,3,3,0,3
9338,15,dublin,HARDWICKE STREET,Hardwicke Street,False,False,OPEN,2024-12-30 09:52:56,True,False,,,53.355473,-6.264423,16,1,15,0,1,0,1,16,1,15,0,1,0,1
9339,86,dublin,PARKGATE STREET,Parkgate Street,False,False,OPEN,2024-12-30 09:48:30,True,False,,,53.347972,-6.291804,38,16,22,3,13,0,13,38,16,22,3,13,0,13
9340,35,dublin,SMITHFIELD,Smithfield,False,False,OPEN,2024-12-30 09:52:51,True,False,,,53.347692,-6.278214,30,27,3,14,13,0,13,30,27,3,14,13,0,13
9341,10,dublin,DAME STREET,Dame Street,False,False,OPEN,2024-12-30 09:52:19,True,False,,,53.344007,-6.266802,16,16,0,13,3,0,3,16,16,0,13,3,0,3
9342,100,dublin,HEUSTON BRIDGE (SOUTH),Heuston Bridge (South),False,False,OPEN,2024-12-30 09:53:10,True,False,,,53.347106,-6.292041,25,10,15,6,4,0,4,25,10,15,6,4,0,4
9343,24,dublin,CATHAL BRUGHA STREET,Cathal Brugha Street,False,False,OPEN,2024-12-30 09:52:54,True,False,,,53.352149,-6.260533,20,1,19,1,0,0,0,20,1,19,1,0,0,0
9344,64,dublin,SANDWITH STREET,Sandwith Street,False,False,OPEN,2024-12-30 09:52:52,True,False,,,53.345203,-6.247163,40,9,31,7,2,0,2,40,9,31,7,2,0,2
9345,109,dublin,BUCKINGHAM STREET LOWER,Buckingham Street Lower,False,False,OPEN,2024-12-30 09:51:48,True,False,,,53.353331,-6.249319,29,5,24,2,3,0,3,29,5,24,2,3,0,3
9346,85,dublin,ROTHE ABBEY,Rothe Abbey,False,False,OPEN,2024-12-30 09:53:08,True,False,,,53.338776,-6.30395,35,17,18,5,12,0,12,35,17,18,5,12,0,12
9347,107,dublin,CHARLEVILLE ROAD,Charleville Road,False,False,OPEN,2024-12-30 09:51:32,True,False,,,53.359157,-6.281866,40,17,23,12,5,0,5,40,17,23,12,5,0,5
9348,33,dublin,PRINCES STREET / O'CONNELL STREET,Princes Street / O'Connell Street,False,False,OPEN,2024-12-30 09:51:01,True,False,,,53.349013,-6.260311,23,16,7,11,5,0,5,23,16,7,11,5,0,5
9349,44,dublin,UPPER SHERRARD STREET,Upper Sherrard Street,False,False,OPEN,2024-12-30 09:52:35,True,False,,,53.358437,-6.260641,30,0,30,0,0,0,0,30,0,30,0,0,0,0
9350,89,dublin,FITZWILLIAM SQUARE EAST,Fitzwilliam Square East,False,False,OPEN,2024-12-30 09:51:57,True,False,,,53.335211,-6.2509,40,19,21,11,8,0,8,40,19,21,11,8,0,8
9351,57,dublin,GRATTAN STREET,Grattan Street,False,False,OPEN,2024-12-30 09:48:55,True,False,,,53.339629,-6.243778,23,5,18,4,1,0,1,23,5,18,4,1,0,1
9352,80,dublin,ST JAMES HOSPITAL (LUAS),St James Hospital (Luas),False,False,OPEN,2024-12-30 09:54:10,True,False,,,53.341359,-6.292951,40,12,28,4,8,0,8,40,12,28,4,8,0,8
9353,41,dublin,HARCOURT TERRACE,Harcourt Terrace,False,False,OPEN,2024-12-30 09:48:57,True,False,,,53.332763,-6.257942,20,16,4,9,7,0,7,20,16,4,9,7,0,7
9354,3,dublin,BOLTON STREET,Bolton Street,False,False,OPEN,2024-12-30 09:51:20,True,False,,,53.351182,-6.269859,20,5,15,4,1,0,1,20,5,15,4,1,0,1
9355,40,dublin,JERVIS STREET,Jervis Street,False,False,OPEN,2024-12-30 09:53:12,True,False,,,53.3483,-6.266651,21,14,7,4,10,0,10,21,14,7,4,10,0,10
9356,29,dublin,ORMOND QUAY UPPER,Ormond Quay Upper,False,False,OPEN,2024-12-30 09:49:08,True,False,,,53.346057,-6.268001,29,10,19,7,3,0,3,29,10,19,7,3,0,3
9357,103,dublin,GRANGEGORMAN LOWER (SOUTH),Grangegorman Lower (South),False,False,OPEN,2024-12-30 09:50:44,True,False,,,53.354663,-6.278681,40,4,36,3,1,0,1,40,4,36,3,1,0,1
9358,28,dublin,MOUNTJOY SQUARE WEST,Mountjoy Square West,False,False,OPEN,2024-12-30 09:52:16,True,False,,,53.356299,-6.258586,30,8,22,0,8,0,8,30,8,22,0,8,0,8
9359,39,dublin,WILTON TERRACE,Wilton Terrace,False,False,OPEN,2024-12-30 09:52:00,True,False,,,53.332383,-6.252717,20,0,20,0,0,0,0,20,0,20,0,0,0,0
9360,83,dublin,EMMET ROAD,Emmet Road,False,False,OPEN,2024-12-30 09:51:01,True,False,,,53.340714,-6.308191,40,18,22,11,7,0,7,40,18,22,11,7,0,7
9361,92,dublin,HEUSTON BRIDGE (NORTH),Heuston Bridge (North),False,False,OPEN,2024-12-30 09:49:16,True,False,,,53.347802,-6.292432,40,24,16,15,9,0,9,40,24,16,15,9,0,9
9362,21,dublin,LEINSTER STREET SOUTH,Leinster Street South,False,False,OPEN,2024-12-30 09:50:02,True,False,,,53.34218,-6.254485,30,4,26,3,1,0,1,30,4,26,3,1,0,1
9363,88,dublin,BLACKHALL PLACE,Blackhall Place,False,False,OPEN,2024-12-30 09:51:39,True,False,,,53.3488,-6.281637,30,6,24,5,1,0,1,30,6,24,5,1,0,1
9364,42,dublin,SMITHFIELD NORTH,Smithfield North,False,False,OPEN,2024-12-30 10:23:50,True,False,,,53.349562,-6.278198,30,14,16,9,5,0,5,30,14,16,9,5,0,5
9365,30,dublin,PARNELL SQUARE NORTH,Parnell Square North,False,False,OPEN,2024-12-30 10:17:01,True,False,,,53.3537415547453,-6.26530144781526,20,2,18,1,1,0,1,20,2,18,1,1,0,1
9366,54,dublin,CLONMEL STREET,Clonmel Street,False,False,OPEN,2024-12-30 10:24:07,True,False,,,53.336021,-6.26298,33,18,15,9,9,0,9,33,18,15,9,9,0,9
9367,108,dublin,AVONDALE ROAD,Avondale Road,False,False,OPEN,2024-12-30 10:23:16,True,False,,,53.359405,-6.276142,35,9,26,4,5,0,5,35,9,26,4,5,0,5
9368,20,dublin,JAMES STREET EAST,James Street East,False,False,OPEN,2024-12-30 10:23:23,True,False,,,53.336597,-6.248109,30,1,29,0,1,0,1,30,1,29,0,1,0,1
9369,56,dublin,MOUNT STREET LOWER,Mount Street Lower,False,False,OPEN,2024-12-30 10:19:40,True,False,,,53.33796,-6.24153,40,28,12,18,10,0,10,40,28,12,18,10,0,10
9370,6,dublin,CHRISTCHURCH PLACE,Christchurch Place,False,False,OPEN,2024-12-30 10:19:44,True,False,,,53.343368,-6.27012,20,6,14,2,4,0,4,20,6,14,2,4,0,4
9371,18,dublin,GRANTHAM STREET,Grantham Street,False,False,OPEN,2024-12-30 10:20:37,True,False,,,53.334123,-6.265436,30,2,28,2,0,0,0,30,2,28,2,0,0,0
9372,32,dublin,PEARSE STREET,Pearse Street,False,False,OPEN,2024-12-30 10:19:39,True,False,,,53.344304,-6.250427,30,23,7,19,4,0,4,30,23,7,19,4,0,4
9373,52,dublin,YORK STREET EAST,York Street East,False,False,OPEN,2024-12-30 10:19:28,True,False,,,53.338755,-6.262003,32,23,9,12,11,0,11,32,23,9,12,11,0,11
9374,48,dublin,EXCISE WALK,Excise Walk,False,False,OPEN,2024-12-30 10:21:25,True,False,,,53.347777,-6.244239,40,5,35,4,1,0,1,40,5,35,4,1,0,1
9375,13,dublin,FITZWILLIAM SQUARE WEST,Fitzwilliam Square West,False,False,OPEN,2024-12-30 10:24:06,True,False,,,53.336074,-6.252825,30,22,8,9,13,0,13,30,22,8,9,13,0,13
9376,43,dublin,PORTOBELLO ROAD,Portobello Road,False,False,OPEN,2024-12-30 10:21:07,True,False,,,53.330091,-6.268044,30,19,11,10,9,0,9,30,19,11,10,9,0,9
9377,31,dublin,PARNELL STREET,Parnell Street,False,False,OPEN,2024-12-30 10:23:29,True,False,,,53.350929,-6.265125,20,11,9,7,4,0,4,20,11,9,7,4,0,4
9378,98,dublin,FREDERICK STREET SOUTH,Frederick Street South,False,False,OPEN,2024-12-30 10:20:43,True,False,,,53.341515,-6.256853,40,20,20,17,3,0,3,40,20,20,17,3,0,3
9379,14,dublin,FOWNES STREET UPPER,Fownes Street Upper,False,False,OPEN,2024-12-30 10:22:37,True,False,,,53.344603,-6.263371,30,9,21,4,5,0,5,30,9,21,4,5,0,5
9380,1,dublin,CLARENDON ROW,Clarendon Row,False,False,OPEN,2024-12-30 10:19:13,True,False,,,53.340927,-6.262501,31,18,13,10,8,0,8,31,18,13,10,8,0,8
9381,23,dublin,CUSTOM HOUSE,Custom House,False,False,OPEN,2024-12-30 10:23:02,True,False,,,53.348279,-6.254662,30,4,26,2,2,0,2,30,4,26,2,2,0,2
9382,106,dublin,RATHDOWN ROAD,Rathdown Road,False,False,OPEN,2024-12-30 10:19:43,True,False,,,53.35893,-6.280337,40,15,25,10,5,0,5,40,15,25,10,5,0,5
9383,112,dublin,NORTH CIRCULAR ROAD (O'CONNELL'S),North Circular Road (O'Connell's),False,False,OPEN,2024-12-30 10:20:57,True,False,,,53.357841,-6.251557,30,10,20,4,6,0,6,30,10,20,4,6,0,6
9384,68,dublin,HANOVER QUAY,Hanover Quay,False,False,OPEN,2024-12-30 10:20:51,True,False,,,53.344115,-6.237153,40,39,1,24,15,0,15,40,39,1,24,15,0,15
9385,74,dublin,OLIVER BOND STREET,Oliver Bond Street,False,False,OPEN,2024-12-30 10:23:25,True,False,,,53.343893,-6.280531,30,15,15,8,7,0,7,30,15,15,8,7,0,7
9386,87,dublin,COLLINS BARRACKS MUSEUM,Collins Barracks Museum,False,False,OPEN,2024-12-30 10:21:19,True,False,,,53.347477,-6.28525,38,26,12,12,14,0,14,38,26,12,12,14,0,14
9387,84,dublin,BROOKFIELD ROAD,Brookfield Road,False,False,OPEN,2024-12-30 10:21:22,True,False,,,53.339005,-6.300217,30,16,14,9,7,0,7,30,16,14,9,7,0,7
9388,90,dublin,BENSON STREET,Benson Street,False,False,OPEN,2024-12-30 10:22:47,True,False,,,53.344153,-6.233451,40,11,29,10,1,0,1,40,11,29,10,1,0,1
9389,11,dublin,EARLSFORT TERRACE,Earlsfort Terrace,False,False,OPEN,2024-12-30 10:19:21,True,False,,,53.334295,-6.258503,30,19,11,15,4,0,4,30,19,11,15,4,0,4
9390,17,dublin,GOLDEN LANE,Golden Lane,False,False,OPEN,2024-12-30 10:16:30,True,False,,,53.340803,-6.267732,20,4,16,3,1,0,1,20,4,16,3,1,0,1
9391,45,dublin,DEVERELL PLACE,Deverell Place,False,False,OPEN,2024-12-30 10:23:38,True,False,,,53.351464,-6.255265,30,2,28,2,0,0,0,30,2,28,2,0,0,0
9392,114,dublin,WILTON TERRACE (PARK),Wilton Terrace (Park),False,False,OPEN,2024-12-30 10:24:04,True,False,,,53.333653,-6.248345,40,5,35,5,0,0,0,40,5,35,5,0,0,0
9393,72,dublin,JOHN STREET WEST,John Street West,False,False,OPEN,2024-12-30 10:22:02,True,False,,,53.343105,-6.277167,31,3,28,1,2,0,2,31,3,28,1,2,0,2
9394,63,dublin,FENIAN STREET,Fenian Street,False,False,OPEN,2024-12-30 10:22:11,True,False,,,53.341428,-6.24672,35,14,21,6,8,0,8,35,14,21,6,8,0,8
9395,113,dublin,MERRION SQUARE SOUTH,Merrion Square South,False,False,OPEN,2024-12-30 10:21:24,True,False,,,53.338614,-6.248606,40,6,23,3,3,0,3,40,6,23,3,3,0,3
9396,91,dublin,SOUTH DOCK ROAD,South Dock Road,False,False,OPEN,2024-12-30 10:19:39,True,False,,,53.341833,-6.231291,30,13,17,7,6,0,6,30,13,17,7,6,0,6
9397,99,dublin,CITY QUAY,City Quay,False,False,OPEN,2024-12-30 10:23:43,True,False,,,53.346637,-6.246154,30,20,10,7,13,0,13,30,20,10,7,13,0,13
9398,9,dublin,EXCHEQUER STREET,Exchequer Street,False,False,OPEN,2024-12-30 10:22:11,True,False,,,53.343034,-6.263578,24,3,21,1,2,0,2,24,3,21,1,2,0,2
9399,67,dublin,THE POINT,The Point,False,False,OPEN,2024-12-30 10:19:29,True,False,,,53.346867,-6.230852,40,20,20,11,9,0,9,40,20,20,11,9,0,9
9400,116,dublin,BROADSTONE,Broadstone,False,False,OPEN,2024-12-30 10:18:34,True,False,,,53.3547,-6.272314,30,9,21,0,9,0,9,30,9,21,0,9,0,9
9401,55,dublin,HATCH STREET,Hatch Street,False,False,OPEN,2024-12-30 10:23:08,True,False,,,53.33403,-6.260714,36,9,27,5,4,0,4,36,9,27,5,4,0,4
9402,62,dublin,LIME STREET,Lime Street,False,False,OPEN,2024-12-30 10:22:13,True,False,,,53.346026,-6.243576,40,14,26,6,8,0,8,40,14,26,6,8,0,8
9403,5,dublin,CHARLEMONT PLACE,Charlemont Street,False,False,OPEN,2024-12-30 10:16:31,True,False,,,53.330662,-6.260177,40,34,6,28,6,0,6,40,34,6,28,6,0,6
9404,97,dublin,KILMAINHAM GAOL,Kilmainham Gaol,False,False,OPEN,2024-12-30 10:20:34,True,False,,,53.342113,-6.310015,40,13,27,1,12,0,12,40,13,27,1,12,0,12
9405,61,dublin,HARDWICKE PLACE,Hardwicke Place,False,False,OPEN,2024-12-30 10:18:48,True,False,,,53.357043,-6.263232,25,0,25,0,0,0,0,25,0,25,0,0,0,0
9406,77,dublin,WOLFE TONE STREET,Wolfe Tone Street,False,False,OPEN,2024-12-30 10:22:35,True,False,,,53.348875,-6.267459,29,26,3,6,20,0,20,29,26,3,6,20,0,20
9407,73,dublin,FRANCIS STREET,Francis Street,False,False,OPEN,2024-12-30 10:21:42,True,False,,,53.342081,-6.275233,30,3,27,0,3,0,3,30,3,27,0,3,0,3
9408,4,dublin,GREEK STREET,Greek Street,False,False,OPEN,2024-12-30 10:23:41,True,False,,,53.346874,-6.272976,20,16,4,6,10,0,10,20,16,4,6,10,0,10
9409,49,dublin,GUILD STREET,Guild Street,False,False,OPEN,2024-12-30 10:23:31,True,False,,,53.347932,-6.240928,40,23,17,13,10,0,10,40,23,17,13,10,0,10
9410,19,dublin,HERBERT PLACE,Herbert Place,False,False,OPEN,2024-12-30 10:22:09,True,False,,,53.334432,-6.245575,30,6,24,4,2,0,2,30,6,24,4,2,0,2
9411,7,dublin,HIGH STREET,High Street,False,False,OPEN,2024-12-30 10:20:02,True,False,,,53.343565,-6.275071,29,11,18,6,5,0,5,29,11,18,6,5,0,5
9412,60,dublin,NORTH CIRCULAR ROAD,North Circular Road,False,False,OPEN,2024-12-30 10:15:35,True,False,,,53.359624,-6.260348,30,5,25,2,3,0,3,30,5,25,2,3,0,3
9413,102,dublin,WESTERN WAY,Western Way,False,False,OPEN,2024-12-30 10:20:34,True,False,,,53.354929,-6.269425,40,17,23,15,2,0,2,40,17,23,15,2,0,2
9414,38,dublin,TALBOT STREET,Talbot Street,False,False,OPEN,2024-12-30 10:22:13,True,False,,,53.350974,-6.25294,40,25,15,18,7,0,7,40,25,15,18,7,0,7
9415,53,dublin,NEWMAN HOUSE,Newman House,False,False,OPEN,2024-12-30 10:21:06,True,False,,,53.337132,-6.26059,40,16,24,14,2,0,2,40,16,24,14,2,0,2
9416,58,dublin,SIR PATRICK DUN'S,Sir Patrick's Dun,False,False,OPEN,2024-12-30 10:24:31,True,False,,,53.339218,-6.240642,40,26,14,25,1,0,1,40,26,14,25,1,0,1
9417,66,dublin,NEW CENTRAL BANK,New Central Bank,False,False,OPEN,2024-12-30 10:19:41,True,False,,,53.347122,-6.234749,40,4,36,1,3,0,3,40,4,36,1,3,0,3
9418,104,dublin,GRANGEGORMAN LOWER (CENTRAL),Grangegorman Lower (Central),False,False,OPEN,2024-12-30 10:15:51,True,False,,,53.355173,-6.278424,40,20,20,11,9,0,9,40,20,20,11,9,0,9
9419,101,dublin,KING STREET NORTH,King Street North,False,False,OPEN,2024-12-30 10:24:17,True,False,,,53.350291,-6.273507,30,1,29,1,0,0,0,30,1,29,1,0,0,0
9420,115,dublin,KILLARNEY STREET,Killarney Street,False,False,OPEN,2024-12-30 10:23:24,True,False,,,53.354845,-6.247579,30,22,8,9,13,0,13,30,22,8,9,13,0,13
9421,47,dublin,HERBERT STREET,Herbert Street,False,False,OPEN,2024-12-30 10:21:21,True,False,,,53.335742,-6.24551,40,2,38,2,0,0,0,40,2,38,2,0,0,0
9422,117,dublin,HANOVER QUAY EAST,Hanover Quay East,False,False,OPEN,2024-12-30 10:20:37,True,False,,,53.343653,-6.231755,40,8,32,7,1,0,1,40,8,32,7,1,0,1
9423,8,dublin,CUSTOM HOUSE QUAY,Custom House Quay,False,False,OPEN,2024-12-30 10:20:46,True,False,,,53.347884,-6.248048,30,12,18,6,6,0,6,30,12,18,6,6,0,6
9424,27,dublin,MOLESWORTH STREET,Molesworth Street,False,False,OPEN,2024-12-30 10:19:54,True,False,,,53.341288,-6.258117,20,16,4,6,10,0,10,20,16,4,6,10,0,10
9425,16,dublin,GEORGES QUAY,Georges Quay,False,False,OPEN,2024-12-30 10:18:33,True,False,,,53.347508,-6.252192,20,4,16,2,2,0,2,20,4,16,2,2,0,2
9426,96,dublin,KILMAINHAM LANE,Kilmainham Lane,False,False,OPEN,2024-12-30 10:22:33,True,False,,,53.341805,-6.305085,30,18,12,15,3,0,3,30,18,12,15,3,0,3
9427,82,dublin,MOUNT BROWN,Mount Brown,False,False,OPEN,2024-12-30 10:20:23,True,False,,,53.341645,-6.29719,22,5,17,1,4,0,4,22,5,17,1,4,0,4
9428,76,dublin,MARKET STREET SOUTH,Market Street South,False,False,OPEN,2024-12-30 10:19:59,True,False,,,53.342296,-6.287661,38,3,35,1,2,0,2,38,3,35,1,2,0,2
9429,71,dublin,KEVIN STREET,Kevin Street,False,False,OPEN,2024-12-30 10:22:05,True,False,,,53.337757,-6.267699,40,29,11,22,7,0,7,40,29,11,22,7,0,7
9430,79,dublin,ECCLES STREET EAST,Eccles Street East,False,False,OPEN,2024-12-30 10:23:53,True,False,,,53.358115,-6.265601,27,6,21,5,1,0,1,27,6,21,5,1,0,1
9431,69,dublin,GRAND CANAL DOCK,Grand Canal Dock,False,False,OPEN,2024-12-30 10:22:58,True,False,,,53.342638,-6.238695,40,40,0,27,13,0,13,40,40,0,27,13,0,13
9432,25,dublin,MERRION SQUARE EAST,Merrion Square East,False,False,OPEN,2024-12-30 10:23:18,True,False,,,53.339434,-6.246548,30,5,25,1,4,0,4,30,5,25,1,4,0,4
9433,51,dublin,YORK STREET WEST,York Street West,False,False,OPEN,2024-12-30 10:20:12,True,False,,,53.339334,-6.264699,40,0,0,0,0,0,0,40,0,0,0,0,0,0
9434,37,dublin,ST. STEPHEN'S GREEN SOUTH,St. Stephen's Green South,False,False,OPEN,2024-12-30 10:19:53,True,False,,,53.337494,-6.26199,30,22,8,11,11,0,11,30,22,8,11,11,0,11
9435,59,dublin,DENMARK STREET GREAT,Denmark Street Great,False,False,OPEN,2024-12-30 10:15:53,True,False,,,53.35561,-6.261397,20,1,19,1,0,0,0,20,1,19,1,0,0,0
9436,95,dublin,ROYAL HOSPITAL,Royal Hospital,False,False,OPEN,2024-12-30 10:23:21,True,False,,,53.343897,-6.29706,40,6,34,0,6,0,6,40,6,34,0,6,0,6
9437,94,dublin,HEUSTON STATION (CAR PARK),Heuston Station (Car Park),False,False,OPEN,2024-12-30 10:23:13,True,False,,,53.346985,-6.297804,40,8,32,8,0,0,0,40,8,32,8,0,0,0
9438,105,dublin,GRANGEGORMAN LOWER (NORTH),Grangegorman Lower (North),False,False,OPEN,2024-12-30 10:23:15,True,False,,,53.355954,-6.278378,36,11,25,7,4,0,4,36,11,25,7,4,0,4
9439,36,dublin,ST. STEPHEN'S GREEN EAST,St. Stephen's Green East,False,False,OPEN,2024-12-30 10:20:34,True,False,,,53.337824,-6.256035,40,16,24,11,5,0,5,40,16,24,11,5,0,5
9440,93,dublin,HEUSTON STATION (CENTRAL),Heuston Station (Central),False,False,OPEN,2024-12-30 10:22:22,True,False,,,53.346603,-6.296924,40,8,32,8,0,0,0,40,8,32,8,0,0,0
9441,22,dublin,TOWNSEND STREET,Townsend Street,False,False,OPEN,2024-12-30 10:21:23,True,False,,,53.345922,-6.254614,20,5,15,2,3,0,3,20,5,15,2,3,0,3
9442,50,dublin,GEORGES LANE,George's Lane,False,False,OPEN,2024-12-30 10:22:35,True,False,,,53.35023,-6.279696,40,0,40,0,0,0,0,40,0,40,0,0,0,0
9443,110,dublin,PHIBSBOROUGH ROAD,Phibsborough Road,False,False,OPEN,2024-12-30 10:23:54,True,False,,,53.356307,-6.273717,40,20,20,9,11,0,11,40,20,20,9,11,0,11
9444,12,dublin,ECCLES STREET,Eccles Street,False,False,OPEN,2024-12-30 10:20:16,True,False,,,53.359246,-6.269779,20,2,18,2,0,0,0,20,2,18,2,0,0,0
9445,34,dublin,PORTOBELLO HARBOUR,Portobello Harbour,False,False,OPEN,2024-12-30 10:22:18,True,False,,,53.330362,-6.265163,30,14,16,14,0,0,0,30,14,16,14,0,0,0
9446,78,dublin,MATER HOSPITAL,Mater Hospital,False,False,OPEN,2024-12-30 10:22:51,True,False,,,53.359967,-6.264828,40,21,19,16,5,0,5,40,21,19,16,5,0,5
9447,2,dublin,BLESSINGTON STREET,Blessington Street,False,False,OPEN,2024-12-30 10:19:24,True,False,,,53.356769,-6.26814,20,0,20,0,0,0,0,20,0,20,0,0,0,0
9448,75,dublin,JAMES STREET,James Street,False,False,OPEN,2024-12-30 10:23:19,True,False,,,53.343456,-6.287409,40,12,28,8,4,0,4,40,12,28,8,4,0,4
9449,111,dublin,MOUNTJOY SQUARE EAST,Mountjoy Square East,False,False,OPEN,2024-12-30 10:22:02,True,False,,,53.356717,-6.256359,40,1,39,1,0,0,0,40,1,39,1,0,0,0
9450,26,dublin,MERRION SQUARE WEST,Merrion Square West,False,False,OPEN,2024-12-30 10:19:50,True,False,,,53.339764,-6.251988,20,14,6,4,10,0,10,20,14,6,4,10,0,10
9451,65,dublin,CONVENTION CENTRE,Convention Centre,False,False,OPEN,2024-12-30 10:23:04,True,False,,,53.34744,-6.238523,40,6,34,3,3,0,3,40,6,34,3,3,0,3
9452,15,dublin,HARDWICKE STREET,Hardwicke Street,False,False,OPEN,2024-12-30 10:23:27,True,False,,,53.355473,-6.264423,16,2,14,1,1,0,1,16,2,14,1,1,0,1
9453,86,dublin,PARKGATE STREET,Parkgate Street,False,False,OPEN,2024-12-30 10:18:43,True,False,,,53.347972,-6.291804,38,16,22,3,13,0,13,38,16,22,3,13,0,13
9454,35,dublin,SMITHFIELD,Smithfield,False,False,OPEN,2024-12-30 10:23:06,True,False,,,53.347692,-6.278214,30,26,4,14,12,0,12,30,26,4,14,12,0,12
9455,10,dublin,DAME STREET,Dame Street,False,False,OPEN,2024-12-30 10:22:32,True,False,,,53.344007,-6.266802,16,16,0,13,3,0,3,16,16,0,13,3,0,3
9456,100,dublin,HEUSTON BRIDGE (SOUTH),Heuston Bridge (South),False,False,OPEN,2024-12-30 10:16:27,True,False,,,53.347106,-6.292041,25,9,16,6,3,0,3,25,9,16,6,3,0,3
9457,24,dublin,CATHAL BRUGHA STREET,Cathal Brugha Street,False,False,OPEN,2024-12-30 10:23:12,True,False,,,53.352149,-6.260533,20,2,18,2,0,0,0,20,2,18,2,0,0,0
9458,64,dublin,SANDWITH STREET,Sandwith Street,False,False,OPEN,2024-12-30 10:23:08,True,False,,,53.345203,-6.247163,40,10,30,8,2,0,2,40,10,30,8,2,0,2
9459,109,dublin,BUCKINGHAM STREET LOWER,Buckingham Street Lower,False,False,OPEN,2024-12-30 10:22:00,True,False,,,53.353331,-6.249319,29,6,23,3,3,0,3,29,6,23,3,3,0,3
9460,85,dublin,ROTHE ABBEY,Rothe Abbey,False,False,OPEN,2024-12-30 10:23:21,True,False,,,53.338776,-6.30395,35,17,18,5,12,0,12,35,17,18,5,12,0,12
9461,107,dublin,CHARLEVILLE ROAD,Charleville Road,False,False,OPEN,2024-12-30 10:21:50,True,False,,,53.359157,-6.281866,40,17,23,12,5,0,5,40,17,23,12,5,0,5
9462,33,dublin,PRINCES STREET / O'CONNELL STREET,Princes Street / O'Connell Street,False,False,OPEN,2024-12-30 10:21:15,True,False,,,53.349013,-6.260311,23,18,5,13,5,0,5,23,18,5,13,5,0,5
9463,44,dublin,UPPER SHERRARD STREET,Upper Sherrard Street,False,False,OPEN,2024-12-30 10:22:50,True,False,,,53.358437,-6.260641,30,0,30,0,0,0,0,30,0,30,0,0,0,0
9464,89,dublin,FITZWILLIAM SQUARE EAST,Fitzwilliam Square East,False,False,OPEN,2024-12-30 10:22:08,True,False,,,53.335211,-6.2509,40,19,21,11,8,0,8,40,19,21,11,8,0,8
9465,57,dublin,GRATTAN STREET,Grattan Street,False,False,OPEN,2024-12-30 10:19:09,True,False,,,53.339629,-6.243778,23,4,19,3,1,0,1,23,4,19,3,1,0,1
9466,80,dublin,ST JAMES HOSPITAL (LUAS),St James Hospital (Luas),False,False,OPEN,2024-12-30 10:24:29,True,False,,,53.341359,-6.292951,40,11,29,3,8,0,8,40,11,29,3,8,0,8
9467,41,dublin,HARCOURT TERRACE,Harcourt Terrace,False,False,OPEN,2024-12-30 10:19:17,True,False,,,53.332763,-6.257942,20,15,5,8,7,0,7,20,15,5,8,7,0,7
9468,3,dublin,BOLTON STREET,Bolton Street,False,False,OPEN,2024-12-30 10:21:34,True,False,,,53.351182,-6.269859,20,6,14,4,2,0,2,20,6,14,4,2,0,2
9469,40,dublin,JERVIS STREET,Jervis Street,False,False,OPEN,2024-12-30 10:23:27,True,False,,,53.3483,-6.266651,21,14,7,5,9,0,9,21,14,7,5,9,0,9
9470,29,dublin,ORMOND QUAY UPPER,Ormond Quay Upper,False,False,OPEN,2024-12-30 10:19:11,True,False,,,53.346057,-6.268001,29,11,18,8,3,0,3,29,11,18,8,3,0,3
9471,103,dublin,GRANGEGORMAN LOWER (SOUTH),Grangegorman Lower (South),False,False,OPEN,2024-12-30 10:20:56,True,False,,,53.354663,-6.278681,40,4,36,3,1,0,1,40,4,36,3,1,0,1
9472,28,dublin,MOUNTJOY SQUARE WEST,Mountjoy Square West,False,False,OPEN,2024-12-30 10:20:41,True,False,,,53.356299,-6.258586,30,7,23,0,7,0,7,30,7,23,0,7,0,7
9473,39,dublin,WILTON TERRACE,Wilton Terrace,False,False,OPEN,2024-12-30 10:22:11,True,False,,,53.332383,-6.252717,20,0,20,0,0,0,0,20,0,20,0,0,0,0
9474,83,dublin,EMMET ROAD,Emmet Road,False,False,OPEN,2024-12-30 10:21:20,True,False,,,53.340714,-6.308191,40,17,23,11,6,0,6,40,17,23,11,6,0,6
9475,92,dublin,HEUSTON BRIDGE (NORTH),Heuston Bridge (North),False,False,OPEN,2024-12-30 10:19:27,True,False,,,53.347802,-6.292432,40,24,16,15,9,0,9,40,24,16,15,9,0,9
9476,21,dublin,LEINSTER STREET SOUTH,Leinster Street South,False,False,OPEN,2024-12-30 10:20:18,True,False,,,53.34218,-6.254485,30,4,26,3,1,0,1,30,4,26,3,1,0,1
9477,88,dublin,BLACKHALL PLACE,Blackhall Place,False,False,OPEN,2024-12-30 10:21:57,True,False,,,53.3488,-6.281637,30,5,25,4,1,0,1,30,5,25,4,1,0,1
9478,42,dublin,SMITHFIELD NORTH,Smithfield North,False,False,OPEN,2024-12-30 10:54:12,True,False,,,53.349562,-6.278198,30,12,18,8,4,0,4,30,12,18,8,4,0,4
9479,30,dublin,PARNELL SQUARE NORTH,Parnell Square North,False,False,OPEN,2024-12-30 10:47:13,True,False,,,53.3537415547453,-6.26530144781526,20,2,18,1,1,0,1,20,2,18,1,1,0,1
9480,54,dublin,CLONMEL STREET,Clonmel Street,False,False,OPEN,2024-12-30 10:54:19,True,False,,,53.336021,-6.26298,33,18,15,9,9,0,9,33,18,15,9,9,0,9
9481,108,dublin,AVONDALE ROAD,Avondale Road,False,False,OPEN,2024-12-30 10:51:44,True,False,,,53.359405,-6.276142,35,9,26,4,5,0,5,35,9,26,4,5,0,5
9482,20,dublin,JAMES STREET EAST,James Street East,False,False,OPEN,2024-12-30 10:53:36,True,False,,,53.336597,-6.248109,30,0,30,0,0,0,0,30,0,30,0,0,0,0
9483,56,dublin,MOUNT STREET LOWER,Mount Street Lower,False,False,OPEN,2024-12-30 10:49:55,True,False,,,53.33796,-6.24153,40,27,13,17,10,0,10,40,27,13,17,10,0,10
9484,6,dublin,CHRISTCHURCH PLACE,Christchurch Place,False,False,OPEN,2024-12-30 10:50:02,True,False,,,53.343368,-6.27012,20,5,15,2,3,0,3,20,5,15,2,3,0,3
9485,18,dublin,GRANTHAM STREET,Grantham Street,False,False,OPEN,2024-12-30 10:51:20,True,False,,,53.334123,-6.265436,30,3,27,3,0,0,0,30,3,27,3,0,0,0
9486,32,dublin,PEARSE STREET,Pearse Street,False,False,OPEN,2024-12-30 10:51:05,True,False,,,53.344304,-6.250427,30,24,6,20,4,0,4,30,24,6,20,4,0,4
9487,52,dublin,YORK STREET EAST,York Street East,False,False,OPEN,2024-12-30 10:51:58,True,False,,,53.338755,-6.262003,32,25,7,12,13,0,13,32,25,7,12,13,0,13
9488,48,dublin,EXCISE WALK,Excise Walk,False,False,OPEN,2024-12-30 10:51:38,True,False,,,53.347777,-6.244239,40,5,35,4,1,0,1,40,5,35,4,1,0,1
9489,13,dublin,FITZWILLIAM SQUARE WEST,Fitzwilliam Square West,False,False,OPEN,2024-12-30 10:54:19,True,False,,,53.336074,-6.252825,30,23,7,9,14,0,14,30,23,7,9,14,0,14
9490,43,dublin,PORTOBELLO ROAD,Portobello Road,False,False,OPEN,2024-12-30 10:49:40,True,False,,,53.330091,-6.268044,30,19,11,10,9,0,9,30,19,11,10,9,0,9
9491,31,dublin,PARNELL STREET,Parnell Street,False,False,OPEN,2024-12-30 10:53:43,True,False,,,53.350929,-6.265125,20,13,7,9,4,0,4,20,13,7,9,4,0,4
9492,98,dublin,FREDERICK STREET SOUTH,Frederick Street South,False,False,OPEN,2024-12-30 10:50:55,True,False,,,53.341515,-6.256853,40,20,20,17,3,0,3,40,20,20,17,3,0,3
9493,14,dublin,FOWNES STREET UPPER,Fownes Street Upper,False,False,OPEN,2024-12-30 10:54:46,True,False,,,53.344603,-6.263371,30,13,17,6,7,0,7,30,13,17,6,7,0,7
9494,1,dublin,CLARENDON ROW,Clarendon Row,False,False,OPEN,2024-12-30 10:50:28,True,False,,,53.340927,-6.262501,31,18,13,11,7,0,7,31,18,13,11,7,0,7
9495,23,dublin,CUSTOM HOUSE,Custom House,False,False,OPEN,2024-12-30 10:53:18,True,False,,,53.348279,-6.254662,30,4,26,2,2,0,2,30,4,26,2,2,0,2
9496,106,dublin,RATHDOWN ROAD,Rathdown Road,False,False,OPEN,2024-12-30 10:50:00,True,False,,,53.35893,-6.280337,40,15,25,10,5,0,5,40,15,25,10,5,0,5
9497,112,dublin,NORTH CIRCULAR ROAD (O'CONNELL'S),North Circular Road (O'Connell's),False,False,OPEN,2024-12-30 10:51:16,True,False,,,53.357841,-6.251557,30,6,24,1,5,0,5,30,6,24,1,5,0,5
9498,68,dublin,HANOVER QUAY,Hanover Quay,False,False,OPEN,2024-12-30 10:51:01,True,False,,,53.344115,-6.237153,40,39,1,24,15,0,15,40,39,1,24,15,0,15
9499,74,dublin,OLIVER BOND STREET,Oliver Bond Street,False,False,OPEN,2024-12-30 10:53:41,True,False,,,53.343893,-6.280531,30,15,15,8,7,0,7,30,15,15,8,7,0,7
9500,87,dublin,COLLINS BARRACKS MUSEUM,Collins Barracks Museum,False,False,OPEN,2024-12-30 10:51:37,True,False,,,53.347477,-6.28525,38,25,13,11,14,0,14,38,25,13,11,14,0,14
9501,84,dublin,BROOKFIELD ROAD,Brookfield Road,False,False,OPEN,2024-12-30 10:51:35,True,False,,,53.339005,-6.300217,30,16,14,9,7,0,7,30,16,14,9,7,0,7
9502,90,dublin,BENSON STREET,Benson Street,False,False,OPEN,2024-12-30 10:53:01,True,False,,,53.344153,-6.233451,40,10,30,9,1,0,1,40,10,30,9,1,0,1
9503,11,dublin,EARLSFORT TERRACE,Earlsfort Terrace,False,False,OPEN,2024-12-30 10:49:33,True,False,,,53.334295,-6.258503,30,19,11,15,4,0,4,30,19,11,15,4,0,4
9504,17,dublin,GOLDEN LANE,Golden Lane,False,False,OPEN,2024-12-30 10:51:29,True,False,,,53.340803,-6.267732,20,3,17,3,0,0,0,20,3,17,3,0,0,0
9505,45,dublin,DEVERELL PLACE,Deverell Place,False,False,OPEN,2024-12-30 10:53:55,True,False,,,53.351464,-6.255265,30,1,29,1,0,0,0,30,1,29,1,0,0,0
9506,114,dublin,WILTON TERRACE (PARK),Wilton Terrace (Park),False,False,OPEN,2024-12-30 10:53:07,True,False,,,53.333653,-6.248345,40,3,37,3,0,0,0,40,3,37,3,0,0,0
9507,72,dublin,JOHN STREET WEST,John Street West,False,False,OPEN,2024-12-30 10:52:15,True,False,,,53.343105,-6.277167,31,3,28,1,2,0,2,31,3,28,1,2,0,2
9508,63,dublin,FENIAN STREET,Fenian Street,False,False,OPEN,2024-12-30 10:52:56,True,False,,,53.341428,-6.24672,35,16,19,8,8,0,8,35,16,19,8,8,0,8
9509,113,dublin,MERRION SQUARE SOUTH,Merrion Square South,False,False,OPEN,2024-12-30 10:51:38,True,False,,,53.338614,-6.248606,40,6,23,3,3,0,3,40,6,23,3,3,0,3
9510,91,dublin,SOUTH DOCK ROAD,South Dock Road,False,False,OPEN,2024-12-30 10:49:51,True,False,,,53.341833,-6.231291,30,13,17,7,6,0,6,30,13,17,7,6,0,6
9511,99,dublin,CITY QUAY,City Quay,False,False,OPEN,2024-12-30 10:53:58,True,False,,,53.346637,-6.246154,30,20,10,7,13,0,13,30,20,10,7,13,0,13
9512,9,dublin,EXCHEQUER STREET,Exchequer Street,False,False,OPEN,2024-12-30 10:54:24,True,False,,,53.343034,-6.263578,24,6,18,5,1,0,1,24,6,18,5,1,0,1
9513,67,dublin,THE POINT,The Point,False,False,OPEN,2024-12-30 10:49:39,True,False,,,53.346867,-6.230852,40,20,20,11,9,0,9,40,20,20,11,9,0,9
9514,116,dublin,BROADSTONE,Broadstone,False,False,OPEN,2024-12-30 10:48:48,True,False,,,53.3547,-6.272314,30,9,21,0,9,0,9,30,9,21,0,9,0,9
9515,55,dublin,HATCH STREET,Hatch Street,False,False,OPEN,2024-12-30 10:53:19,True,False,,,53.33403,-6.260714,36,9,27,5,4,0,4,36,9,27,5,4,0,4
9516,62,dublin,LIME STREET,Lime Street,False,False,OPEN,2024-12-30 10:50:42,True,False,,,53.346026,-6.243576,40,15,25,6,9,0,9,40,15,25,6,9,0,9
9517,5,dublin,CHARLEMONT PLACE,Charlemont Street,False,False,OPEN,2024-12-30 10:46:43,True,False,,,53.330662,-6.260177,40,34,6,28,6,0,6,40,34,6,28,6,0,6
9518,97,dublin,KILMAINHAM GAOL,Kilmainham Gaol,False,False,OPEN,2024-12-30 10:50:45,True,False,,,53.342113,-6.310015,40,17,23,5,12,0,12,40,17,23,5,12,0,12
9519,61,dublin,HARDWICKE PLACE,Hardwicke Place,False,False,OPEN,2024-12-30 10:49:01,True,False,,,53.357043,-6.263232,25,0,25,0,0,0,0,25,0,25,0,0,0,0
9520,77,dublin,WOLFE TONE STREET,Wolfe Tone Street,False,False,OPEN,2024-12-30 10:53:45,True,False,,,53.348875,-6.267459,29,28,1,6,22,0,22,29,28,1,6,22,0,22
9521,73,dublin,FRANCIS STREET,Francis Street,False,False,OPEN,2024-12-30 10:51:55,True,False,,,53.342081,-6.275233,30,3,27,0,3,0,3,30,3,27,0,3,0,3
9522,4,dublin,GREEK STREET,Greek Street,False,False,OPEN,2024-12-30 10:51:51,True,False,,,53.346874,-6.272976,20,12,8,5,7,0,7,20,12,8,5,7,0,7
9523,49,dublin,GUILD STREET,Guild Street,False,False,OPEN,2024-12-30 10:53:50,True,False,,,53.347932,-6.240928,40,22,18,12,10,0,10,40,22,18,12,10,0,10
9524,19,dublin,HERBERT PLACE,Herbert Place,False,False,OPEN,2024-12-30 10:52:25,True,False,,,53.334432,-6.245575,30,6,24,5,1,0,1,30,6,24,5,1,0,1
9525,7,dublin,HIGH STREET,High Street,False,False,OPEN,2024-12-30 10:50:17,True,False,,,53.343565,-6.275071,29,10,19,5,5,0,5,29,10,19,5,5,0,5
9526,60,dublin,NORTH CIRCULAR ROAD,North Circular Road,False,False,OPEN,2024-12-30 10:45:51,True,False,,,53.359624,-6.260348,30,5,25,1,4,0,4,30,5,25,1,4,0,4
9527,102,dublin,WESTERN WAY,Western Way,False,False,OPEN,2024-12-30 10:50:49,True,False,,,53.354929,-6.269425,40,16,24,14,2,0,2,40,16,24,14,2,0,2
9528,38,dublin,TALBOT STREET,Talbot Street,False,False,OPEN,2024-12-30 10:53:57,True,False,,,53.350974,-6.25294,40,26,14,19,7,0,7,40,26,14,19,7,0,7
9529,53,dublin,NEWMAN HOUSE,Newman House,False,False,OPEN,2024-12-30 10:51:17,True,False,,,53.337132,-6.26059,40,16,24,14,2,0,2,40,16,24,14,2,0,2
9530,58,dublin,SIR PATRICK DUN'S,Sir Patrick's Dun,False,False,OPEN,2024-12-30 10:53:13,True,False,,,53.339218,-6.240642,40,16,24,15,1,0,1,40,16,24,15,1,0,1
9531,66,dublin,NEW CENTRAL BANK,New Central Bank,False,False,OPEN,2024-12-30 10:49:57,True,False,,,53.347122,-6.234749,40,2,38,1,1,0,1,40,2,38,1,1,0,1
9532,104,dublin,GRANGEGORMAN LOWER (CENTRAL),Grangegorman Lower (Central),False,False,OPEN,2024-12-30 10:46:04,True,False,,,53.355173,-6.278424,40,20,20,11,9,0,9,40,20,20,11,9,0,9
9533,101,dublin,KING STREET NORTH,King Street North,False,False,OPEN,2024-12-30 10:49:32,True,False,,,53.350291,-6.273507,30,2,28,2,0,0,0,30,2,28,2,0,0,0
9534,115,dublin,KILLARNEY STREET,Killarney Street,False,False,OPEN,2024-12-30 10:53:42,True,False,,,53.354845,-6.247579,30,20,10,11,9,0,9,30,20,10,11,9,0,9
9535,47,dublin,HERBERT STREET,Herbert Street,False,False,OPEN,2024-12-30 10:51:36,True,False,,,53.335742,-6.24551,40,2,38,2,0,0,0,40,2,38,2,0,0,0
9536,117,dublin,HANOVER QUAY EAST,Hanover Quay East,False,False,OPEN,2024-12-30 10:50:07,True,False,,,53.343653,-6.231755,40,8,32,7,1,0,1,40,8,32,7,1,0,1
9537,8,dublin,CUSTOM HOUSE QUAY,Custom House Quay,False,False,OPEN,2024-12-30 10:53:54,True,False,,,53.347884,-6.248048,30,13,17,7,6,0,6,30,13,17,7,6,0,6
9538,27,dublin,MOLESWORTH STREET,Molesworth Street,False,False,OPEN,2024-12-30 10:50:10,True,False,,,53.341288,-6.258117,20,15,5,5,10,0,10,20,15,5,5,10,0,10
9539,16,dublin,GEORGES QUAY,Georges Quay,False,False,OPEN,2024-12-30 10:48:47,True,False,,,53.347508,-6.252192,20,5,15,3,2,0,2,20,5,15,3,2,0,2
9540,96,dublin,KILMAINHAM LANE,Kilmainham Lane,False,False,OPEN,2024-12-30 10:52:46,True,False,,,53.341805,-6.305085,30,17,13,14,3,0,3,30,17,13,14,3,0,3
9541,82,dublin,MOUNT BROWN,Mount Brown,False,False,OPEN,2024-12-30 10:53:27,True,False,,,53.341645,-6.29719,22,5,17,1,4,0,4,22,5,17,1,4,0,4
9542,76,dublin,MARKET STREET SOUTH,Market Street South,False,False,OPEN,2024-12-30 10:50:37,True,False,,,53.342296,-6.287661,38,3,35,2,1,0,1,38,3,35,2,1,0,1
9543,71,dublin,KEVIN STREET,Kevin Street,False,False,OPEN,2024-12-30 10:52:19,True,False,,,53.337757,-6.267699,40,29,11,22,7,0,7,40,29,11,22,7,0,7
9544,79,dublin,ECCLES STREET EAST,Eccles Street East,False,False,OPEN,2024-12-30 10:44:26,True,False,,,53.358115,-6.265601,27,6,21,5,1,0,1,27,6,21,5,1,0,1
9545,69,dublin,GRAND CANAL DOCK,Grand Canal Dock,False,False,OPEN,2024-12-30 10:53:16,True,False,,,53.342638,-6.238695,40,31,9,21,10,0,10,40,31,9,21,10,0,10
9546,25,dublin,MERRION SQUARE EAST,Merrion Square East,False,False,OPEN,2024-12-30 10:53:34,True,False,,,53.339434,-6.246548,30,5,25,1,4,0,4,30,5,25,1,4,0,4
9547,51,dublin,YORK STREET WEST,York Street West,False,False,OPEN,2024-12-30 10:50:28,True,False,,,53.339334,-6.264699,40,0,0,0,0,0,0,40,0,0,0,0,0,0
9548,37,dublin,ST. STEPHEN'S GREEN SOUTH,St. Stephen's Green South,False,False,OPEN,2024-12-30 10:50:06,True,False,,,53.337494,-6.26199,30,22,8,11,11,0,11,30,22,8,11,11,0,11
9549,59,dublin,DENMARK STREET GREAT,Denmark Street Great,False,False,OPEN,2024-12-30 10:46:06,True,False,,,53.35561,-6.261397,20,1,19,1,0,0,0,20,1,19,1,0,0,0
9550,95,dublin,ROYAL HOSPITAL,Royal Hospital,False,False,OPEN,2024-12-30 10:53:37,True,False,,,53.343897,-6.29706,40,6,34,0,6,0,6,40,6,34,0,6,0,6
9551,94,dublin,HEUSTON STATION (CAR PARK),Heuston Station (Car Park),False,False,OPEN,2024-12-30 10:53:29,True,False,,,53.346985,-6.297804,40,8,32,8,0,0,0,40,8,32,8,0,0,0
9552,105,dublin,GRANGEGORMAN LOWER (NORTH),Grangegorman Lower (North),False,False,OPEN,2024-12-30 10:53:27,True,False,,,53.355954,-6.278378,36,11,25,7,4,0,4,36,11,25,7,4,0,4
9553,36,dublin,ST. STEPHEN'S GREEN EAST,St. Stephen's Green East,False,False,OPEN,2024-12-30 10:49:58,True,False,,,53.337824,-6.256035,40,17,23,12,5,0,5,40,17,23,12,5,0,5
9554,93,dublin,HEUSTON STATION (CENTRAL),Heuston Station (Central),False,False,OPEN,2024-12-30 10:52:39,True,False,,,53.346603,-6.296924,40,8,32,8,0,0,0,40,8,32,8,0,0,0
9555,22,dublin,TOWNSEND STREET,Townsend Street,False,False,OPEN,2024-12-30 10:53:48,True,False,,,53.345922,-6.254614,20,5,15,2,3,0,3,20,5,15,2,3,0,3
9556,50,dublin,GEORGES LANE,George's Lane,False,False,OPEN,2024-12-30 10:52:47,True,False,,,53.35023,-6.279696,40,0,40,0,0,0,0,40,0,40,0,0,0,0
9557,110,dublin,PHIBSBOROUGH ROAD,Phibsborough Road,False,False,OPEN,2024-12-30 10:52:55,True,False,,,53.356307,-6.273717,40,20,20,9,11,0,11,40,20,20,9,11,0,11
9558,12,dublin,ECCLES STREET,Eccles Street,False,False,OPEN,2024-12-30 10:50:28,True,False,,,53.359246,-6.269779,20,2,18,2,0,0,0,20,2,18,2,0,0,0
9559,34,dublin,PORTOBELLO HARBOUR,Portobello Harbour,False,False,OPEN,2024-12-30 10:52:46,True,False,,,53.330362,-6.265163,30,9,21,9,0,0,0,30,9,21,9,0,0,0
9560,78,dublin,MATER HOSPITAL,Mater Hospital,False,False,OPEN,2024-12-30 10:53:46,True,False,,,53.359967,-6.264828,40,20,20,15,5,0,5,40,20,20,15,5,0,5
9561,2,dublin,BLESSINGTON STREET,Blessington Street,False,False,OPEN,2024-12-30 10:49:37,True,False,,,53.356769,-6.26814,20,0,20,0,0,0,0,20,0,20,0,0,0,0
9562,75,dublin,JAMES STREET,James Street,False,False,OPEN,2024-12-30 10:53:31,True,False,,,53.343456,-6.287409,40,12,28,8,4,0,4,40,12,28,8,4,0,4
9563,111,dublin,MOUNTJOY SQUARE EAST,Mountjoy Square East,False,False,OPEN,2024-12-30 10:48:38,True,False,,,53.356717,-6.256359,40,0,40,0,0,0,0,40,0,40,0,0,0,0
9564,26,dublin,MERRION SQUARE WEST,Merrion Square West,False,False,OPEN,2024-12-30 10:51:21,True,False,,,53.339764,-6.251988,20,16,4,5,11,0,11,20,16,4,5,11,0,11
9565,65,dublin,CONVENTION CENTRE,Convention Centre,False,False,OPEN,2024-12-30 10:53:19,True,False,,,53.34744,-6.238523,40,5,35,2,3,0,3,40,5,35,2,3,0,3
9566,15,dublin,HARDWICKE STREET,Hardwicke Street,False,False,OPEN,2024-12-30 10:53:24,True,False,,,53.355473,-6.264423,16,0,16,0,0,0,0,16,0,16,0,0,0,0
9567,86,dublin,PARKGATE STREET,Parkgate Street,False,False,OPEN,2024-12-30 10:54:41,True,False,,,53.347972,-6.291804,38,16,22,3,13,0,13,38,16,22,3,13,0,13
9568,35,dublin,SMITHFIELD,Smithfield,False,False,OPEN,2024-12-30 10:53:27,True,False,,,53.347692,-6.278214,30,21,9,12,9,0,9,30,21,9,12,9,0,9
9569,10,dublin,DAME STREET,Dame Street,False,False,OPEN,2024-12-30 10:52:44,True,False,,,53.344007,-6.266802,16,16,0,13,3,0,3,16,16,0,13,3,0,3
9570,100,dublin,HEUSTON BRIDGE (SOUTH),Heuston Bridge (South),False,False,OPEN,2024-12-30 10:45:43,False,False,,,53.347106,-6.292041,25,11,14,7,4,0,4,25,11,14,7,4,0,4
9571,24,dublin,CATHAL BRUGHA STREET,Cathal Brugha Street,False,False,OPEN,2024-12-30 10:53:32,True,False,,,53.352149,-6.260533,20,0,19,0,0,0,0,20,0,19,0,0,0,0
9572,64,dublin,SANDWITH STREET,Sandwith Street,False,False,OPEN,2024-12-30 10:53:25,True,False,,,53.345203,-6.247163,40,11,29,9,2,0,2,40,11,29,9,2,0,2
9573,109,dublin,BUCKINGHAM STREET LOWER,Buckingham Street Lower,False,False,OPEN,2024-12-30 10:52:12,True,False,,,53.353331,-6.249319,29,6,23,3,3,0,3,29,6,23,3,3,0,3
9574,85,dublin,ROTHE ABBEY,Rothe Abbey,False,False,OPEN,2024-12-30 10:53:34,True,False,,,53.338776,-6.30395,35,17,18,5,12,0,12,35,17,18,5,12,0,12
9575,107,dublin,CHARLEVILLE ROAD,Charleville Road,False,False,OPEN,2024-12-30 10:52:10,True,False,,,53.359157,-6.281866,40,19,21,12,7,0,7,40,19,21,12,7,0,7
9576,33,dublin,PRINCES STREET / O'CONNELL STREET,Princes Street / O'Connell Street,False,False,OPEN,2024-12-30 10:51:33,True,False,,,53.349013,-6.260311,23,12,11,10,2,0,2,23,12,11,10,2,0,2
9577,44,dublin,UPPER SHERRARD STREET,Upper Sherrard Street,False,False,OPEN,2024-12-30 10:53:05,True,False,,,53.358437,-6.260641,30,1,29,1,0,0,0,30,1,29,1,0,0,0
9578,89,dublin,FITZWILLIAM SQUARE EAST,Fitzwilliam Square East,False,False,OPEN,2024-12-30 10:52:21,True,False,,,53.335211,-6.2509,40,18,22,10,8,0,8,40,18,22,10,8,0,8
9579,57,dublin,GRATTAN STREET,Grattan Street,False,False,OPEN,2024-12-30 10:49:20,True,False,,,53.339629,-6.243778,23,4,19,3,1,0,1,23,4,19,3,1,0,1
9580,80,dublin,ST JAMES HOSPITAL (LUAS),St James Hospital (Luas),False,False,OPEN,2024-12-30 10:54:46,True,False,,,53.341359,-6.292951,40,11,29,3,8,0,8,40,11,29,3,8,0,8
9581,41,dublin,HARCOURT TERRACE,Harcourt Terrace,False,False,OPEN,2024-12-30 10:49:34,True,False,,,53.332763,-6.257942,20,14,6,7,7,0,7,20,14,6,7,7,0,7
9582,3,dublin,BOLTON STREET,Bolton Street,False,False,OPEN,2024-12-30 10:51:47,True,False,,,53.351182,-6.269859,20,6,14,4,2,0,2,20,6,14,4,2,0,2
9583,40,dublin,JERVIS STREET,Jervis Street,False,False,OPEN,2024-12-30 10:53:40,True,False,,,53.3483,-6.266651,21,16,5,7,9,0,9,21,16,5,7,9,0,9
9584,29,dublin,ORMOND QUAY UPPER,Ormond Quay Upper,False,False,OPEN,2024-12-30 10:49:11,True,False,,,53.346057,-6.268001,29,12,17,8,4,0,4,29,12,17,8,4,0,4
9585,103,dublin,GRANGEGORMAN LOWER (SOUTH),Grangegorman Lower (South),False,False,OPEN,2024-12-30 10:51:08,True,False,,,53.354663,-6.278681,40,4,36,3,1,0,1,40,4,36,3,1,0,1
9586,28,dublin,MOUNTJOY SQUARE WEST,Mountjoy Square West,False,False,OPEN,2024-12-30 10:50:58,True,False,,,53.356299,-6.258586,30,5,25,0,5,0,5,30,5,25,0,5,0,5
9587,39,dublin,WILTON TERRACE,Wilton Terrace,False,False,OPEN,2024-12-30 10:52:23,True,False,,,53.332383,-6.252717,20,2,18,1,1,0,1,20,2,18,1,1,0,1
9588,83,dublin,EMMET ROAD,Emmet Road,False,False,OPEN,2024-12-30 10:51:38,True,False,,,53.340714,-6.308191,40,17,23,11,6,0,6,40,17,23,11,6,0,6
9589,92,dublin,HEUSTON BRIDGE (NORTH),Heuston Bridge (North),False,False,OPEN,2024-12-30 10:49:40,True,False,,,53.347802,-6.292432,40,25,15,16,9,0,9,40,25,15,16,9,0,9
9590,21,dublin,LEINSTER STREET SOUTH,Leinster Street South,False,False,OPEN,2024-12-30 10:50:41,True,False,,,53.34218,-6.254485,30,6,24,5,1,0,1,30,6,24,5,1,0,1
9591,88,dublin,BLACKHALL PLACE,Blackhall Place,False,False,OPEN,2024-12-30 10:52:14,True,False,,,53.3488,-6.281637,30,4,26,3,1,0,1,30,4,26,3,1,0,1
9592,42,dublin,SMITHFIELD NORTH,Smithfield North,False,False,OPEN,2024-12-30 11:24:28,True,False,,,53.349562,-6.278198,30,13,17,8,5,0,5,30,13,17,8,5,0,5
9593,30,dublin,PARNELL SQUARE NORTH,Parnell Square North,False,False,OPEN,2024-12-30 11:17:26,True,False,,,53.3537415547453,-6.26530144781526,20,2,18,1,1,0,1,20,2,18,1,1,0,1
9594,54,dublin,CLONMEL STREET,Clonmel Street,False,False,OPEN,2024-12-30 11:24:32,True,False,,,53.336021,-6.26298,33,18,15,9,9,0,9,33,18,15,9,9,0,9
9595,108,dublin,AVONDALE ROAD,Avondale Road,False,False,OPEN,2024-12-30 11:23:56,True,False,,,53.359405,-6.276142,35,8,27,3,5,0,5,35,8,27,3,5,0,5
9596,20,dublin,JAMES STREET EAST,James Street East,False,False,OPEN,2024-12-30 11:23:51,True,False,,,53.336597,-6.248109,30,1,29,1,0,0,0,30,1,29,1,0,0,0
9597,56,dublin,MOUNT STREET LOWER,Mount Street Lower,False,False,OPEN,2024-12-30 11:20:08,True,False,,,53.33796,-6.24153,40,27,13,17,10,0,10,40,27,13,17,10,0,10
9598,6,dublin,CHRISTCHURCH PLACE,Christchurch Place,False,False,OPEN,2024-12-30 11:20:14,True,False,,,53.343368,-6.27012,20,5,15,2,3,0,3,20,5,15,2,3,0,3
9599,18,dublin,GRANTHAM STREET,Grantham Street,False,False,OPEN,2024-12-30 11:21:06,True,False,,,53.334123,-6.265436,30,1,29,1,0,0,0,30,1,29,1,0,0,0
9600,32,dublin,PEARSE STREET,Pearse Street,False,False,OPEN,2024-12-30 11:20:03,True,False,,,53.344304,-6.250427,30,25,5,21,4,0,4,30,25,5,21,4,0,4
9601,52,dublin,YORK STREET EAST,York Street East,False,False,OPEN,2024-12-30 11:19:54,True,False,,,53.338755,-6.262003,32,25,7,12,13,0,13,32,25,7,12,13,0,13
9602,48,dublin,EXCISE WALK,Excise Walk,False,False,OPEN,2024-12-30 11:21:53,True,False,,,53.347777,-6.244239,40,4,36,4,0,0,0,40,4,36,4,0,0,0
9603,13,dublin,FITZWILLIAM SQUARE WEST,Fitzwilliam Square West,False,False,OPEN,2024-12-30 11:24:32,True,False,,,53.336074,-6.252825,30,23,7,9,14,0,14,30,23,7,9,14,0,14
9604,43,dublin,PORTOBELLO ROAD,Portobello Road,False,False,OPEN,2024-12-30 11:19:56,True,False,,,53.330091,-6.268044,30,21,9,12,9,0,9,30,21,9,12,9,0,9
9605,31,dublin,PARNELL STREET,Parnell Street,False,False,OPEN,2024-12-30 11:24:04,True,False,,,53.350929,-6.265125,20,5,15,4,1,0,1,20,5,15,4,1,0,1
9606,98,dublin,FREDERICK STREET SOUTH,Frederick Street South,False,False,OPEN,2024-12-30 11:21:07,True,False,,,53.341515,-6.256853,40,21,19,17,4,0,4,40,21,19,17,4,0,4
9607,14,dublin,FOWNES STREET UPPER,Fownes Street Upper,False,False,OPEN,2024-12-30 11:23:08,True,False,,,53.344603,-6.263371,30,13,17,6,7,0,7,30,13,17,6,7,0,7
9608,1,dublin,CLARENDON ROW,Clarendon Row,False,False,OPEN,2024-12-30 11:19:48,True,False,,,53.340927,-6.262501,31,19,12,10,9,0,9,31,19,12,10,9,0,9
9609,23,dublin,CUSTOM HOUSE,Custom House,False,False,OPEN,2024-12-30 11:23:35,True,False,,,53.348279,-6.254662,30,6,24,4,2,0,2,30,6,24,4,2,0,2
9610,106,dublin,RATHDOWN ROAD,Rathdown Road,False,False,OPEN,2024-12-30 11:20:16,True,False,,,53.35893,-6.280337,40,15,25,10,5,0,5,40,15,25,10,5,0,5
9611,112,dublin,NORTH CIRCULAR ROAD (O'CONNELL'S),North Circular Road (O'Connell's),False,False,OPEN,2024-12-30 11:21:36,True,False,,,53.357841,-6.251557,30,4,26,1,3,0,3,30,4,26,1,3,0,3
9612,68,dublin,HANOVER QUAY,Hanover Quay,False,False,OPEN,2024-12-30 11:21:12,True,False,,,53.344115,-6.237153,40,39,1,24,15,0,15,40,39,1,24,15,0,15
9613,74,dublin,OLIVER BOND STREET,Oliver Bond Street,False,False,OPEN,2024-12-30 11:23:59,True,False,,,53.343893,-6.280531,30,14,16,7,7,0,7,30,14,16,7,7,0,7
9614,87,dublin,COLLINS BARRACKS MUSEUM,Collins Barracks Museum,False,False,OPEN,2024-12-30 11:21:54,True,False,,,53.347477,-6.28525,38,26,12,12,14,0,14,38,26,12,12,14,0,14
9615,84,dublin,BROOKFIELD ROAD,Brookfield Road,False,False,OPEN,2024-12-30 11:21:50,True,False,,,53.339005,-6.300217,30,15,15,8,7,0,7,30,15,15,8,7,0,7
9616,90,dublin,BENSON STREET,Benson Street,False,False,OPEN,2024-12-30 11:23:12,True,False,,,53.344153,-6.233451,40,10,30,9,1,0,1,40,10,30,9,1,0,1
9617,11,dublin,EARLSFORT TERRACE,Earlsfort Terrace,False,False,OPEN,2024-12-30 11:19:46,True,False,,,53.334295,-6.258503,30,19,11,15,4,0,4,30,19,11,15,4,0,4
9618,17,dublin,GOLDEN LANE,Golden Lane,False,False,OPEN,2024-12-30 11:17:00,True,False,,,53.340803,-6.267732,20,2,18,2,0,0,0,20,2,18,2,0,0,0
9619,45,dublin,DEVERELL PLACE,Deverell Place,False,False,OPEN,2024-12-30 11:24:09,True,False,,,53.351464,-6.255265,30,0,30,0,0,0,0,30,0,30,0,0,0,0
9620,114,dublin,WILTON TERRACE (PARK),Wilton Terrace (Park),False,False,OPEN,2024-12-30 11:23:22,True,False,,,53.333653,-6.248345,40,3,37,3,0,0,0,40,3,37,3,0,0,0
9621,72,dublin,JOHN STREET WEST,John Street West,False,False,OPEN,2024-12-30 11:22:28,True,False,,,53.343105,-6.277167,31,3,28,1,2,0,2,31,3,28,1,2,0,2
9622,63,dublin,FENIAN STREET,Fenian Street,False,False,OPEN,2024-12-30 11:22:38,True,False,,,53.341428,-6.24672,35,16,19,8,8,0,8,35,16,19,8,8,0,8
9623,113,dublin,MERRION SQUARE SOUTH,Merrion Square South,False,False,OPEN,2024-12-30 11:21:50,True,False,,,53.338614,-6.248606,40,6,23,3,3,0,3,40,6,23,3,3,0,3
9624,91,dublin,SOUTH DOCK ROAD,South Dock Road,False,False,OPEN,2024-12-30 11:20:07,True,False,,,53.341833,-6.231291,30,14,16,8,6,0,6,30,14,16,8,6,0,6
9625,99,dublin,CITY QUAY,City Quay,False,False,OPEN,2024-12-30 11:24:14,True,False,,,53.346637,-6.246154,30,20,10,7,13,0,13,30,20,10,7,13,0,13
9626,9,dublin,EXCHEQUER STREET,Exchequer Street,False,False,OPEN,2024-12-30 11:22:39,True,False,,,53.343034,-6.263578,24,10,14,6,4,0,4,24,10,14,6,4,0,4
9627,67,dublin,THE POINT,The Point,False,False,OPEN,2024-12-30 11:23:28,True,False,,,53.346867,-6.230852,40,19,21,10,9,0,9,40,19,21,10,9,0,9
9628,116,dublin,BROADSTONE,Broadstone,False,False,OPEN,2024-12-30 11:19:01,True,False,,,53.3547,-6.272314,30,8,22,0,8,0,8,30,8,22,0,8,0,8
9629,55,dublin,HATCH STREET,Hatch Street,False,False,OPEN,2024-12-30 11:23:30,True,False,,,53.33403,-6.260714,36,9,27,5,4,0,4,36,9,27,5,4,0,4
9630,62,dublin,LIME STREET,Lime Street,False,False,OPEN,2024-12-30 11:20:56,True,False,,,53.346026,-6.243576,40,15,25,6,9,0,9,40,15,25,6,9,0,9
9631,5,dublin,CHARLEMONT PLACE,Charlemont Street,False,False,OPEN,2024-12-30 11:16:55,True,False,,,53.330662,-6.260177,40,34,6,28,6,0,6,40,34,6,28,6,0,6
9632,97,dublin,KILMAINHAM GAOL,Kilmainham Gaol,False,False,OPEN,2024-12-30 11:21:02,True,False,,,53.342113,-6.310015,40,14,26,5,9,0,9,40,14,26,5,9,0,9
9633,61,dublin,HARDWICKE PLACE,Hardwicke Place,False,False,OPEN,2024-12-30 11:19:14,True,False,,,53.357043,-6.263232,25,0,25,0,0,0,0,25,0,25,0,0,0,0
9634,77,dublin,WOLFE TONE STREET,Wolfe Tone Street,False,False,OPEN,2024-12-30 11:24:29,True,False,,,53.348875,-6.267459,29,29,0,7,22,0,22,29,29,0,7,22,0,22
9635,73,dublin,FRANCIS STREET,Francis Street,False,False,OPEN,2024-12-30 11:22:12,True,False,,,53.342081,-6.275233,30,3,27,0,3,0,3,30,3,27,0,3,0,3
9636,4,dublin,GREEK STREET,Greek Street,False,False,OPEN,2024-12-30 11:22:04,True,False,,,53.346874,-6.272976,20,11,9,4,7,0,7,20,11,9,4,7,0,7
9637,49,dublin,GUILD STREET,Guild Street,False,False,OPEN,2024-12-30 11:24:08,True,False,,,53.347932,-6.240928,40,25,15,15,10,0,10,40,25,15,15,10,0,10
9638,19,dublin,HERBERT PLACE,Herbert Place,False,False,OPEN,2024-12-30 11:22:38,True,False,,,53.334432,-6.245575,30,6,24,5,1,0,1,30,6,24,5,1,0,1
9639,7,dublin,HIGH STREET,High Street,False,False,OPEN,2024-12-30 11:20:30,True,False,,,53.343565,-6.275071,29,11,18,6,5,0,5,29,11,18,6,5,0,5
9640,60,dublin,NORTH CIRCULAR ROAD,North Circular Road,False,False,OPEN,2024-12-30 11:16:04,True,False,,,53.359624,-6.260348,30,4,26,0,4,0,4,30,4,26,0,4,0,4
9641,102,dublin,WESTERN WAY,Western Way,False,False,OPEN,2024-12-30 11:22:26,True,False,,,53.354929,-6.269425,40,14,26,14,0,0,0,40,14,26,14,0,0,0
9642,38,dublin,TALBOT STREET,Talbot Street,False,False,OPEN,2024-12-30 11:23:23,True,False,,,53.350974,-6.25294,40,23,17,19,4,0,4,40,23,17,19,4,0,4
9643,53,dublin,NEWMAN HOUSE,Newman House,False,False,OPEN,2024-12-30 11:21:28,True,False,,,53.337132,-6.26059,40,16,24,14,2,0,2,40,16,24,14,2,0,2
9644,58,dublin,SIR PATRICK DUN'S,Sir Patrick's Dun,False,False,OPEN,2024-12-30 11:24:37,True,False,,,53.339218,-6.240642,40,19,21,18,1,0,1,40,19,21,18,1,0,1
9645,66,dublin,NEW CENTRAL BANK,New Central Bank,False,False,OPEN,2024-12-30 11:20:09,True,False,,,53.347122,-6.234749,40,2,38,1,1,0,1,40,2,38,1,1,0,1
9646,104,dublin,GRANGEGORMAN LOWER (CENTRAL),Grangegorman Lower (Central),False,False,OPEN,2024-12-30 11:16:16,True,False,,,53.355173,-6.278424,40,20,20,11,9,0,9,40,20,20,11,9,0,9
9647,101,dublin,KING STREET NORTH,King Street North,False,False,OPEN,2024-12-30 11:19:48,True,False,,,53.350291,-6.273507,30,2,28,2,0,0,0,30,2,28,2,0,0,0
9648,115,dublin,KILLARNEY STREET,Killarney Street,False,False,OPEN,2024-12-30 11:24:01,True,False,,,53.354845,-6.247579,30,19,11,10,9,0,9,30,19,11,10,9,0,9
9649,47,dublin,HERBERT STREET,Herbert Street,False,False,OPEN,2024-12-30 11:21:53,True,False,,,53.335742,-6.24551,40,2,38,2,0,0,0,40,2,38,2,0,0,0
9650,117,dublin,HANOVER QUAY EAST,Hanover Quay East,False,False,OPEN,2024-12-30 11:20:19,True,False,,,53.343653,-6.231755,40,8,32,7,1,0,1,40,8,32,7,1,0,1
9651,8,dublin,CUSTOM HOUSE QUAY,Custom House Quay,False,False,OPEN,2024-12-30 11:21:10,True,False,,,53.347884,-6.248048,30,13,17,7,6,0,6,30,13,17,7,6,0,6
9652,27,dublin,MOLESWORTH STREET,Molesworth Street,False,False,OPEN,2024-12-30 11:24:32,True,False,,,53.341288,-6.258117,20,15,5,5,10,0,10,20,15,5,5,10,0,10
9653,16,dublin,GEORGES QUAY,Georges Quay,False,False,OPEN,2024-12-30 11:19:00,True,False,,,53.347508,-6.252192,20,5,15,3,2,0,2,20,5,15,3,2,0,2
9654,96,dublin,KILMAINHAM LANE,Kilmainham Lane,False,False,OPEN,2024-12-30 11:23:01,True,False,,,53.341805,-6.305085,30,15,15,12,3,0,3,30,15,15,12,3,0,3
9655,82,dublin,MOUNT BROWN,Mount Brown,False,False,OPEN,2024-12-30 11:20:48,True,False,,,53.341645,-6.29719,22,5,17,1,4,0,4,22,5,17,1,4,0,4
9656,76,dublin,MARKET STREET SOUTH,Market Street South,False,False,OPEN,2024-12-30 11:20:36,True,False,,,53.342296,-6.287661,38,2,36,2,0,0,0,38,2,36,2,0,0,0
9657,71,dublin,KEVIN STREET,Kevin Street,False,False,OPEN,2024-12-30 11:22:39,True,False,,,53.337757,-6.267699,40,26,14,21,5,0,5,40,26,14,21,5,0,5
9658,79,dublin,ECCLES STREET EAST,Eccles Street East,False,False,OPEN,2024-12-30 11:15:30,True,False,,,53.358115,-6.265601,27,5,22,5,0,0,0,27,5,22,5,0,0,0
9659,69,dublin,GRAND CANAL DOCK,Grand Canal Dock,False,False,OPEN,2024-12-30 11:24:30,True,False,,,53.342638,-6.238695,40,35,5,23,12,0,12,40,35,5,23,12,0,12
9660,25,dublin,MERRION SQUARE EAST,Merrion Square East,False,False,OPEN,2024-12-30 11:23:51,True,False,,,53.339434,-6.246548,30,6,24,2,4,0,4,30,6,24,2,4,0,4
9661,51,dublin,YORK STREET WEST,York Street West,False,False,OPEN,2024-12-30 11:20:44,True,False,,,53.339334,-6.264699,40,0,0,0,0,0,0,40,0,0,0,0,0,0
9662,37,dublin,ST. STEPHEN'S GREEN SOUTH,St. Stephen's Green South,False,False,OPEN,2024-12-30 11:20:19,True,False,,,53.337494,-6.26199,30,22,8,11,11,0,11,30,22,8,11,11,0,11
9663,59,dublin,DENMARK STREET GREAT,Denmark Street Great,False,False,OPEN,2024-12-30 11:16:20,True,False,,,53.35561,-6.261397,20,1,19,1,0,0,0,20,1,19,1,0,0,0
9664,95,dublin,ROYAL HOSPITAL,Royal Hospital,False,False,OPEN,2024-12-30 11:23:54,True,False,,,53.343897,-6.29706,40,7,33,1,6,0,6,40,7,33,1,6,0,6
9665,94,dublin,HEUSTON STATION (CAR PARK),Heuston Station (Car Park),False,False,OPEN,2024-12-30 11:23:44,True,False,,,53.346985,-6.297804,40,8,32,8,0,0,0,40,8,32,8,0,0,0
9666,105,dublin,GRANGEGORMAN LOWER (NORTH),Grangegorman Lower (North),False,False,OPEN,2024-12-30 11:23:40,True,False,,,53.355954,-6.278378,36,11,25,7,4,0,4,36,11,25,7,4,0,4
9667,36,dublin,ST. STEPHEN'S GREEN EAST,St. Stephen's Green East,False,False,OPEN,2024-12-30 11:20:10,True,False,,,53.337824,-6.256035,40,17,23,12,5,0,5,40,17,23,12,5,0,5
9668,93,dublin,HEUSTON STATION (CENTRAL),Heuston Station (Central),False,False,OPEN,2024-12-30 11:22:55,True,False,,,53.346603,-6.296924,40,8,32,8,0,0,0,40,8,32,8,0,0,0
9669,22,dublin,TOWNSEND STREET,Townsend Street,False,False,OPEN,2024-12-30 11:23:02,True,False,,,53.345922,-6.254614,20,4,16,1,3,0,3,20,4,16,1,3,0,3
9670,50,dublin,GEORGES LANE,George's Lane,False,False,OPEN,2024-12-30 11:23:00,True,False,,,53.35023,-6.279696,40,0,40,0,0,0,0,40,0,40,0,0,0,0
9671,110,dublin,PHIBSBOROUGH ROAD,Phibsborough Road,False,False,OPEN,2024-12-30 11:23:08,True,False,,,53.356307,-6.273717,40,19,21,8,11,0,11,40,19,21,8,11,0,11
9672,12,dublin,ECCLES STREET,Eccles Street,False,False,OPEN,2024-12-30 11:20:45,True,False,,,53.359246,-6.269779,20,0,20,0,0,0,0,20,0,20,0,0,0,0
9673,34,dublin,PORTOBELLO HARBOUR,Portobello Harbour,False,False,OPEN,2024-12-30 11:23:07,True,False,,,53.330362,-6.265163,30,10,20,10,0,0,0,30,10,20,10,0,0,0
9674,78,dublin,MATER HOSPITAL,Mater Hospital,False,False,OPEN,2024-12-30 11:23:37,True,False,,,53.359967,-6.264828,40,19,21,14,5,0,5,40,19,21,14,5,0,5
9675,2,dublin,BLESSINGTON STREET,Blessington Street,False,False,OPEN,2024-12-30 11:19:49,True,False,,,53.356769,-6.26814,20,0,20,0,0,0,0,20,0,20,0,0,0,0
9676,75,dublin,JAMES STREET,James Street,False,False,OPEN,2024-12-30 11:23:45,True,False,,,53.343456,-6.287409,40,12,28,8,4,0,4,40,12,28,8,4,0,4
9677,111,dublin,MOUNTJOY SQUARE EAST,Mountjoy Square East,False,False,OPEN,2024-12-30 11:18:49,True,False,,,53.356717,-6.256359,40,1,39,1,0,0,0,40,1,39,1,0,0,0
9678,26,dublin,MERRION SQUARE WEST,Merrion Square West,False,False,OPEN,2024-12-30 11:20:26,True,False,,,53.339764,-6.251988,20,17,3,6,11,0,11,20,17,3,6,11,0,11
9679,65,dublin,CONVENTION CENTRE,Convention Centre,False,False,OPEN,2024-12-30 11:23:31,True,False,,,53.34744,-6.238523,40,5,35,2,3,0,3,40,5,35,2,3,0,3
9680,15,dublin,HARDWICKE STREET,Hardwicke Street,False,False,OPEN,2024-12-30 11:23:35,True,False,,,53.355473,-6.264423,16,0,16,0,0,0,0,16,0,16,0,0,0,0
9681,86,dublin,PARKGATE STREET,Parkgate Street,False,False,OPEN,2024-12-30 11:19:10,True,False,,,53.347972,-6.291804,38,15,23,2,13,0,13,38,15,23,2,13,0,13
9682,35,dublin,SMITHFIELD,Smithfield,False,False,OPEN,2024-12-30 11:23:45,True,False,,,53.347692,-6.278214,30,18,12,11,7,0,7,30,18,12,11,7,0,7
9683,10,dublin,DAME STREET,Dame Street,False,False,OPEN,2024-12-30 11:22:58,True,False,,,53.344007,-6.266802,16,16,0,12,4,0,4,16,16,0,12,4,0,4
9684,100,dublin,HEUSTON BRIDGE (SOUTH),Heuston Bridge (South),False,False,OPEN,2024-12-30 11:24:10,True,False,,,53.347106,-6.292041,25,15,10,9,6,0,6,25,15,10,9,6,0,6
9685,24,dublin,CATHAL BRUGHA STREET,Cathal Brugha Street,False,False,OPEN,2024-12-30 11:24:30,True,False,,,53.352149,-6.260533,20,1,18,1,0,0,0,20,1,18,1,0,0,0
9686,64,dublin,SANDWITH STREET,Sandwith Street,False,False,OPEN,2024-12-30 11:23:44,True,False,,,53.345203,-6.247163,40,10,30,8,2,0,2,40,10,30,8,2,0,2
9687,109,dublin,BUCKINGHAM STREET LOWER,Buckingham Street Lower,False,False,OPEN,2024-12-30 11:22:24,True,False,,,53.353331,-6.249319,29,6,23,3,3,0,3,29,6,23,3,3,0,3
9688,85,dublin,ROTHE ABBEY,Rothe Abbey,False,False,OPEN,2024-12-30 11:23:49,True,False,,,53.338776,-6.30395,35,16,19,4,12,0,12,35,16,19,4,12,0,12
9689,107,dublin,CHARLEVILLE ROAD,Charleville Road,False,False,OPEN,2024-12-30 11:22:28,True,False,,,53.359157,-6.281866,40,18,22,11,7,0,7,40,18,22,11,7,0,7
9690,33,dublin,PRINCES STREET / O'CONNELL STREET,Princes Street / O'Connell Street,False,False,OPEN,2024-12-30 11:21:51,True,False,,,53.349013,-6.260311,23,5,18,4,1,0,1,23,5,18,4,1,0,1
9691,44,dublin,UPPER SHERRARD STREET,Upper Sherrard Street,False,False,OPEN,2024-12-30 11:23:21,True,False,,,53.358437,-6.260641,30,1,29,1,0,0,0,30,1,29,1,0,0,0
9692,89,dublin,FITZWILLIAM SQUARE EAST,Fitzwilliam Square East,False,False,OPEN,2024-12-30 11:22:31,True,False,,,53.335211,-6.2509,40,18,22,10,8,0,8,40,18,22,10,8,0,8
9693,57,dublin,GRATTAN STREET,Grattan Street,False,False,OPEN,2024-12-30 11:19:31,True,False,,,53.339629,-6.243778,23,5,18,4,1,0,1,23,5,18,4,1,0,1
9694,80,dublin,ST JAMES HOSPITAL (LUAS),St James Hospital (Luas),False,False,OPEN,2024-12-30 11:14:57,True,False,,,53.341359,-6.292951,40,11,29,3,8,0,8,40,11,29,3,8,0,8
9695,41,dublin,HARCOURT TERRACE,Harcourt Terrace,False,False,OPEN,2024-12-30 11:19:51,True,False,,,53.332763,-6.257942,20,14,6,7,7,0,7,20,14,6,7,7,0,7
9696,3,dublin,BOLTON STREET,Bolton Street,False,False,OPEN,2024-12-30 11:22:03,True,False,,,53.351182,-6.269859,20,4,16,3,1,0,1,20,4,16,3,1,0,1
9697,40,dublin,JERVIS STREET,Jervis Street,False,False,OPEN,2024-12-30 11:23:50,True,False,,,53.3483,-6.266651,21,20,1,7,13,0,13,21,20,1,7,13,0,13
9698,29,dublin,ORMOND QUAY UPPER,Ormond Quay Upper,False,False,OPEN,2024-12-30 11:20:32,True,False,,,53.346057,-6.268001,29,17,11,10,7,0,7,29,17,11,10,7,0,7
9699,103,dublin,GRANGEGORMAN LOWER (SOUTH),Grangegorman Lower (South),False,False,OPEN,2024-12-30 11:21:20,True,False,,,53.354663,-6.278681,40,4,36,3,1,0,1,40,4,36,3,1,0,1
9700,28,dublin,MOUNTJOY SQUARE WEST,Mountjoy Square West,False,False,OPEN,2024-12-30 11:23:21,True,False,,,53.356299,-6.258586,30,21,9,11,10,0,10,30,21,9,11,10,0,10
9701,39,dublin,WILTON TERRACE,Wilton Terrace,False,False,OPEN,2024-12-30 11:22:34,True,False,,,53.332383,-6.252717,20,2,18,1,1,0,1,20,2,18,1,1,0,1
9702,83,dublin,EMMET ROAD,Emmet Road,False,False,OPEN,2024-12-30 11:21:53,True,False,,,53.340714,-6.308191,40,17,23,11,6,0,6,40,17,23,11,6,0,6
9703,92,dublin,HEUSTON BRIDGE (NORTH),Heuston Bridge (North),False,False,OPEN,2024-12-30 11:19:59,True,False,,,53.347802,-6.292432,40,21,19,12,9,0,9,40,21,19,12,9,0,9
9704,21,dublin,LEINSTER STREET SOUTH,Leinster Street South,False,False,OPEN,2024-12-30 11:21:11,True,False,,,53.34218,-6.254485,30,5,25,5,0,0,0,30,5,25,5,0,0,0
9705,88,dublin,BLACKHALL PLACE,Blackhall Place,False,False,OPEN,2024-12-30 11:22:32,True,False,,,53.3488,-6.281637,30,4,26,2,2,0,2,30,4,26,2,2,0,2
9706,42,dublin,SMITHFIELD NORTH,Smithfield North,False,False,OPEN,2024-12-30 11:52:50,True,False,,,53.349562,-6.278198,30,11,19,8,3,0,3,30,11,19,8,3,0,3
9707,30,dublin,PARNELL SQUARE NORTH,Parnell Square North,False,False,OPEN,2024-12-30 11:47:39,True,False,,,53.3537415547453,-6.26530144781526,20,2,18,1,1,0,1,20,2,18,1,1,0,1
9708,54,dublin,CLONMEL STREET,Clonmel Street,False,False,OPEN,2024-12-30 11:44:42,True,False,,,53.336021,-6.26298,33,18,15,9,9,0,9,33,18,15,9,9,0,9
9709,108,dublin,AVONDALE ROAD,Avondale Road,False,False,OPEN,2024-12-30 11:52:19,True,False,,,53.359405,-6.276142,35,4,31,0,4,0,4,35,4,31,0,4,0,4
9710,20,dublin,JAMES STREET EAST,James Street East,False,False,OPEN,2024-12-30 11:54:03,True,False,,,53.336597,-6.248109,30,0,30,0,0,0,0,30,0,30,0,0,0,0
9711,56,dublin,MOUNT STREET LOWER,Mount Street Lower,False,False,OPEN,2024-12-30 11:50:20,True,False,,,53.33796,-6.24153,40,27,13,17,10,0,10,40,27,13,17,10,0,10
9712,6,dublin,CHRISTCHURCH PLACE,Christchurch Place,False,False,OPEN,2024-12-30 11:50:28,True,False,,,53.343368,-6.27012,20,3,17,0,3,0,3,20,3,17,0,3,0,3
9713,18,dublin,GRANTHAM STREET,Grantham Street,False,False,OPEN,2024-12-30 11:51:20,True,False,,,53.334123,-6.265436,30,0,30,0,0,0,0,30,0,30,0,0,0,0
9714,32,dublin,PEARSE STREET,Pearse Street,False,False,OPEN,2024-12-30 11:50:14,True,False,,,53.344304,-6.250427,30,26,4,22,4,0,4,30,26,4,22,4,0,4
9715,52,dublin,YORK STREET EAST,York Street East,False,False,OPEN,2024-12-30 11:50:07,True,False,,,53.338755,-6.262003,32,26,6,13,13,0,13,32,26,6,13,13,0,13
9716,48,dublin,EXCISE WALK,Excise Walk,False,False,OPEN,2024-12-30 11:52:06,True,False,,,53.347777,-6.244239,40,4,36,4,0,0,0,40,4,36,4,0,0,0
9717,13,dublin,FITZWILLIAM SQUARE WEST,Fitzwilliam Square West,False,False,OPEN,2024-12-30 11:54:44,True,False,,,53.336074,-6.252825,30,23,7,9,14,0,14,30,23,7,9,14,0,14
9718,43,dublin,PORTOBELLO ROAD,Portobello Road,False,False,OPEN,2024-12-30 11:50:13,True,False,,,53.330091,-6.268044,30,21,9,12,9,0,9,30,21,9,12,9,0,9
9719,31,dublin,PARNELL STREET,Parnell Street,False,False,OPEN,2024-12-30 11:54:18,True,False,,,53.350929,-6.265125,20,7,13,6,1,0,1,20,7,13,6,1,0,1
9720,98,dublin,FREDERICK STREET SOUTH,Frederick Street South,False,False,OPEN,2024-12-30 11:51:20,True,False,,,53.341515,-6.256853,40,22,18,18,4,0,4,40,22,18,18,4,0,4
9721,14,dublin,FOWNES STREET UPPER,Fownes Street Upper,False,False,OPEN,2024-12-30 11:53:22,True,False,,,53.344603,-6.263371,30,16,14,8,8,0,8,30,16,14,8,8,0,8
9722,1,dublin,CLARENDON ROW,Clarendon Row,False,False,OPEN,2024-12-30 11:50:00,True,False,,,53.340927,-6.262501,31,19,12,10,9,0,9,31,19,12,10,9,0,9
9723,23,dublin,CUSTOM HOUSE,Custom House,False,False,OPEN,2024-12-30 11:53:53,True,False,,,53.348279,-6.254662,30,7,23,5,2,0,2,30,7,23,5,2,0,2
9724,106,dublin,RATHDOWN ROAD,Rathdown Road,False,False,OPEN,2024-12-30 11:50:33,True,False,,,53.35893,-6.280337,40,16,24,10,6,0,6,40,16,24,10,6,0,6
9725,112,dublin,NORTH CIRCULAR ROAD (O'CONNELL'S),North Circular Road (O'Connell's),False,False,OPEN,2024-12-30 11:51:50,True,False,,,53.357841,-6.251557,30,3,27,0,3,0,3,30,3,27,0,3,0,3
9726,68,dublin,HANOVER QUAY,Hanover Quay,False,False,OPEN,2024-12-30 11:51:24,True,False,,,53.344115,-6.237153,40,39,1,23,16,0,16,40,39,1,23,16,0,16
9727,74,dublin,OLIVER BOND STREET,Oliver Bond Street,False,False,OPEN,2024-12-30 11:54:22,True,False,,,53.343893,-6.280531,30,13,17,7,6,0,6,30,13,17,7,6,0,6
9728,87,dublin,COLLINS BARRACKS MUSEUM,Collins Barracks Museum,False,False,OPEN,2024-12-30 11:52:12,True,False,,,53.347477,-6.28525,38,25,13,11,14,0,14,38,25,13,11,14,0,14
9729,84,dublin,BROOKFIELD ROAD,Brookfield Road,False,False,OPEN,2024-12-30 11:52:06,True,False,,,53.339005,-6.300217,30,13,17,6,7,0,7,30,13,17,6,7,0,7
9730,90,dublin,BENSON STREET,Benson Street,False,False,OPEN,2024-12-30 11:53:23,True,False,,,53.344153,-6.233451,40,10,30,9,1,0,1,40,10,30,9,1,0,1
9731,11,dublin,EARLSFORT TERRACE,Earlsfort Terrace,False,False,OPEN,2024-12-30 11:49:58,True,False,,,53.334295,-6.258503,30,19,11,15,4,0,4,30,19,11,15,4,0,4
9732,17,dublin,GOLDEN LANE,Golden Lane,False,False,OPEN,2024-12-30 11:52:08,True,False,,,53.340803,-6.267732,20,3,17,3,0,0,0,20,3,17,3,0,0,0
9733,45,dublin,DEVERELL PLACE,Deverell Place,False,False,OPEN,2024-12-30 11:54:21,True,False,,,53.351464,-6.255265,30,1,29,1,0,0,0,30,1,29,1,0,0,0
9734,114,dublin,WILTON TERRACE (PARK),Wilton Terrace (Park),False,False,OPEN,2024-12-30 11:53:38,True,False,,,53.333653,-6.248345,40,3,37,3,0,0,0,40,3,37,3,0,0,0
9735,72,dublin,JOHN STREET WEST,John Street West,False,False,OPEN,2024-12-30 11:53:59,True,False,,,53.343105,-6.277167,31,4,27,2,2,0,2,31,4,27,2,2,0,2
9736,63,dublin,FENIAN STREET,Fenian Street,False,False,OPEN,2024-12-30 11:52:52,True,False,,,53.341428,-6.24672,35,17,18,8,9,0,9,35,17,18,8,9,0,9
9737,113,dublin,MERRION SQUARE SOUTH,Merrion Square South,False,False,OPEN,2024-12-30 11:52:03,True,False,,,53.338614,-6.248606,40,6,23,3,3,0,3,40,6,23,3,3,0,3
9738,91,dublin,SOUTH DOCK ROAD,South Dock Road,False,False,OPEN,2024-12-30 11:50:27,True,False,,,53.341833,-6.231291,30,15,15,9,6,0,6,30,15,15,9,6,0,6
9739,99,dublin,CITY QUAY,City Quay,False,False,OPEN,2024-12-30 11:54:32,True,False,,,53.346637,-6.246154,30,19,11,6,13,0,13,30,19,11,6,13,0,13
9740,9,dublin,EXCHEQUER STREET,Exchequer Street,False,False,OPEN,2024-12-30 11:52:53,True,False,,,53.343034,-6.263578,24,11,13,8,3,0,3,24,11,13,8,3,0,3
9741,67,dublin,THE POINT,The Point,False,False,OPEN,2024-12-30 11:50:06,True,False,,,53.346867,-6.230852,40,16,24,8,8,0,8,40,16,24,8,8,0,8
9742,116,dublin,BROADSTONE,Broadstone,False,False,OPEN,2024-12-30 11:49:13,True,False,,,53.3547,-6.272314,30,8,22,0,8,0,8,30,8,22,0,8,0,8
9743,55,dublin,HATCH STREET,Hatch Street,False,False,OPEN,2024-12-30 11:53:41,True,False,,,53.33403,-6.260714,36,9,27,5,4,0,4,36,9,27,5,4,0,4
9744,62,dublin,LIME STREET,Lime Street,False,False,OPEN,2024-12-30 11:51:08,True,False,,,53.346026,-6.243576,40,15,25,6,9,0,9,40,15,25,6,9,0,9
9745,5,dublin,CHARLEMONT PLACE,Charlemont Street,False,False,OPEN,2024-12-30 11:48:01,True,False,,,53.330662,-6.260177,40,34,6,28,6,0,6,40,34,6,28,6,0,6
9746,97,dublin,KILMAINHAM GAOL,Kilmainham Gaol,False,False,OPEN,2024-12-30 11:51:16,True,False,,,53.342113,-6.310015,40,14,26,5,9,0,9,40,14,26,5,9,0,9
9747,61,dublin,HARDWICKE PLACE,Hardwicke Place,False,False,OPEN,2024-12-30 11:49:26,True,False,,,53.357043,-6.263232,25,0,25,0,0,0,0,25,0,25,0,0,0,0
9748,77,dublin,WOLFE TONE STREET,Wolfe Tone Street,False,False,OPEN,2024-12-30 11:51:02,True,False,,,53.348875,-6.267459,29,12,17,3,9,0,9,29,12,17,3,9,0,9
9749,73,dublin,FRANCIS STREET,Francis Street,False,False,OPEN,2024-12-30 11:52:25,True,False,,,53.342081,-6.275233,30,4,26,1,3,0,3,30,4,26,1,3,0,3
9750,4,dublin,GREEK STREET,Greek Street,False,False,OPEN,2024-12-30 11:52:37,True,False,,,53.346874,-6.272976,20,10,10,3,7,0,7,20,10,10,3,7,0,7
9751,49,dublin,GUILD STREET,Guild Street,False,False,OPEN,2024-12-30 11:54:28,True,False,,,53.347932,-6.240928,40,29,11,17,12,0,12,40,29,11,17,12,0,12
9752,19,dublin,HERBERT PLACE,Herbert Place,False,False,OPEN,2024-12-30 11:52:51,True,False,,,53.334432,-6.245575,30,6,24,5,1,0,1,30,6,24,5,1,0,1
9753,7,dublin,HIGH STREET,High Street,False,False,OPEN,2024-12-30 11:50:46,True,False,,,53.343565,-6.275071,29,10,19,5,5,0,5,29,10,19,5,5,0,5
9754,60,dublin,NORTH CIRCULAR ROAD,North Circular Road,False,False,OPEN,2024-12-30 11:46:21,True,False,,,53.359624,-6.260348,30,0,30,0,0,0,0,30,0,30,0,0,0,0
9755,102,dublin,WESTERN WAY,Western Way,False,False,OPEN,2024-12-30 11:51:22,True,False,,,53.354929,-6.269425,40,14,26,14,0,0,0,40,14,26,14,0,0,0
9756,38,dublin,TALBOT STREET,Talbot Street,False,False,OPEN,2024-12-30 11:53:22,True,False,,,53.350974,-6.25294,40,23,17,18,5,0,5,40,23,17,18,5,0,5
9757,53,dublin,NEWMAN HOUSE,Newman House,False,False,OPEN,2024-12-30 11:51:39,True,False,,,53.337132,-6.26059,40,16,24,14,2,0,2,40,16,24,14,2,0,2
9758,58,dublin,SIR PATRICK DUN'S,Sir Patrick's Dun,False,False,OPEN,2024-12-30 11:52:46,True,False,,,53.339218,-6.240642,40,16,24,15,1,0,1,40,16,24,15,1,0,1
9759,66,dublin,NEW CENTRAL BANK,New Central Bank,False,False,OPEN,2024-12-30 11:50:25,True,False,,,53.347122,-6.234749,40,3,37,1,2,0,2,40,3,37,1,2,0,2
9760,104,dublin,GRANGEGORMAN LOWER (CENTRAL),Grangegorman Lower (Central),False,False,OPEN,2024-12-30 11:48:10,True,False,,,53.355173,-6.278424,40,20,20,11,9,0,9,40,20,20,11,9,0,9
9761,101,dublin,KING STREET NORTH,King Street North,False,False,OPEN,2024-12-30 11:50:02,True,False,,,53.350291,-6.273507,30,1,29,1,0,0,0,30,1,29,1,0,0,0
9762,115,dublin,KILLARNEY STREET,Killarney Street,False,False,OPEN,2024-12-30 11:54:16,True,False,,,53.354845,-6.247579,30,17,13,9,8,0,8,30,17,13,9,8,0,8
9763,47,dublin,HERBERT STREET,Herbert Street,False,False,OPEN,2024-12-30 11:52:10,True,False,,,53.335742,-6.24551,40,2,38,2,0,0,0,40,2,38,2,0,0,0
9764,117,dublin,HANOVER QUAY EAST,Hanover Quay East,False,False,OPEN,2024-12-30 11:50:31,True,False,,,53.343653,-6.231755,40,8,32,7,1,0,1,40,8,32,7,1,0,1
9765,8,dublin,CUSTOM HOUSE QUAY,Custom House Quay,False,False,OPEN,2024-12-30 11:51:23,True,False,,,53.347884,-6.248048,30,15,15,9,6,0,6,30,15,15,9,6,0,6
9766,27,dublin,MOLESWORTH STREET,Molesworth Street,False,False,OPEN,2024-12-30 11:50:36,True,False,,,53.341288,-6.258117,20,15,5,5,10,0,10,20,15,5,5,10,0,10
9767,16,dublin,GEORGES QUAY,Georges Quay,False,False,OPEN,2024-12-30 11:49:13,True,False,,,53.347508,-6.252192,20,5,15,3,2,0,2,20,5,15,3,2,0,2
9768,96,dublin,KILMAINHAM LANE,Kilmainham Lane,False,False,OPEN,2024-12-30 11:53:17,True,False,,,53.341805,-6.305085,30,16,14,12,4,0,4,30,16,14,12,4,0,4
9769,82,dublin,MOUNT BROWN,Mount Brown,False,False,OPEN,2024-12-30 11:51:02,True,False,,,53.341645,-6.29719,22,5,17,1,4,0,4,22,5,17,1,4,0,4
9770,76,dublin,MARKET STREET SOUTH,Market Street South,False,False,OPEN,2024-12-30 11:50:54,True,False,,,53.342296,-6.287661,38,2,36,2,0,0,0,38,2,36,2,0,0,0
9771,71,dublin,KEVIN STREET,Kevin Street,False,False,OPEN,2024-12-30 11:52:51,True,False,,,53.337757,-6.267699,40,26,14,21,5,0,5,40,26,14,21,5,0,5
9772,79,dublin,ECCLES STREET EAST,Eccles Street East,False,False,OPEN,2024-12-30 11:53:33,True,False,,,53.358115,-6.265601,27,4,23,4,0,0,0,27,4,23,4,0,0,0
9773,69,dublin,GRAND CANAL DOCK,Grand Canal Dock,False,False,OPEN,2024-12-30 11:53:50,True,False,,,53.342638,-6.238695,40,38,2,25,13,0,13,40,38,2,25,13,0,13
9774,25,dublin,MERRION SQUARE EAST,Merrion Square East,False,False,OPEN,2024-12-30 11:54:07,True,False,,,53.339434,-6.246548,30,6,24,2,4,0,4,30,6,24,2,4,0,4
9775,51,dublin,YORK STREET WEST,York Street West,False,False,OPEN,2024-12-30 11:51:01,True,False,,,53.339334,-6.264699,40,0,0,0,0,0,0,40,0,0,0,0,0,0
9776,37,dublin,ST. STEPHEN'S GREEN SOUTH,St. Stephen's Green South,False,False,OPEN,2024-12-30 11:50:32,True,False,,,53.337494,-6.26199,30,22,8,11,11,0,11,30,22,8,11,11,0,11
9777,59,dublin,DENMARK STREET GREAT,Denmark Street Great,False,False,OPEN,2024-12-30 11:48:21,True,False,,,53.35561,-6.261397,20,0,20,0,0,0,0,20,0,20,0,0,0,0
9778,95,dublin,ROYAL HOSPITAL,Royal Hospital,False,False,OPEN,2024-12-30 11:54:12,True,False,,,53.343897,-6.29706,40,6,34,1,5,0,5,40,6,34,1,5,0,5
9779,94,dublin,HEUSTON STATION (CAR PARK),Heuston Station (Car Park),False,False,OPEN,2024-12-30 11:54:01,True,False,,,53.346985,-6.297804,40,8,32,8,0,0,0,40,8,32,8,0,0,0
9780,105,dublin,GRANGEGORMAN LOWER (NORTH),Grangegorman Lower (North),False,False,OPEN,2024-12-30 11:53:53,True,False,,,53.355954,-6.278378,36,11,25,7,4,0,4,36,11,25,7,4,0,4
9781,36,dublin,ST. STEPHEN'S GREEN EAST,St. Stephen's Green East,False,False,OPEN,2024-12-30 11:50:26,True,False,,,53.337824,-6.256035,40,16,24,12,4,0,4,40,16,24,12,4,0,4
9782,93,dublin,HEUSTON STATION (CENTRAL),Heuston Station (Central),False,False,OPEN,2024-12-30 11:53:11,True,False,,,53.346603,-6.296924,40,8,32,8,0,0,0,40,8,32,8,0,0,0
9783,22,dublin,TOWNSEND STREET,Townsend Street,False,False,OPEN,2024-12-30 11:52:16,True,False,,,53.345922,-6.254614,20,5,15,2,3,0,3,20,5,15,2,3,0,3
9784,50,dublin,GEORGES LANE,George's Lane,False,False,OPEN,2024-12-30 11:53:12,True,False,,,53.35023,-6.279696,40,0,40,0,0,0,0,40,0,40,0,0,0,0
9785,110,dublin,PHIBSBOROUGH ROAD,Phibsborough Road,False,False,OPEN,2024-12-30 11:53:19,True,False,,,53.356307,-6.273717,40,19,21,8,11,0,11,40,19,21,8,11,0,11
9786,12,dublin,ECCLES STREET,Eccles Street,False,False,OPEN,2024-12-30 11:53:29,True,False,,,53.359246,-6.269779,20,1,19,0,1,0,1,20,1,19,0,1,0,1
9787,34,dublin,PORTOBELLO HARBOUR,Portobello Harbour,False,False,OPEN,2024-12-30 11:53:28,True,False,,,53.330362,-6.265163,30,6,24,5,1,0,1,30,6,24,5,1,0,1
9788,78,dublin,MATER HOSPITAL,Mater Hospital,False,False,OPEN,2024-12-30 11:53:40,True,False,,,53.359967,-6.264828,40,19,21,14,5,0,5,40,19,21,14,5,0,5
9789,2,dublin,BLESSINGTON STREET,Blessington Street,False,False,OPEN,2024-12-30 11:50:01,True,False,,,53.356769,-6.26814,20,0,20,0,0,0,0,20,0,20,0,0,0,0
9790,75,dublin,JAMES STREET,James Street,False,False,OPEN,2024-12-30 11:54:04,True,False,,,53.343456,-6.287409,40,11,29,7,4,0,4,40,11,29,7,4,0,4
9791,111,dublin,MOUNTJOY SQUARE EAST,Mountjoy Square East,False,False,OPEN,2024-12-30 11:52:05,True,False,,,53.356717,-6.256359,40,2,38,2,0,0,0,40,2,38,2,0,0,0
9792,26,dublin,MERRION SQUARE WEST,Merrion Square West,False,False,OPEN,2024-12-30 11:52:06,True,False,,,53.339764,-6.251988,20,18,2,6,12,0,12,20,18,2,6,12,0,12
9793,65,dublin,CONVENTION CENTRE,Convention Centre,False,False,OPEN,2024-12-30 11:53:43,True,False,,,53.34744,-6.238523,40,6,34,1,5,0,5,40,6,34,1,5,0,5
9794,15,dublin,HARDWICKE STREET,Hardwicke Street,False,False,OPEN,2024-12-30 11:53:46,True,False,,,53.355473,-6.264423,16,0,16,0,0,0,0,16,0,16,0,0,0,0
9795,86,dublin,PARKGATE STREET,Parkgate Street,False,False,OPEN,2024-12-30 11:54:20,True,False,,,53.347972,-6.291804,38,17,21,2,15,0,15,38,17,21,2,15,0,15
9796,35,dublin,SMITHFIELD,Smithfield,False,False,OPEN,2024-12-30 11:54:15,True,False,,,53.347692,-6.278214,30,17,13,9,8,0,8,30,17,13,9,8,0,8
9797,10,dublin,DAME STREET,Dame Street,False,False,OPEN,2024-12-30 11:53:11,True,False,,,53.344007,-6.266802,16,16,0,12,4,0,4,16,16,0,12,4,0,4
9798,100,dublin,HEUSTON BRIDGE (SOUTH),Heuston Bridge (South),False,False,OPEN,2024-12-30 11:46:02,True,False,,,53.347106,-6.292041,25,15,10,9,6,0,6,25,15,10,9,6,0,6
9799,24,dublin,CATHAL BRUGHA STREET,Cathal Brugha Street,False,False,OPEN,2024-12-30 11:54:16,True,False,,,53.352149,-6.260533,20,2,18,0,2,0,2,20,2,18,0,2,0,2
9800,64,dublin,SANDWITH STREET,Sandwith Street,False,False,OPEN,2024-12-30 11:54:01,True,False,,,53.345203,-6.247163,40,11,29,9,2,0,2,40,11,29,9,2,0,2
9801,109,dublin,BUCKINGHAM STREET LOWER,Buckingham Street Lower,False,False,OPEN,2024-12-30 11:52:39,True,False,,,53.353331,-6.249319,29,5,24,3,2,0,2,29,5,24,3,2,0,2
9802,85,dublin,ROTHE ABBEY,Rothe Abbey,False,False,OPEN,2024-12-30 11:54:01,True,False,,,53.338776,-6.30395,35,16,19,4,12,0,12,35,16,19,4,12,0,12
9803,107,dublin,CHARLEVILLE ROAD,Charleville Road,False,False,OPEN,2024-12-30 11:52:44,True,False,,,53.359157,-6.281866,40,18,22,11,7,0,7,40,18,22,11,7,0,7
9804,33,dublin,PRINCES STREET / O'CONNELL STREET,Princes Street / O'Connell Street,False,False,OPEN,2024-12-30 11:54:26,True,False,,,53.349013,-6.260311,23,16,7,14,2,0,2,23,16,7,14,2,0,2
9805,44,dublin,UPPER SHERRARD STREET,Upper Sherrard Street,False,False,OPEN,2024-12-30 11:53:38,True,False,,,53.358437,-6.260641,30,0,30,0,0,0,0,30,0,30,0,0,0,0
9806,89,dublin,FITZWILLIAM SQUARE EAST,Fitzwilliam Square East,False,False,OPEN,2024-12-30 11:52:42,True,False,,,53.335211,-6.2509,40,18,22,10,8,0,8,40,18,22,10,8,0,8
9807,57,dublin,GRATTAN STREET,Grattan Street,False,False,OPEN,2024-12-30 11:49:42,True,False,,,53.339629,-6.243778,23,5,18,4,1,0,1,23,5,18,4,1,0,1
9808,80,dublin,ST JAMES HOSPITAL (LUAS),St James Hospital (Luas),False,False,OPEN,2024-12-30 11:45:13,True,False,,,53.341359,-6.292951,40,11,29,3,8,0,8,40,11,29,3,8,0,8
9809,41,dublin,HARCOURT TERRACE,Harcourt Terrace,False,False,OPEN,2024-12-30 11:50:09,True,False,,,53.332763,-6.257942,20,13,7,7,6,0,6,20,13,7,7,6,0,6
9810,3,dublin,BOLTON STREET,Bolton Street,False,False,OPEN,2024-12-30 11:52:19,True,False,,,53.351182,-6.269859,20,5,15,4,1,0,1,20,5,15,4,1,0,1
9811,40,dublin,JERVIS STREET,Jervis Street,False,False,OPEN,2024-12-30 11:54:05,True,False,,,53.3483,-6.266651,21,20,1,7,13,0,13,21,20,1,7,13,0,13
9812,29,dublin,ORMOND QUAY UPPER,Ormond Quay Upper,False,False,OPEN,2024-12-30 11:54:44,True,False,,,53.346057,-6.268001,29,19,10,11,8,0,8,29,19,10,11,8,0,8
9813,103,dublin,GRANGEGORMAN LOWER (SOUTH),Grangegorman Lower (South),False,False,OPEN,2024-12-30 11:51:32,True,False,,,53.354663,-6.278681,40,4,36,3,1,0,1,40,4,36,3,1,0,1
9814,28,dublin,MOUNTJOY SQUARE WEST,Mountjoy Square West,False,False,OPEN,2024-12-30 11:51:36,True,False,,,53.356299,-6.258586,30,16,14,8,8,0,8,30,16,14,8,8,0,8
9815,39,dublin,WILTON TERRACE,Wilton Terrace,False,False,OPEN,2024-12-30 11:52:51,True,False,,,53.332383,-6.252717,20,2,18,1,1,0,1,20,2,18,1,1,0,1
9816,83,dublin,EMMET ROAD,Emmet Road,False,False,OPEN,2024-12-30 11:52:12,True,False,,,53.340714,-6.308191,40,16,24,11,5,0,5,40,16,24,11,5,0,5
9817,92,dublin,HEUSTON BRIDGE (NORTH),Heuston Bridge (North),False,False,OPEN,2024-12-30 11:50:12,True,False,,,53.347802,-6.292432,40,22,18,14,8,0,8,40,22,18,14,8,0,8
9818,21,dublin,LEINSTER STREET SOUTH,Leinster Street South,False,False,OPEN,2024-12-30 11:51:11,True,False,,,53.34218,-6.254485,30,5,25,5,0,0,0,30,5,25,5,0,0,0
9819,88,dublin,BLACKHALL PLACE,Blackhall Place,False,False,OPEN,2024-12-30 11:52:50,True,False,,,53.3488,-6.281637,30,2,28,2,0,0,0,30,2,28,2,0,0,0
9820,42,dublin,SMITHFIELD NORTH,Smithfield North,False,False,OPEN,2024-12-30 12:24:45,True,False,,,53.349562,-6.278198,30,6,24,4,2,0,2,30,6,24,4,2,0,2
9821,30,dublin,PARNELL SQUARE NORTH,Parnell Square North,False,False,OPEN,2024-12-30 12:19:06,True,False,,,53.3537415547453,-6.26530144781526,20,3,17,2,1,0,1,20,3,17,2,1,0,1
9822,54,dublin,CLONMEL STREET,Clonmel Street,False,False,OPEN,2024-12-30 12:14:55,True,False,,,53.336021,-6.26298,33,18,15,9,9,0,9,33,18,15,9,9,0,9
9823,108,dublin,AVONDALE ROAD,Avondale Road,False,False,OPEN,2024-12-30 12:22:32,True,False,,,53.359405,-6.276142,35,5,30,0,5,0,5,35,5,30,0,5,0,5
9824,20,dublin,JAMES STREET EAST,James Street East,False,False,OPEN,2024-12-30 12:24:15,True,False,,,53.336597,-6.248109,30,0,30,0,0,0,0,30,0,30,0,0,0,0
9825,56,dublin,MOUNT STREET LOWER,Mount Street Lower,False,False,OPEN,2024-12-30 12:20:35,True,False,,,53.33796,-6.24153,40,29,11,18,11,0,11,40,29,11,18,11,0,11
9826,6,dublin,CHRISTCHURCH PLACE,Christchurch Place,False,False,OPEN,2024-12-30 12:20:40,True,False,,,53.343368,-6.27012,20,4,16,0,4,0,4,20,4,16,0,4,0,4
9827,18,dublin,GRANTHAM STREET,Grantham Street,False,False,OPEN,2024-12-30 12:21:34,True,False,,,53.334123,-6.265436,30,2,28,1,1,0,1,30,2,28,1,1,0,1
9828,32,dublin,PEARSE STREET,Pearse Street,False,False,OPEN,2024-12-30 12:20:26,True,False,,,53.344304,-6.250427,30,27,3,22,5,0,5,30,27,3,22,5,0,5
9829,52,dublin,YORK STREET EAST,York Street East,False,False,OPEN,2024-12-30 12:20:21,True,False,,,53.338755,-6.262003,32,26,6,13,13,0,13,32,26,6,13,13,0,13
9830,48,dublin,EXCISE WALK,Excise Walk,False,False,OPEN,2024-12-30 12:22:18,True,False,,,53.347777,-6.244239,40,5,35,5,0,0,0,40,5,35,5,0,0,0
9831,13,dublin,FITZWILLIAM SQUARE WEST,Fitzwilliam Square West,False,False,OPEN,2024-12-30 12:20:22,True,False,,,53.336074,-6.252825,30,22,8,9,13,0,13,30,22,8,9,13,0,13
9832,43,dublin,PORTOBELLO ROAD,Portobello Road,False,False,OPEN,2024-12-30 12:23:01,True,False,,,53.330091,-6.268044,30,20,10,11,9,0,9,30,20,10,11,9,0,9
9833,31,dublin,PARNELL STREET,Parnell Street,False,False,OPEN,2024-12-30 12:24:31,True,False,,,53.350929,-6.265125,20,8,12,7,1,0,1,20,8,12,7,1,0,1
9834,98,dublin,FREDERICK STREET SOUTH,Frederick Street South,False,False,OPEN,2024-12-30 12:21:30,True,False,,,53.341515,-6.256853,40,22,18,18,4,0,4,40,22,18,18,4,0,4
9835,14,dublin,FOWNES STREET UPPER,Fownes Street Upper,False,False,OPEN,2024-12-30 12:24:30,True,False,,,53.344603,-6.263371,30,21,9,12,9,0,9,30,21,9,12,9,0,9
9836,1,dublin,CLARENDON ROW,Clarendon Row,False,False,OPEN,2024-12-30 12:24:40,True,False,,,53.340927,-6.262501,31,21,10,12,9,0,9,31,21,10,12,9,0,9
9837,23,dublin,CUSTOM HOUSE,Custom House,False,False,OPEN,2024-12-30 12:24:13,True,False,,,53.348279,-6.254662,30,7,23,6,1,0,1,30,7,23,6,1,0,1
9838,106,dublin,RATHDOWN ROAD,Rathdown Road,False,False,OPEN,2024-12-30 12:20:49,True,False,,,53.35893,-6.280337,40,16,24,10,6,0,6,40,16,24,10,6,0,6
9839,112,dublin,NORTH CIRCULAR ROAD (O'CONNELL'S),North Circular Road (O'Connell's),False,False,OPEN,2024-12-30 12:22:06,True,False,,,53.357841,-6.251557,30,1,29,0,1,0,1,30,1,29,0,1,0,1
9840,68,dublin,HANOVER QUAY,Hanover Quay,False,False,OPEN,2024-12-30 12:21:37,True,False,,,53.344115,-6.237153,40,39,1,23,16,0,16,40,39,1,23,16,0,16
9841,74,dublin,OLIVER BOND STREET,Oliver Bond Street,False,False,OPEN,2024-12-30 12:24:38,True,False,,,53.343893,-6.280531,30,13,17,7,6,0,6,30,13,17,7,6,0,6
9842,87,dublin,COLLINS BARRACKS MUSEUM,Collins Barracks Museum,False,False,OPEN,2024-12-30 12:22:29,True,False,,,53.347477,-6.28525,38,24,14,10,14,0,14,38,24,14,10,14,0,14
9843,84,dublin,BROOKFIELD ROAD,Brookfield Road,False,False,OPEN,2024-12-30 12:23:00,True,False,,,53.339005,-6.300217,30,13,17,6,7,0,7,30,13,17,6,7,0,7
9844,90,dublin,BENSON STREET,Benson Street,False,False,OPEN,2024-12-30 12:23:40,True,False,,,53.344153,-6.233451,40,8,32,7,1,0,1,40,8,32,7,1,0,1
9845,11,dublin,EARLSFORT TERRACE,Earlsfort Terrace,False,False,OPEN,2024-12-30 12:20:10,True,False,,,53.334295,-6.258503,30,19,11,15,4,0,4,30,19,11,15,4,0,4
9846,17,dublin,GOLDEN LANE,Golden Lane,False,False,OPEN,2024-12-30 12:17:26,True,False,,,53.340803,-6.267732,20,3,17,3,0,0,0,20,3,17,3,0,0,0
9847,45,dublin,DEVERELL PLACE,Deverell Place,False,False,OPEN,2024-12-30 12:24:37,True,False,,,53.351464,-6.255265,30,0,30,0,0,0,0,30,0,30,0,0,0,0
9848,114,dublin,WILTON TERRACE (PARK),Wilton Terrace (Park),False,False,OPEN,2024-12-30 12:23:55,True,False,,,53.333653,-6.248345,40,4,36,4,0,0,0,40,4,36,4,0,0,0
9849,72,dublin,JOHN STREET WEST,John Street West,False,False,OPEN,2024-12-30 12:22:54,True,False,,,53.343105,-6.277167,31,4,27,2,2,0,2,31,4,27,2,2,0,2
9850,63,dublin,FENIAN STREET,Fenian Street,False,False,OPEN,2024-12-30 12:23:06,True,False,,,53.341428,-6.24672,35,16,19,7,9,0,9,35,16,19,7,9,0,9
9851,113,dublin,MERRION SQUARE SOUTH,Merrion Square South,False,False,OPEN,2024-12-30 12:22:15,True,False,,,53.338614,-6.248606,40,6,23,3,3,0,3,40,6,23,3,3,0,3
9852,91,dublin,SOUTH DOCK ROAD,South Dock Road,False,False,OPEN,2024-12-30 12:22:17,True,False,,,53.341833,-6.231291,30,18,12,13,5,0,5,30,18,12,13,5,0,5
9853,99,dublin,CITY QUAY,City Quay,False,False,OPEN,2024-12-30 12:14:43,True,False,,,53.346637,-6.246154,30,19,11,6,13,0,13,30,19,11,6,13,0,13
9854,9,dublin,EXCHEQUER STREET,Exchequer Street,False,False,OPEN,2024-12-30 12:23:05,True,False,,,53.343034,-6.263578,24,13,11,10,3,0,3,24,13,11,10,3,0,3
9855,67,dublin,THE POINT,The Point,False,False,OPEN,2024-12-30 12:20:17,True,False,,,53.346867,-6.230852,40,20,20,12,8,0,8,40,20,20,12,8,0,8
9856,116,dublin,BROADSTONE,Broadstone,False,False,OPEN,2024-12-30 12:19:25,True,False,,,53.3547,-6.272314,30,8,22,0,8,0,8,30,8,22,0,8,0,8
9857,55,dublin,HATCH STREET,Hatch Street,False,False,OPEN,2024-12-30 12:23:57,True,False,,,53.33403,-6.260714,36,9,27,5,4,0,4,36,9,27,5,4,0,4
9858,62,dublin,LIME STREET,Lime Street,False,False,OPEN,2024-12-30 12:21:21,True,False,,,53.346026,-6.243576,40,15,25,6,9,0,9,40,15,25,6,9,0,9
9859,5,dublin,CHARLEMONT PLACE,Charlemont Street,False,False,OPEN,2024-12-30 12:20:32,True,False,,,53.330662,-6.260177,40,34,6,28,6,0,6,40,34,6,28,6,0,6
9860,97,dublin,KILMAINHAM GAOL,Kilmainham Gaol,False,False,OPEN,2024-12-30 12:21:32,True,False,,,53.342113,-6.310015,40,13,27,5,8,0,8,40,13,27,5,8,0,8
9861,61,dublin,HARDWICKE PLACE,Hardwicke Place,False,False,OPEN,2024-12-30 12:19:38,True,False,,,53.357043,-6.263232,25,0,25,0,0,0,0,25,0,25,0,0,0,0
9862,77,dublin,WOLFE TONE STREET,Wolfe Tone Street,False,False,OPEN,2024-12-30 12:21:19,True,False,,,53.348875,-6.267459,29,18,11,6,12,0,12,29,18,11,6,12,0,12
9863,73,dublin,FRANCIS STREET,Francis Street,False,False,OPEN,2024-12-30 12:22:42,True,False,,,53.342081,-6.275233,30,2,28,0,2,0,2,30,2,28,0,2,0,2
9864,4,dublin,GREEK STREET,Greek Street,False,False,OPEN,2024-12-30 12:22:31,True,False,,,53.346874,-6.272976,20,10,10,3,7,0,7,20,10,10,3,7,0,7
9865,49,dublin,GUILD STREET,Guild Street,False,False,OPEN,2024-12-30 12:14:41,True,False,,,53.347932,-6.240928,40,29,11,17,12,0,12,40,29,11,17,12,0,12
9866,19,dublin,HERBERT PLACE,Herbert Place,False,False,OPEN,2024-12-30 12:23:06,True,False,,,53.334432,-6.245575,30,4,26,3,1,0,1,30,4,26,3,1,0,1
9867,7,dublin,HIGH STREET,High Street,False,False,OPEN,2024-12-30 12:20:58,True,False,,,53.343565,-6.275071,29,10,19,5,5,0,5,29,10,19,5,5,0,5
9868,60,dublin,NORTH CIRCULAR ROAD,North Circular Road,False,False,OPEN,2024-12-30 12:20:28,True,False,,,53.359624,-6.260348,30,1,29,0,1,0,1,30,1,29,0,1,0,1
9869,102,dublin,WESTERN WAY,Western Way,False,False,OPEN,2024-12-30 12:21:34,True,False,,,53.354929,-6.269425,40,14,26,14,0,0,0,40,14,26,14,0,0,0
9870,38,dublin,TALBOT STREET,Talbot Street,False,False,OPEN,2024-12-30 12:23:34,True,False,,,53.350974,-6.25294,40,24,16,18,6,0,6,40,24,16,18,6,0,6
9871,53,dublin,NEWMAN HOUSE,Newman House,False,False,OPEN,2024-12-30 12:21:51,True,False,,,53.337132,-6.26059,40,16,24,14,2,0,2,40,16,24,14,2,0,2
9872,58,dublin,SIR PATRICK DUN'S,Sir Patrick's Dun,False,False,OPEN,2024-12-30 12:23:49,True,False,,,53.339218,-6.240642,40,15,25,14,1,0,1,40,15,25,14,1,0,1
9873,66,dublin,NEW CENTRAL BANK,New Central Bank,False,False,OPEN,2024-12-30 12:24:31,True,False,,,53.347122,-6.234749,40,4,36,2,2,0,2,40,4,36,2,2,0,2
9874,104,dublin,GRANGEGORMAN LOWER (CENTRAL),Grangegorman Lower (Central),False,False,OPEN,2024-12-30 12:16:42,True,False,,,53.355173,-6.278424,40,20,20,11,9,0,9,40,20,20,11,9,0,9
9875,101,dublin,KING STREET NORTH,King Street North,False,False,OPEN,2024-12-30 12:20:15,True,False,,,53.350291,-6.273507,30,1,29,0,1,0,1,30,1,29,0,1,0,1
9876,115,dublin,KILLARNEY STREET,Killarney Street,False,False,OPEN,2024-12-30 12:24:29,True,False,,,53.354845,-6.247579,30,17,13,9,8,0,8,30,17,13,9,8,0,8
9877,47,dublin,HERBERT STREET,Herbert Street,False,False,OPEN,2024-12-30 12:22:28,True,False,,,53.335742,-6.24551,40,1,39,1,0,0,0,40,1,39,1,0,0,0
9878,117,dublin,HANOVER QUAY EAST,Hanover Quay East,False,False,OPEN,2024-12-30 12:20:43,True,False,,,53.343653,-6.231755,40,8,32,7,1,0,1,40,8,32,7,1,0,1
9879,8,dublin,CUSTOM HOUSE QUAY,Custom House Quay,False,False,OPEN,2024-12-30 12:21:43,True,False,,,53.347884,-6.248048,30,12,18,6,6,0,6,30,12,18,6,6,0,6
9880,27,dublin,MOLESWORTH STREET,Molesworth Street,False,False,OPEN,2024-12-30 12:24:01,True,False,,,53.341288,-6.258117,20,13,7,4,9,0,9,20,13,7,4,9,0,9
9881,16,dublin,GEORGES QUAY,Georges Quay,False,False,OPEN,2024-12-30 12:19:27,True,False,,,53.347508,-6.252192,20,5,15,3,2,0,2,20,5,15,3,2,0,2
9882,96,dublin,KILMAINHAM LANE,Kilmainham Lane,False,False,OPEN,2024-12-30 12:23:29,True,False,,,53.341805,-6.305085,30,16,14,12,4,0,4,30,16,14,12,4,0,4
9883,82,dublin,MOUNT BROWN,Mount Brown,False,False,OPEN,2024-12-30 12:21:15,True,False,,,53.341645,-6.29719,22,6,16,2,4,0,4,22,6,16,2,4,0,4
9884,76,dublin,MARKET STREET SOUTH,Market Street South,False,False,OPEN,2024-12-30 12:24:33,True,False,,,53.342296,-6.287661,38,1,37,1,0,0,0,38,1,37,1,0,0,0
9885,71,dublin,KEVIN STREET,Kevin Street,False,False,OPEN,2024-12-30 12:23:08,True,False,,,53.337757,-6.267699,40,24,16,19,5,0,5,40,24,16,19,5,0,5
9886,79,dublin,ECCLES STREET EAST,Eccles Street East,False,False,OPEN,2024-12-30 12:15:57,True,False,,,53.358115,-6.265601,27,4,23,4,0,0,0,27,4,23,4,0,0,0
9887,69,dublin,GRAND CANAL DOCK,Grand Canal Dock,False,False,OPEN,2024-12-30 12:24:05,True,False,,,53.342638,-6.238695,40,38,2,25,13,0,13,40,38,2,25,13,0,13
9888,25,dublin,MERRION SQUARE EAST,Merrion Square East,False,False,OPEN,2024-12-30 12:24:26,True,False,,,53.339434,-6.246548,30,5,25,2,3,0,3,30,5,25,2,3,0,3
9889,51,dublin,YORK STREET WEST,York Street West,False,False,OPEN,2024-12-30 12:21:17,True,False,,,53.339334,-6.264699,40,0,0,0,0,0,0,40,0,0,0,0,0,0
9890,37,dublin,ST. STEPHEN'S GREEN SOUTH,St. Stephen's Green South,False,False,OPEN,2024-12-30 12:20:43,True,False,,,53.337494,-6.26199,30,22,8,11,11,0,11,30,22,8,11,11,0,11
9891,59,dublin,DENMARK STREET GREAT,Denmark Street Great,False,False,OPEN,2024-12-30 12:16:46,True,False,,,53.35561,-6.261397,20,0,20,0,0,0,0,20,0,20,0,0,0,0
9892,95,dublin,ROYAL HOSPITAL,Royal Hospital,False,False,OPEN,2024-12-30 12:24:32,True,False,,,53.343897,-6.29706,40,6,34,1,5,0,5,40,6,34,1,5,0,5
9893,94,dublin,HEUSTON STATION (CAR PARK),Heuston Station (Car Park),False,False,OPEN,2024-12-30 12:24:16,True,False,,,53.346985,-6.297804,40,8,32,8,0,0,0,40,8,32,8,0,0,0
9894,105,dublin,GRANGEGORMAN LOWER (NORTH),Grangegorman Lower (North),False,False,OPEN,2024-12-30 12:24:06,True,False,,,53.355954,-6.278378,36,11,25,7,4,0,4,36,11,25,7,4,0,4
9895,36,dublin,ST. STEPHEN'S GREEN EAST,St. Stephen's Green East,False,False,OPEN,2024-12-30 12:20:41,True,False,,,53.337824,-6.256035,40,16,24,12,4,0,4,40,16,24,12,4,0,4
9896,93,dublin,HEUSTON STATION (CENTRAL),Heuston Station (Central),False,False,OPEN,2024-12-30 12:23:26,True,False,,,53.346603,-6.296924,40,8,32,8,0,0,0,40,8,32,8,0,0,0
9897,22,dublin,TOWNSEND STREET,Townsend Street,False,False,OPEN,2024-12-30 12:23:11,True,False,,,53.345922,-6.254614,20,6,14,3,3,0,3,20,6,14,3,3,0,3
9898,50,dublin,GEORGES LANE,George's Lane,False,False,OPEN,2024-12-30 12:23:24,True,False,,,53.35023,-6.279696,40,0,40,0,0,0,0,40,0,40,0,0,0,0
9899,110,dublin,PHIBSBOROUGH ROAD,Phibsborough Road,False,False,OPEN,2024-12-30 12:23:32,True,False,,,53.356307,-6.273717,40,18,22,8,10,0,10,40,18,22,8,10,0,10
9900,12,dublin,ECCLES STREET,Eccles Street,False,False,OPEN,2024-12-30 12:22:36,True,False,,,53.359246,-6.269779,20,0,20,0,0,0,0,20,0,20,0,0,0,0
9901,34,dublin,PORTOBELLO HARBOUR,Portobello Harbour,False,False,OPEN,2024-12-30 12:23:46,True,False,,,53.330362,-6.265163,30,10,20,9,1,0,1,30,10,20,9,1,0,1
9902,78,dublin,MATER HOSPITAL,Mater Hospital,False,False,OPEN,2024-12-30 12:23:52,True,False,,,53.359967,-6.264828,40,19,21,14,5,0,5,40,19,21,14,5,0,5
9903,2,dublin,BLESSINGTON STREET,Blessington Street,False,False,OPEN,2024-12-30 12:24:29,True,False,,,53.356769,-6.26814,20,15,5,2,13,0,13,20,15,5,2,13,0,13
9904,75,dublin,JAMES STREET,James Street,False,False,OPEN,2024-12-30 12:24:24,True,False,,,53.343456,-6.287409,40,5,35,2,3,0,3,40,5,35,2,3,0,3
9905,111,dublin,MOUNTJOY SQUARE EAST,Mountjoy Square East,False,False,OPEN,2024-12-30 12:19:13,True,False,,,53.356717,-6.256359,40,0,40,0,0,0,0,40,0,40,0,0,0,0
9906,26,dublin,MERRION SQUARE WEST,Merrion Square West,False,False,OPEN,2024-12-30 12:21:01,True,False,,,53.339764,-6.251988,20,18,2,6,12,0,12,20,18,2,6,12,0,12
9907,65,dublin,CONVENTION CENTRE,Convention Centre,False,False,OPEN,2024-12-30 12:23:56,True,False,,,53.34744,-6.238523,40,6,34,1,5,0,5,40,6,34,1,5,0,5
9908,15,dublin,HARDWICKE STREET,Hardwicke Street,False,False,OPEN,2024-12-30 12:23:57,True,False,,,53.355473,-6.264423,16,0,16,0,0,0,0,16,0,16,0,0,0,0
9909,86,dublin,PARKGATE STREET,Parkgate Street,False,False,OPEN,2024-12-30 12:19:38,True,False,,,53.347972,-6.291804,38,17,21,2,15,0,15,38,17,21,2,15,0,15
9910,35,dublin,SMITHFIELD,Smithfield,False,False,OPEN,2024-12-30 12:24:15,True,False,,,53.347692,-6.278214,30,18,12,10,8,0,8,30,18,12,10,8,0,8
9911,10,dublin,DAME STREET,Dame Street,False,False,OPEN,2024-12-30 12:23:44,True,False,,,53.344007,-6.266802,16,15,1,12,3,0,3,16,15,1,12,3,0,3
9912,100,dublin,HEUSTON BRIDGE (SOUTH),Heuston Bridge (South),False,False,OPEN,2024-12-30 12:18:53,True,False,,,53.347106,-6.292041,25,13,12,9,4,0,4,25,13,12,9,4,0,4
9913,24,dublin,CATHAL BRUGHA STREET,Cathal Brugha Street,False,False,OPEN,2024-12-30 12:24:34,True,False,,,53.352149,-6.260533,20,3,17,1,2,0,2,20,3,17,1,2,0,2
9914,64,dublin,SANDWITH STREET,Sandwith Street,False,False,OPEN,2024-12-30 12:24:20,True,False,,,53.345203,-6.247163,40,11,29,8,3,0,3,40,11,29,8,3,0,3
9915,109,dublin,BUCKINGHAM STREET LOWER,Buckingham Street Lower,False,False,OPEN,2024-12-30 12:24:39,True,False,,,53.353331,-6.249319,29,5,24,3,2,0,2,29,5,24,3,2,0,2
9916,85,dublin,ROTHE ABBEY,Rothe Abbey,False,False,OPEN,2024-12-30 12:24:13,True,False,,,53.338776,-6.30395,35,16,19,4,12,0,12,35,16,19,4,12,0,12
9917,107,dublin,CHARLEVILLE ROAD,Charleville Road,False,False,OPEN,2024-12-30 12:23:00,True,False,,,53.359157,-6.281866,40,18,22,11,7,0,7,40,18,22,11,7,0,7
9918,33,dublin,PRINCES STREET / O'CONNELL STREET,Princes Street / O'Connell Street,False,False,OPEN,2024-12-30 12:23:27,True,False,,,53.349013,-6.260311,23,19,4,16,3,0,3,23,19,4,16,3,0,3
9919,44,dublin,UPPER SHERRARD STREET,Upper Sherrard Street,False,False,OPEN,2024-12-30 12:23:53,True,False,,,53.358437,-6.260641,30,0,30,0,0,0,0,30,0,30,0,0,0,0
9920,89,dublin,FITZWILLIAM SQUARE EAST,Fitzwilliam Square East,False,False,OPEN,2024-12-30 12:22:54,True,False,,,53.335211,-6.2509,40,18,22,10,8,0,8,40,18,22,10,8,0,8
9921,57,dublin,GRATTAN STREET,Grattan Street,False,False,OPEN,2024-12-30 12:20:48,True,False,,,53.339629,-6.243778,23,3,20,2,1,0,1,23,3,20,2,1,0,1
9922,80,dublin,ST JAMES HOSPITAL (LUAS),St James Hospital (Luas),False,False,OPEN,2024-12-30 12:15:29,True,False,,,53.341359,-6.292951,40,11,29,3,8,0,8,40,11,29,3,8,0,8
9923,41,dublin,HARCOURT TERRACE,Harcourt Terrace,False,False,OPEN,2024-12-30 12:20:26,True,False,,,53.332763,-6.257942,20,14,6,8,6,0,6,20,14,6,8,6,0,6
9924,3,dublin,BOLTON STREET,Bolton Street,False,False,OPEN,2024-12-30 12:22:31,True,False,,,53.351182,-6.269859,20,6,14,4,2,0,2,20,6,14,4,2,0,2
9925,40,dublin,JERVIS STREET,Jervis Street,False,False,OPEN,2024-12-30 12:24:22,True,False,,,53.3483,-6.266651,21,18,3,5,13,0,13,21,18,3,5,13,0,13
9926,29,dublin,ORMOND QUAY UPPER,Ormond Quay Upper,False,False,OPEN,2024-12-30 12:16:46,True,False,,,53.346057,-6.268001,29,19,10,10,9,0,9,29,19,10,10,9,0,9
9927,103,dublin,GRANGEGORMAN LOWER (SOUTH),Grangegorman Lower (South),False,False,OPEN,2024-12-30 12:21:45,True,False,,,53.354663,-6.278681,40,4,36,3,1,0,1,40,4,36,3,1,0,1
9928,28,dublin,MOUNTJOY SQUARE WEST,Mountjoy Square West,False,False,OPEN,2024-12-30 12:21:54,True,False,,,53.356299,-6.258586,30,14,16,8,6,0,6,30,14,16,8,6,0,6
9929,39,dublin,WILTON TERRACE,Wilton Terrace,False,False,OPEN,2024-12-30 12:23:02,True,False,,,53.332383,-6.252717,20,1,19,1,0,0,0,20,1,19,1,0,0,0
9930,83,dublin,EMMET ROAD,Emmet Road,False,False,OPEN,2024-12-30 12:22:32,True,False,,,53.340714,-6.308191,40,13,27,8,5,0,5,40,13,27,8,5,0,5
9931,92,dublin,HEUSTON BRIDGE (NORTH),Heuston Bridge (North),False,False,OPEN,2024-12-30 12:20:30,True,False,,,53.347802,-6.292432,40,27,13,17,10,0,10,40,27,13,17,10,0,10
9932,21,dublin,LEINSTER STREET SOUTH,Leinster Street South,False,False,OPEN,2024-12-30 12:21:29,True,False,,,53.34218,-6.254485,30,4,26,4,0,0,0,30,4,26,4,0,0,0
9933,88,dublin,BLACKHALL PLACE,Blackhall Place,False,False,OPEN,2024-12-30 12:23:07,True,False,,,53.3488,-6.281637,30,2,28,2,0,0,0,30,2,28,2,0,0,0
9934,42,dublin,SMITHFIELD NORTH,Smithfield North,False,False,OPEN,2024-12-30 12:52:58,True,False,,,53.349562,-6.278198,30,6,24,2,4,0,4,30,6,24,2,4,0,4
9935,30,dublin,PARNELL SQUARE NORTH,Parnell Square North,False,False,OPEN,2024-12-30 12:48:04,True,False,,,53.3537415547453,-6.26530144781526,20,7,13,6,1,0,1,20,7,13,6,1,0,1
9936,54,dublin,CLONMEL STREET,Clonmel Street,False,False,OPEN,2024-12-30 12:45:06,True,False,,,53.336021,-6.26298,33,18,15,9,9,0,9,33,18,15,9,9,0,9
9937,108,dublin,AVONDALE ROAD,Avondale Road,False,False,OPEN,2024-12-30 12:52:47,True,False,,,53.359405,-6.276142,35,4,31,0,4,0,4,35,4,31,0,4,0,4
9938,20,dublin,JAMES STREET EAST,James Street East,False,False,OPEN,2024-12-30 12:54:28,True,False,,,53.336597,-6.248109,30,0,30,0,0,0,0,30,0,30,0,0,0,0
9939,56,dublin,MOUNT STREET LOWER,Mount Street Lower,False,False,OPEN,2024-12-30 12:50:51,True,False,,,53.33796,-6.24153,40,28,12,16,12,0,12,40,28,12,16,12,0,12
9940,6,dublin,CHRISTCHURCH PLACE,Christchurch Place,False,False,OPEN,2024-12-30 12:50:52,True,False,,,53.343368,-6.27012,20,6,14,1,5,0,5,20,6,14,1,5,0,5
9941,18,dublin,GRANTHAM STREET,Grantham Street,False,False,OPEN,2024-12-30 12:51:46,True,False,,,53.334123,-6.265436,30,4,26,2,2,0,2,30,4,26,2,2,0,2
9942,32,dublin,PEARSE STREET,Pearse Street,False,False,OPEN,2024-12-30 12:50:43,True,False,,,53.344304,-6.250427,30,26,4,21,5,0,5,30,26,4,21,5,0,5
9943,52,dublin,YORK STREET EAST,York Street East,False,False,OPEN,2024-12-30 12:50:35,True,False,,,53.338755,-6.262003,32,24,8,11,13,0,13,32,24,8,11,13,0,13
9944,48,dublin,EXCISE WALK,Excise Walk,False,False,OPEN,2024-12-30 12:52:35,True,False,,,53.347777,-6.244239,40,3,37,3,0,0,0,40,3,37,3,0,0,0
9945,13,dublin,FITZWILLIAM SQUARE WEST,Fitzwilliam Square West,False,False,OPEN,2024-12-30 12:49:31,True,False,,,53.336074,-6.252825,30,22,8,9,13,0,13,30,22,8,9,13,0,13
9946,43,dublin,PORTOBELLO ROAD,Portobello Road,False,False,OPEN,2024-12-30 12:50:47,True,False,,,53.330091,-6.268044,30,19,11,10,9,0,9,30,19,11,10,9,0,9
9947,31,dublin,PARNELL STREET,Parnell Street,False,False,OPEN,2024-12-30 12:54:42,True,False,,,53.350929,-6.265125,20,8,12,5,3,0,3,20,8,12,5,3,0,3
9948,98,dublin,FREDERICK STREET SOUTH,Frederick Street South,False,False,OPEN,2024-12-30 12:51:45,True,False,,,53.341515,-6.256853,40,22,18,17,5,0,5,40,22,18,17,5,0,5
9949,14,dublin,FOWNES STREET UPPER,Fownes Street Upper,False,False,OPEN,2024-12-30 12:53:50,True,False,,,53.344603,-6.263371,30,21,9,12,9,0,9,30,21,9,12,9,0,9
9950,1,dublin,CLARENDON ROW,Clarendon Row,False,False,OPEN,2024-12-30 12:52:40,True,False,,,53.340927,-6.262501,31,22,9,12,10,0,10,31,22,9,12,10,0,10
9951,23,dublin,CUSTOM HOUSE,Custom House,False,False,OPEN,2024-12-30 12:54:29,True,False,,,53.348279,-6.254662,30,7,23,6,1,0,1,30,7,23,6,1,0,1
9952,106,dublin,RATHDOWN ROAD,Rathdown Road,False,False,OPEN,2024-12-30 12:51:05,True,False,,,53.35893,-6.280337,40,16,24,10,6,0,6,40,16,24,10,6,0,6
9953,112,dublin,NORTH CIRCULAR ROAD (O'CONNELL'S),North Circular Road (O'Connell's),False,False,OPEN,2024-12-30 12:52:18,True,False,,,53.357841,-6.251557,30,2,28,1,1,0,1,30,2,28,1,1,0,1
9954,68,dublin,HANOVER QUAY,Hanover Quay,False,False,OPEN,2024-12-30 12:51:59,True,False,,,53.344115,-6.237153,40,22,18,14,8,0,8,40,22,18,14,8,0,8
9955,74,dublin,OLIVER BOND STREET,Oliver Bond Street,False,False,OPEN,2024-12-30 12:44:53,True,False,,,53.343893,-6.280531,30,10,20,5,5,0,5,30,10,20,5,5,0,5
9956,87,dublin,COLLINS BARRACKS MUSEUM,Collins Barracks Museum,False,False,OPEN,2024-12-30 12:52:46,True,False,,,53.347477,-6.28525,38,27,11,13,14,0,14,38,27,11,13,14,0,14
9957,84,dublin,BROOKFIELD ROAD,Brookfield Road,False,False,OPEN,2024-12-30 12:52:32,True,False,,,53.339005,-6.300217,30,12,18,5,7,0,7,30,12,18,5,7,0,7
9958,90,dublin,BENSON STREET,Benson Street,False,False,OPEN,2024-12-30 12:53:54,True,False,,,53.344153,-6.233451,40,7,33,7,0,0,0,40,7,33,7,0,0,0
9959,11,dublin,EARLSFORT TERRACE,Earlsfort Terrace,False,False,OPEN,2024-12-30 12:50:22,True,False,,,53.334295,-6.258503,30,19,11,15,4,0,4,30,19,11,15,4,0,4
9960,17,dublin,GOLDEN LANE,Golden Lane,False,False,OPEN,2024-12-30 12:47:39,True,False,,,53.340803,-6.267732,20,3,17,3,0,0,0,20,3,17,3,0,0,0
9961,45,dublin,DEVERELL PLACE,Deverell Place,False,False,OPEN,2024-12-30 12:44:45,True,False,,,53.351464,-6.255265,30,0,30,0,0,0,0,30,0,30,0,0,0,0
9962,114,dublin,WILTON TERRACE (PARK),Wilton Terrace (Park),False,False,OPEN,2024-12-30 12:54:13,True,False,,,53.333653,-6.248345,40,3,37,3,0,0,0,40,3,37,3,0,0,0
9963,72,dublin,JOHN STREET WEST,John Street West,False,False,OPEN,2024-12-30 12:53:08,True,False,,,53.343105,-6.277167,31,2,29,1,1,0,1,31,2,29,1,1,0,1
9964,63,dublin,FENIAN STREET,Fenian Street,False,False,OPEN,2024-12-30 12:53:19,True,False,,,53.341428,-6.24672,35,17,18,8,9,0,9,35,17,18,8,9,0,9
9965,113,dublin,MERRION SQUARE SOUTH,Merrion Square South,False,False,OPEN,2024-12-30 12:52:27,True,False,,,53.338614,-6.248606,40,6,23,3,3,0,3,40,6,23,3,3,0,3
9966,91,dublin,SOUTH DOCK ROAD,South Dock Road,False,False,OPEN,2024-12-30 12:51:03,True,False,,,53.341833,-6.231291,30,17,13,12,5,0,5,30,17,13,12,5,0,5
9967,99,dublin,CITY QUAY,City Quay,False,False,OPEN,2024-12-30 12:51:12,True,False,,,53.346637,-6.246154,30,19,11,7,12,0,12,30,19,11,7,12,0,12
9968,9,dublin,EXCHEQUER STREET,Exchequer Street,False,False,OPEN,2024-12-30 12:53:21,True,False,,,53.343034,-6.263578,24,13,11,9,4,0,4,24,13,11,9,4,0,4
9969,67,dublin,THE POINT,The Point,False,False,OPEN,2024-12-30 12:50:28,True,False,,,53.346867,-6.230852,40,20,20,12,8,0,8,40,20,20,12,8,0,8
9970,116,dublin,BROADSTONE,Broadstone,False,False,OPEN,2024-12-30 12:49:41,True,False,,,53.3547,-6.272314,30,6,24,0,6,0,6,30,6,24,0,6,0,6
9971,55,dublin,HATCH STREET,Hatch Street,False,False,OPEN,2024-12-30 12:54:04,True,False,,,53.33403,-6.260714,36,9,27,5,4,0,4,36,9,27,5,4,0,4
9972,62,dublin,LIME STREET,Lime Street,False,False,OPEN,2024-12-30 12:51:35,True,False,,,53.346026,-6.243576,40,15,25,6,9,0,9,40,15,25,6,9,0,9
9973,5,dublin,CHARLEMONT PLACE,Charlemont Street,False,False,OPEN,2024-12-30 12:50:56,True,False,,,53.330662,-6.260177,40,33,7,27,6,0,6,40,33,7,27,6,0,6
9974,97,dublin,KILMAINHAM GAOL,Kilmainham Gaol,False,False,OPEN,2024-12-30 12:51:44,True,False,,,53.342113,-6.310015,40,13,27,5,8,0,8,40,13,27,5,8,0,8
9975,61,dublin,HARDWICKE PLACE,Hardwicke Place,False,False,OPEN,2024-12-30 12:49:51,True,False,,,53.357043,-6.263232,25,0,25,0,0,0,0,25,0,25,0,0,0,0
9976,77,dublin,WOLFE TONE STREET,Wolfe Tone Street,False,False,OPEN,2024-12-30 12:51:39,True,False,,,53.348875,-6.267459,29,17,12,5,12,0,12,29,17,12,5,12,0,12
9977,73,dublin,FRANCIS STREET,Francis Street,False,False,OPEN,2024-12-30 12:52:53,True,False,,,53.342081,-6.275233,30,4,26,0,4,0,4,30,4,26,0,4,0,4
9978,4,dublin,GREEK STREET,Greek Street,False,False,OPEN,2024-12-30 12:52:43,True,False,,,53.346874,-6.272976,20,10,10,3,7,0,7,20,10,10,3,7,0,7
9979,49,dublin,GUILD STREET,Guild Street,False,False,OPEN,2024-12-30 12:44:59,True,False,,,53.347932,-6.240928,40,28,12,16,12,0,12,40,28,12,16,12,0,12
9980,19,dublin,HERBERT PLACE,Herbert Place,False,False,OPEN,2024-12-30 12:53:18,True,False,,,53.334432,-6.245575,30,4,26,3,1,0,1,30,4,26,3,1,0,1
9981,7,dublin,HIGH STREET,High Street,False,False,OPEN,2024-12-30 12:51:11,True,False,,,53.343565,-6.275071,29,10,19,5,5,0,5,29,10,19,5,5,0,5
9982,60,dublin,NORTH CIRCULAR ROAD,North Circular Road,False,False,OPEN,2024-12-30 12:46:46,True,False,,,53.359624,-6.260348,30,2,28,0,2,0,2,30,2,28,0,2,0,2
9983,102,dublin,WESTERN WAY,Western Way,False,False,OPEN,2024-12-30 12:51:46,True,False,,,53.354929,-6.269425,40,14,26,14,0,0,0,40,14,26,14,0,0,0
9984,38,dublin,TALBOT STREET,Talbot Street,False,False,OPEN,2024-12-30 12:53:51,True,False,,,53.350974,-6.25294,40,25,15,20,5,0,5,40,25,15,20,5,0,5
9985,53,dublin,NEWMAN HOUSE,Newman House,False,False,OPEN,2024-12-30 12:52:01,True,False,,,53.337132,-6.26059,40,16,24,14,2,0,2,40,16,24,14,2,0,2
9986,58,dublin,SIR PATRICK DUN'S,Sir Patrick's Dun,False,False,OPEN,2024-12-30 12:53:20,True,False,,,53.339218,-6.240642,40,15,25,13,2,0,2,40,15,25,13,2,0,2
9987,66,dublin,NEW CENTRAL BANK,New Central Bank,False,False,OPEN,2024-12-30 12:50:52,True,False,,,53.347122,-6.234749,40,1,39,0,1,0,1,40,1,39,0,1,0,1
9988,104,dublin,GRANGEGORMAN LOWER (CENTRAL),Grangegorman Lower (Central),False,False,OPEN,2024-12-30 12:50:33,True,False,,,53.355173,-6.278424,40,19,21,10,9,0,9,40,19,21,10,9,0,9
9989,101,dublin,KING STREET NORTH,King Street North,False,False,OPEN,2024-12-30 12:50:28,True,False,,,53.350291,-6.273507,30,0,30,0,0,0,0,30,0,30,0,0,0,0
9990,115,dublin,KILLARNEY STREET,Killarney Street,False,False,OPEN,2024-12-30 12:45:29,True,False,,,53.354845,-6.247579,30,17,13,8,9,0,9,30,17,13,8,9,0,9
9991,47,dublin,HERBERT STREET,Herbert Street,False,False,OPEN,2024-12-30 12:52:45,True,False,,,53.335742,-6.24551,40,1,39,1,0,0,0,40,1,39,1,0,0,0
9992,117,dublin,HANOVER QUAY EAST,Hanover Quay East,False,False,OPEN,2024-12-30 12:50:56,True,False,,,53.343653,-6.231755,40,8,32,7,1,0,1,40,8,32,7,1,0,1
9993,8,dublin,CUSTOM HOUSE QUAY,Custom House Quay,False,False,OPEN,2024-12-30 12:51:56,True,False,,,53.347884,-6.248048,30,14,16,7,7,0,7,30,14,16,7,7,0,7
9994,27,dublin,MOLESWORTH STREET,Molesworth Street,False,False,OPEN,2024-12-30 12:51:11,True,False,,,53.341288,-6.258117,20,14,6,5,9,0,9,20,14,6,5,9,0,9
9995,16,dublin,GEORGES QUAY,Georges Quay,False,False,OPEN,2024-12-30 12:49:39,True,False,,,53.347508,-6.252192,20,6,14,3,3,0,3,20,6,14,3,3,0,3
9996,96,dublin,KILMAINHAM LANE,Kilmainham Lane,False,False,OPEN,2024-12-30 12:53:41,True,False,,,53.341805,-6.305085,30,16,14,12,4,0,4,30,16,14,12,4,0,4
9997,82,dublin,MOUNT BROWN,Mount Brown,False,False,OPEN,2024-12-30 12:51:28,True,False,,,53.341645,-6.29719,22,6,16,2,4,0,4,22,6,16,2,4,0,4
9998,76,dublin,MARKET STREET SOUTH,Market Street South,False,False,OPEN,2024-12-30 12:51:28,True,False,,,53.342296,-6.287661,38,1,37,1,0,0,0,38,1,37,1,0,0,0
9999,71,dublin,KEVIN STREET,Kevin Street,False,False,OPEN,2024-12-30 12:54:43,True,False,,,53.337757,-6.267699,40,24,16,19,5,0,5,40,24,16,19,5,0,5
10000,79,dublin,ECCLES STREET EAST,Eccles Street East,False,False,OPEN,2024-12-30 12:46:09,True,False,,,53.358115,-6.265601,27,4,23,4,0,0,0,27,4,23,4,0,0,0
10001,69,dublin,GRAND CANAL DOCK,Grand Canal Dock,False,False,OPEN,2024-12-30 12:54:22,True,False,,,53.342638,-6.238695,40,35,5,22,13,0,13,40,35,5,22,13,0,13
10002,25,dublin,MERRION SQUARE EAST,Merrion Square East,False,False,OPEN,2024-12-30 12:54:43,True,False,,,53.339434,-6.246548,30,5,25,2,3,0,3,30,5,25,2,3,0,3
10003,51,dublin,YORK STREET WEST,York Street West,False,False,OPEN,2024-12-30 12:51:34,True,False,,,53.339334,-6.264699,40,0,0,0,0,0,0,40,0,0,0,0,0,0
10004,37,dublin,ST. STEPHEN'S GREEN SOUTH,St. Stephen's Green South,False,False,OPEN,2024-12-30 12:50:56,True,False,,,53.337494,-6.26199,30,22,8,11,11,0,11,30,22,8,11,11,0,11
10005,59,dublin,DENMARK STREET GREAT,Denmark Street Great,False,False,OPEN,2024-12-30 12:46:58,True,False,,,53.35561,-6.261397,20,0,20,0,0,0,0,20,0,20,0,0,0,0
10006,95,dublin,ROYAL HOSPITAL,Royal Hospital,False,False,OPEN,2024-12-30 12:44:42,True,False,,,53.343897,-6.29706,40,6,34,1,5,0,5,40,6,34,1,5,0,5
10007,94,dublin,HEUSTON STATION (CAR PARK),Heuston Station (Car Park),False,False,OPEN,2024-12-30 12:54:32,True,False,,,53.346985,-6.297804,40,8,32,8,0,0,0,40,8,32,8,0,0,0
10008,105,dublin,GRANGEGORMAN LOWER (NORTH),Grangegorman Lower (North),False,False,OPEN,2024-12-30 12:54:19,True,False,,,53.355954,-6.278378,36,12,24,7,5,0,5,36,12,24,7,5,0,5
10009,36,dublin,ST. STEPHEN'S GREEN EAST,St. Stephen's Green East,False,False,OPEN,2024-12-30 12:52:50,True,False,,,53.337824,-6.256035,40,17,23,13,4,0,4,40,17,23,13,4,0,4
10010,93,dublin,HEUSTON STATION (CENTRAL),Heuston Station (Central),False,False,OPEN,2024-12-30 12:53:43,True,False,,,53.346603,-6.296924,40,8,32,8,0,0,0,40,8,32,8,0,0,0
10011,22,dublin,TOWNSEND STREET,Townsend Street,False,False,OPEN,2024-12-30 12:52:50,True,False,,,53.345922,-6.254614,20,6,14,3,3,0,3,20,6,14,3,3,0,3
10012,50,dublin,GEORGES LANE,George's Lane,False,False,OPEN,2024-12-30 12:53:37,True,False,,,53.35023,-6.279696,40,1,39,1,0,0,0,40,1,39,1,0,0,0
10013,110,dublin,PHIBSBOROUGH ROAD,Phibsborough Road,False,False,OPEN,2024-12-30 12:53:45,True,False,,,53.356307,-6.273717,40,17,23,8,9,0,9,40,17,23,8,9,0,9
10014,12,dublin,ECCLES STREET,Eccles Street,False,False,OPEN,2024-12-30 12:52:10,True,False,,,53.359246,-6.269779,20,0,20,0,0,0,0,20,0,20,0,0,0,0
10015,34,dublin,PORTOBELLO HARBOUR,Portobello Harbour,False,False,OPEN,2024-12-30 12:54:05,True,False,,,53.330362,-6.265163,30,11,19,10,1,0,1,30,11,19,10,1,0,1
10016,78,dublin,MATER HOSPITAL,Mater Hospital,False,False,OPEN,2024-12-30 12:54:13,True,False,,,53.359967,-6.264828,40,19,21,15,4,0,4,40,19,21,15,4,0,4
10017,2,dublin,BLESSINGTON STREET,Blessington Street,False,False,OPEN,2024-12-30 12:50:32,True,False,,,53.356769,-6.26814,20,16,4,3,13,0,13,20,16,4,3,13,0,13
10018,75,dublin,JAMES STREET,James Street,False,False,OPEN,2024-12-30 12:54:43,True,False,,,53.343456,-6.287409,40,5,35,2,3,0,3,40,5,35,2,3,0,3
10019,111,dublin,MOUNTJOY SQUARE EAST,Mountjoy Square East,False,False,OPEN,2024-12-30 12:49:23,True,False,,,53.356717,-6.256359,40,0,40,0,0,0,0,40,0,40,0,0,0,0
10020,26,dublin,MERRION SQUARE WEST,Merrion Square West,False,False,OPEN,2024-12-30 12:51:17,True,False,,,53.339764,-6.251988,20,19,1,7,12,0,12,20,19,1,7,12,0,12
10021,65,dublin,CONVENTION CENTRE,Convention Centre,False,False,OPEN,2024-12-30 12:54:10,True,False,,,53.34744,-6.238523,40,5,35,0,5,0,5,40,5,35,0,5,0,5
10022,15,dublin,HARDWICKE STREET,Hardwicke Street,False,False,OPEN,2024-12-30 12:54:08,True,False,,,53.355473,-6.264423,16,0,16,0,0,0,0,16,0,16,0,0,0,0
10023,86,dublin,PARKGATE STREET,Parkgate Street,False,False,OPEN,2024-12-30 12:49:52,True,False,,,53.347972,-6.291804,38,16,22,1,15,0,15,38,16,22,1,15,0,15
10024,35,dublin,SMITHFIELD,Smithfield,False,False,OPEN,2024-12-30 12:54:29,True,False,,,53.347692,-6.278214,30,17,13,9,8,0,8,30,17,13,9,8,0,8
10025,10,dublin,DAME STREET,Dame Street,False,False,OPEN,2024-12-30 12:53:39,True,False,,,53.344007,-6.266802,16,16,0,13,3,0,3,16,16,0,13,3,0,3
10026,100,dublin,HEUSTON BRIDGE (SOUTH),Heuston Bridge (South),False,False,OPEN,2024-12-30 12:51:41,True,False,,,53.347106,-6.292041,25,14,11,10,4,0,4,25,14,11,10,4,0,4
10027,24,dublin,CATHAL BRUGHA STREET,Cathal Brugha Street,False,False,OPEN,2024-12-30 12:44:49,True,False,,,53.352149,-6.260533,20,2,18,1,1,0,1,20,2,18,1,1,0,1
10028,64,dublin,SANDWITH STREET,Sandwith Street,False,False,OPEN,2024-12-30 12:54:36,True,False,,,53.345203,-6.247163,40,11,29,8,3,0,3,40,11,29,8,3,0,3
10029,109,dublin,BUCKINGHAM STREET LOWER,Buckingham Street Lower,False,False,OPEN,2024-12-30 12:53:06,True,False,,,53.353331,-6.249319,29,5,24,3,2,0,2,29,5,24,3,2,0,2
10030,85,dublin,ROTHE ABBEY,Rothe Abbey,False,False,OPEN,2024-12-30 12:54:28,True,False,,,53.338776,-6.30395,35,17,18,5,12,0,12,35,17,18,5,12,0,12
10031,107,dublin,CHARLEVILLE ROAD,Charleville Road,False,False,OPEN,2024-12-30 12:53:17,True,False,,,53.359157,-6.281866,40,18,22,11,7,0,7,40,18,22,11,7,0,7
10032,33,dublin,PRINCES STREET / O'CONNELL STREET,Princes Street / O'Connell Street,False,False,OPEN,2024-12-30 12:52:44,True,False,,,53.349013,-6.260311,23,22,1,19,3,0,3,23,22,1,19,3,0,3
10033,44,dublin,UPPER SHERRARD STREET,Upper Sherrard Street,False,False,OPEN,2024-12-30 12:54:15,True,False,,,53.358437,-6.260641,30,19,11,15,4,0,4,30,19,11,15,4,0,4
10034,89,dublin,FITZWILLIAM SQUARE EAST,Fitzwilliam Square East,False,False,OPEN,2024-12-30 12:53:05,True,False,,,53.335211,-6.2509,40,18,22,10,8,0,8,40,18,22,10,8,0,8
10035,57,dublin,GRATTAN STREET,Grattan Street,False,False,OPEN,2024-12-30 12:50:09,True,False,,,53.339629,-6.243778,23,4,19,3,1,0,1,23,4,19,3,1,0,1
10036,80,dublin,ST JAMES HOSPITAL (LUAS),St James Hospital (Luas),False,False,OPEN,2024-12-30 12:45:46,True,False,,,53.341359,-6.292951,40,11,29,3,8,0,8,40,11,29,3,8,0,8
10037,41,dublin,HARCOURT TERRACE,Harcourt Terrace,False,False,OPEN,2024-12-30 12:50:42,True,False,,,53.332763,-6.257942,20,14,6,8,6,0,6,20,14,6,8,6,0,6
10038,3,dublin,BOLTON STREET,Bolton Street,False,False,OPEN,2024-12-30 12:52:46,True,False,,,53.351182,-6.269859,20,5,15,4,1,0,1,20,5,15,4,1,0,1
10039,40,dublin,JERVIS STREET,Jervis Street,False,False,OPEN,2024-12-30 12:54:39,True,False,,,53.3483,-6.266651,21,18,3,5,13,0,13,21,18,3,5,13,0,13
10040,29,dublin,ORMOND QUAY UPPER,Ormond Quay Upper,False,False,OPEN,2024-12-30 12:46:59,True,False,,,53.346057,-6.268001,29,20,9,11,9,0,9,29,20,9,11,9,0,9
10041,103,dublin,GRANGEGORMAN LOWER (SOUTH),Grangegorman Lower (South),False,False,OPEN,2024-12-30 12:51:56,True,False,,,53.354663,-6.278681,40,4,36,3,1,0,1,40,4,36,3,1,0,1
10042,28,dublin,MOUNTJOY SQUARE WEST,Mountjoy Square West,False,False,OPEN,2024-12-30 12:52:06,True,False,,,53.356299,-6.258586,30,14,16,8,6,0,6,30,14,16,8,6,0,6
10043,39,dublin,WILTON TERRACE,Wilton Terrace,False,False,OPEN,2024-12-30 12:53:13,True,False,,,53.332383,-6.252717,20,2,18,2,0,0,0,20,2,18,2,0,0,0
10044,83,dublin,EMMET ROAD,Emmet Road,False,False,OPEN,2024-12-30 12:52:49,True,False,,,53.340714,-6.308191,40,12,28,8,4,0,4,40,12,28,8,4,0,4
10045,92,dublin,HEUSTON BRIDGE (NORTH),Heuston Bridge (North),False,False,OPEN,2024-12-30 12:50:46,True,False,,,53.347802,-6.292432,40,27,13,17,10,0,10,40,27,13,17,10,0,10
10046,21,dublin,LEINSTER STREET SOUTH,Leinster Street South,False,False,OPEN,2024-12-30 12:51:47,True,False,,,53.34218,-6.254485,30,9,21,9,0,0,0,30,9,21,9,0,0,0
10047,88,dublin,BLACKHALL PLACE,Blackhall Place,False,False,OPEN,2024-12-30 12:53:25,True,False,,,53.3488,-6.281637,30,0,30,0,0,0,0,30,0,30,0,0,0,0
10048,42,dublin,SMITHFIELD NORTH,Smithfield North,False,False,OPEN,2024-12-30 13:15:40,True,False,,,53.349562,-6.278198,30,6,24,2,4,0,4,30,6,24,2,4,0,4
10049,30,dublin,PARNELL SQUARE NORTH,Parnell Square North,False,False,OPEN,2024-12-30 13:18:15,True,False,,,53.3537415547453,-6.26530144781526,20,7,13,6,1,0,1,20,7,13,6,1,0,1
10050,54,dublin,CLONMEL STREET,Clonmel Street,False,False,OPEN,2024-12-30 13:21:05,True,False,,,53.336021,-6.26298,33,18,15,9,9,0,9,33,18,15,9,9,0,9
10051,108,dublin,AVONDALE ROAD,Avondale Road,False,False,OPEN,2024-12-30 13:23:01,True,False,,,53.359405,-6.276142,35,3,32,0,3,0,3,35,3,32,0,3,0,3
10052,20,dublin,JAMES STREET EAST,James Street East,False,False,OPEN,2024-12-30 13:24:40,True,False,,,53.336597,-6.248109,30,0,30,0,0,0,0,30,0,30,0,0,0,0
10053,56,dublin,MOUNT STREET LOWER,Mount Street Lower,False,False,OPEN,2024-12-30 13:21:06,True,False,,,53.33796,-6.24153,40,27,13,14,13,0,13,40,27,13,14,13,0,13
10054,6,dublin,CHRISTCHURCH PLACE,Christchurch Place,False,False,OPEN,2024-12-30 13:21:07,True,False,,,53.343368,-6.27012,20,7,13,0,7,0,7,20,7,13,0,7,0,7
10055,18,dublin,GRANTHAM STREET,Grantham Street,False,False,OPEN,2024-12-30 13:22:02,True,False,,,53.334123,-6.265436,30,4,26,2,2,0,2,30,4,26,2,2,0,2
10056,32,dublin,PEARSE STREET,Pearse Street,False,False,OPEN,2024-12-30 13:20:59,True,False,,,53.344304,-6.250427,30,27,3,20,7,0,7,30,27,3,20,7,0,7
10057,52,dublin,YORK STREET EAST,York Street East,False,False,OPEN,2024-12-30 13:20:47,True,False,,,53.338755,-6.262003,32,24,8,11,13,0,13,32,24,8,11,13,0,13
10058,48,dublin,EXCISE WALK,Excise Walk,False,False,OPEN,2024-12-30 13:22:49,True,False,,,53.347777,-6.244239,40,2,38,2,0,0,0,40,2,38,2,0,0,0
10059,13,dublin,FITZWILLIAM SQUARE WEST,Fitzwilliam Square West,False,False,OPEN,2024-12-30 13:18:42,True,False,,,53.336074,-6.252825,30,21,9,9,12,0,12,30,21,9,9,12,0,12
10060,43,dublin,PORTOBELLO ROAD,Portobello Road,False,False,OPEN,2024-12-30 13:21:06,True,False,,,53.330091,-6.268044,30,18,12,9,9,0,9,30,18,12,9,9,0,9
10061,31,dublin,PARNELL STREET,Parnell Street,False,False,OPEN,2024-12-30 13:14:58,True,False,,,53.350929,-6.265125,20,7,13,6,1,0,1,20,7,13,6,1,0,1
10062,98,dublin,FREDERICK STREET SOUTH,Frederick Street South,False,False,OPEN,2024-12-30 13:22:00,True,False,,,53.341515,-6.256853,40,20,20,15,5,0,5,40,20,20,15,5,0,5
10063,14,dublin,FOWNES STREET UPPER,Fownes Street Upper,False,False,OPEN,2024-12-30 13:24:04,True,False,,,53.344603,-6.263371,30,21,9,11,10,0,10,30,21,9,11,10,0,10
10064,1,dublin,CLARENDON ROW,Clarendon Row,False,False,OPEN,2024-12-30 13:20:48,True,False,,,53.340927,-6.262501,31,23,8,12,11,0,11,31,23,8,12,11,0,11
10065,23,dublin,CUSTOM HOUSE,Custom House,False,False,OPEN,2024-12-30 13:24:45,True,False,,,53.348279,-6.254662,30,7,23,6,1,0,1,30,7,23,6,1,0,1
10066,106,dublin,RATHDOWN ROAD,Rathdown Road,False,False,OPEN,2024-12-30 13:21:21,True,False,,,53.35893,-6.280337,40,16,24,10,6,0,6,40,16,24,10,6,0,6
10067,112,dublin,NORTH CIRCULAR ROAD (O'CONNELL'S),North Circular Road (O'Connell's),False,False,OPEN,2024-12-30 13:22:30,True,False,,,53.357841,-6.251557,30,2,28,1,1,0,1,30,2,28,1,1,0,1
10068,68,dublin,HANOVER QUAY,Hanover Quay,False,False,OPEN,2024-12-30 13:22:12,True,False,,,53.344115,-6.237153,40,23,17,15,8,0,8,40,23,17,15,8,0,8
10069,74,dublin,OLIVER BOND STREET,Oliver Bond Street,False,False,OPEN,2024-12-30 13:23:25,True,False,,,53.343893,-6.280531,30,10,20,6,4,0,4,30,10,20,6,4,0,4
10070,87,dublin,COLLINS BARRACKS MUSEUM,Collins Barracks Museum,False,False,OPEN,2024-12-30 13:23:01,True,False,,,53.347477,-6.28525,38,27,11,13,14,0,14,38,27,11,13,14,0,14
10071,84,dublin,BROOKFIELD ROAD,Brookfield Road,False,False,OPEN,2024-12-30 13:22:49,True,False,,,53.339005,-6.300217,30,12,18,6,6,0,6,30,12,18,6,6,0,6
10072,90,dublin,BENSON STREET,Benson Street,False,False,OPEN,2024-12-30 13:24:04,True,False,,,53.344153,-6.233451,40,7,33,7,0,0,0,40,7,33,7,0,0,0
10073,11,dublin,EARLSFORT TERRACE,Earlsfort Terrace,False,False,OPEN,2024-12-30 13:20:49,True,False,,,53.334295,-6.258503,30,19,11,15,4,0,4,30,19,11,15,4,0,4
10074,17,dublin,GOLDEN LANE,Golden Lane,False,False,OPEN,2024-12-30 13:17:54,True,False,,,53.340803,-6.267732,20,5,15,3,2,0,2,20,5,15,3,2,0,2
10075,45,dublin,DEVERELL PLACE,Deverell Place,False,False,OPEN,2024-12-30 13:14:57,True,False,,,53.351464,-6.255265,30,1,29,1,0,0,0,30,1,29,1,0,0,0
10076,114,dublin,WILTON TERRACE (PARK),Wilton Terrace (Park),False,False,OPEN,2024-12-30 13:24:29,True,False,,,53.333653,-6.248345,40,3,37,3,0,0,0,40,3,37,3,0,0,0
10077,72,dublin,JOHN STREET WEST,John Street West,False,False,OPEN,2024-12-30 13:23:20,True,False,,,53.343105,-6.277167,31,3,28,1,2,0,2,31,3,28,1,2,0,2
10078,63,dublin,FENIAN STREET,Fenian Street,False,False,OPEN,2024-12-30 13:23:32,True,False,,,53.341428,-6.24672,35,17,18,8,9,0,9,35,17,18,8,9,0,9
10079,113,dublin,MERRION SQUARE SOUTH,Merrion Square South,False,False,OPEN,2024-12-30 13:22:39,True,False,,,53.338614,-6.248606,40,6,23,3,3,0,3,40,6,23,3,3,0,3
10080,91,dublin,SOUTH DOCK ROAD,South Dock Road,False,False,OPEN,2024-12-30 13:21:27,True,False,,,53.341833,-6.231291,30,13,17,8,5,0,5,30,13,17,8,5,0,5
10081,99,dublin,CITY QUAY,City Quay,False,False,OPEN,2024-12-30 13:20:13,True,False,,,53.346637,-6.246154,30,19,11,7,12,0,12,30,19,11,7,12,0,12
10082,9,dublin,EXCHEQUER STREET,Exchequer Street,False,False,OPEN,2024-12-30 13:23:34,True,False,,,53.343034,-6.263578,24,16,8,12,4,0,4,24,16,8,12,4,0,4
10083,67,dublin,THE POINT,The Point,False,False,OPEN,2024-12-30 13:20:41,True,False,,,53.346867,-6.230852,40,22,18,12,10,0,10,40,22,18,12,10,0,10
10084,116,dublin,BROADSTONE,Broadstone,False,False,OPEN,2024-12-30 13:19:58,True,False,,,53.3547,-6.272314,30,16,14,6,10,0,10,30,16,14,6,10,0,10
10085,55,dublin,HATCH STREET,Hatch Street,False,False,OPEN,2024-12-30 13:24:16,True,False,,,53.33403,-6.260714,36,9,27,5,4,0,4,36,9,27,5,4,0,4
10086,62,dublin,LIME STREET,Lime Street,False,False,OPEN,2024-12-30 13:21:49,True,False,,,53.346026,-6.243576,40,14,26,5,9,0,9,40,14,26,5,9,0,9
10087,5,dublin,CHARLEMONT PLACE,Charlemont Street,False,False,OPEN,2024-12-30 13:17:57,True,False,,,53.330662,-6.260177,40,32,8,27,5,0,5,40,32,8,27,5,0,5
10088,97,dublin,KILMAINHAM GAOL,Kilmainham Gaol,False,False,OPEN,2024-12-30 13:21:58,True,False,,,53.342113,-6.310015,40,12,28,5,7,0,7,40,12,28,5,7,0,7
10089,61,dublin,HARDWICKE PLACE,Hardwicke Place,False,False,OPEN,2024-12-30 13:20:02,True,False,,,53.357043,-6.263232,25,0,25,0,0,0,0,25,0,25,0,0,0,0
10090,77,dublin,WOLFE TONE STREET,Wolfe Tone Street,False,False,OPEN,2024-12-30 13:21:55,True,False,,,53.348875,-6.267459,29,16,13,4,12,0,12,29,16,13,4,12,0,12
10091,73,dublin,FRANCIS STREET,Francis Street,False,False,OPEN,2024-12-30 13:23:05,True,False,,,53.342081,-6.275233,30,4,26,0,4,0,4,30,4,26,0,4,0,4
10092,4,dublin,GREEK STREET,Greek Street,False,False,OPEN,2024-12-30 13:22:56,True,False,,,53.346874,-6.272976,20,11,9,4,7,0,7,20,11,9,4,7,0,7
10093,49,dublin,GUILD STREET,Guild Street,False,False,OPEN,2024-12-30 13:15:23,True,False,,,53.347932,-6.240928,40,24,16,16,8,0,8,40,24,16,16,8,0,8
10094,19,dublin,HERBERT PLACE,Herbert Place,False,False,OPEN,2024-12-30 13:23:33,True,False,,,53.334432,-6.245575,30,3,27,3,0,0,0,30,3,27,3,0,0,0
10095,7,dublin,HIGH STREET,High Street,False,False,OPEN,2024-12-30 13:21:32,True,False,,,53.343565,-6.275071,29,9,20,4,5,0,5,29,9,20,4,5,0,5
10096,60,dublin,NORTH CIRCULAR ROAD,North Circular Road,False,False,OPEN,2024-12-30 13:17:02,True,False,,,53.359624,-6.260348,30,1,29,0,1,0,1,30,1,29,0,1,0,1
10097,102,dublin,WESTERN WAY,Western Way,False,False,OPEN,2024-12-30 13:22:01,True,False,,,53.354929,-6.269425,40,14,26,13,1,0,1,40,14,26,13,1,0,1
10098,38,dublin,TALBOT STREET,Talbot Street,False,False,OPEN,2024-12-30 13:24:11,True,False,,,53.350974,-6.25294,40,23,17,18,5,0,5,40,23,17,18,5,0,5
10099,53,dublin,NEWMAN HOUSE,Newman House,False,False,OPEN,2024-12-30 13:22:12,True,False,,,53.337132,-6.26059,40,16,24,14,2,0,2,40,16,24,14,2,0,2
10100,58,dublin,SIR PATRICK DUN'S,Sir Patrick's Dun,False,False,OPEN,2024-12-30 13:23:36,True,False,,,53.339218,-6.240642,40,14,26,13,1,0,1,40,14,26,13,1,0,1
10101,66,dublin,NEW CENTRAL BANK,New Central Bank,False,False,OPEN,2024-12-30 13:21:05,True,False,,,53.347122,-6.234749,40,2,38,0,2,0,2,40,2,38,0,2,0,2
10102,104,dublin,GRANGEGORMAN LOWER (CENTRAL),Grangegorman Lower (Central),False,False,OPEN,2024-12-30 13:17:10,True,False,,,53.355173,-6.278424,40,19,21,10,9,0,9,40,19,21,10,9,0,9
10103,101,dublin,KING STREET NORTH,King Street North,False,False,OPEN,2024-12-30 13:20:42,True,False,,,53.350291,-6.273507,30,1,29,1,0,0,0,30,1,29,1,0,0,0
10104,115,dublin,KILLARNEY STREET,Killarney Street,False,False,OPEN,2024-12-30 13:15:00,True,False,,,53.354845,-6.247579,30,14,16,5,9,0,9,30,14,16,5,9,0,9
10105,47,dublin,HERBERT STREET,Herbert Street,False,False,OPEN,2024-12-30 13:23:02,True,False,,,53.335742,-6.24551,40,3,37,3,0,0,0,40,3,37,3,0,0,0
10106,117,dublin,HANOVER QUAY EAST,Hanover Quay East,False,False,OPEN,2024-12-30 13:21:08,True,False,,,53.343653,-6.231755,40,8,32,7,1,0,1,40,8,32,7,1,0,1
10107,8,dublin,CUSTOM HOUSE QUAY,Custom House Quay,False,False,OPEN,2024-12-30 13:24:17,True,False,,,53.347884,-6.248048,30,12,18,7,5,0,5,30,12,18,7,5,0,5
10108,27,dublin,MOLESWORTH STREET,Molesworth Street,False,False,OPEN,2024-12-30 13:21:27,True,False,,,53.341288,-6.258117,20,13,7,5,8,0,8,20,13,7,5,8,0,8
10109,16,dublin,GEORGES QUAY,Georges Quay,False,False,OPEN,2024-12-30 13:19:51,True,False,,,53.347508,-6.252192,20,6,14,3,3,0,3,20,6,14,3,3,0,3
10110,96,dublin,KILMAINHAM LANE,Kilmainham Lane,False,False,OPEN,2024-12-30 13:24:30,True,False,,,53.341805,-6.305085,30,16,14,10,6,0,6,30,16,14,10,6,0,6
10111,82,dublin,MOUNT BROWN,Mount Brown,False,False,OPEN,2024-12-30 13:21:41,True,False,,,53.341645,-6.29719,22,6,16,2,4,0,4,22,6,16,2,4,0,4
10112,76,dublin,MARKET STREET SOUTH,Market Street South,False,False,OPEN,2024-12-30 13:21:45,True,False,,,53.342296,-6.287661,38,2,36,1,1,0,1,38,2,36,1,1,0,1
10113,71,dublin,KEVIN STREET,Kevin Street,False,False,OPEN,2024-12-30 13:23:40,True,False,,,53.337757,-6.267699,40,25,15,20,5,0,5,40,25,15,20,5,0,5
10114,79,dublin,ECCLES STREET EAST,Eccles Street East,False,False,OPEN,2024-12-30 13:16:21,True,False,,,53.358115,-6.265601,27,4,23,4,0,0,0,27,4,23,4,0,0,0
10115,69,dublin,GRAND CANAL DOCK,Grand Canal Dock,False,False,OPEN,2024-12-30 13:24:38,True,False,,,53.342638,-6.238695,40,36,4,24,12,0,12,40,36,4,24,12,0,12
10116,25,dublin,MERRION SQUARE EAST,Merrion Square East,False,False,OPEN,2024-12-30 13:14:53,True,False,,,53.339434,-6.246548,30,5,25,2,3,0,3,30,5,25,2,3,0,3
10117,51,dublin,YORK STREET WEST,York Street West,False,False,OPEN,2024-12-30 13:21:50,True,False,,,53.339334,-6.264699,40,0,0,0,0,0,0,40,0,0,0,0,0,0
10118,37,dublin,ST. STEPHEN'S GREEN SOUTH,St. Stephen's Green South,False,False,OPEN,2024-12-30 13:21:10,True,False,,,53.337494,-6.26199,30,23,7,11,12,0,12,30,23,7,11,12,0,12
10119,59,dublin,DENMARK STREET GREAT,Denmark Street Great,False,False,OPEN,2024-12-30 13:24:13,True,False,,,53.35561,-6.261397,20,1,19,1,0,0,0,20,1,19,1,0,0,0
10120,95,dublin,ROYAL HOSPITAL,Royal Hospital,False,False,OPEN,2024-12-30 13:16:09,True,False,,,53.343897,-6.29706,40,5,35,1,4,0,4,40,5,35,1,4,0,4
10121,94,dublin,HEUSTON STATION (CAR PARK),Heuston Station (Car Park),False,False,OPEN,2024-12-30 13:14:42,True,False,,,53.346985,-6.297804,40,8,32,8,0,0,0,40,8,32,8,0,0,0
10122,105,dublin,GRANGEGORMAN LOWER (NORTH),Grangegorman Lower (North),False,False,OPEN,2024-12-30 13:24:32,True,False,,,53.355954,-6.278378,36,12,24,7,5,0,5,36,12,24,7,5,0,5
10123,36,dublin,ST. STEPHEN'S GREEN EAST,St. Stephen's Green East,False,False,OPEN,2024-12-30 13:21:06,True,False,,,53.337824,-6.256035,40,17,23,13,4,0,4,40,17,23,13,4,0,4
10124,93,dublin,HEUSTON STATION (CENTRAL),Heuston Station (Central),False,False,OPEN,2024-12-30 13:23:59,True,False,,,53.346603,-6.296924,40,8,32,8,0,0,0,40,8,32,8,0,0,0
10125,22,dublin,TOWNSEND STREET,Townsend Street,False,False,OPEN,2024-12-30 13:23:08,True,False,,,53.345922,-6.254614,20,7,13,4,3,0,3,20,7,13,4,3,0,3
10126,50,dublin,GEORGES LANE,George's Lane,False,False,OPEN,2024-12-30 13:23:50,True,False,,,53.35023,-6.279696,40,2,38,2,0,0,0,40,2,38,2,0,0,0
10127,110,dublin,PHIBSBOROUGH ROAD,Phibsborough Road,False,False,OPEN,2024-12-30 13:23:56,True,False,,,53.356307,-6.273717,40,18,22,9,9,0,9,40,18,22,9,9,0,9
10128,12,dublin,ECCLES STREET,Eccles Street,False,False,OPEN,2024-12-30 13:21:45,True,False,,,53.359246,-6.269779,20,7,13,3,4,0,4,20,7,13,3,4,0,4
10129,34,dublin,PORTOBELLO HARBOUR,Portobello Harbour,False,False,OPEN,2024-12-30 13:24:21,True,False,,,53.330362,-6.265163,30,12,18,11,1,0,1,30,12,18,11,1,0,1
10130,78,dublin,MATER HOSPITAL,Mater Hospital,False,False,OPEN,2024-12-30 13:24:22,True,False,,,53.359967,-6.264828,40,18,22,14,4,0,4,40,18,22,14,4,0,4
10131,2,dublin,BLESSINGTON STREET,Blessington Street,False,False,OPEN,2024-12-30 13:20:49,True,False,,,53.356769,-6.26814,20,15,5,1,14,0,14,20,15,5,1,14,0,14
10132,75,dublin,JAMES STREET,James Street,False,False,OPEN,2024-12-30 13:14:53,True,False,,,53.343456,-6.287409,40,5,35,3,2,0,2,40,5,35,3,2,0,2
10133,111,dublin,MOUNTJOY SQUARE EAST,Mountjoy Square East,False,False,OPEN,2024-12-30 13:19:33,True,False,,,53.356717,-6.256359,40,0,40,0,0,0,0,40,0,40,0,0,0,0
10134,26,dublin,MERRION SQUARE WEST,Merrion Square West,False,False,OPEN,2024-12-30 13:21:36,True,False,,,53.339764,-6.251988,20,20,0,7,13,0,13,20,20,0,7,13,0,13
10135,65,dublin,CONVENTION CENTRE,Convention Centre,False,False,OPEN,2024-12-30 13:24:22,True,False,,,53.34744,-6.238523,40,5,35,0,5,0,5,40,5,35,0,5,0,5
10136,15,dublin,HARDWICKE STREET,Hardwicke Street,False,False,OPEN,2024-12-30 13:24:22,True,False,,,53.355473,-6.264423,16,2,14,2,0,0,0,16,2,14,2,0,0,0
10137,86,dublin,PARKGATE STREET,Parkgate Street,False,False,OPEN,2024-12-30 13:20:57,True,False,,,53.347972,-6.291804,38,15,23,1,14,0,14,38,15,23,1,14,0,14
10138,35,dublin,SMITHFIELD,Smithfield,False,False,OPEN,2024-12-30 13:19:54,True,False,,,53.347692,-6.278214,30,19,11,11,8,0,8,30,19,11,11,8,0,8
10139,10,dublin,DAME STREET,Dame Street,False,False,OPEN,2024-12-30 13:23:56,True,False,,,53.344007,-6.266802,16,14,2,14,0,0,0,16,14,2,14,0,0,0
10140,100,dublin,HEUSTON BRIDGE (SOUTH),Heuston Bridge (South),False,False,OPEN,2024-12-30 13:17:50,True,False,,,53.347106,-6.292041,25,20,5,11,9,0,9,25,20,5,11,9,0,9
10141,24,dublin,CATHAL BRUGHA STREET,Cathal Brugha Street,False,False,OPEN,2024-12-30 13:18:16,True,False,,,53.352149,-6.260533,20,4,16,2,2,0,2,20,4,16,2,2,0,2
10142,64,dublin,SANDWITH STREET,Sandwith Street,False,False,OPEN,2024-12-30 13:14:46,True,False,,,53.345203,-6.247163,40,11,29,8,3,0,3,40,11,29,8,3,0,3
10143,109,dublin,BUCKINGHAM STREET LOWER,Buckingham Street Lower,False,False,OPEN,2024-12-30 13:23:18,True,False,,,53.353331,-6.249319,29,5,24,3,2,0,2,29,5,24,3,2,0,2
10144,85,dublin,ROTHE ABBEY,Rothe Abbey,False,False,OPEN,2024-12-30 13:24:41,True,False,,,53.338776,-6.30395,35,17,18,5,12,0,12,35,17,18,5,12,0,12
10145,107,dublin,CHARLEVILLE ROAD,Charleville Road,False,False,OPEN,2024-12-30 13:23:34,True,False,,,53.359157,-6.281866,40,17,23,10,7,0,7,40,17,23,10,7,0,7
10146,33,dublin,PRINCES STREET / O'CONNELL STREET,Princes Street / O'Connell Street,False,False,OPEN,2024-12-30 13:23:00,True,False,,,53.349013,-6.260311,23,23,0,20,3,0,3,23,23,0,20,3,0,3
10147,44,dublin,UPPER SHERRARD STREET,Upper Sherrard Street,False,False,OPEN,2024-12-30 13:24:33,True,False,,,53.358437,-6.260641,30,18,12,14,4,0,4,30,18,12,14,4,0,4
10148,89,dublin,FITZWILLIAM SQUARE EAST,Fitzwilliam Square East,False,False,OPEN,2024-12-30 13:23:16,True,False,,,53.335211,-6.2509,40,18,22,10,8,0,8,40,18,22,10,8,0,8
10149,57,dublin,GRATTAN STREET,Grattan Street,False,False,OPEN,2024-12-30 13:20:21,True,False,,,53.339629,-6.243778,23,4,19,3,1,0,1,23,4,19,3,1,0,1
10150,80,dublin,ST JAMES HOSPITAL (LUAS),St James Hospital (Luas),False,False,OPEN,2024-12-30 13:16:02,True,False,,,53.341359,-6.292951,40,11,29,3,8,0,8,40,11,29,3,8,0,8
10151,41,dublin,HARCOURT TERRACE,Harcourt Terrace,False,False,OPEN,2024-12-30 13:21:02,True,False,,,53.332763,-6.257942,20,13,7,8,5,0,5,20,13,7,8,5,0,5
10152,3,dublin,BOLTON STREET,Bolton Street,False,False,OPEN,2024-12-30 13:23:01,True,False,,,53.351182,-6.269859,20,6,14,4,2,0,2,20,6,14,4,2,0,2
10153,40,dublin,JERVIS STREET,Jervis Street,False,False,OPEN,2024-12-30 13:15:00,True,False,,,53.3483,-6.266651,21,18,3,5,13,0,13,21,18,3,5,13,0,13
10154,29,dublin,ORMOND QUAY UPPER,Ormond Quay Upper,False,False,OPEN,2024-12-30 13:23:51,True,False,,,53.346057,-6.268001,29,17,12,9,8,0,8,29,17,12,9,8,0,8
10155,103,dublin,GRANGEGORMAN LOWER (SOUTH),Grangegorman Lower (South),False,False,OPEN,2024-12-30 13:22:09,True,False,,,53.354663,-6.278681,40,4,36,3,1,0,1,40,4,36,3,1,0,1
10156,28,dublin,MOUNTJOY SQUARE WEST,Mountjoy Square West,False,False,OPEN,2024-12-30 13:22:21,True,False,,,53.356299,-6.258586,30,14,16,9,5,0,5,30,14,16,9,5,0,5
10157,39,dublin,WILTON TERRACE,Wilton Terrace,False,False,OPEN,2024-12-30 13:23:24,True,False,,,53.332383,-6.252717,20,2,18,2,0,0,0,20,2,18,2,0,0,0
10158,83,dublin,EMMET ROAD,Emmet Road,False,False,OPEN,2024-12-30 13:23:07,True,False,,,53.340714,-6.308191,40,11,29,7,4,0,4,40,11,29,7,4,0,4
10159,92,dublin,HEUSTON BRIDGE (NORTH),Heuston Bridge (North),False,False,OPEN,2024-12-30 13:20:58,True,False,,,53.347802,-6.292432,40,27,13,17,10,0,10,40,27,13,17,10,0,10
10160,21,dublin,LEINSTER STREET SOUTH,Leinster Street South,False,False,OPEN,2024-12-30 13:22:02,True,False,,,53.34218,-6.254485,30,10,20,9,1,0,1,30,10,20,9,1,0,1
10161,88,dublin,BLACKHALL PLACE,Blackhall Place,False,False,OPEN,2024-12-30 13:23:41,True,False,,,53.3488,-6.281637,30,1,29,1,0,0,0,30,1,29,1,0,0,0
10162,42,dublin,SMITHFIELD NORTH,Smithfield North,False,False,OPEN,2024-12-30 13:55:42,True,False,,,53.349562,-6.278198,30,5,25,2,3,0,3,30,5,25,2,3,0,3
10163,30,dublin,PARNELL SQUARE NORTH,Parnell Square North,False,False,OPEN,2024-12-30 13:48:29,True,False,,,53.3537415547453,-6.26530144781526,20,7,13,6,1,0,1,20,7,13,6,1,0,1
10164,54,dublin,CLONMEL STREET,Clonmel Street,False,False,OPEN,2024-12-30 13:55:39,True,False,,,53.336021,-6.26298,33,17,16,9,8,0,8,33,17,16,9,8,0,8
10165,108,dublin,AVONDALE ROAD,Avondale Road,False,False,OPEN,2024-12-30 13:53:13,True,False,,,53.359405,-6.276142,35,3,32,0,3,0,3,35,3,32,0,3,0,3
10166,20,dublin,JAMES STREET EAST,James Street East,False,False,OPEN,2024-12-30 13:54:53,True,False,,,53.336597,-6.248109,30,0,30,0,0,0,0,30,0,30,0,0,0,0
10167,56,dublin,MOUNT STREET LOWER,Mount Street Lower,False,False,OPEN,2024-12-30 13:51:20,True,False,,,53.33796,-6.24153,40,27,13,15,12,0,12,40,27,13,15,12,0,12
10168,6,dublin,CHRISTCHURCH PLACE,Christchurch Place,False,False,OPEN,2024-12-30 13:51:24,True,False,,,53.343368,-6.27012,20,9,11,4,5,0,5,20,9,11,4,5,0,5
10169,18,dublin,GRANTHAM STREET,Grantham Street,False,False,OPEN,2024-12-30 13:52:20,True,False,,,53.334123,-6.265436,30,2,28,1,1,0,1,30,2,28,1,1,0,1
10170,32,dublin,PEARSE STREET,Pearse Street,False,False,OPEN,2024-12-30 13:51:11,True,False,,,53.344304,-6.250427,30,29,1,22,7,0,7,30,29,1,22,7,0,7
10171,52,dublin,YORK STREET EAST,York Street East,False,False,OPEN,2024-12-30 13:51:02,True,False,,,53.338755,-6.262003,32,23,9,11,12,0,12,32,23,9,11,12,0,12
10172,48,dublin,EXCISE WALK,Excise Walk,False,False,OPEN,2024-12-30 13:53:02,True,False,,,53.347777,-6.244239,40,2,38,2,0,0,0,40,2,38,2,0,0,0
10173,13,dublin,FITZWILLIAM SQUARE WEST,Fitzwilliam Square West,False,False,OPEN,2024-12-30 13:55:38,True,False,,,53.336074,-6.252825,30,21,9,9,12,0,12,30,21,9,9,12,0,12
10174,43,dublin,PORTOBELLO ROAD,Portobello Road,False,False,OPEN,2024-12-30 13:53:50,True,False,,,53.330091,-6.268044,30,17,13,9,8,0,8,30,17,13,9,8,0,8
10175,31,dublin,PARNELL STREET,Parnell Street,False,False,OPEN,2024-12-30 13:55:18,True,False,,,53.350929,-6.265125,20,6,14,5,1,0,1,20,6,14,5,1,0,1
10176,98,dublin,FREDERICK STREET SOUTH,Frederick Street South,False,False,OPEN,2024-12-30 13:52:13,True,False,,,53.341515,-6.256853,40,19,21,14,5,0,5,40,19,21,14,5,0,5
10177,14,dublin,FOWNES STREET UPPER,Fownes Street Upper,False,False,OPEN,2024-12-30 13:54:20,True,False,,,53.344603,-6.263371,30,23,7,11,12,0,12,30,23,7,11,12,0,12
10178,1,dublin,CLARENDON ROW,Clarendon Row,False,False,OPEN,2024-12-30 13:52:02,True,False,,,53.340927,-6.262501,31,23,8,12,11,0,11,31,23,8,12,11,0,11
10179,23,dublin,CUSTOM HOUSE,Custom House,False,False,OPEN,2024-12-30 13:55:04,True,False,,,53.348279,-6.254662,30,8,22,5,3,0,3,30,8,22,5,3,0,3
10180,106,dublin,RATHDOWN ROAD,Rathdown Road,False,False,OPEN,2024-12-30 13:51:37,True,False,,,53.35893,-6.280337,40,16,24,10,6,0,6,40,16,24,10,6,0,6
10181,112,dublin,NORTH CIRCULAR ROAD (O'CONNELL'S),North Circular Road (O'Connell's),False,False,OPEN,2024-12-30 13:52:46,True,False,,,53.357841,-6.251557,30,1,29,1,0,0,0,30,1,29,1,0,0,0
10182,68,dublin,HANOVER QUAY,Hanover Quay,False,False,OPEN,2024-12-30 13:55:22,True,False,,,53.344115,-6.237153,40,25,15,17,8,0,8,40,25,15,17,8,0,8
10183,74,dublin,OLIVER BOND STREET,Oliver Bond Street,False,False,OPEN,2024-12-30 13:55:33,True,False,,,53.343893,-6.280531,30,10,20,6,4,0,4,30,10,20,6,4,0,4
10184,87,dublin,COLLINS BARRACKS MUSEUM,Collins Barracks Museum,False,False,OPEN,2024-12-30 13:53:20,True,False,,,53.347477,-6.28525,38,27,11,12,15,0,15,38,27,11,12,15,0,15
10185,84,dublin,BROOKFIELD ROAD,Brookfield Road,False,False,OPEN,2024-12-30 13:53:05,True,False,,,53.339005,-6.300217,30,13,17,6,7,0,7,30,13,17,6,7,0,7
10186,90,dublin,BENSON STREET,Benson Street,False,False,OPEN,2024-12-30 13:54:19,True,False,,,53.344153,-6.233451,40,6,34,6,0,0,0,40,6,34,6,0,0,0
10187,11,dublin,EARLSFORT TERRACE,Earlsfort Terrace,False,False,OPEN,2024-12-30 13:50:47,True,False,,,53.334295,-6.258503,30,19,11,15,4,0,4,30,19,11,15,4,0,4
10188,17,dublin,GOLDEN LANE,Golden Lane,False,False,OPEN,2024-12-30 13:48:10,True,False,,,53.340803,-6.267732,20,6,14,3,3,0,3,20,6,14,3,3,0,3
10189,45,dublin,DEVERELL PLACE,Deverell Place,False,False,OPEN,2024-12-30 13:55:15,True,False,,,53.351464,-6.255265,30,3,27,2,1,0,1,30,3,27,2,1,0,1
10190,114,dublin,WILTON TERRACE (PARK),Wilton Terrace (Park),False,False,OPEN,2024-12-30 13:54:46,True,False,,,53.333653,-6.248345,40,3,37,2,1,0,1,40,3,37,2,1,0,1
10191,72,dublin,JOHN STREET WEST,John Street West,False,False,OPEN,2024-12-30 13:53:35,True,False,,,53.343105,-6.277167,31,2,29,1,1,0,1,31,2,29,1,1,0,1
10192,63,dublin,FENIAN STREET,Fenian Street,False,False,OPEN,2024-12-30 13:53:44,True,False,,,53.341428,-6.24672,35,17,18,8,9,0,9,35,17,18,8,9,0,9
10193,113,dublin,MERRION SQUARE SOUTH,Merrion Square South,False,False,OPEN,2024-12-30 13:52:52,True,False,,,53.338614,-6.248606,40,7,22,4,3,0,3,40,7,22,4,3,0,3
10194,91,dublin,SOUTH DOCK ROAD,South Dock Road,False,False,OPEN,2024-12-30 13:54:11,True,False,,,53.341833,-6.231291,30,13,17,8,5,0,5,30,13,17,8,5,0,5
10195,99,dublin,CITY QUAY,City Quay,False,False,OPEN,2024-12-30 13:55:40,True,False,,,53.346637,-6.246154,30,20,10,8,12,0,12,30,20,10,8,12,0,12
10196,9,dublin,EXCHEQUER STREET,Exchequer Street,False,False,OPEN,2024-12-30 13:53:50,True,False,,,53.343034,-6.263578,24,14,10,10,4,0,4,24,14,10,10,4,0,4
10197,67,dublin,THE POINT,The Point,False,False,OPEN,2024-12-30 13:50:56,True,False,,,53.346867,-6.230852,40,23,17,13,10,0,10,40,23,17,13,10,0,10
10198,116,dublin,BROADSTONE,Broadstone,False,False,OPEN,2024-12-30 13:50:10,True,False,,,53.3547,-6.272314,30,16,14,6,10,0,10,30,16,14,6,10,0,10
10199,55,dublin,HATCH STREET,Hatch Street,False,False,OPEN,2024-12-30 13:54:27,True,False,,,53.33403,-6.260714,36,9,27,5,4,0,4,36,9,27,5,4,0,4
10200,62,dublin,LIME STREET,Lime Street,False,False,OPEN,2024-12-30 13:53:47,True,False,,,53.346026,-6.243576,40,13,27,5,8,0,8,40,13,27,5,8,0,8
10201,5,dublin,CHARLEMONT PLACE,Charlemont Street,False,False,OPEN,2024-12-30 13:53:05,True,False,,,53.330662,-6.260177,40,34,6,29,5,0,5,40,34,6,29,5,0,5
10202,97,dublin,KILMAINHAM GAOL,Kilmainham Gaol,False,False,OPEN,2024-12-30 13:52:15,True,False,,,53.342113,-6.310015,40,10,30,4,6,0,6,40,10,30,4,6,0,6
10203,61,dublin,HARDWICKE PLACE,Hardwicke Place,False,False,OPEN,2024-12-30 13:50:15,True,False,,,53.357043,-6.263232,25,0,25,0,0,0,0,25,0,25,0,0,0,0
10204,77,dublin,WOLFE TONE STREET,Wolfe Tone Street,False,False,OPEN,2024-12-30 13:52:09,True,False,,,53.348875,-6.267459,29,16,13,4,12,0,12,29,16,13,4,12,0,12
10205,73,dublin,FRANCIS STREET,Francis Street,False,False,OPEN,2024-12-30 13:53:19,True,False,,,53.342081,-6.275233,30,3,27,0,3,0,3,30,3,27,0,3,0,3
10206,4,dublin,GREEK STREET,Greek Street,False,False,OPEN,2024-12-30 13:53:08,True,False,,,53.346874,-6.272976,20,11,9,4,7,0,7,20,11,9,4,7,0,7
10207,49,dublin,GUILD STREET,Guild Street,False,False,OPEN,2024-12-30 13:50:34,True,False,,,53.347932,-6.240928,40,24,16,16,8,0,8,40,24,16,16,8,0,8
10208,19,dublin,HERBERT PLACE,Herbert Place,False,False,OPEN,2024-12-30 13:53:46,True,False,,,53.334432,-6.245575,30,2,28,2,0,0,0,30,2,28,2,0,0,0
10209,7,dublin,HIGH STREET,High Street,False,False,OPEN,2024-12-30 13:51:59,True,False,,,53.343565,-6.275071,29,7,22,3,4,0,4,29,7,22,3,4,0,4
10210,60,dublin,NORTH CIRCULAR ROAD,North Circular Road,False,False,OPEN,2024-12-30 13:50:40,True,False,,,53.359624,-6.260348,30,3,27,2,1,0,1,30,3,27,2,1,0,1
10211,102,dublin,WESTERN WAY,Western Way,False,False,OPEN,2024-12-30 13:52:15,True,False,,,53.354929,-6.269425,40,13,27,12,1,0,1,40,13,27,12,1,0,1
10212,38,dublin,TALBOT STREET,Talbot Street,False,False,OPEN,2024-12-30 13:54:33,True,False,,,53.350974,-6.25294,40,23,17,17,6,0,6,40,23,17,17,6,0,6
10213,53,dublin,NEWMAN HOUSE,Newman House,False,False,OPEN,2024-12-30 13:52:24,True,False,,,53.337132,-6.26059,40,16,24,14,2,0,2,40,16,24,14,2,0,2
10214,58,dublin,SIR PATRICK DUN'S,Sir Patrick's Dun,False,False,OPEN,2024-12-30 13:53:51,True,False,,,53.339218,-6.240642,40,14,26,13,1,0,1,40,14,26,13,1,0,1
10215,66,dublin,NEW CENTRAL BANK,New Central Bank,False,False,OPEN,2024-12-30 13:53:43,True,False,,,53.347122,-6.234749,40,1,39,0,1,0,1,40,1,39,0,1,0,1
10216,104,dublin,GRANGEGORMAN LOWER (CENTRAL),Grangegorman Lower (Central),False,False,OPEN,2024-12-30 13:47:22,True,False,,,53.355173,-6.278424,40,19,21,10,9,0,9,40,19,21,10,9,0,9
10217,101,dublin,KING STREET NORTH,King Street North,False,False,OPEN,2024-12-30 13:50:55,True,False,,,53.350291,-6.273507,30,1,29,1,0,0,0,30,1,29,1,0,0,0
10218,115,dublin,KILLARNEY STREET,Killarney Street,False,False,OPEN,2024-12-30 13:55:39,True,False,,,53.354845,-6.247579,30,16,14,7,9,0,9,30,16,14,7,9,0,9
10219,47,dublin,HERBERT STREET,Herbert Street,False,False,OPEN,2024-12-30 13:53:22,True,False,,,53.335742,-6.24551,40,4,36,3,1,0,1,40,4,36,3,1,0,1
10220,117,dublin,HANOVER QUAY EAST,Hanover Quay East,False,False,OPEN,2024-12-30 13:51:23,True,False,,,53.343653,-6.231755,40,7,33,7,0,0,0,40,7,33,7,0,0,0
10221,8,dublin,CUSTOM HOUSE QUAY,Custom House Quay,False,False,OPEN,2024-12-30 13:52:33,True,False,,,53.347884,-6.248048,30,11,19,6,5,0,5,30,11,19,6,5,0,5
10222,27,dublin,MOLESWORTH STREET,Molesworth Street,False,False,OPEN,2024-12-30 13:52:58,True,False,,,53.341288,-6.258117,20,12,8,4,8,0,8,20,12,8,4,8,0,8
10223,16,dublin,GEORGES QUAY,Georges Quay,False,False,OPEN,2024-12-30 13:50:04,True,False,,,53.347508,-6.252192,20,7,13,4,3,0,3,20,7,13,4,3,0,3
10224,96,dublin,KILMAINHAM LANE,Kilmainham Lane,False,False,OPEN,2024-12-30 13:54:23,True,False,,,53.341805,-6.305085,30,15,15,9,6,0,6,30,15,15,9,6,0,6
10225,82,dublin,MOUNT BROWN,Mount Brown,False,False,OPEN,2024-12-30 13:51:53,True,False,,,53.341645,-6.29719,22,6,16,2,4,0,4,22,6,16,2,4,0,4
10226,76,dublin,MARKET STREET SOUTH,Market Street South,False,False,OPEN,2024-12-30 13:52:05,True,False,,,53.342296,-6.287661,38,1,37,0,1,0,1,38,1,37,0,1,0,1
10227,71,dublin,KEVIN STREET,Kevin Street,False,False,OPEN,2024-12-30 13:53:55,True,False,,,53.337757,-6.267699,40,25,15,19,6,0,6,40,25,15,19,6,0,6
10228,79,dublin,ECCLES STREET EAST,Eccles Street East,False,False,OPEN,2024-12-30 13:46:33,True,False,,,53.358115,-6.265601,27,4,23,4,0,0,0,27,4,23,4,0,0,0
10229,69,dublin,GRAND CANAL DOCK,Grand Canal Dock,False,False,OPEN,2024-12-30 13:54:57,True,False,,,53.342638,-6.238695,40,36,4,23,13,0,13,40,36,4,23,13,0,13
10230,25,dublin,MERRION SQUARE EAST,Merrion Square East,False,False,OPEN,2024-12-30 13:55:19,True,False,,,53.339434,-6.246548,30,5,25,1,4,0,4,30,5,25,1,4,0,4
10231,51,dublin,YORK STREET WEST,York Street West,False,False,OPEN,2024-12-30 13:52:06,True,False,,,53.339334,-6.264699,40,0,0,0,0,0,0,40,0,0,0,0,0,0
10232,37,dublin,ST. STEPHEN'S GREEN SOUTH,St. Stephen's Green South,False,False,OPEN,2024-12-30 13:51:22,True,False,,,53.337494,-6.26199,30,23,7,11,12,0,12,30,23,7,11,12,0,12
10233,59,dublin,DENMARK STREET GREAT,Denmark Street Great,False,False,OPEN,2024-12-30 13:47:22,True,False,,,53.35561,-6.261397,20,1,19,1,0,0,0,20,1,19,1,0,0,0
10234,95,dublin,ROYAL HOSPITAL,Royal Hospital,False,False,OPEN,2024-12-30 13:55:24,True,False,,,53.343897,-6.29706,40,4,36,1,3,0,3,40,4,36,1,3,0,3
10235,94,dublin,HEUSTON STATION (CAR PARK),Heuston Station (Car Park),False,False,OPEN,2024-12-30 13:55:03,True,False,,,53.346985,-6.297804,40,8,32,8,0,0,0,40,8,32,8,0,0,0
10236,105,dublin,GRANGEGORMAN LOWER (NORTH),Grangegorman Lower (North),False,False,OPEN,2024-12-30 13:54:44,True,False,,,53.355954,-6.278378,36,12,24,7,5,0,5,36,12,24,7,5,0,5
10237,36,dublin,ST. STEPHEN'S GREEN EAST,St. Stephen's Green East,False,False,OPEN,2024-12-30 13:51:19,True,False,,,53.337824,-6.256035,40,18,22,14,4,0,4,40,18,22,14,4,0,4
10238,93,dublin,HEUSTON STATION (CENTRAL),Heuston Station (Central),False,False,OPEN,2024-12-30 13:54:16,True,False,,,53.346603,-6.296924,40,8,32,8,0,0,0,40,8,32,8,0,0,0
10239,22,dublin,TOWNSEND STREET,Townsend Street,False,False,OPEN,2024-12-30 13:53:26,True,False,,,53.345922,-6.254614,20,6,14,4,2,0,2,20,6,14,4,2,0,2
10240,50,dublin,GEORGES LANE,George's Lane,False,False,OPEN,2024-12-30 13:54:06,True,False,,,53.35023,-6.279696,40,3,37,2,1,0,1,40,3,37,2,1,0,1
10241,110,dublin,PHIBSBOROUGH ROAD,Phibsborough Road,False,False,OPEN,2024-12-30 13:54:07,True,False,,,53.356307,-6.273717,40,18,22,9,9,0,9,40,18,22,9,9,0,9
10242,12,dublin,ECCLES STREET,Eccles Street,False,False,OPEN,2024-12-30 13:52:00,True,False,,,53.359246,-6.269779,20,5,15,2,3,0,3,20,5,15,2,3,0,3
10243,34,dublin,PORTOBELLO HARBOUR,Portobello Harbour,False,False,OPEN,2024-12-30 13:55:10,True,False,,,53.330362,-6.265163,30,8,22,8,0,0,0,30,8,22,8,0,0,0
10244,78,dublin,MATER HOSPITAL,Mater Hospital,False,False,OPEN,2024-12-30 13:55:24,True,False,,,53.359967,-6.264828,40,15,25,11,4,0,4,40,15,25,11,4,0,4
10245,2,dublin,BLESSINGTON STREET,Blessington Street,False,False,OPEN,2024-12-30 13:51:03,True,False,,,53.356769,-6.26814,20,15,5,1,14,0,14,20,15,5,1,14,0,14
10246,75,dublin,JAMES STREET,James Street,False,False,OPEN,2024-12-30 13:55:12,True,False,,,53.343456,-6.287409,40,8,32,6,2,0,2,40,8,32,6,2,0,2
10247,111,dublin,MOUNTJOY SQUARE EAST,Mountjoy Square East,False,False,OPEN,2024-12-30 13:55:02,True,False,,,53.356717,-6.256359,40,1,39,0,1,0,1,40,1,39,0,1,0,1
10248,26,dublin,MERRION SQUARE WEST,Merrion Square West,False,False,OPEN,2024-12-30 13:51:52,True,False,,,53.339764,-6.251988,20,20,0,7,13,0,13,20,20,0,7,13,0,13
10249,65,dublin,CONVENTION CENTRE,Convention Centre,False,False,OPEN,2024-12-30 13:54:36,True,False,,,53.34744,-6.238523,40,4,36,0,4,0,4,40,4,36,0,4,0,4
10250,15,dublin,HARDWICKE STREET,Hardwicke Street,False,False,OPEN,2024-12-30 13:54:36,True,False,,,53.355473,-6.264423,16,4,12,3,1,0,1,16,4,12,3,1,0,1
10251,86,dublin,PARKGATE STREET,Parkgate Street,False,False,OPEN,2024-12-30 13:50:22,True,False,,,53.347972,-6.291804,38,15,23,1,14,0,14,38,15,23,1,14,0,14
10252,35,dublin,SMITHFIELD,Smithfield,False,False,OPEN,2024-12-30 13:55:08,True,False,,,53.347692,-6.278214,30,21,9,12,9,0,9,30,21,9,12,9,0,9
10253,10,dublin,DAME STREET,Dame Street,False,False,OPEN,2024-12-30 13:54:56,True,False,,,53.344007,-6.266802,16,15,1,12,3,0,3,16,15,1,12,3,0,3
10254,100,dublin,HEUSTON BRIDGE (SOUTH),Heuston Bridge (South),False,False,OPEN,2024-12-30 13:53:47,True,False,,,53.347106,-6.292041,25,21,4,12,9,0,9,25,21,4,12,9,0,9
10255,24,dublin,CATHAL BRUGHA STREET,Cathal Brugha Street,False,False,OPEN,2024-12-30 13:55:37,True,False,,,53.352149,-6.260533,20,7,13,3,4,0,4,20,7,13,3,4,0,4
10256,64,dublin,SANDWITH STREET,Sandwith Street,False,False,OPEN,2024-12-30 13:55:10,True,False,,,53.345203,-6.247163,40,13,27,11,2,0,2,40,13,27,11,2,0,2
10257,109,dublin,BUCKINGHAM STREET LOWER,Buckingham Street Lower,False,False,OPEN,2024-12-30 13:53:31,True,False,,,53.353331,-6.249319,29,5,24,3,2,0,2,29,5,24,3,2,0,2
10258,85,dublin,ROTHE ABBEY,Rothe Abbey,False,False,OPEN,2024-12-30 13:54:58,True,False,,,53.338776,-6.30395,35,16,19,4,12,0,12,35,16,19,4,12,0,12
10259,107,dublin,CHARLEVILLE ROAD,Charleville Road,False,False,OPEN,2024-12-30 13:53:54,True,False,,,53.359157,-6.281866,40,17,23,9,8,0,8,40,17,23,9,8,0,8
10260,33,dublin,PRINCES STREET / O'CONNELL STREET,Princes Street / O'Connell Street,False,False,OPEN,2024-12-30 13:53:15,True,False,,,53.349013,-6.260311,23,22,1,19,3,0,3,23,22,1,19,3,0,3
10261,44,dublin,UPPER SHERRARD STREET,Upper Sherrard Street,False,False,OPEN,2024-12-30 13:54:53,True,False,,,53.358437,-6.260641,30,18,12,13,5,0,5,30,18,12,13,5,0,5
10262,89,dublin,FITZWILLIAM SQUARE EAST,Fitzwilliam Square East,False,False,OPEN,2024-12-30 13:53:28,True,False,,,53.335211,-6.2509,40,19,21,11,8,0,8,40,19,21,11,8,0,8
10263,57,dublin,GRATTAN STREET,Grattan Street,False,False,OPEN,2024-12-30 13:50:32,True,False,,,53.339629,-6.243778,23,3,20,2,1,0,1,23,3,20,2,1,0,1
10264,80,dublin,ST JAMES HOSPITAL (LUAS),St James Hospital (Luas),False,False,OPEN,2024-12-30 13:54:18,True,False,,,53.341359,-6.292951,40,11,29,3,8,0,8,40,11,29,3,8,0,8
10265,41,dublin,HARCOURT TERRACE,Harcourt Terrace,False,False,OPEN,2024-12-30 13:51:17,True,False,,,53.332763,-6.257942,20,14,6,9,5,0,5,20,14,6,9,5,0,5
10266,3,dublin,BOLTON STREET,Bolton Street,False,False,OPEN,2024-12-30 13:53:15,True,False,,,53.351182,-6.269859,20,7,13,5,2,0,2,20,7,13,5,2,0,2
10267,40,dublin,JERVIS STREET,Jervis Street,False,False,OPEN,2024-12-30 13:55:18,True,False,,,53.3483,-6.266651,21,19,2,6,13,0,13,21,19,2,6,13,0,13
10268,29,dublin,ORMOND QUAY UPPER,Ormond Quay Upper,False,False,OPEN,2024-12-30 13:54:46,True,False,,,53.346057,-6.268001,29,21,8,12,9,0,9,29,21,8,12,9,0,9
10269,103,dublin,GRANGEGORMAN LOWER (SOUTH),Grangegorman Lower (South),False,False,OPEN,2024-12-30 13:52:21,True,False,,,53.354663,-6.278681,40,4,36,3,1,0,1,40,4,36,3,1,0,1
10270,28,dublin,MOUNTJOY SQUARE WEST,Mountjoy Square West,False,False,OPEN,2024-12-30 13:52:34,True,False,,,53.356299,-6.258586,30,14,16,9,5,0,5,30,14,16,9,5,0,5
10271,39,dublin,WILTON TERRACE,Wilton Terrace,False,False,OPEN,2024-12-30 13:53:36,True,False,,,53.332383,-6.252717,20,3,17,2,1,0,1,20,3,17,2,1,0,1
10272,83,dublin,EMMET ROAD,Emmet Road,False,False,OPEN,2024-12-30 13:53:25,True,False,,,53.340714,-6.308191,40,10,30,7,3,0,3,40,10,30,7,3,0,3
10273,92,dublin,HEUSTON BRIDGE (NORTH),Heuston Bridge (North),False,False,OPEN,2024-12-30 13:51:18,True,False,,,53.347802,-6.292432,40,21,19,12,9,0,9,40,21,19,12,9,0,9
10274,21,dublin,LEINSTER STREET SOUTH,Leinster Street South,False,False,OPEN,2024-12-30 13:52:20,True,False,,,53.34218,-6.254485,30,10,20,8,2,0,2,30,10,20,8,2,0,2
10275,88,dublin,BLACKHALL PLACE,Blackhall Place,False,False,OPEN,2024-12-30 13:53:56,True,False,,,53.3488,-6.281637,30,1,29,1,0,0,0,30,1,29,1,0,0,0
10276,42,dublin,SMITHFIELD NORTH,Smithfield North,False,False,OPEN,2024-12-30 14:16:16,True,False,,,53.349562,-6.278198,30,7,23,4,3,0,3,30,7,23,4,3,0,3
10277,30,dublin,PARNELL SQUARE NORTH,Parnell Square North,False,False,OPEN,2024-12-30 14:18:41,True,False,,,53.3537415547453,-6.26530144781526,20,7,13,6,1,0,1,20,7,13,6,1,0,1
10278,54,dublin,CLONMEL STREET,Clonmel Street,False,False,OPEN,2024-12-30 14:15:48,True,False,,,53.336021,-6.26298,33,17,16,9,8,0,8,33,17,16,9,8,0,8
10279,108,dublin,AVONDALE ROAD,Avondale Road,False,False,OPEN,2024-12-30 14:23:27,True,False,,,53.359405,-6.276142,35,4,31,1,3,0,3,35,4,31,1,3,0,3
10280,20,dublin,JAMES STREET EAST,James Street East,False,False,OPEN,2024-12-30 14:25:05,True,False,,,53.336597,-6.248109,30,0,30,0,0,0,0,30,0,30,0,0,0,0
10281,56,dublin,MOUNT STREET LOWER,Mount Street Lower,False,False,OPEN,2024-12-30 14:21:33,True,False,,,53.33796,-6.24153,40,29,11,17,12,0,12,40,29,11,17,12,0,12
10282,6,dublin,CHRISTCHURCH PLACE,Christchurch Place,False,False,OPEN,2024-12-30 14:25:13,True,False,,,53.343368,-6.27012,20,9,11,4,5,0,5,20,9,11,4,5,0,5
10283,18,dublin,GRANTHAM STREET,Grantham Street,False,False,OPEN,2024-12-30 14:22:32,True,False,,,53.334123,-6.265436,30,2,28,1,1,0,1,30,2,28,1,1,0,1
10284,32,dublin,PEARSE STREET,Pearse Street,False,False,OPEN,2024-12-30 14:21:40,True,False,,,53.344304,-6.250427,30,11,19,8,3,0,3,30,11,19,8,3,0,3
10285,52,dublin,YORK STREET EAST,York Street East,False,False,OPEN,2024-12-30 14:24:52,True,False,,,53.338755,-6.262003,32,23,9,12,11,0,11,32,23,9,12,11,0,11
10286,48,dublin,EXCISE WALK,Excise Walk,False,False,OPEN,2024-12-30 14:23:14,True,False,,,53.347777,-6.244239,40,2,38,2,0,0,0,40,2,38,2,0,0,0
10287,13,dublin,FITZWILLIAM SQUARE WEST,Fitzwilliam Square West,False,False,OPEN,2024-12-30 14:15:51,True,False,,,53.336074,-6.252825,30,21,9,8,13,0,13,30,21,9,8,13,0,13
10288,43,dublin,PORTOBELLO ROAD,Portobello Road,False,False,OPEN,2024-12-30 14:21:45,True,False,,,53.330091,-6.268044,30,17,13,9,8,0,8,30,17,13,9,8,0,8
10289,31,dublin,PARNELL STREET,Parnell Street,False,False,OPEN,2024-12-30 14:25:31,True,False,,,53.350929,-6.265125,20,8,12,6,2,0,2,20,8,12,6,2,0,2
10290,98,dublin,FREDERICK STREET SOUTH,Frederick Street South,False,False,OPEN,2024-12-30 14:22:25,True,False,,,53.341515,-6.256853,40,19,21,14,5,0,5,40,19,21,14,5,0,5
10291,14,dublin,FOWNES STREET UPPER,Fownes Street Upper,False,False,OPEN,2024-12-30 14:24:36,True,False,,,53.344603,-6.263371,30,23,7,12,11,0,11,30,23,7,12,11,0,11
10292,1,dublin,CLARENDON ROW,Clarendon Row,False,False,OPEN,2024-12-30 14:21:48,True,False,,,53.340927,-6.262501,31,20,11,11,9,0,9,31,20,11,11,9,0,9
10293,23,dublin,CUSTOM HOUSE,Custom House,False,False,OPEN,2024-12-30 14:25:22,True,False,,,53.348279,-6.254662,30,8,22,5,3,0,3,30,8,22,5,3,0,3
10294,106,dublin,RATHDOWN ROAD,Rathdown Road,False,False,OPEN,2024-12-30 14:21:59,True,False,,,53.35893,-6.280337,40,14,26,9,5,0,5,40,14,26,9,5,0,5
10295,112,dublin,NORTH CIRCULAR ROAD (O'CONNELL'S),North Circular Road (O'Connell's),False,False,OPEN,2024-12-30 14:22:59,True,False,,,53.357841,-6.251557,30,1,29,1,0,0,0,30,1,29,1,0,0,0
10296,68,dublin,HANOVER QUAY,Hanover Quay,False,False,OPEN,2024-12-30 14:22:36,True,False,,,53.344115,-6.237153,40,26,14,18,8,0,8,40,26,14,18,8,0,8
10297,74,dublin,OLIVER BOND STREET,Oliver Bond Street,False,False,OPEN,2024-12-30 14:15:44,True,False,,,53.343893,-6.280531,30,11,19,7,4,0,4,30,11,19,7,4,0,4
10298,87,dublin,COLLINS BARRACKS MUSEUM,Collins Barracks Museum,False,False,OPEN,2024-12-30 14:23:51,True,False,,,53.347477,-6.28525,38,26,12,10,16,0,16,38,26,12,10,16,0,16
10299,84,dublin,BROOKFIELD ROAD,Brookfield Road,False,False,OPEN,2024-12-30 14:23:20,True,False,,,53.339005,-6.300217,30,12,18,6,6,0,6,30,12,18,6,6,0,6
10300,90,dublin,BENSON STREET,Benson Street,False,False,OPEN,2024-12-30 14:25:00,True,False,,,53.344153,-6.233451,40,6,34,6,0,0,0,40,6,34,6,0,0,0
10301,11,dublin,EARLSFORT TERRACE,Earlsfort Terrace,False,False,OPEN,2024-12-30 14:21:00,True,False,,,53.334295,-6.258503,30,19,11,15,4,0,4,30,19,11,15,4,0,4
10302,17,dublin,GOLDEN LANE,Golden Lane,False,False,OPEN,2024-12-30 14:18:25,True,False,,,53.340803,-6.267732,20,7,13,4,3,0,3,20,7,13,4,3,0,3
10303,45,dublin,DEVERELL PLACE,Deverell Place,False,False,OPEN,2024-12-30 14:25:28,True,False,,,53.351464,-6.255265,30,3,27,2,1,0,1,30,3,27,2,1,0,1
10304,114,dublin,WILTON TERRACE (PARK),Wilton Terrace (Park),False,False,OPEN,2024-12-30 14:25:03,True,False,,,53.333653,-6.248345,40,2,38,2,0,0,0,40,2,38,2,0,0,0
10305,72,dublin,JOHN STREET WEST,John Street West,False,False,OPEN,2024-12-30 14:23:54,True,False,,,53.343105,-6.277167,31,1,30,1,0,0,0,31,1,30,1,0,0,0
10306,63,dublin,FENIAN STREET,Fenian Street,False,False,OPEN,2024-12-30 14:23:56,True,False,,,53.341428,-6.24672,35,18,17,9,9,0,9,35,18,17,9,9,0,9
10307,113,dublin,MERRION SQUARE SOUTH,Merrion Square South,False,False,OPEN,2024-12-30 14:23:04,True,False,,,53.338614,-6.248606,40,7,22,4,3,0,3,40,7,22,4,3,0,3
10308,91,dublin,SOUTH DOCK ROAD,South Dock Road,False,False,OPEN,2024-12-30 14:22:09,True,False,,,53.341833,-6.231291,30,11,19,6,5,0,5,30,11,19,6,5,0,5
10309,99,dublin,CITY QUAY,City Quay,False,False,OPEN,2024-12-30 14:15:50,True,False,,,53.346637,-6.246154,30,20,10,8,12,0,12,30,20,10,8,12,0,12
10310,9,dublin,EXCHEQUER STREET,Exchequer Street,False,False,OPEN,2024-12-30 14:24:04,True,False,,,53.343034,-6.263578,24,12,12,7,5,0,5,24,12,12,7,5,0,5
10311,67,dublin,THE POINT,The Point,False,False,OPEN,2024-12-30 14:23:32,True,False,,,53.346867,-6.230852,40,20,20,11,9,0,9,40,20,20,11,9,0,9
10312,116,dublin,BROADSTONE,Broadstone,False,False,OPEN,2024-12-30 14:20:23,True,False,,,53.3547,-6.272314,30,16,14,6,10,0,10,30,16,14,6,10,0,10
10313,55,dublin,HATCH STREET,Hatch Street,False,False,OPEN,2024-12-30 14:24:41,True,False,,,53.33403,-6.260714,36,8,28,5,3,0,3,36,8,28,5,3,0,3
10314,62,dublin,LIME STREET,Lime Street,False,False,OPEN,2024-12-30 14:23:52,True,False,,,53.346026,-6.243576,40,11,29,4,7,0,7,40,11,29,4,7,0,7
10315,5,dublin,CHARLEMONT PLACE,Charlemont Street,False,False,OPEN,2024-12-30 14:18:25,True,False,,,53.330662,-6.260177,40,33,7,28,5,0,5,40,33,7,28,5,0,5
10316,97,dublin,KILMAINHAM GAOL,Kilmainham Gaol,False,False,OPEN,2024-12-30 14:22:37,True,False,,,53.342113,-6.310015,40,12,28,5,7,0,7,40,12,28,5,7,0,7
10317,61,dublin,HARDWICKE PLACE,Hardwicke Place,False,False,OPEN,2024-12-30 14:20:29,True,False,,,53.357043,-6.263232,25,1,24,1,0,0,0,25,1,24,1,0,0,0
10318,77,dublin,WOLFE TONE STREET,Wolfe Tone Street,False,False,OPEN,2024-12-30 14:23:52,True,False,,,53.348875,-6.267459,29,17,12,5,12,0,12,29,17,12,5,12,0,12
10319,73,dublin,FRANCIS STREET,Francis Street,False,False,OPEN,2024-12-30 14:23:33,True,False,,,53.342081,-6.275233,30,2,28,0,2,0,2,30,2,28,0,2,0,2
10320,4,dublin,GREEK STREET,Greek Street,False,False,OPEN,2024-12-30 14:23:21,True,False,,,53.346874,-6.272976,20,12,8,5,7,0,7,20,12,8,5,7,0,7
10321,49,dublin,GUILD STREET,Guild Street,False,False,OPEN,2024-12-30 14:17:11,True,False,,,53.347932,-6.240928,40,24,16,14,10,0,10,40,24,16,14,10,0,10
10322,19,dublin,HERBERT PLACE,Herbert Place,False,False,OPEN,2024-12-30 14:23:59,True,False,,,53.334432,-6.245575,30,2,28,1,1,0,1,30,2,28,1,1,0,1
10323,7,dublin,HIGH STREET,High Street,False,False,OPEN,2024-12-30 14:22:03,True,False,,,53.343565,-6.275071,29,5,24,1,4,0,4,29,5,24,1,4,0,4
10324,60,dublin,NORTH CIRCULAR ROAD,North Circular Road,False,False,OPEN,2024-12-30 14:17:30,True,False,,,53.359624,-6.260348,30,3,27,2,1,0,1,30,3,27,2,1,0,1
10325,102,dublin,WESTERN WAY,Western Way,False,False,OPEN,2024-12-30 14:22:29,True,False,,,53.354929,-6.269425,40,12,28,11,1,0,1,40,12,28,11,1,0,1
10326,38,dublin,TALBOT STREET,Talbot Street,False,False,OPEN,2024-12-30 14:24:50,True,False,,,53.350974,-6.25294,40,25,15,18,7,0,7,40,25,15,18,7,0,7
10327,53,dublin,NEWMAN HOUSE,Newman House,False,False,OPEN,2024-12-30 14:22:35,True,False,,,53.337132,-6.26059,40,16,24,14,2,0,2,40,16,24,14,2,0,2
10328,58,dublin,SIR PATRICK DUN'S,Sir Patrick's Dun,False,False,OPEN,2024-12-30 14:24:07,True,False,,,53.339218,-6.240642,40,11,29,11,0,0,0,40,11,29,11,0,0,0
10329,66,dublin,NEW CENTRAL BANK,New Central Bank,False,False,OPEN,2024-12-30 14:21:34,True,False,,,53.347122,-6.234749,40,1,39,1,0,0,0,40,1,39,1,0,0,0
10330,104,dublin,GRANGEGORMAN LOWER (CENTRAL),Grangegorman Lower (Central),False,False,OPEN,2024-12-30 14:17:35,True,False,,,53.355173,-6.278424,40,19,21,10,9,0,9,40,19,21,10,9,0,9
10331,101,dublin,KING STREET NORTH,King Street North,False,False,OPEN,2024-12-30 14:21:10,True,False,,,53.350291,-6.273507,30,0,30,0,0,0,0,30,0,30,0,0,0,0
10332,115,dublin,KILLARNEY STREET,Killarney Street,False,False,OPEN,2024-12-30 14:25:33,True,False,,,53.354845,-6.247579,30,15,15,6,9,0,9,30,15,15,6,9,0,9
10333,47,dublin,HERBERT STREET,Herbert Street,False,False,OPEN,2024-12-30 14:23:43,True,False,,,53.335742,-6.24551,40,2,38,1,1,0,1,40,2,38,1,1,0,1
10334,117,dublin,HANOVER QUAY EAST,Hanover Quay East,False,False,OPEN,2024-12-30 14:21:36,True,False,,,53.343653,-6.231755,40,7,33,7,0,0,0,40,7,33,7,0,0,0
10335,8,dublin,CUSTOM HOUSE QUAY,Custom House Quay,False,False,OPEN,2024-12-30 14:22:51,True,False,,,53.347884,-6.248048,30,10,20,6,4,0,4,30,10,20,6,4,0,4
10336,27,dublin,MOLESWORTH STREET,Molesworth Street,False,False,OPEN,2024-12-30 14:24:47,True,False,,,53.341288,-6.258117,20,13,7,3,10,0,10,20,13,7,3,10,0,10
10337,16,dublin,GEORGES QUAY,Georges Quay,False,False,OPEN,2024-12-30 14:20:18,True,False,,,53.347508,-6.252192,20,8,12,5,3,0,3,20,8,12,5,3,0,3
10338,96,dublin,KILMAINHAM LANE,Kilmainham Lane,False,False,OPEN,2024-12-30 14:24:25,True,False,,,53.341805,-6.305085,30,16,14,10,6,0,6,30,16,14,10,6,0,6
10339,82,dublin,MOUNT BROWN,Mount Brown,False,False,OPEN,2024-12-30 14:22:05,True,False,,,53.341645,-6.29719,22,6,16,2,4,0,4,22,6,16,2,4,0,4
10340,76,dublin,MARKET STREET SOUTH,Market Street South,False,False,OPEN,2024-12-30 14:25:18,True,False,,,53.342296,-6.287661,38,2,36,2,0,0,0,38,2,36,2,0,0,0
10341,71,dublin,KEVIN STREET,Kevin Street,False,False,OPEN,2024-12-30 14:24:07,True,False,,,53.337757,-6.267699,40,25,15,19,6,0,6,40,25,15,19,6,0,6
10342,79,dublin,ECCLES STREET EAST,Eccles Street East,False,False,OPEN,2024-12-30 14:16:45,True,False,,,53.358115,-6.265601,27,4,23,4,0,0,0,27,4,23,4,0,0,0
10343,69,dublin,GRAND CANAL DOCK,Grand Canal Dock,False,False,OPEN,2024-12-30 14:25:11,True,False,,,53.342638,-6.238695,40,38,2,25,13,0,13,40,38,2,25,13,0,13
10344,25,dublin,MERRION SQUARE EAST,Merrion Square East,False,False,OPEN,2024-12-30 14:25:36,True,False,,,53.339434,-6.246548,30,5,25,0,5,0,5,30,5,25,0,5,0,5
10345,51,dublin,YORK STREET WEST,York Street West,False,False,OPEN,2024-12-30 14:22:22,True,False,,,53.339334,-6.264699,40,0,0,0,0,0,0,40,0,0,0,0,0,0
10346,37,dublin,ST. STEPHEN'S GREEN SOUTH,St. Stephen's Green South,False,False,OPEN,2024-12-30 14:21:34,True,False,,,53.337494,-6.26199,30,23,7,11,12,0,12,30,23,7,11,12,0,12
10347,59,dublin,DENMARK STREET GREAT,Denmark Street Great,False,False,OPEN,2024-12-30 14:17:35,True,False,,,53.35561,-6.261397,20,1,19,1,0,0,0,20,1,19,1,0,0,0
10348,95,dublin,ROYAL HOSPITAL,Royal Hospital,False,False,OPEN,2024-12-30 14:25:40,True,False,,,53.343897,-6.29706,40,4,36,1,3,0,3,40,4,36,1,3,0,3
10349,94,dublin,HEUSTON STATION (CAR PARK),Heuston Station (Car Park),False,False,OPEN,2024-12-30 14:25:18,True,False,,,53.346985,-6.297804,40,8,32,8,0,0,0,40,8,32,8,0,0,0
10350,105,dublin,GRANGEGORMAN LOWER (NORTH),Grangegorman Lower (North),False,False,OPEN,2024-12-30 14:24:56,True,False,,,53.355954,-6.278378,36,12,24,7,5,0,5,36,12,24,7,5,0,5
10351,36,dublin,ST. STEPHEN'S GREEN EAST,St. Stephen's Green East,False,False,OPEN,2024-12-30 14:21:32,True,False,,,53.337824,-6.256035,40,18,22,14,4,0,4,40,18,22,14,4,0,4
10352,93,dublin,HEUSTON STATION (CENTRAL),Heuston Station (Central),False,False,OPEN,2024-12-30 14:24:32,True,False,,,53.346603,-6.296924,40,8,32,8,0,0,0,40,8,32,8,0,0,0
10353,22,dublin,TOWNSEND STREET,Townsend Street,False,False,OPEN,2024-12-30 14:23:43,True,False,,,53.345922,-6.254614,20,6,14,4,2,0,2,20,6,14,4,2,0,2
10354,50,dublin,GEORGES LANE,George's Lane,False,False,OPEN,2024-12-30 14:24:23,True,False,,,53.35023,-6.279696,40,2,38,2,0,0,0,40,2,38,2,0,0,0
10355,110,dublin,PHIBSBOROUGH ROAD,Phibsborough Road,False,False,OPEN,2024-12-30 14:24:19,True,False,,,53.356307,-6.273717,40,18,22,9,9,0,9,40,18,22,9,9,0,9
10356,12,dublin,ECCLES STREET,Eccles Street,False,False,OPEN,2024-12-30 14:22:13,True,False,,,53.359246,-6.269779,20,5,15,2,3,0,3,20,5,15,2,3,0,3
10357,34,dublin,PORTOBELLO HARBOUR,Portobello Harbour,False,False,OPEN,2024-12-30 14:25:03,True,False,,,53.330362,-6.265163,30,8,22,8,0,0,0,30,8,22,8,0,0,0
10358,78,dublin,MATER HOSPITAL,Mater Hospital,False,False,OPEN,2024-12-30 14:24:54,True,False,,,53.359967,-6.264828,40,16,24,12,4,0,4,40,16,24,12,4,0,4
10359,2,dublin,BLESSINGTON STREET,Blessington Street,False,False,OPEN,2024-12-30 14:21:19,True,False,,,53.356769,-6.26814,20,12,8,0,12,0,12,20,12,8,0,12,0,12
10360,75,dublin,JAMES STREET,James Street,False,False,OPEN,2024-12-30 14:25:35,True,False,,,53.343456,-6.287409,40,4,36,4,0,0,0,40,4,36,4,0,0,0
10361,111,dublin,MOUNTJOY SQUARE EAST,Mountjoy Square East,False,False,OPEN,2024-12-30 14:19:56,True,False,,,53.356717,-6.256359,40,2,38,1,1,0,1,40,2,38,1,1,0,1
10362,26,dublin,MERRION SQUARE WEST,Merrion Square West,False,False,OPEN,2024-12-30 14:22:08,True,False,,,53.339764,-6.251988,20,20,0,7,13,0,13,20,20,0,7,13,0,13
10363,65,dublin,CONVENTION CENTRE,Convention Centre,False,False,OPEN,2024-12-30 14:24:49,True,False,,,53.34744,-6.238523,40,4,36,0,4,0,4,40,4,36,0,4,0,4
10364,15,dublin,HARDWICKE STREET,Hardwicke Street,False,False,OPEN,2024-12-30 14:24:52,True,False,,,53.355473,-6.264423,16,4,12,3,1,0,1,16,4,12,3,1,0,1
10365,86,dublin,PARKGATE STREET,Parkgate Street,False,False,OPEN,2024-12-30 14:21:41,True,False,,,53.347972,-6.291804,38,15,23,1,14,0,14,38,15,23,1,14,0,14
10366,35,dublin,SMITHFIELD,Smithfield,False,False,OPEN,2024-12-30 14:25:24,True,False,,,53.347692,-6.278214,30,20,10,11,9,0,9,30,20,10,11,9,0,9
10367,10,dublin,DAME STREET,Dame Street,False,False,OPEN,2024-12-30 14:24:27,True,False,,,53.344007,-6.266802,16,16,0,13,3,0,3,16,16,0,13,3,0,3
10368,100,dublin,HEUSTON BRIDGE (SOUTH),Heuston Bridge (South),False,False,OPEN,2024-12-30 14:23:54,True,False,,,53.347106,-6.292041,25,22,3,13,9,0,9,25,22,3,13,9,0,9
10369,24,dublin,CATHAL BRUGHA STREET,Cathal Brugha Street,False,False,OPEN,2024-12-30 14:23:52,True,False,,,53.352149,-6.260533,20,7,13,3,4,0,4,20,7,13,3,4,0,4
10370,64,dublin,SANDWITH STREET,Sandwith Street,False,False,OPEN,2024-12-30 14:25:26,True,False,,,53.345203,-6.247163,40,13,27,11,2,0,2,40,13,27,11,2,0,2
10371,109,dublin,BUCKINGHAM STREET LOWER,Buckingham Street Lower,False,False,OPEN,2024-12-30 14:23:45,True,False,,,53.353331,-6.249319,29,6,23,4,2,0,2,29,6,23,4,2,0,2
10372,85,dublin,ROTHE ABBEY,Rothe Abbey,False,False,OPEN,2024-12-30 14:25:10,True,False,,,53.338776,-6.30395,35,16,19,4,12,0,12,35,16,19,4,12,0,12
10373,107,dublin,CHARLEVILLE ROAD,Charleville Road,False,False,OPEN,2024-12-30 14:24:13,True,False,,,53.359157,-6.281866,40,17,23,9,8,0,8,40,17,23,9,8,0,8
10374,33,dublin,PRINCES STREET / O'CONNELL STREET,Princes Street / O'Connell Street,False,False,OPEN,2024-12-30 14:25:01,True,False,,,53.349013,-6.260311,23,20,3,16,4,0,4,23,20,3,16,4,0,4
10375,44,dublin,UPPER SHERRARD STREET,Upper Sherrard Street,False,False,OPEN,2024-12-30 14:25:14,True,False,,,53.358437,-6.260641,30,16,14,12,4,0,4,30,16,14,12,4,0,4
10376,89,dublin,FITZWILLIAM SQUARE EAST,Fitzwilliam Square East,False,False,OPEN,2024-12-30 14:23:39,True,False,,,53.335211,-6.2509,40,19,21,11,8,0,8,40,19,21,11,8,0,8
10377,57,dublin,GRATTAN STREET,Grattan Street,False,False,OPEN,2024-12-30 14:20:43,True,False,,,53.339629,-6.243778,23,4,19,3,1,0,1,23,4,19,3,1,0,1
10378,80,dublin,ST JAMES HOSPITAL (LUAS),St James Hospital (Luas),False,False,OPEN,2024-12-30 14:21:08,True,False,,,53.341359,-6.292951,40,12,28,4,8,0,8,40,12,28,4,8,0,8
10379,41,dublin,HARCOURT TERRACE,Harcourt Terrace,False,False,OPEN,2024-12-30 14:21:34,True,False,,,53.332763,-6.257942,20,15,5,9,6,0,6,20,15,5,9,6,0,6
10380,3,dublin,BOLTON STREET,Bolton Street,False,False,OPEN,2024-12-30 14:23:35,True,False,,,53.351182,-6.269859,20,5,15,4,1,0,1,20,5,15,4,1,0,1
10381,40,dublin,JERVIS STREET,Jervis Street,False,False,OPEN,2024-12-30 14:25:33,True,False,,,53.3483,-6.266651,21,19,2,5,14,0,14,21,19,2,5,14,0,14
10382,29,dublin,ORMOND QUAY UPPER,Ormond Quay Upper,False,False,OPEN,2024-12-30 14:22:13,True,False,,,53.346057,-6.268001,29,22,7,12,10,0,10,29,22,7,12,10,0,10
10383,103,dublin,GRANGEGORMAN LOWER (SOUTH),Grangegorman Lower (South),False,False,OPEN,2024-12-30 14:22:36,True,False,,,53.354663,-6.278681,40,5,35,4,1,0,1,40,5,35,4,1,0,1
10384,28,dublin,MOUNTJOY SQUARE WEST,Mountjoy Square West,False,False,OPEN,2024-12-30 14:22:46,True,False,,,53.356299,-6.258586,30,14,16,9,5,0,5,30,14,16,9,5,0,5
10385,39,dublin,WILTON TERRACE,Wilton Terrace,False,False,OPEN,2024-12-30 14:23:46,True,False,,,53.332383,-6.252717,20,3,17,2,1,0,1,20,3,17,2,1,0,1
10386,83,dublin,EMMET ROAD,Emmet Road,False,False,OPEN,2024-12-30 14:23:43,True,False,,,53.340714,-6.308191,40,11,29,8,3,0,3,40,11,29,8,3,0,3
10387,92,dublin,HEUSTON BRIDGE (NORTH),Heuston Bridge (North),False,False,OPEN,2024-12-30 14:21:35,True,False,,,53.347802,-6.292432,40,21,19,12,9,0,9,40,21,19,12,9,0,9
10388,21,dublin,LEINSTER STREET SOUTH,Leinster Street South,False,False,OPEN,2024-12-30 14:22:37,True,False,,,53.34218,-6.254485,30,10,20,8,2,0,2,30,10,20,8,2,0,2
10389,88,dublin,BLACKHALL PLACE,Blackhall Place,False,False,OPEN,2024-12-30 14:24:13,True,False,,,53.3488,-6.281637,30,4,26,4,0,0,0,30,4,26,4,0,0,0
10390,42,dublin,SMITHFIELD NORTH,Smithfield North,False,False,OPEN,2024-12-30 14:46:54,True,False,,,53.349562,-6.278198,30,5,25,2,3,0,3,30,5,25,2,3,0,3
10391,30,dublin,PARNELL SQUARE NORTH,Parnell Square North,False,False,OPEN,2024-12-30 14:53:37,True,False,,,53.3537415547453,-6.26530144781526,20,8,12,7,1,0,1,20,8,12,7,1,0,1
10392,54,dublin,CLONMEL STREET,Clonmel Street,False,False,OPEN,2024-12-30 14:46:00,True,False,,,53.336021,-6.26298,33,17,16,9,8,0,8,33,17,16,9,8,0,8
10393,108,dublin,AVONDALE ROAD,Avondale Road,False,False,OPEN,2024-12-30 14:53:39,True,False,,,53.359405,-6.276142,35,6,29,2,4,0,4,35,6,29,2,4,0,4
10394,20,dublin,JAMES STREET EAST,James Street East,False,False,OPEN,2024-12-30 14:55:16,True,False,,,53.336597,-6.248109,30,0,30,0,0,0,0,30,0,30,0,0,0,0
10395,56,dublin,MOUNT STREET LOWER,Mount Street Lower,False,False,OPEN,2024-12-30 14:51:47,True,False,,,53.33796,-6.24153,40,28,12,17,11,0,11,40,28,12,17,11,0,11
10396,6,dublin,CHRISTCHURCH PLACE,Christchurch Place,False,False,OPEN,2024-12-30 14:51:51,True,False,,,53.343368,-6.27012,20,9,11,4,5,0,5,20,9,11,4,5,0,5
10397,18,dublin,GRANTHAM STREET,Grantham Street,False,False,OPEN,2024-12-30 14:52:46,True,False,,,53.334123,-6.265436,30,1,29,1,0,0,0,30,1,29,1,0,0,0
10398,32,dublin,PEARSE STREET,Pearse Street,False,False,OPEN,2024-12-30 14:51:53,True,False,,,53.344304,-6.250427,30,11,19,8,3,0,3,30,11,19,8,3,0,3
10399,52,dublin,YORK STREET EAST,York Street East,False,False,OPEN,2024-12-30 14:51:34,True,False,,,53.338755,-6.262003,32,23,9,12,11,0,11,32,23,9,12,11,0,11
10400,48,dublin,EXCISE WALK,Excise Walk,False,False,OPEN,2024-12-30 14:53:26,True,False,,,53.347777,-6.244239,40,2,38,2,0,0,0,40,2,38,2,0,0,0
10401,13,dublin,FITZWILLIAM SQUARE WEST,Fitzwilliam Square West,False,False,OPEN,2024-12-30 14:46:03,True,False,,,53.336074,-6.252825,30,21,9,8,13,0,13,30,21,9,8,13,0,13
10402,43,dublin,PORTOBELLO ROAD,Portobello Road,False,False,OPEN,2024-12-30 14:55:34,True,False,,,53.330091,-6.268044,30,16,14,8,8,0,8,30,16,14,8,8,0,8
10403,31,dublin,PARNELL STREET,Parnell Street,False,False,OPEN,2024-12-30 14:55:43,True,False,,,53.350929,-6.265125,20,8,12,6,2,0,2,20,8,12,6,2,0,2
10404,98,dublin,FREDERICK STREET SOUTH,Frederick Street South,False,False,OPEN,2024-12-30 14:54:06,True,False,,,53.341515,-6.256853,40,19,21,14,5,0,5,40,19,21,14,5,0,5
10405,14,dublin,FOWNES STREET UPPER,Fownes Street Upper,False,False,OPEN,2024-12-30 14:55:37,True,False,,,53.344603,-6.263371,30,21,9,10,11,0,11,30,21,9,10,11,0,11
10406,1,dublin,CLARENDON ROW,Clarendon Row,False,False,OPEN,2024-12-30 14:51:33,True,False,,,53.340927,-6.262501,31,20,11,11,9,0,9,31,20,11,11,9,0,9
10407,23,dublin,CUSTOM HOUSE,Custom House,False,False,OPEN,2024-12-30 14:55:38,True,False,,,53.348279,-6.254662,30,8,22,5,3,0,3,30,8,22,5,3,0,3
10408,106,dublin,RATHDOWN ROAD,Rathdown Road,False,False,OPEN,2024-12-30 14:52:16,True,False,,,53.35893,-6.280337,40,13,27,8,5,0,5,40,13,27,8,5,0,5
10409,112,dublin,NORTH CIRCULAR ROAD (O'CONNELL'S),North Circular Road (O'Connell's),False,False,OPEN,2024-12-30 14:53:11,True,False,,,53.357841,-6.251557,30,1,29,1,0,0,0,30,1,29,1,0,0,0
10410,68,dublin,HANOVER QUAY,Hanover Quay,False,False,OPEN,2024-12-30 14:52:48,True,False,,,53.344115,-6.237153,40,26,14,18,8,0,8,40,26,14,18,8,0,8
10411,74,dublin,OLIVER BOND STREET,Oliver Bond Street,False,False,OPEN,2024-12-30 14:46:02,True,False,,,53.343893,-6.280531,30,12,18,7,5,0,5,30,12,18,7,5,0,5
10412,87,dublin,COLLINS BARRACKS MUSEUM,Collins Barracks Museum,False,False,OPEN,2024-12-30 14:53:56,True,False,,,53.347477,-6.28525,38,26,12,10,16,0,16,38,26,12,10,16,0,16
10413,84,dublin,BROOKFIELD ROAD,Brookfield Road,False,False,OPEN,2024-12-30 14:53:33,True,False,,,53.339005,-6.300217,30,11,19,6,5,0,5,30,11,19,6,5,0,5
10414,90,dublin,BENSON STREET,Benson Street,False,False,OPEN,2024-12-30 14:54:45,True,False,,,53.344153,-6.233451,40,6,34,6,0,0,0,40,6,34,6,0,0,0
10415,11,dublin,EARLSFORT TERRACE,Earlsfort Terrace,False,False,OPEN,2024-12-30 14:51:12,True,False,,,53.334295,-6.258503,30,19,11,15,4,0,4,30,19,11,15,4,0,4
10416,17,dublin,GOLDEN LANE,Golden Lane,False,False,OPEN,2024-12-30 14:51:56,True,False,,,53.340803,-6.267732,20,8,12,4,4,0,4,20,8,12,4,4,0,4
10417,45,dublin,DEVERELL PLACE,Deverell Place,False,False,OPEN,2024-12-30 14:55:42,True,False,,,53.351464,-6.255265,30,4,26,2,2,0,2,30,4,26,2,2,0,2
10418,114,dublin,WILTON TERRACE (PARK),Wilton Terrace (Park),False,False,OPEN,2024-12-30 14:55:20,True,False,,,53.333653,-6.248345,40,3,37,3,0,0,0,40,3,37,3,0,0,0
10419,72,dublin,JOHN STREET WEST,John Street West,False,False,OPEN,2024-12-30 14:54:06,True,False,,,53.343105,-6.277167,31,1,30,1,0,0,0,31,1,30,1,0,0,0
10420,63,dublin,FENIAN STREET,Fenian Street,False,False,OPEN,2024-12-30 14:54:11,True,False,,,53.341428,-6.24672,35,20,15,10,10,0,10,35,20,15,10,10,0,10
10421,113,dublin,MERRION SQUARE SOUTH,Merrion Square South,False,False,OPEN,2024-12-30 14:53:17,True,False,,,53.338614,-6.248606,40,8,21,5,3,0,3,40,8,21,5,3,0,3
10422,91,dublin,SOUTH DOCK ROAD,South Dock Road,False,False,OPEN,2024-12-30 14:53:18,True,False,,,53.341833,-6.231291,30,11,19,6,5,0,5,30,11,19,6,5,0,5
10423,99,dublin,CITY QUAY,City Quay,False,False,OPEN,2024-12-30 14:46:08,True,False,,,53.346637,-6.246154,30,20,10,8,12,0,12,30,20,10,8,12,0,12
10424,9,dublin,EXCHEQUER STREET,Exchequer Street,False,False,OPEN,2024-12-30 14:54:54,True,False,,,53.343034,-6.263578,24,14,10,7,7,0,7,24,14,10,7,7,0,7
10425,67,dublin,THE POINT,The Point,False,False,OPEN,2024-12-30 14:51:34,True,False,,,53.346867,-6.230852,40,16,24,9,7,0,7,40,16,24,9,7,0,7
10426,116,dublin,BROADSTONE,Broadstone,False,False,OPEN,2024-12-30 14:50:36,True,False,,,53.3547,-6.272314,30,17,13,7,10,0,10,30,17,13,7,10,0,10
10427,55,dublin,HATCH STREET,Hatch Street,False,False,OPEN,2024-12-30 14:54:52,True,False,,,53.33403,-6.260714,36,8,28,5,3,0,3,36,8,28,5,3,0,3
10428,62,dublin,LIME STREET,Lime Street,False,False,OPEN,2024-12-30 14:52:37,True,False,,,53.346026,-6.243576,40,12,28,5,7,0,7,40,12,28,5,7,0,7
10429,5,dublin,CHARLEMONT PLACE,Charlemont Street,False,False,OPEN,2024-12-30 14:53:44,True,False,,,53.330662,-6.260177,40,33,7,28,5,0,5,40,33,7,28,5,0,5
10430,97,dublin,KILMAINHAM GAOL,Kilmainham Gaol,False,False,OPEN,2024-12-30 14:52:45,True,False,,,53.342113,-6.310015,40,11,29,4,7,0,7,40,11,29,4,7,0,7
10431,61,dublin,HARDWICKE PLACE,Hardwicke Place,False,False,OPEN,2024-12-30 14:50:41,True,False,,,53.357043,-6.263232,25,2,23,2,0,0,0,25,2,23,2,0,0,0
10432,77,dublin,WOLFE TONE STREET,Wolfe Tone Street,False,False,OPEN,2024-12-30 14:52:42,True,False,,,53.348875,-6.267459,29,17,12,4,13,0,13,29,17,12,4,13,0,13
10433,73,dublin,FRANCIS STREET,Francis Street,False,False,OPEN,2024-12-30 14:53:47,True,False,,,53.342081,-6.275233,30,1,29,0,1,0,1,30,1,29,0,1,0,1
10434,4,dublin,GREEK STREET,Greek Street,False,False,OPEN,2024-12-30 14:53:33,True,False,,,53.346874,-6.272976,20,13,7,5,8,0,8,20,13,7,5,8,0,8
10435,49,dublin,GUILD STREET,Guild Street,False,False,OPEN,2024-12-30 14:46:27,True,False,,,53.347932,-6.240928,40,26,14,15,11,0,11,40,26,14,15,11,0,11
10436,19,dublin,HERBERT PLACE,Herbert Place,False,False,OPEN,2024-12-30 14:54:14,True,False,,,53.334432,-6.245575,30,2,28,1,1,0,1,30,2,28,1,1,0,1
10437,7,dublin,HIGH STREET,High Street,False,False,OPEN,2024-12-30 14:52:16,True,False,,,53.343565,-6.275071,29,6,23,2,4,0,4,29,6,23,2,4,0,4
10438,60,dublin,NORTH CIRCULAR ROAD,North Circular Road,False,False,OPEN,2024-12-30 14:47:45,True,False,,,53.359624,-6.260348,30,4,26,4,0,0,0,30,4,26,4,0,0,0
10439,102,dublin,WESTERN WAY,Western Way,False,False,OPEN,2024-12-30 14:52:41,True,False,,,53.354929,-6.269425,40,13,27,12,1,0,1,40,13,27,12,1,0,1
10440,38,dublin,TALBOT STREET,Talbot Street,False,False,OPEN,2024-12-30 14:55:08,True,False,,,53.350974,-6.25294,40,24,16,18,6,0,6,40,24,16,18,6,0,6
10441,53,dublin,NEWMAN HOUSE,Newman House,False,False,OPEN,2024-12-30 14:52:49,True,False,,,53.337132,-6.26059,40,15,25,14,1,0,1,40,15,25,14,1,0,1
10442,58,dublin,SIR PATRICK DUN'S,Sir Patrick's Dun,False,False,OPEN,2024-12-30 14:54:24,True,False,,,53.339218,-6.240642,40,9,31,9,0,0,0,40,9,31,9,0,0,0
10443,66,dublin,NEW CENTRAL BANK,New Central Bank,False,False,OPEN,2024-12-30 14:51:47,True,False,,,53.347122,-6.234749,40,2,38,2,0,0,0,40,2,38,2,0,0,0
10444,104,dublin,GRANGEGORMAN LOWER (CENTRAL),Grangegorman Lower (Central),False,False,OPEN,2024-12-30 14:47:47,True,False,,,53.355173,-6.278424,40,19,21,10,9,0,9,40,19,21,10,9,0,9
10445,101,dublin,KING STREET NORTH,King Street North,False,False,OPEN,2024-12-30 14:51:23,True,False,,,53.350291,-6.273507,30,0,30,0,0,0,0,30,0,30,0,0,0,0
10446,115,dublin,KILLARNEY STREET,Killarney Street,False,False,OPEN,2024-12-30 14:45:45,True,False,,,53.354845,-6.247579,30,13,17,4,9,0,9,30,13,17,4,9,0,9
10447,47,dublin,HERBERT STREET,Herbert Street,False,False,OPEN,2024-12-30 14:53:58,True,False,,,53.335742,-6.24551,40,2,38,1,1,0,1,40,2,38,1,1,0,1
10448,117,dublin,HANOVER QUAY EAST,Hanover Quay East,False,False,OPEN,2024-12-30 14:51:51,True,False,,,53.343653,-6.231755,40,8,32,7,1,0,1,40,8,32,7,1,0,1
10449,8,dublin,CUSTOM HOUSE QUAY,Custom House Quay,False,False,OPEN,2024-12-30 14:53:05,True,False,,,53.347884,-6.248048,30,13,17,8,5,0,5,30,13,17,8,5,0,5
10450,27,dublin,MOLESWORTH STREET,Molesworth Street,False,False,OPEN,2024-12-30 14:55:35,True,False,,,53.341288,-6.258117,20,16,4,6,10,0,10,20,16,4,6,10,0,10
10451,16,dublin,GEORGES QUAY,Georges Quay,False,False,OPEN,2024-12-30 14:50:32,True,False,,,53.347508,-6.252192,20,7,13,4,3,0,3,20,7,13,4,3,0,3
10452,96,dublin,KILMAINHAM LANE,Kilmainham Lane,False,False,OPEN,2024-12-30 14:54:37,True,False,,,53.341805,-6.305085,30,17,13,11,6,0,6,30,17,13,11,6,0,6
10453,82,dublin,MOUNT BROWN,Mount Brown,False,False,OPEN,2024-12-30 14:52:20,True,False,,,53.341645,-6.29719,22,5,17,1,4,0,4,22,5,17,1,4,0,4
10454,76,dublin,MARKET STREET SOUTH,Market Street South,False,False,OPEN,2024-12-30 14:52:41,True,False,,,53.342296,-6.287661,38,19,19,16,3,0,3,38,19,19,16,3,0,3
10455,71,dublin,KEVIN STREET,Kevin Street,False,False,OPEN,2024-12-30 14:54:20,True,False,,,53.337757,-6.267699,40,26,14,20,6,0,6,40,26,14,20,6,0,6
10456,79,dublin,ECCLES STREET EAST,Eccles Street East,False,False,OPEN,2024-12-30 14:46:58,True,False,,,53.358115,-6.265601,27,4,23,4,0,0,0,27,4,23,4,0,0,0
10457,69,dublin,GRAND CANAL DOCK,Grand Canal Dock,False,False,OPEN,2024-12-30 14:55:27,True,False,,,53.342638,-6.238695,40,36,4,23,13,0,13,40,36,4,23,13,0,13
10458,25,dublin,MERRION SQUARE EAST,Merrion Square East,False,False,OPEN,2024-12-30 14:45:46,True,False,,,53.339434,-6.246548,30,5,25,0,5,0,5,30,5,25,0,5,0,5
10459,51,dublin,YORK STREET WEST,York Street West,False,False,OPEN,2024-12-30 14:52:38,True,False,,,53.339334,-6.264699,40,0,0,0,0,0,0,40,0,0,0,0,0,0
10460,37,dublin,ST. STEPHEN'S GREEN SOUTH,St. Stephen's Green South,False,False,OPEN,2024-12-30 14:51:46,True,False,,,53.337494,-6.26199,30,23,7,11,12,0,12,30,23,7,11,12,0,12
10461,59,dublin,DENMARK STREET GREAT,Denmark Street Great,False,False,OPEN,2024-12-30 14:47:47,True,False,,,53.35561,-6.261397,20,2,18,2,0,0,0,20,2,18,2,0,0,0
10462,95,dublin,ROYAL HOSPITAL,Royal Hospital,False,False,OPEN,2024-12-30 14:53:59,True,False,,,53.343897,-6.29706,40,5,35,1,4,0,4,40,5,35,1,4,0,4
10463,94,dublin,HEUSTON STATION (CAR PARK),Heuston Station (Car Park),False,False,OPEN,2024-12-30 14:55:34,True,False,,,53.346985,-6.297804,40,8,32,8,0,0,0,40,8,32,8,0,0,0
10464,105,dublin,GRANGEGORMAN LOWER (NORTH),Grangegorman Lower (North),False,False,OPEN,2024-12-30 14:55:08,True,False,,,53.355954,-6.278378,36,12,24,7,5,0,5,36,12,24,7,5,0,5
10465,36,dublin,ST. STEPHEN'S GREEN EAST,St. Stephen's Green East,False,False,OPEN,2024-12-30 14:51:46,True,False,,,53.337824,-6.256035,40,19,21,14,5,0,5,40,19,21,14,5,0,5
10466,93,dublin,HEUSTON STATION (CENTRAL),Heuston Station (Central),False,False,OPEN,2024-12-30 14:54:47,True,False,,,53.346603,-6.296924,40,8,32,8,0,0,0,40,8,32,8,0,0,0
10467,22,dublin,TOWNSEND STREET,Townsend Street,False,False,OPEN,2024-12-30 14:54:00,True,False,,,53.345922,-6.254614,20,5,15,4,1,0,1,20,5,15,4,1,0,1
10468,50,dublin,GEORGES LANE,George's Lane,False,False,OPEN,2024-12-30 14:54:37,True,False,,,53.35023,-6.279696,40,0,40,0,0,0,0,40,0,40,0,0,0,0
10469,110,dublin,PHIBSBOROUGH ROAD,Phibsborough Road,False,False,OPEN,2024-12-30 14:54:30,True,False,,,53.356307,-6.273717,40,18,22,9,9,0,9,40,18,22,9,9,0,9
10470,12,dublin,ECCLES STREET,Eccles Street,False,False,OPEN,2024-12-30 14:52:26,True,False,,,53.359246,-6.269779,20,6,14,3,3,0,3,20,6,14,3,3,0,3
10471,34,dublin,PORTOBELLO HARBOUR,Portobello Harbour,False,False,OPEN,2024-12-30 14:55:21,True,False,,,53.330362,-6.265163,30,8,22,8,0,0,0,30,8,22,8,0,0,0
10472,78,dublin,MATER HOSPITAL,Mater Hospital,False,False,OPEN,2024-12-30 14:55:10,True,False,,,53.359967,-6.264828,40,14,26,11,3,0,3,40,14,26,11,3,0,3
10473,2,dublin,BLESSINGTON STREET,Blessington Street,False,False,OPEN,2024-12-30 14:51:32,True,False,,,53.356769,-6.26814,20,12,8,0,12,0,12,20,12,8,0,12,0,12
10474,75,dublin,JAMES STREET,James Street,False,False,OPEN,2024-12-30 14:45:42,True,False,,,53.343456,-6.287409,40,4,36,4,0,0,0,40,4,36,4,0,0,0
10475,111,dublin,MOUNTJOY SQUARE EAST,Mountjoy Square East,False,False,OPEN,2024-12-30 14:50:07,True,False,,,53.356717,-6.256359,40,2,38,1,1,0,1,40,2,38,1,1,0,1
10476,26,dublin,MERRION SQUARE WEST,Merrion Square West,False,False,OPEN,2024-12-30 14:52:24,True,False,,,53.339764,-6.251988,20,20,0,7,13,0,13,20,20,0,7,13,0,13
10477,65,dublin,CONVENTION CENTRE,Convention Centre,False,False,OPEN,2024-12-30 14:55:00,True,False,,,53.34744,-6.238523,40,4,36,0,4,0,4,40,4,36,0,4,0,4
10478,15,dublin,HARDWICKE STREET,Hardwicke Street,False,False,OPEN,2024-12-30 14:55:07,True,False,,,53.355473,-6.264423,16,2,14,1,1,0,1,16,2,14,1,1,0,1
10479,86,dublin,PARKGATE STREET,Parkgate Street,False,False,OPEN,2024-12-30 14:50:55,True,False,,,53.347972,-6.291804,38,18,20,3,15,0,15,38,18,20,3,15,0,15
10480,35,dublin,SMITHFIELD,Smithfield,False,False,OPEN,2024-12-30 14:55:35,True,False,,,53.347692,-6.278214,30,24,6,14,10,0,10,30,24,6,14,10,0,10
10481,10,dublin,DAME STREET,Dame Street,False,False,OPEN,2024-12-30 14:54:39,True,False,,,53.344007,-6.266802,16,16,0,13,3,0,3,16,16,0,13,3,0,3
10482,100,dublin,HEUSTON BRIDGE (SOUTH),Heuston Bridge (South),False,False,OPEN,2024-12-30 14:47:12,True,False,,,53.347106,-6.292041,25,21,4,11,10,0,10,25,21,4,11,10,0,10
10483,24,dublin,CATHAL BRUGHA STREET,Cathal Brugha Street,False,False,OPEN,2024-12-30 14:54:37,True,False,,,53.352149,-6.260533,20,8,12,3,5,0,5,20,8,12,3,5,0,5
10484,64,dublin,SANDWITH STREET,Sandwith Street,False,False,OPEN,2024-12-30 14:55:41,True,False,,,53.345203,-6.247163,40,13,27,11,2,0,2,40,13,27,11,2,0,2
10485,109,dublin,BUCKINGHAM STREET LOWER,Buckingham Street Lower,False,False,OPEN,2024-12-30 14:53:57,True,False,,,53.353331,-6.249319,29,6,23,4,2,0,2,29,6,23,4,2,0,2
10486,85,dublin,ROTHE ABBEY,Rothe Abbey,False,False,OPEN,2024-12-30 14:55:26,True,False,,,53.338776,-6.30395,35,14,21,2,12,0,12,35,14,21,2,12,0,12
10487,107,dublin,CHARLEVILLE ROAD,Charleville Road,False,False,OPEN,2024-12-30 14:54:29,True,False,,,53.359157,-6.281866,40,17,23,9,8,0,8,40,17,23,9,8,0,8
10488,33,dublin,PRINCES STREET / O'CONNELL STREET,Princes Street / O'Connell Street,False,False,OPEN,2024-12-30 14:53:50,True,False,,,53.349013,-6.260311,23,22,1,17,5,0,5,23,22,1,17,5,0,5
10489,44,dublin,UPPER SHERRARD STREET,Upper Sherrard Street,False,False,OPEN,2024-12-30 14:55:35,True,False,,,53.358437,-6.260641,30,14,16,11,3,0,3,30,14,16,11,3,0,3
10490,89,dublin,FITZWILLIAM SQUARE EAST,Fitzwilliam Square East,False,False,OPEN,2024-12-30 14:53:52,True,False,,,53.335211,-6.2509,40,18,22,10,8,0,8,40,18,22,10,8,0,8
10491,57,dublin,GRATTAN STREET,Grattan Street,False,False,OPEN,2024-12-30 14:50:54,True,False,,,53.339629,-6.243778,23,4,19,3,1,0,1,23,4,19,3,1,0,1
10492,80,dublin,ST JAMES HOSPITAL (LUAS),St James Hospital (Luas),False,False,OPEN,2024-12-30 14:55:42,True,False,,,53.341359,-6.292951,40,13,27,4,9,0,9,40,13,27,4,9,0,9
10493,41,dublin,HARCOURT TERRACE,Harcourt Terrace,False,False,OPEN,2024-12-30 14:51:51,True,False,,,53.332763,-6.257942,20,14,6,9,5,0,5,20,14,6,9,5,0,5
10494,3,dublin,BOLTON STREET,Bolton Street,False,False,OPEN,2024-12-30 14:53:51,True,False,,,53.351182,-6.269859,20,5,15,4,1,0,1,20,5,15,4,1,0,1
10495,40,dublin,JERVIS STREET,Jervis Street,False,False,OPEN,2024-12-30 14:45:44,True,False,,,53.3483,-6.266651,21,18,3,5,13,0,13,21,18,3,5,13,0,13
10496,29,dublin,ORMOND QUAY UPPER,Ormond Quay Upper,False,False,OPEN,2024-12-30 14:48:34,True,False,,,53.346057,-6.268001,29,19,10,10,9,0,9,29,19,10,10,9,0,9
10497,103,dublin,GRANGEGORMAN LOWER (SOUTH),Grangegorman Lower (South),False,False,OPEN,2024-12-30 14:52:49,True,False,,,53.354663,-6.278681,40,5,35,4,1,0,1,40,5,35,4,1,0,1
10498,28,dublin,MOUNTJOY SQUARE WEST,Mountjoy Square West,False,False,OPEN,2024-12-30 14:53:02,True,False,,,53.356299,-6.258586,30,12,18,8,4,0,4,30,12,18,8,4,0,4
10499,39,dublin,WILTON TERRACE,Wilton Terrace,False,False,OPEN,2024-12-30 14:53:59,True,False,,,53.332383,-6.252717,20,2,18,1,1,0,1,20,2,18,1,1,0,1
10500,83,dublin,EMMET ROAD,Emmet Road,False,False,OPEN,2024-12-30 14:54:01,True,False,,,53.340714,-6.308191,40,10,30,7,3,0,3,40,10,30,7,3,0,3
10501,92,dublin,HEUSTON BRIDGE (NORTH),Heuston Bridge (North),False,False,OPEN,2024-12-30 14:51:48,True,False,,,53.347802,-6.292432,40,22,18,13,9,0,9,40,22,18,13,9,0,9
10502,21,dublin,LEINSTER STREET SOUTH,Leinster Street South,False,False,OPEN,2024-12-30 14:55:37,True,False,,,53.34218,-6.254485,30,9,21,6,3,0,3,30,9,21,6,3,0,3
10503,88,dublin,BLACKHALL PLACE,Blackhall Place,False,False,OPEN,2024-12-30 14:54:28,True,False,,,53.3488,-6.281637,30,4,26,4,0,0,0,30,4,26,4,0,0,0
10504,42,dublin,SMITHFIELD NORTH,Smithfield North,False,False,OPEN,2024-12-30 15:20:55,True,False,,,53.349562,-6.278198,30,4,26,1,3,0,3,30,4,26,1,3,0,3
10505,30,dublin,PARNELL SQUARE NORTH,Parnell Square North,False,False,OPEN,2024-12-30 15:19:08,True,False,,,53.3537415547453,-6.26530144781526,20,7,13,6,1,0,1,20,7,13,6,1,0,1
10506,54,dublin,CLONMEL STREET,Clonmel Street,False,False,OPEN,2024-12-30 15:16:14,True,False,,,53.336021,-6.26298,33,17,16,9,8,0,8,33,17,16,9,8,0,8
10507,108,dublin,AVONDALE ROAD,Avondale Road,False,False,OPEN,2024-12-30 15:23:51,True,False,,,53.359405,-6.276142,35,6,29,2,4,0,4,35,6,29,2,4,0,4
10508,20,dublin,JAMES STREET EAST,James Street East,False,False,OPEN,2024-12-30 15:25:28,True,False,,,53.336597,-6.248109,30,1,29,1,0,0,0,30,1,29,1,0,0,0
10509,56,dublin,MOUNT STREET LOWER,Mount Street Lower,False,False,OPEN,2024-12-30 15:25:33,True,False,,,53.33796,-6.24153,40,29,11,18,11,0,11,40,29,11,18,11,0,11
10510,6,dublin,CHRISTCHURCH PLACE,Christchurch Place,False,False,OPEN,2024-12-30 15:22:12,True,False,,,53.343368,-6.27012,20,9,11,4,5,0,5,20,9,11,4,5,0,5
10511,18,dublin,GRANTHAM STREET,Grantham Street,False,False,OPEN,2024-12-30 15:22:59,True,False,,,53.334123,-6.265436,30,1,29,1,0,0,0,30,1,29,1,0,0,0
10512,32,dublin,PEARSE STREET,Pearse Street,False,False,OPEN,2024-12-30 15:22:07,True,False,,,53.344304,-6.250427,30,11,19,7,4,0,4,30,11,19,7,4,0,4
10513,52,dublin,YORK STREET EAST,York Street East,False,False,OPEN,2024-12-30 15:21:49,True,False,,,53.338755,-6.262003,32,24,8,13,11,0,11,32,24,8,13,11,0,11
10514,48,dublin,EXCISE WALK,Excise Walk,False,False,OPEN,2024-12-30 15:23:42,True,False,,,53.347777,-6.244239,40,4,36,4,0,0,0,40,4,36,4,0,0,0
10515,13,dublin,FITZWILLIAM SQUARE WEST,Fitzwilliam Square West,False,False,OPEN,2024-12-30 15:16:15,True,False,,,53.336074,-6.252825,30,21,9,8,13,0,13,30,21,9,8,13,0,13
10516,43,dublin,PORTOBELLO ROAD,Portobello Road,False,False,OPEN,2024-12-30 15:22:21,True,False,,,53.330091,-6.268044,30,16,14,8,8,0,8,30,16,14,8,8,0,8
10517,31,dublin,PARNELL STREET,Parnell Street,False,False,OPEN,2024-12-30 15:23:27,True,False,,,53.350929,-6.265125,20,10,10,7,3,0,3,20,10,10,7,3,0,3
10518,98,dublin,FREDERICK STREET SOUTH,Frederick Street South,False,False,OPEN,2024-12-30 15:22:55,True,False,,,53.341515,-6.256853,40,19,21,14,5,0,5,40,19,21,14,5,0,5
10519,14,dublin,FOWNES STREET UPPER,Fownes Street Upper,False,False,OPEN,2024-12-30 15:25:23,True,False,,,53.344603,-6.263371,30,12,18,7,5,0,5,30,12,18,7,5,0,5
10520,1,dublin,CLARENDON ROW,Clarendon Row,False,False,OPEN,2024-12-30 15:24:51,True,False,,,53.340927,-6.262501,31,22,9,12,10,0,10,31,22,9,12,10,0,10
10521,23,dublin,CUSTOM HOUSE,Custom House,False,False,OPEN,2024-12-30 15:19:13,True,False,,,53.348279,-6.254662,30,7,23,4,3,0,3,30,7,23,4,3,0,3
10522,106,dublin,RATHDOWN ROAD,Rathdown Road,False,False,OPEN,2024-12-30 15:22:35,True,False,,,53.35893,-6.280337,40,12,28,8,4,0,4,40,12,28,8,4,0,4
10523,112,dublin,NORTH CIRCULAR ROAD (O'CONNELL'S),North Circular Road (O'Connell's),False,False,OPEN,2024-12-30 15:25:22,True,False,,,53.357841,-6.251557,30,16,14,8,8,0,8,30,16,14,8,8,0,8
10524,68,dublin,HANOVER QUAY,Hanover Quay,False,False,OPEN,2024-12-30 15:23:01,True,False,,,53.344115,-6.237153,40,25,15,18,7,0,7,40,25,15,18,7,0,7
10525,74,dublin,OLIVER BOND STREET,Oliver Bond Street,False,False,OPEN,2024-12-30 15:16:43,True,False,,,53.343893,-6.280531,30,12,18,6,6,0,6,30,12,18,6,6,0,6
10526,87,dublin,COLLINS BARRACKS MUSEUM,Collins Barracks Museum,False,False,OPEN,2024-12-30 15:24:13,True,False,,,53.347477,-6.28525,38,25,13,9,16,0,16,38,25,13,9,16,0,16
10527,84,dublin,BROOKFIELD ROAD,Brookfield Road,False,False,OPEN,2024-12-30 15:23:46,True,False,,,53.339005,-6.300217,30,11,19,6,5,0,5,30,11,19,6,5,0,5
10528,90,dublin,BENSON STREET,Benson Street,False,False,OPEN,2024-12-30 15:24:58,True,False,,,53.344153,-6.233451,40,5,35,5,0,0,0,40,5,35,5,0,0,0
10529,11,dublin,EARLSFORT TERRACE,Earlsfort Terrace,False,False,OPEN,2024-12-30 15:21:24,True,False,,,53.334295,-6.258503,30,19,11,15,4,0,4,30,19,11,15,4,0,4
10530,17,dublin,GOLDEN LANE,Golden Lane,False,False,OPEN,2024-12-30 15:18:54,True,False,,,53.340803,-6.267732,20,6,14,4,2,0,2,20,6,14,4,2,0,2
10531,45,dublin,DEVERELL PLACE,Deverell Place,False,False,OPEN,2024-12-30 15:15:50,True,False,,,53.351464,-6.255265,30,4,26,2,2,0,2,30,4,26,2,2,0,2
10532,114,dublin,WILTON TERRACE (PARK),Wilton Terrace (Park),False,False,OPEN,2024-12-30 15:25:38,True,False,,,53.333653,-6.248345,40,2,38,2,0,0,0,40,2,38,2,0,0,0
10533,72,dublin,JOHN STREET WEST,John Street West,False,False,OPEN,2024-12-30 15:24:17,True,False,,,53.343105,-6.277167,31,1,30,1,0,0,0,31,1,30,1,0,0,0
10534,63,dublin,FENIAN STREET,Fenian Street,False,False,OPEN,2024-12-30 15:24:28,True,False,,,53.341428,-6.24672,35,19,16,9,10,0,10,35,19,16,9,10,0,10
10535,113,dublin,MERRION SQUARE SOUTH,Merrion Square South,False,False,OPEN,2024-12-30 15:23:30,True,False,,,53.338614,-6.248606,40,8,21,5,3,0,3,40,8,21,5,3,0,3
10536,91,dublin,SOUTH DOCK ROAD,South Dock Road,False,False,OPEN,2024-12-30 15:22:50,True,False,,,53.341833,-6.231291,30,9,21,5,4,0,4,30,9,21,5,4,0,4
10537,99,dublin,CITY QUAY,City Quay,False,False,OPEN,2024-12-30 15:21:46,True,False,,,53.346637,-6.246154,30,19,11,7,12,0,12,30,19,11,7,12,0,12
10538,9,dublin,EXCHEQUER STREET,Exchequer Street,False,False,OPEN,2024-12-30 15:25:26,True,False,,,53.343034,-6.263578,24,16,8,9,7,0,7,24,16,8,9,7,0,7
10539,67,dublin,THE POINT,The Point,False,False,OPEN,2024-12-30 15:21:49,True,False,,,53.346867,-6.230852,40,15,25,9,6,0,6,40,15,25,9,6,0,6
10540,116,dublin,BROADSTONE,Broadstone,False,False,OPEN,2024-12-30 15:20:50,True,False,,,53.3547,-6.272314,30,16,14,7,9,0,9,30,16,14,7,9,0,9
10541,55,dublin,HATCH STREET,Hatch Street,False,False,OPEN,2024-12-30 15:25:02,True,False,,,53.33403,-6.260714,36,8,28,5,3,0,3,36,8,28,5,3,0,3
10542,62,dublin,LIME STREET,Lime Street,False,False,OPEN,2024-12-30 15:22:52,True,False,,,53.346026,-6.243576,40,12,28,5,7,0,7,40,12,28,5,7,0,7
10543,5,dublin,CHARLEMONT PLACE,Charlemont Street,False,False,OPEN,2024-12-30 15:24:25,True,False,,,53.330662,-6.260177,40,33,7,28,5,0,5,40,33,7,28,5,0,5
10544,97,dublin,KILMAINHAM GAOL,Kilmainham Gaol,False,False,OPEN,2024-12-30 15:22:58,True,False,,,53.342113,-6.310015,40,12,28,5,7,0,7,40,12,28,5,7,0,7
10545,61,dublin,HARDWICKE PLACE,Hardwicke Place,False,False,OPEN,2024-12-30 15:20:55,True,False,,,53.357043,-6.263232,25,3,22,3,0,0,0,25,3,22,3,0,0,0
10546,77,dublin,WOLFE TONE STREET,Wolfe Tone Street,False,False,OPEN,2024-12-30 15:24:35,True,False,,,53.348875,-6.267459,29,18,11,6,12,0,12,29,18,11,6,12,0,12
10547,73,dublin,FRANCIS STREET,Francis Street,False,False,OPEN,2024-12-30 15:24:40,True,False,,,53.342081,-6.275233,30,5,25,2,3,0,3,30,5,25,2,3,0,3
10548,4,dublin,GREEK STREET,Greek Street,False,False,OPEN,2024-12-30 15:23:46,True,False,,,53.346874,-6.272976,20,13,7,5,8,0,8,20,13,7,5,8,0,8
10549,49,dublin,GUILD STREET,Guild Street,False,False,OPEN,2024-12-30 15:25:41,True,False,,,53.347932,-6.240928,40,25,15,13,12,0,12,40,25,15,13,12,0,12
10550,19,dublin,HERBERT PLACE,Herbert Place,False,False,OPEN,2024-12-30 15:24:29,True,False,,,53.334432,-6.245575,30,0,30,0,0,0,0,30,0,30,0,0,0,0
10551,7,dublin,HIGH STREET,High Street,False,False,OPEN,2024-12-30 15:22:29,True,False,,,53.343565,-6.275071,29,6,23,2,4,0,4,29,6,23,2,4,0,4
10552,60,dublin,NORTH CIRCULAR ROAD,North Circular Road,False,False,OPEN,2024-12-30 15:18:02,True,False,,,53.359624,-6.260348,30,2,28,0,2,0,2,30,2,28,0,2,0,2
10553,102,dublin,WESTERN WAY,Western Way,False,False,OPEN,2024-12-30 15:22:56,True,False,,,53.354929,-6.269425,40,13,27,11,2,0,2,40,13,27,11,2,0,2
10554,38,dublin,TALBOT STREET,Talbot Street,False,False,OPEN,2024-12-30 15:25:27,True,False,,,53.350974,-6.25294,40,26,14,20,6,0,6,40,26,14,20,6,0,6
10555,53,dublin,NEWMAN HOUSE,Newman House,False,False,OPEN,2024-12-30 15:23:02,True,False,,,53.337132,-6.26059,40,14,26,14,0,0,0,40,14,26,14,0,0,0
10556,58,dublin,SIR PATRICK DUN'S,Sir Patrick's Dun,False,False,OPEN,2024-12-30 15:24:38,True,False,,,53.339218,-6.240642,40,10,30,10,0,0,0,40,10,30,10,0,0,0
10557,66,dublin,NEW CENTRAL BANK,New Central Bank,False,False,OPEN,2024-12-30 15:22:59,True,False,,,53.347122,-6.234749,40,3,37,3,0,0,0,40,3,37,3,0,0,0
10558,104,dublin,GRANGEGORMAN LOWER (CENTRAL),Grangegorman Lower (Central),False,False,OPEN,2024-12-30 15:17:59,True,False,,,53.355173,-6.278424,40,19,21,10,9,0,9,40,19,21,10,9,0,9
10559,101,dublin,KING STREET NORTH,King Street North,False,False,OPEN,2024-12-30 15:21:35,True,False,,,53.350291,-6.273507,30,0,30,0,0,0,0,30,0,30,0,0,0,0
10560,115,dublin,KILLARNEY STREET,Killarney Street,False,False,OPEN,2024-12-30 15:19:22,True,False,,,53.354845,-6.247579,30,11,19,1,10,0,10,30,11,19,1,10,0,10
10561,47,dublin,HERBERT STREET,Herbert Street,False,False,OPEN,2024-12-30 15:24:15,True,False,,,53.335742,-6.24551,40,2,38,1,1,0,1,40,2,38,1,1,0,1
10562,117,dublin,HANOVER QUAY EAST,Hanover Quay East,False,False,OPEN,2024-12-30 15:22:04,True,False,,,53.343653,-6.231755,40,9,31,7,2,0,2,40,9,31,7,2,0,2
10563,8,dublin,CUSTOM HOUSE QUAY,Custom House Quay,False,False,OPEN,2024-12-30 15:23:22,True,False,,,53.347884,-6.248048,30,11,19,6,5,0,5,30,11,19,6,5,0,5
10564,27,dublin,MOLESWORTH STREET,Molesworth Street,False,False,OPEN,2024-12-30 15:22:27,True,False,,,53.341288,-6.258117,20,18,2,6,12,0,12,20,18,2,6,12,0,12
10565,16,dublin,GEORGES QUAY,Georges Quay,False,False,OPEN,2024-12-30 15:20:46,True,False,,,53.347508,-6.252192,20,7,13,4,3,0,3,20,7,13,4,3,0,3
10566,96,dublin,KILMAINHAM LANE,Kilmainham Lane,False,False,OPEN,2024-12-30 15:24:48,True,False,,,53.341805,-6.305085,30,17,13,11,6,0,6,30,17,13,11,6,0,6
10567,82,dublin,MOUNT BROWN,Mount Brown,False,False,OPEN,2024-12-30 15:22:32,True,False,,,53.341645,-6.29719,22,5,17,1,4,0,4,22,5,17,1,4,0,4
10568,76,dublin,MARKET STREET SOUTH,Market Street South,False,False,OPEN,2024-12-30 15:22:59,True,False,,,53.342296,-6.287661,38,19,19,16,3,0,3,38,19,19,16,3,0,3
10569,71,dublin,KEVIN STREET,Kevin Street,False,False,OPEN,2024-12-30 15:24:36,True,False,,,53.337757,-6.267699,40,24,16,18,6,0,6,40,24,16,18,6,0,6
10570,79,dublin,ECCLES STREET EAST,Eccles Street East,False,False,OPEN,2024-12-30 15:17:10,True,False,,,53.358115,-6.265601,27,2,25,2,0,0,0,27,2,25,2,0,0,0
10571,69,dublin,GRAND CANAL DOCK,Grand Canal Dock,False,False,OPEN,2024-12-30 15:25:44,True,False,,,53.342638,-6.238695,40,39,1,25,14,0,14,40,39,1,25,14,0,14
10572,25,dublin,MERRION SQUARE EAST,Merrion Square East,False,False,OPEN,2024-12-30 15:16:03,True,False,,,53.339434,-6.246548,30,6,24,1,5,0,5,30,6,24,1,5,0,5
10573,51,dublin,YORK STREET WEST,York Street West,False,False,OPEN,2024-12-30 15:22:55,True,False,,,53.339334,-6.264699,40,0,0,0,0,0,0,40,0,0,0,0,0,0
10574,37,dublin,ST. STEPHEN'S GREEN SOUTH,St. Stephen's Green South,False,False,OPEN,2024-12-30 15:21:59,True,False,,,53.337494,-6.26199,30,24,6,11,13,0,13,30,24,6,11,13,0,13
10575,59,dublin,DENMARK STREET GREAT,Denmark Street Great,False,False,OPEN,2024-12-30 15:17:59,True,False,,,53.35561,-6.261397,20,2,18,2,0,0,0,20,2,18,2,0,0,0
10576,95,dublin,ROYAL HOSPITAL,Royal Hospital,False,False,OPEN,2024-12-30 15:16:13,True,False,,,53.343897,-6.29706,40,5,35,2,3,0,3,40,5,35,2,3,0,3
10577,94,dublin,HEUSTON STATION (CAR PARK),Heuston Station (Car Park),False,False,OPEN,2024-12-30 15:15:44,True,False,,,53.346985,-6.297804,40,8,32,8,0,0,0,40,8,32,8,0,0,0
10578,105,dublin,GRANGEGORMAN LOWER (NORTH),Grangegorman Lower (North),False,False,OPEN,2024-12-30 15:25:20,True,False,,,53.355954,-6.278378,36,13,23,7,6,0,6,36,13,23,7,6,0,6
10579,36,dublin,ST. STEPHEN'S GREEN EAST,St. Stephen's Green East,False,False,OPEN,2024-12-30 15:22:01,True,False,,,53.337824,-6.256035,40,17,23,14,3,0,3,40,17,23,14,3,0,3
10580,93,dublin,HEUSTON STATION (CENTRAL),Heuston Station (Central),False,False,OPEN,2024-12-30 15:25:03,True,False,,,53.346603,-6.296924,40,8,32,8,0,0,0,40,8,32,8,0,0,0
10581,22,dublin,TOWNSEND STREET,Townsend Street,False,False,OPEN,2024-12-30 15:24:18,True,False,,,53.345922,-6.254614,20,4,16,4,0,0,0,20,4,16,4,0,0,0
10582,50,dublin,GEORGES LANE,George's Lane,False,False,OPEN,2024-12-30 15:24:50,True,False,,,53.35023,-6.279696,40,1,39,0,1,0,1,40,1,39,0,1,0,1
10583,110,dublin,PHIBSBOROUGH ROAD,Phibsborough Road,False,False,OPEN,2024-12-30 15:24:40,True,False,,,53.356307,-6.273717,40,18,22,9,9,0,9,40,18,22,9,9,0,9
10584,12,dublin,ECCLES STREET,Eccles Street,False,False,OPEN,2024-12-30 15:22:43,True,False,,,53.359246,-6.269779,20,6,14,4,2,0,2,20,6,14,4,2,0,2
10585,34,dublin,PORTOBELLO HARBOUR,Portobello Harbour,False,False,OPEN,2024-12-30 15:25:43,True,False,,,53.330362,-6.265163,30,6,24,6,0,0,0,30,6,24,6,0,0,0
10586,78,dublin,MATER HOSPITAL,Mater Hospital,False,False,OPEN,2024-12-30 15:25:28,True,False,,,53.359967,-6.264828,40,11,29,9,2,0,2,40,11,29,9,2,0,2
10587,2,dublin,BLESSINGTON STREET,Blessington Street,False,False,OPEN,2024-12-30 15:21:49,True,False,,,53.356769,-6.26814,20,9,11,0,9,0,9,20,9,11,0,9,0,9
10588,75,dublin,JAMES STREET,James Street,False,False,OPEN,2024-12-30 15:24:39,True,False,,,53.343456,-6.287409,40,7,33,6,1,0,1,40,7,33,6,1,0,1
10589,111,dublin,MOUNTJOY SQUARE EAST,Mountjoy Square East,False,False,OPEN,2024-12-30 15:20:19,True,False,,,53.356717,-6.256359,40,2,38,1,1,0,1,40,2,38,1,1,0,1
10590,26,dublin,MERRION SQUARE WEST,Merrion Square West,False,False,OPEN,2024-12-30 15:22:40,True,False,,,53.339764,-6.251988,20,20,0,7,13,0,13,20,20,0,7,13,0,13
10591,65,dublin,CONVENTION CENTRE,Convention Centre,False,False,OPEN,2024-12-30 15:25:16,True,False,,,53.34744,-6.238523,40,3,37,1,2,0,2,40,3,37,1,2,0,2
10592,15,dublin,HARDWICKE STREET,Hardwicke Street,False,False,OPEN,2024-12-30 15:25:22,True,False,,,53.355473,-6.264423,16,0,16,0,0,0,0,16,0,16,0,0,0,0
10593,86,dublin,PARKGATE STREET,Parkgate Street,False,False,OPEN,2024-12-30 15:21:15,True,False,,,53.347972,-6.291804,38,18,20,4,14,0,14,38,18,20,4,14,0,14
10594,35,dublin,SMITHFIELD,Smithfield,False,False,OPEN,2024-12-30 15:22:41,True,False,,,53.347692,-6.278214,30,29,1,19,10,0,10,30,29,1,19,10,0,10
10595,10,dublin,DAME STREET,Dame Street,False,False,OPEN,2024-12-30 15:24:52,True,False,,,53.344007,-6.266802,16,15,1,12,3,0,3,16,15,1,12,3,0,3
10596,100,dublin,HEUSTON BRIDGE (SOUTH),Heuston Bridge (South),False,False,OPEN,2024-12-30 15:19:55,True,False,,,53.347106,-6.292041,25,24,1,10,14,0,14,25,24,1,10,14,0,14
10597,24,dublin,CATHAL BRUGHA STREET,Cathal Brugha Street,False,False,OPEN,2024-12-30 15:24:53,True,False,,,53.352149,-6.260533,20,10,10,4,6,0,6,20,10,10,4,6,0,6
10598,64,dublin,SANDWITH STREET,Sandwith Street,False,False,OPEN,2024-12-30 15:15:52,True,False,,,53.345203,-6.247163,40,13,27,11,2,0,2,40,13,27,11,2,0,2
10599,109,dublin,BUCKINGHAM STREET LOWER,Buckingham Street Lower,False,False,OPEN,2024-12-30 15:24:10,True,False,,,53.353331,-6.249319,29,7,22,5,2,0,2,29,7,22,5,2,0,2
10600,85,dublin,ROTHE ABBEY,Rothe Abbey,False,False,OPEN,2024-12-30 15:25:39,True,False,,,53.338776,-6.30395,35,15,20,3,12,0,12,35,15,20,3,12,0,12
10601,107,dublin,CHARLEVILLE ROAD,Charleville Road,False,False,OPEN,2024-12-30 15:24:45,True,False,,,53.359157,-6.281866,40,17,23,9,8,0,8,40,17,23,9,8,0,8
10602,33,dublin,PRINCES STREET / O'CONNELL STREET,Princes Street / O'Connell Street,False,False,OPEN,2024-12-30 15:24:03,True,False,,,53.349013,-6.260311,23,23,0,17,6,0,6,23,23,0,17,6,0,6
10603,44,dublin,UPPER SHERRARD STREET,Upper Sherrard Street,False,False,OPEN,2024-12-30 15:25:01,True,False,,,53.358437,-6.260641,30,15,15,12,3,0,3,30,15,15,12,3,0,3
10604,89,dublin,FITZWILLIAM SQUARE EAST,Fitzwilliam Square East,False,False,OPEN,2024-12-30 15:24:03,True,False,,,53.335211,-6.2509,40,18,22,10,8,0,8,40,18,22,10,8,0,8
10605,57,dublin,GRATTAN STREET,Grattan Street,False,False,OPEN,2024-12-30 15:21:05,True,False,,,53.339629,-6.243778,23,4,19,3,1,0,1,23,4,19,3,1,0,1
10606,80,dublin,ST JAMES HOSPITAL (LUAS),St James Hospital (Luas),False,False,OPEN,2024-12-30 15:20:53,True,False,,,53.341359,-6.292951,40,12,28,4,8,0,8,40,12,28,4,8,0,8
10607,41,dublin,HARCOURT TERRACE,Harcourt Terrace,False,False,OPEN,2024-12-30 15:22:06,True,False,,,53.332763,-6.257942,20,14,6,9,5,0,5,20,14,6,9,5,0,5
10608,3,dublin,BOLTON STREET,Bolton Street,False,False,OPEN,2024-12-30 15:24:05,True,False,,,53.351182,-6.269859,20,7,13,5,2,0,2,20,7,13,5,2,0,2
10609,40,dublin,JERVIS STREET,Jervis Street,False,False,OPEN,2024-12-30 15:15:58,True,False,,,53.3483,-6.266651,21,19,2,6,13,0,13,21,19,2,6,13,0,13
10610,29,dublin,ORMOND QUAY UPPER,Ormond Quay Upper,False,False,OPEN,2024-12-30 15:22:30,True,False,,,53.346057,-6.268001,29,18,11,9,9,0,9,29,18,11,9,9,0,9
10611,103,dublin,GRANGEGORMAN LOWER (SOUTH),Grangegorman Lower (South),False,False,OPEN,2024-12-30 15:23:01,True,False,,,53.354663,-6.278681,40,5,35,4,1,0,1,40,5,35,4,1,0,1
10612,28,dublin,MOUNTJOY SQUARE WEST,Mountjoy Square West,False,False,OPEN,2024-12-30 15:23:14,True,False,,,53.356299,-6.258586,30,12,18,8,4,0,4,30,12,18,8,4,0,4
10613,39,dublin,WILTON TERRACE,Wilton Terrace,False,False,OPEN,2024-12-30 15:24:10,True,False,,,53.332383,-6.252717,20,2,18,1,1,0,1,20,2,18,1,1,0,1
10614,83,dublin,EMMET ROAD,Emmet Road,False,False,OPEN,2024-12-30 15:24:19,True,False,,,53.340714,-6.308191,40,13,27,9,4,0,4,40,13,27,9,4,0,4
10615,92,dublin,HEUSTON BRIDGE (NORTH),Heuston Bridge (North),False,False,OPEN,2024-12-30 15:22:03,True,False,,,53.347802,-6.292432,40,21,19,12,9,0,9,40,21,19,12,9,0,9
10616,21,dublin,LEINSTER STREET SOUTH,Leinster Street South,False,False,OPEN,2024-12-30 15:23:18,True,False,,,53.34218,-6.254485,30,5,25,4,1,0,1,30,5,25,4,1,0,1
10617,88,dublin,BLACKHALL PLACE,Blackhall Place,False,False,OPEN,2024-12-30 15:24:44,True,False,,,53.3488,-6.281637,30,4,26,4,0,0,0,30,4,26,4,0,0,0
10618,42,dublin,SMITHFIELD NORTH,Smithfield North,False,False,OPEN,2024-12-30 15:54:27,True,False,,,53.349562,-6.278198,30,3,27,2,1,0,1,30,3,27,2,1,0,1
10619,30,dublin,PARNELL SQUARE NORTH,Parnell Square North,False,False,OPEN,2024-12-30 15:50:35,True,False,,,53.3537415547453,-6.26530144781526,20,5,15,5,0,0,0,20,5,15,5,0,0,0
10620,54,dublin,CLONMEL STREET,Clonmel Street,False,False,OPEN,2024-12-30 15:46:28,True,False,,,53.336021,-6.26298,33,16,17,8,8,0,8,33,16,17,8,8,0,8
10621,108,dublin,AVONDALE ROAD,Avondale Road,False,False,OPEN,2024-12-30 15:54:06,True,False,,,53.359405,-6.276142,35,5,30,1,4,0,4,35,5,30,1,4,0,4
10622,20,dublin,JAMES STREET EAST,James Street East,False,False,OPEN,2024-12-30 15:55:40,True,False,,,53.336597,-6.248109,30,1,29,1,0,0,0,30,1,29,1,0,0,0
10623,56,dublin,MOUNT STREET LOWER,Mount Street Lower,False,False,OPEN,2024-12-30 15:55:37,True,False,,,53.33796,-6.24153,40,27,13,17,10,0,10,40,27,13,17,10,0,10
10624,6,dublin,CHRISTCHURCH PLACE,Christchurch Place,False,False,OPEN,2024-12-30 15:52:27,True,False,,,53.343368,-6.27012,20,9,11,4,5,0,5,20,9,11,4,5,0,5
10625,18,dublin,GRANTHAM STREET,Grantham Street,False,False,OPEN,2024-12-30 15:53:13,True,False,,,53.334123,-6.265436,30,3,27,2,1,0,1,30,3,27,2,1,0,1
10626,32,dublin,PEARSE STREET,Pearse Street,False,False,OPEN,2024-12-30 15:52:18,True,False,,,53.344304,-6.250427,30,12,18,8,4,0,4,30,12,18,8,4,0,4
10627,52,dublin,YORK STREET EAST,York Street East,False,False,OPEN,2024-12-30 15:52:07,True,False,,,53.338755,-6.262003,32,20,12,12,8,0,8,32,20,12,12,8,0,8
10628,48,dublin,EXCISE WALK,Excise Walk,False,False,OPEN,2024-12-30 15:53:58,True,False,,,53.347777,-6.244239,40,5,35,5,0,0,0,40,5,35,5,0,0,0
10629,13,dublin,FITZWILLIAM SQUARE WEST,Fitzwilliam Square West,False,False,OPEN,2024-12-30 15:46:28,True,False,,,53.336074,-6.252825,30,21,9,8,13,0,13,30,21,9,8,13,0,13
10630,43,dublin,PORTOBELLO ROAD,Portobello Road,False,False,OPEN,2024-12-30 15:52:39,True,False,,,53.330091,-6.268044,30,16,14,7,9,0,9,30,16,14,7,9,0,9
10631,31,dublin,PARNELL STREET,Parnell Street,False,False,OPEN,2024-12-30 15:55:32,True,False,,,53.350929,-6.265125,20,5,15,3,2,0,2,20,5,15,3,2,0,2
10632,98,dublin,FREDERICK STREET SOUTH,Frederick Street South,False,False,OPEN,2024-12-30 15:53:05,True,False,,,53.341515,-6.256853,40,20,20,15,5,0,5,40,20,20,15,5,0,5
10633,14,dublin,FOWNES STREET UPPER,Fownes Street Upper,False,False,OPEN,2024-12-30 15:55:37,True,False,,,53.344603,-6.263371,30,12,18,6,6,0,6,30,12,18,6,6,0,6
10634,1,dublin,CLARENDON ROW,Clarendon Row,False,False,OPEN,2024-12-30 15:55:22,True,False,,,53.340927,-6.262501,31,23,8,13,10,0,10,31,23,8,13,10,0,10
10635,23,dublin,CUSTOM HOUSE,Custom House,False,False,OPEN,2024-12-30 15:46:06,True,False,,,53.348279,-6.254662,30,7,23,4,3,0,3,30,7,23,4,3,0,3
10636,106,dublin,RATHDOWN ROAD,Rathdown Road,False,False,OPEN,2024-12-30 15:55:34,True,False,,,53.35893,-6.280337,40,13,27,8,5,0,5,40,13,27,8,5,0,5
10637,112,dublin,NORTH CIRCULAR ROAD (O'CONNELL'S),North Circular Road (O'Connell's),False,False,OPEN,2024-12-30 15:53:38,True,False,,,53.357841,-6.251557,30,17,13,9,8,0,8,30,17,13,9,8,0,8
10638,68,dublin,HANOVER QUAY,Hanover Quay,False,False,OPEN,2024-12-30 15:53:16,True,False,,,53.344115,-6.237153,40,22,18,17,5,0,5,40,22,18,17,5,0,5
10639,74,dublin,OLIVER BOND STREET,Oliver Bond Street,False,False,OPEN,2024-12-30 15:48:02,True,False,,,53.343893,-6.280531,30,12,18,6,6,0,6,30,12,18,6,6,0,6
10640,87,dublin,COLLINS BARRACKS MUSEUM,Collins Barracks Museum,False,False,OPEN,2024-12-30 15:54:39,True,False,,,53.347477,-6.28525,38,18,20,9,9,0,9,38,18,20,9,9,0,9
10641,84,dublin,BROOKFIELD ROAD,Brookfield Road,False,False,OPEN,2024-12-30 15:54:02,True,False,,,53.339005,-6.300217,30,9,21,4,5,0,5,30,9,21,4,5,0,5
10642,90,dublin,BENSON STREET,Benson Street,False,False,OPEN,2024-12-30 15:55:11,True,False,,,53.344153,-6.233451,40,8,32,8,0,0,0,40,8,32,8,0,0,0
10643,11,dublin,EARLSFORT TERRACE,Earlsfort Terrace,False,False,OPEN,2024-12-30 15:55:07,True,False,,,53.334295,-6.258503,30,20,10,15,5,0,5,30,20,10,15,5,0,5
10644,17,dublin,GOLDEN LANE,Golden Lane,False,False,OPEN,2024-12-30 15:49:07,True,False,,,53.340803,-6.267732,20,6,14,4,2,0,2,20,6,14,4,2,0,2
10645,45,dublin,DEVERELL PLACE,Deverell Place,False,False,OPEN,2024-12-30 15:48:15,True,False,,,53.351464,-6.255265,30,5,25,3,2,0,2,30,5,25,3,2,0,2
10646,114,dublin,WILTON TERRACE (PARK),Wilton Terrace (Park),False,False,OPEN,2024-12-30 15:45:48,True,False,,,53.333653,-6.248345,40,2,38,2,0,0,0,40,2,38,2,0,0,0
10647,72,dublin,JOHN STREET WEST,John Street West,False,False,OPEN,2024-12-30 15:54:30,True,False,,,53.343105,-6.277167,31,1,30,1,0,0,0,31,1,30,1,0,0,0
10648,63,dublin,FENIAN STREET,Fenian Street,False,False,OPEN,2024-12-30 15:54:57,True,False,,,53.341428,-6.24672,35,19,16,8,11,0,11,35,19,16,8,11,0,11
10649,113,dublin,MERRION SQUARE SOUTH,Merrion Square South,False,False,OPEN,2024-12-30 15:53:44,True,False,,,53.338614,-6.248606,40,9,20,6,3,0,3,40,9,20,6,3,0,3
10650,91,dublin,SOUTH DOCK ROAD,South Dock Road,False,False,OPEN,2024-12-30 15:53:08,True,False,,,53.341833,-6.231291,30,10,20,5,5,0,5,30,10,20,5,5,0,5
10651,99,dublin,CITY QUAY,City Quay,False,False,OPEN,2024-12-30 15:46:43,True,False,,,53.346637,-6.246154,30,19,11,7,12,0,12,30,19,11,7,12,0,12
10652,9,dublin,EXCHEQUER STREET,Exchequer Street,False,False,OPEN,2024-12-30 15:54:54,True,False,,,53.343034,-6.263578,24,16,8,11,5,0,5,24,16,8,11,5,0,5
10653,67,dublin,THE POINT,The Point,False,False,OPEN,2024-12-30 15:52:00,True,False,,,53.346867,-6.230852,40,15,25,9,6,0,6,40,15,25,9,6,0,6
10654,116,dublin,BROADSTONE,Broadstone,False,False,OPEN,2024-12-30 15:54:23,True,False,,,53.3547,-6.272314,30,16,14,7,9,0,9,30,16,14,7,9,0,9
10655,55,dublin,HATCH STREET,Hatch Street,False,False,OPEN,2024-12-30 15:55:13,True,False,,,53.33403,-6.260714,36,8,28,5,3,0,3,36,8,28,5,3,0,3
10656,62,dublin,LIME STREET,Lime Street,False,False,OPEN,2024-12-30 15:53:09,True,False,,,53.346026,-6.243576,40,11,29,4,7,0,7,40,11,29,4,7,0,7
10657,5,dublin,CHARLEMONT PLACE,Charlemont Street,False,False,OPEN,2024-12-30 15:49:11,True,False,,,53.330662,-6.260177,40,30,10,25,5,0,5,40,30,10,25,5,0,5
10658,97,dublin,KILMAINHAM GAOL,Kilmainham Gaol,False,False,OPEN,2024-12-30 15:54:29,True,False,,,53.342113,-6.310015,40,12,28,5,7,0,7,40,12,28,5,7,0,7
10659,61,dublin,HARDWICKE PLACE,Hardwicke Place,False,False,OPEN,2024-12-30 15:52:02,True,False,,,53.357043,-6.263232,25,2,23,2,0,0,0,25,2,23,2,0,0,0
10660,77,dublin,WOLFE TONE STREET,Wolfe Tone Street,False,False,OPEN,2024-12-30 15:54:39,True,False,,,53.348875,-6.267459,29,20,9,8,12,0,12,29,20,9,8,12,0,12
10661,73,dublin,FRANCIS STREET,Francis Street,False,False,OPEN,2024-12-30 15:54:17,True,False,,,53.342081,-6.275233,30,4,26,2,2,0,2,30,4,26,2,2,0,2
10662,4,dublin,GREEK STREET,Greek Street,False,False,OPEN,2024-12-30 15:53:58,True,False,,,53.346874,-6.272976,20,13,7,5,8,0,8,20,13,7,5,8,0,8
10663,49,dublin,GUILD STREET,Guild Street,False,False,OPEN,2024-12-30 15:47:12,True,False,,,53.347932,-6.240928,40,25,15,14,11,0,11,40,25,15,14,11,0,11
10664,19,dublin,HERBERT PLACE,Herbert Place,False,False,OPEN,2024-12-30 15:54:42,True,False,,,53.334432,-6.245575,30,3,27,3,0,0,0,30,3,27,3,0,0,0
10665,7,dublin,HIGH STREET,High Street,False,False,OPEN,2024-12-30 15:52:45,True,False,,,53.343565,-6.275071,29,7,22,3,4,0,4,29,7,22,3,4,0,4
10666,60,dublin,NORTH CIRCULAR ROAD,North Circular Road,False,False,OPEN,2024-12-30 15:48:13,True,False,,,53.359624,-6.260348,30,3,27,0,3,0,3,30,3,27,0,3,0,3
10667,102,dublin,WESTERN WAY,Western Way,False,False,OPEN,2024-12-30 15:53:11,True,False,,,53.354929,-6.269425,40,12,28,11,1,0,1,40,12,28,11,1,0,1
10668,38,dublin,TALBOT STREET,Talbot Street,False,False,OPEN,2024-12-30 15:55:44,True,False,,,53.350974,-6.25294,40,27,13,21,6,0,6,40,27,13,21,6,0,6
10669,53,dublin,NEWMAN HOUSE,Newman House,False,False,OPEN,2024-12-30 15:53:15,True,False,,,53.337132,-6.26059,40,13,27,13,0,0,0,40,13,27,13,0,0,0
10670,58,dublin,SIR PATRICK DUN'S,Sir Patrick's Dun,False,False,OPEN,2024-12-30 15:54:53,True,False,,,53.339218,-6.240642,40,7,33,7,0,0,0,40,7,33,7,0,0,0
10671,66,dublin,NEW CENTRAL BANK,New Central Bank,False,False,OPEN,2024-12-30 15:52:15,True,False,,,53.347122,-6.234749,40,3,37,3,0,0,0,40,3,37,3,0,0,0
10672,104,dublin,GRANGEGORMAN LOWER (CENTRAL),Grangegorman Lower (Central),False,False,OPEN,2024-12-30 15:48:11,True,False,,,53.355173,-6.278424,40,19,21,10,9,0,9,40,19,21,10,9,0,9
10673,101,dublin,KING STREET NORTH,King Street North,False,False,OPEN,2024-12-30 15:51:48,True,False,,,53.350291,-6.273507,30,0,30,0,0,0,0,30,0,30,0,0,0,0
10674,115,dublin,KILLARNEY STREET,Killarney Street,False,False,OPEN,2024-12-30 15:52:28,True,False,,,53.354845,-6.247579,30,11,19,1,10,0,10,30,11,19,1,10,0,10
10675,47,dublin,HERBERT STREET,Herbert Street,False,False,OPEN,2024-12-30 15:54:33,True,False,,,53.335742,-6.24551,40,0,40,0,0,0,0,40,0,40,0,0,0,0
10676,117,dublin,HANOVER QUAY EAST,Hanover Quay East,False,False,OPEN,2024-12-30 15:52:16,True,False,,,53.343653,-6.231755,40,9,31,7,2,0,2,40,9,31,7,2,0,2
10677,8,dublin,CUSTOM HOUSE QUAY,Custom House Quay,False,False,OPEN,2024-12-30 15:53:42,True,False,,,53.347884,-6.248048,30,9,21,4,5,0,5,30,9,21,4,5,0,5
10678,27,dublin,MOLESWORTH STREET,Molesworth Street,False,False,OPEN,2024-12-30 15:52:43,True,False,,,53.341288,-6.258117,20,16,4,5,11,0,11,20,16,4,5,11,0,11
10679,16,dublin,GEORGES QUAY,Georges Quay,False,False,OPEN,2024-12-30 15:51:01,True,False,,,53.347508,-6.252192,20,8,12,4,4,0,4,20,8,12,4,4,0,4
10680,96,dublin,KILMAINHAM LANE,Kilmainham Lane,False,False,OPEN,2024-12-30 15:55:01,True,False,,,53.341805,-6.305085,30,17,13,11,6,0,6,30,17,13,11,6,0,6
10681,82,dublin,MOUNT BROWN,Mount Brown,False,False,OPEN,2024-12-30 15:52:44,True,False,,,53.341645,-6.29719,22,5,17,1,4,0,4,22,5,17,1,4,0,4
10682,76,dublin,MARKET STREET SOUTH,Market Street South,False,False,OPEN,2024-12-30 15:53:16,True,False,,,53.342296,-6.287661,38,19,19,16,3,0,3,38,19,19,16,3,0,3
10683,71,dublin,KEVIN STREET,Kevin Street,False,False,OPEN,2024-12-30 15:54:48,True,False,,,53.337757,-6.267699,40,25,15,19,6,0,6,40,25,15,19,6,0,6
10684,79,dublin,ECCLES STREET EAST,Eccles Street East,False,False,OPEN,2024-12-30 15:47:22,True,False,,,53.358115,-6.265601,27,2,25,2,0,0,0,27,2,25,2,0,0,0
10685,69,dublin,GRAND CANAL DOCK,Grand Canal Dock,False,False,OPEN,2024-12-30 15:54:18,True,False,,,53.342638,-6.238695,40,37,3,24,13,0,13,40,37,3,24,13,0,13
10686,25,dublin,MERRION SQUARE EAST,Merrion Square East,False,False,OPEN,2024-12-30 15:46:19,True,False,,,53.339434,-6.246548,30,6,24,1,5,0,5,30,6,24,1,5,0,5
10687,51,dublin,YORK STREET WEST,York Street West,False,False,OPEN,2024-12-30 15:53:10,True,False,,,53.339334,-6.264699,40,0,0,0,0,0,0,40,0,0,0,0,0,0
10688,37,dublin,ST. STEPHEN'S GREEN SOUTH,St. Stephen's Green South,False,False,OPEN,2024-12-30 15:52:12,True,False,,,53.337494,-6.26199,30,24,6,11,13,0,13,30,24,6,11,13,0,13
10689,59,dublin,DENMARK STREET GREAT,Denmark Street Great,False,False,OPEN,2024-12-30 15:48:13,True,False,,,53.35561,-6.261397,20,1,19,1,0,0,0,20,1,19,1,0,0,0
10690,95,dublin,ROYAL HOSPITAL,Royal Hospital,False,False,OPEN,2024-12-30 15:54:45,True,False,,,53.343897,-6.29706,40,5,35,1,4,0,4,40,5,35,1,4,0,4
10691,94,dublin,HEUSTON STATION (CAR PARK),Heuston Station (Car Park),False,False,OPEN,2024-12-30 15:46:00,True,False,,,53.346985,-6.297804,40,8,32,8,0,0,0,40,8,32,8,0,0,0
10692,105,dublin,GRANGEGORMAN LOWER (NORTH),Grangegorman Lower (North),False,False,OPEN,2024-12-30 15:55:32,True,False,,,53.355954,-6.278378,36,13,23,7,6,0,6,36,13,23,7,6,0,6
10693,36,dublin,ST. STEPHEN'S GREEN EAST,St. Stephen's Green East,False,False,OPEN,2024-12-30 15:52:14,True,False,,,53.337824,-6.256035,40,16,24,13,3,0,3,40,16,24,13,3,0,3
10694,93,dublin,HEUSTON STATION (CENTRAL),Heuston Station (Central),False,False,OPEN,2024-12-30 15:55:18,True,False,,,53.346603,-6.296924,40,8,32,8,0,0,0,40,8,32,8,0,0,0
10695,22,dublin,TOWNSEND STREET,Townsend Street,False,False,OPEN,2024-12-30 15:54:37,True,False,,,53.345922,-6.254614,20,8,12,6,2,0,2,20,8,12,6,2,0,2
10696,50,dublin,GEORGES LANE,George's Lane,False,False,OPEN,2024-12-30 15:55:05,True,False,,,53.35023,-6.279696,40,3,37,1,2,0,2,40,3,37,1,2,0,2
10697,110,dublin,PHIBSBOROUGH ROAD,Phibsborough Road,False,False,OPEN,2024-12-30 15:54:51,True,False,,,53.356307,-6.273717,40,19,21,10,9,0,9,40,19,21,10,9,0,9
10698,12,dublin,ECCLES STREET,Eccles Street,False,False,OPEN,2024-12-30 15:53:01,True,False,,,53.359246,-6.269779,20,4,16,3,1,0,1,20,4,16,3,1,0,1
10699,34,dublin,PORTOBELLO HARBOUR,Portobello Harbour,False,False,OPEN,2024-12-30 15:55:39,True,False,,,53.330362,-6.265163,30,6,24,6,0,0,0,30,6,24,6,0,0,0
10700,78,dublin,MATER HOSPITAL,Mater Hospital,False,False,OPEN,2024-12-30 15:55:40,True,False,,,53.359967,-6.264828,40,11,29,9,2,0,2,40,11,29,9,2,0,2
10701,2,dublin,BLESSINGTON STREET,Blessington Street,False,False,OPEN,2024-12-30 15:52:07,True,False,,,53.356769,-6.26814,20,8,12,0,8,0,8,20,8,12,0,8,0,8
10702,75,dublin,JAMES STREET,James Street,False,False,OPEN,2024-12-30 15:47:58,True,False,,,53.343456,-6.287409,40,9,31,8,1,0,1,40,9,31,8,1,0,1
10703,111,dublin,MOUNTJOY SQUARE EAST,Mountjoy Square East,False,False,OPEN,2024-12-30 15:55:09,True,False,,,53.356717,-6.256359,40,2,38,1,1,0,1,40,2,38,1,1,0,1
10704,26,dublin,MERRION SQUARE WEST,Merrion Square West,False,False,OPEN,2024-12-30 15:52:56,True,False,,,53.339764,-6.251988,20,20,0,7,13,0,13,20,20,0,7,13,0,13
10705,65,dublin,CONVENTION CENTRE,Convention Centre,False,False,OPEN,2024-12-30 15:55:29,True,False,,,53.34744,-6.238523,40,3,37,1,2,0,2,40,3,37,1,2,0,2
10706,15,dublin,HARDWICKE STREET,Hardwicke Street,False,False,OPEN,2024-12-30 15:55:32,True,False,,,53.355473,-6.264423,16,0,16,0,0,0,0,16,0,16,0,0,0,0
10707,86,dublin,PARKGATE STREET,Parkgate Street,False,False,OPEN,2024-12-30 15:51:28,True,False,,,53.347972,-6.291804,38,17,21,4,13,0,13,38,17,21,4,13,0,13
10708,35,dublin,SMITHFIELD,Smithfield,False,False,OPEN,2024-12-30 15:54:15,True,False,,,53.347692,-6.278214,30,30,0,20,10,0,10,30,30,0,20,10,0,10
10709,10,dublin,DAME STREET,Dame Street,False,False,OPEN,2024-12-30 15:55:06,True,False,,,53.344007,-6.266802,16,16,0,13,3,0,3,16,16,0,13,3,0,3
10710,100,dublin,HEUSTON BRIDGE (SOUTH),Heuston Bridge (South),False,False,OPEN,2024-12-30 15:52:48,True,False,,,53.347106,-6.292041,25,24,1,10,14,0,14,25,24,1,10,14,0,14
10711,24,dublin,CATHAL BRUGHA STREET,Cathal Brugha Street,False,False,OPEN,2024-12-30 15:55:14,True,False,,,53.352149,-6.260533,20,15,5,9,6,0,6,20,15,5,9,6,0,6
10712,64,dublin,SANDWITH STREET,Sandwith Street,False,False,OPEN,2024-12-30 15:46:08,True,False,,,53.345203,-6.247163,40,14,26,12,2,0,2,40,14,26,12,2,0,2
10713,109,dublin,BUCKINGHAM STREET LOWER,Buckingham Street Lower,False,False,OPEN,2024-12-30 15:54:22,True,False,,,53.353331,-6.249319,29,7,22,5,2,0,2,29,7,22,5,2,0,2
10714,85,dublin,ROTHE ABBEY,Rothe Abbey,False,False,OPEN,2024-12-30 15:45:49,True,False,,,53.338776,-6.30395,35,14,21,2,12,0,12,35,14,21,2,12,0,12
10715,107,dublin,CHARLEVILLE ROAD,Charleville Road,False,False,OPEN,2024-12-30 15:55:05,True,False,,,53.359157,-6.281866,40,19,21,10,9,0,9,40,19,21,10,9,0,9
10716,33,dublin,PRINCES STREET / O'CONNELL STREET,Princes Street / O'Connell Street,False,False,OPEN,2024-12-30 15:55:07,True,False,,,53.349013,-6.260311,23,22,1,16,6,0,6,23,22,1,16,6,0,6
10717,44,dublin,UPPER SHERRARD STREET,Upper Sherrard Street,False,False,OPEN,2024-12-30 15:46:37,True,False,,,53.358437,-6.260641,30,14,16,12,2,0,2,30,14,16,12,2,0,2
10718,89,dublin,FITZWILLIAM SQUARE EAST,Fitzwilliam Square East,False,False,OPEN,2024-12-30 15:54:15,True,False,,,53.335211,-6.2509,40,18,22,10,8,0,8,40,18,22,10,8,0,8
10719,57,dublin,GRATTAN STREET,Grattan Street,False,False,OPEN,2024-12-30 15:51:16,True,False,,,53.339629,-6.243778,23,4,19,3,1,0,1,23,4,19,3,1,0,1
10720,80,dublin,ST JAMES HOSPITAL (LUAS),St James Hospital (Luas),False,False,OPEN,2024-12-30 15:47:27,True,False,,,53.341359,-6.292951,40,12,28,4,8,0,8,40,12,28,4,8,0,8
10721,41,dublin,HARCOURT TERRACE,Harcourt Terrace,False,False,OPEN,2024-12-30 15:52:21,True,False,,,53.332763,-6.257942,20,14,6,9,5,0,5,20,14,6,9,5,0,5
10722,3,dublin,BOLTON STREET,Bolton Street,False,False,OPEN,2024-12-30 15:54:23,True,False,,,53.351182,-6.269859,20,7,13,4,3,0,3,20,7,13,4,3,0,3
10723,40,dublin,JERVIS STREET,Jervis Street,False,False,OPEN,2024-12-30 15:46:49,True,False,,,53.3483,-6.266651,21,20,1,7,13,0,13,21,20,1,7,13,0,13
10724,29,dublin,ORMOND QUAY UPPER,Ormond Quay Upper,False,False,OPEN,2024-12-30 15:49:05,True,False,,,53.346057,-6.268001,29,20,9,10,10,0,10,29,20,9,10,10,0,10
10725,103,dublin,GRANGEGORMAN LOWER (SOUTH),Grangegorman Lower (South),False,False,OPEN,2024-12-30 15:53:15,True,False,,,53.354663,-6.278681,40,3,37,3,0,0,0,40,3,37,3,0,0,0
10726,28,dublin,MOUNTJOY SQUARE WEST,Mountjoy Square West,False,False,OPEN,2024-12-30 15:53:29,True,False,,,53.356299,-6.258586,30,10,20,7,3,0,3,30,10,20,7,3,0,3
10727,39,dublin,WILTON TERRACE,Wilton Terrace,False,False,OPEN,2024-12-30 15:55:16,True,False,,,53.332383,-6.252717,20,3,17,2,1,0,1,20,3,17,2,1,0,1
10728,83,dublin,EMMET ROAD,Emmet Road,False,False,OPEN,2024-12-30 15:54:35,True,False,,,53.340714,-6.308191,40,15,25,9,6,0,6,40,15,25,9,6,0,6
10729,92,dublin,HEUSTON BRIDGE (NORTH),Heuston Bridge (North),False,False,OPEN,2024-12-30 15:52:17,True,False,,,53.347802,-6.292432,40,20,20,11,9,0,9,40,20,20,11,9,0,9
10730,21,dublin,LEINSTER STREET SOUTH,Leinster Street South,False,False,OPEN,2024-12-30 15:53:37,True,False,,,53.34218,-6.254485,30,4,26,3,1,0,1,30,4,26,3,1,0,1
10731,88,dublin,BLACKHALL PLACE,Blackhall Place,False,False,OPEN,2024-12-30 15:55:02,True,False,,,53.3488,-6.281637,30,3,27,3,0,0,0,30,3,27,3,0,0,0
10732,42,dublin,SMITHFIELD NORTH,Smithfield North,False,False,OPEN,2024-12-30 16:17:39,True,False,,,53.349562,-6.278198,30,5,25,2,3,0,3,30,5,25,2,3,0,3
10733,30,dublin,PARNELL SQUARE NORTH,Parnell Square North,False,False,OPEN,2024-12-30 16:19:39,True,False,,,53.3537415547453,-6.26530144781526,20,5,15,5,0,0,0,20,5,15,5,0,0,0
10734,54,dublin,CLONMEL STREET,Clonmel Street,False,False,OPEN,2024-12-30 16:16:40,True,False,,,53.336021,-6.26298,33,16,17,8,8,0,8,33,16,17,8,8,0,8
10735,108,dublin,AVONDALE ROAD,Avondale Road,False,False,OPEN,2024-12-30 16:24:22,True,False,,,53.359405,-6.276142,35,3,32,1,2,0,2,35,3,32,1,2,0,2
10736,20,dublin,JAMES STREET EAST,James Street East,False,False,OPEN,2024-12-30 16:15:48,True,False,,,53.336597,-6.248109,30,1,29,1,0,0,0,30,1,29,1,0,0,0
10737,56,dublin,MOUNT STREET LOWER,Mount Street Lower,False,False,OPEN,2024-12-30 16:22:42,True,False,,,53.33796,-6.24153,40,22,18,16,6,0,6,40,22,18,16,6,0,6
10738,6,dublin,CHRISTCHURCH PLACE,Christchurch Place,False,False,OPEN,2024-12-30 16:22:43,True,False,,,53.343368,-6.27012,20,11,9,6,5,0,5,20,11,9,6,5,0,5
10739,18,dublin,GRANTHAM STREET,Grantham Street,False,False,OPEN,2024-12-30 16:23:44,True,False,,,53.334123,-6.265436,30,4,26,2,2,0,2,30,4,26,2,2,0,2
10740,32,dublin,PEARSE STREET,Pearse Street,False,False,OPEN,2024-12-30 16:22:49,True,False,,,53.344304,-6.250427,30,13,17,9,4,0,4,30,13,17,9,4,0,4
10741,52,dublin,YORK STREET EAST,York Street East,False,False,OPEN,2024-12-30 16:22:23,True,False,,,53.338755,-6.262003,32,19,13,11,8,0,8,32,19,13,11,8,0,8
10742,48,dublin,EXCISE WALK,Excise Walk,False,False,OPEN,2024-12-30 16:24:09,True,False,,,53.347777,-6.244239,40,6,34,5,1,0,1,40,6,34,5,1,0,1
10743,13,dublin,FITZWILLIAM SQUARE WEST,Fitzwilliam Square West,False,False,OPEN,2024-12-30 16:20:22,True,False,,,53.336074,-6.252825,30,23,7,10,13,0,13,30,23,7,10,13,0,13
10744,43,dublin,PORTOBELLO ROAD,Portobello Road,False,False,OPEN,2024-12-30 16:24:52,True,False,,,53.330091,-6.268044,30,17,13,9,8,0,8,30,17,13,9,8,0,8
10745,31,dublin,PARNELL STREET,Parnell Street,False,False,OPEN,2024-12-30 16:25:14,True,False,,,53.350929,-6.265125,20,10,10,6,4,0,4,20,10,10,6,4,0,4
10746,98,dublin,FREDERICK STREET SOUTH,Frederick Street South,False,False,OPEN,2024-12-30 16:23:17,True,False,,,53.341515,-6.256853,40,21,19,16,5,0,5,40,21,19,16,5,0,5
10747,14,dublin,FOWNES STREET UPPER,Fownes Street Upper,False,False,OPEN,2024-12-30 16:22:01,True,False,,,53.344603,-6.263371,30,12,18,7,5,0,5,30,12,18,7,5,0,5
10748,1,dublin,CLARENDON ROW,Clarendon Row,False,False,OPEN,2024-12-30 16:25:30,True,False,,,53.340927,-6.262501,31,25,6,16,9,0,9,31,25,6,16,9,0,9
10749,23,dublin,CUSTOM HOUSE,Custom House,False,False,OPEN,2024-12-30 16:16:27,True,False,,,53.348279,-6.254662,30,5,25,3,2,0,2,30,5,25,3,2,0,2
10750,106,dublin,RATHDOWN ROAD,Rathdown Road,False,False,OPEN,2024-12-30 16:23:11,True,False,,,53.35893,-6.280337,40,12,28,8,4,0,4,40,12,28,8,4,0,4
10751,112,dublin,NORTH CIRCULAR ROAD (O'CONNELL'S),North Circular Road (O'Connell's),False,False,OPEN,2024-12-30 16:23:53,True,False,,,53.357841,-6.251557,30,16,14,8,8,0,8,30,16,14,8,8,0,8
10752,68,dublin,HANOVER QUAY,Hanover Quay,False,False,OPEN,2024-12-30 16:23:35,True,False,,,53.344115,-6.237153,40,26,14,19,7,0,7,40,26,14,19,7,0,7
10753,74,dublin,OLIVER BOND STREET,Oliver Bond Street,False,False,OPEN,2024-12-30 16:23:42,True,False,,,53.343893,-6.280531,30,14,16,8,6,0,6,30,14,16,8,6,0,6
10754,87,dublin,COLLINS BARRACKS MUSEUM,Collins Barracks Museum,False,False,OPEN,2024-12-30 16:25:01,True,False,,,53.347477,-6.28525,38,19,19,10,9,0,9,38,19,19,10,9,0,9
10755,84,dublin,BROOKFIELD ROAD,Brookfield Road,False,False,OPEN,2024-12-30 16:24:14,True,False,,,53.339005,-6.300217,30,11,19,5,6,0,6,30,11,19,5,6,0,6
10756,90,dublin,BENSON STREET,Benson Street,False,False,OPEN,2024-12-30 16:25:25,True,False,,,53.344153,-6.233451,40,8,32,8,0,0,0,40,8,32,8,0,0,0
10757,11,dublin,EARLSFORT TERRACE,Earlsfort Terrace,False,False,OPEN,2024-12-30 16:21:49,True,False,,,53.334295,-6.258503,30,20,10,15,5,0,5,30,20,10,15,5,0,5
10758,17,dublin,GOLDEN LANE,Golden Lane,False,False,OPEN,2024-12-30 16:19:22,True,False,,,53.340803,-6.267732,20,6,14,4,2,0,2,20,6,14,4,2,0,2
10759,45,dublin,DEVERELL PLACE,Deverell Place,False,False,OPEN,2024-12-30 16:16:19,True,False,,,53.351464,-6.255265,30,3,27,2,1,0,1,30,3,27,2,1,0,1
10760,114,dublin,WILTON TERRACE (PARK),Wilton Terrace (Park),False,False,OPEN,2024-12-30 16:18:55,True,False,,,53.333653,-6.248345,40,2,38,2,0,0,0,40,2,38,2,0,0,0
10761,72,dublin,JOHN STREET WEST,John Street West,False,False,OPEN,2024-12-30 16:25:08,True,False,,,53.343105,-6.277167,31,0,31,0,0,0,0,31,0,31,0,0,0,0
10762,63,dublin,FENIAN STREET,Fenian Street,False,False,OPEN,2024-12-30 16:25:01,True,False,,,53.341428,-6.24672,35,16,19,6,10,0,10,35,16,19,6,10,0,10
10763,113,dublin,MERRION SQUARE SOUTH,Merrion Square South,False,False,OPEN,2024-12-30 16:24:08,True,False,,,53.338614,-6.248606,40,8,21,6,2,0,2,40,8,21,6,2,0,2
10764,91,dublin,SOUTH DOCK ROAD,South Dock Road,False,False,OPEN,2024-12-30 16:23:31,True,False,,,53.341833,-6.231291,30,10,20,4,6,0,6,30,10,20,4,6,0,6
10765,99,dublin,CITY QUAY,City Quay,False,False,OPEN,2024-12-30 16:25:12,True,False,,,53.346637,-6.246154,30,18,12,7,11,0,11,30,18,12,7,11,0,11
10766,9,dublin,EXCHEQUER STREET,Exchequer Street,False,False,OPEN,2024-12-30 16:25:15,True,False,,,53.343034,-6.263578,24,17,7,12,5,0,5,24,17,7,12,5,0,5
10767,67,dublin,THE POINT,The Point,False,False,OPEN,2024-12-30 16:22:14,True,False,,,53.346867,-6.230852,40,14,26,10,4,0,4,40,14,26,10,4,0,4
10768,116,dublin,BROADSTONE,Broadstone,False,False,OPEN,2024-12-30 16:21:16,True,False,,,53.3547,-6.272314,30,16,14,7,9,0,9,30,16,14,7,9,0,9
10769,55,dublin,HATCH STREET,Hatch Street,False,False,OPEN,2024-12-30 16:25:24,True,False,,,53.33403,-6.260714,36,8,28,5,3,0,3,36,8,28,5,3,0,3
10770,62,dublin,LIME STREET,Lime Street,False,False,OPEN,2024-12-30 16:23:21,True,False,,,53.346026,-6.243576,40,13,27,4,9,0,9,40,13,27,4,9,0,9
10771,5,dublin,CHARLEMONT PLACE,Charlemont Street,False,False,OPEN,2024-12-30 16:25:28,True,False,,,53.330662,-6.260177,40,27,13,24,3,0,3,40,27,13,24,3,0,3
10772,97,dublin,KILMAINHAM GAOL,Kilmainham Gaol,False,False,OPEN,2024-12-30 16:23:32,True,False,,,53.342113,-6.310015,40,10,30,3,7,0,7,40,10,30,3,7,0,7
10773,61,dublin,HARDWICKE PLACE,Hardwicke Place,False,False,OPEN,2024-12-30 16:21:24,True,False,,,53.357043,-6.263232,25,2,23,2,0,0,0,25,2,23,2,0,0,0
10774,77,dublin,WOLFE TONE STREET,Wolfe Tone Street,False,False,OPEN,2024-12-30 16:25:30,True,False,,,53.348875,-6.267459,29,24,5,12,12,0,12,29,24,5,12,12,0,12
10775,73,dublin,FRANCIS STREET,Francis Street,False,False,OPEN,2024-12-30 16:24:30,True,False,,,53.342081,-6.275233,30,4,26,2,2,0,2,30,4,26,2,2,0,2
10776,4,dublin,GREEK STREET,Greek Street,False,False,OPEN,2024-12-30 16:24:13,True,False,,,53.346874,-6.272976,20,12,8,4,8,0,8,20,12,8,4,8,0,8
10777,49,dublin,GUILD STREET,Guild Street,False,False,OPEN,2024-12-30 16:22:02,True,False,,,53.347932,-6.240928,40,27,13,16,11,0,11,40,27,13,16,11,0,11
10778,19,dublin,HERBERT PLACE,Herbert Place,False,False,OPEN,2024-12-30 16:24:58,True,False,,,53.334432,-6.245575,30,3,27,3,0,0,0,30,3,27,3,0,0,0
10779,7,dublin,HIGH STREET,High Street,False,False,OPEN,2024-12-30 16:23:00,True,False,,,53.343565,-6.275071,29,5,24,2,3,0,3,29,5,24,2,3,0,3
10780,60,dublin,NORTH CIRCULAR ROAD,North Circular Road,False,False,OPEN,2024-12-30 16:18:25,True,False,,,53.359624,-6.260348,30,5,25,1,4,0,4,30,5,25,1,4,0,4
10781,102,dublin,WESTERN WAY,Western Way,False,False,OPEN,2024-12-30 16:23:23,True,False,,,53.354929,-6.269425,40,11,29,11,0,0,0,40,11,29,11,0,0,0
10782,38,dublin,TALBOT STREET,Talbot Street,False,False,OPEN,2024-12-30 16:15:59,True,False,,,53.350974,-6.25294,40,29,11,20,9,0,9,40,29,11,20,9,0,9
10783,53,dublin,NEWMAN HOUSE,Newman House,False,False,OPEN,2024-12-30 16:23:27,True,False,,,53.337132,-6.26059,40,14,26,13,1,0,1,40,14,26,13,1,0,1
10784,58,dublin,SIR PATRICK DUN'S,Sir Patrick's Dun,False,False,OPEN,2024-12-30 16:25:06,True,False,,,53.339218,-6.240642,40,6,34,6,0,0,0,40,6,34,6,0,0,0
10785,66,dublin,NEW CENTRAL BANK,New Central Bank,False,False,OPEN,2024-12-30 16:22:30,True,False,,,53.347122,-6.234749,40,4,36,3,1,0,1,40,4,36,3,1,0,1
10786,104,dublin,GRANGEGORMAN LOWER (CENTRAL),Grangegorman Lower (Central),False,False,OPEN,2024-12-30 16:18:23,True,False,,,53.355173,-6.278424,40,19,21,10,9,0,9,40,19,21,10,9,0,9
10787,101,dublin,KING STREET NORTH,King Street North,False,False,OPEN,2024-12-30 16:22:02,True,False,,,53.350291,-6.273507,30,0,30,0,0,0,0,30,0,30,0,0,0,0
10788,115,dublin,KILLARNEY STREET,Killarney Street,False,False,OPEN,2024-12-30 16:21:10,True,False,,,53.354845,-6.247579,30,13,17,3,10,0,10,30,13,17,3,10,0,10
10789,47,dublin,HERBERT STREET,Herbert Street,False,False,OPEN,2024-12-30 16:24:49,True,False,,,53.335742,-6.24551,40,1,39,1,0,0,0,40,1,39,1,0,0,0
10790,117,dublin,HANOVER QUAY EAST,Hanover Quay East,False,False,OPEN,2024-12-30 16:24:35,True,False,,,53.343653,-6.231755,40,7,33,7,0,0,0,40,7,33,7,0,0,0
10791,8,dublin,CUSTOM HOUSE QUAY,Custom House Quay,False,False,OPEN,2024-12-30 16:23:58,True,False,,,53.347884,-6.248048,30,6,24,2,4,0,4,30,6,24,2,4,0,4
10792,27,dublin,MOLESWORTH STREET,Molesworth Street,False,False,OPEN,2024-12-30 16:22:55,True,False,,,53.341288,-6.258117,20,17,3,6,11,0,11,20,17,3,6,11,0,11
10793,16,dublin,GEORGES QUAY,Georges Quay,False,False,OPEN,2024-12-30 16:21:14,True,False,,,53.347508,-6.252192,20,10,10,4,6,0,6,20,10,10,4,6,0,6
10794,96,dublin,KILMAINHAM LANE,Kilmainham Lane,False,False,OPEN,2024-12-30 16:25:13,True,False,,,53.341805,-6.305085,30,17,13,11,6,0,6,30,17,13,11,6,0,6
10795,82,dublin,MOUNT BROWN,Mount Brown,False,False,OPEN,2024-12-30 16:22:55,True,False,,,53.341645,-6.29719,22,5,17,1,4,0,4,22,5,17,1,4,0,4
10796,76,dublin,MARKET STREET SOUTH,Market Street South,False,False,OPEN,2024-12-30 16:23:34,True,False,,,53.342296,-6.287661,38,17,21,14,3,0,3,38,17,21,14,3,0,3
10797,71,dublin,KEVIN STREET,Kevin Street,False,False,OPEN,2024-12-30 16:25:09,True,False,,,53.337757,-6.267699,40,22,18,18,4,0,4,40,22,18,18,4,0,4
10798,79,dublin,ECCLES STREET EAST,Eccles Street East,False,False,OPEN,2024-12-30 16:25:37,True,False,,,53.358115,-6.265601,27,2,25,2,0,0,0,27,2,25,2,0,0,0
10799,69,dublin,GRAND CANAL DOCK,Grand Canal Dock,False,False,OPEN,2024-12-30 16:20:43,True,False,,,53.342638,-6.238695,40,34,6,22,12,0,12,40,34,6,22,12,0,12
10800,25,dublin,MERRION SQUARE EAST,Merrion Square East,False,False,OPEN,2024-12-30 16:24:32,True,False,,,53.339434,-6.246548,30,6,24,1,5,0,5,30,6,24,1,5,0,5
10801,51,dublin,YORK STREET WEST,York Street West,False,False,OPEN,2024-12-30 16:23:27,True,False,,,53.339334,-6.264699,40,0,0,0,0,0,0,40,0,0,0,0,0,0
10802,37,dublin,ST. STEPHEN'S GREEN SOUTH,St. Stephen's Green South,False,False,OPEN,2024-12-30 16:22:24,True,False,,,53.337494,-6.26199,30,24,6,11,13,0,13,30,24,6,11,13,0,13
10803,59,dublin,DENMARK STREET GREAT,Denmark Street Great,False,False,OPEN,2024-12-30 16:18:26,True,False,,,53.35561,-6.261397,20,1,19,1,0,0,0,20,1,19,1,0,0,0
10804,95,dublin,ROYAL HOSPITAL,Royal Hospital,False,False,OPEN,2024-12-30 16:25:39,True,False,,,53.343897,-6.29706,40,7,33,3,4,0,4,40,7,33,3,4,0,4
10805,94,dublin,HEUSTON STATION (CAR PARK),Heuston Station (Car Park),False,False,OPEN,2024-12-30 16:16:16,True,False,,,53.346985,-6.297804,40,8,32,8,0,0,0,40,8,32,8,0,0,0
10806,105,dublin,GRANGEGORMAN LOWER (NORTH),Grangegorman Lower (North),False,False,OPEN,2024-12-30 16:25:43,True,False,,,53.355954,-6.278378,36,13,23,7,6,0,6,36,13,23,7,6,0,6
10807,36,dublin,ST. STEPHEN'S GREEN EAST,St. Stephen's Green East,False,False,OPEN,2024-12-30 16:22:27,True,False,,,53.337824,-6.256035,40,16,24,13,3,0,3,40,16,24,13,3,0,3
10808,93,dublin,HEUSTON STATION (CENTRAL),Heuston Station (Central),False,False,OPEN,2024-12-30 16:25:35,True,False,,,53.346603,-6.296924,40,8,32,8,0,0,0,40,8,32,8,0,0,0
10809,22,dublin,TOWNSEND STREET,Townsend Street,False,False,OPEN,2024-12-30 16:24:58,True,False,,,53.345922,-6.254614,20,6,14,4,2,0,2,20,6,14,4,2,0,2
10810,50,dublin,GEORGES LANE,George's Lane,False,False,OPEN,2024-12-30 16:25:19,True,False,,,53.35023,-6.279696,40,2,38,1,1,0,1,40,2,38,1,1,0,1
10811,110,dublin,PHIBSBOROUGH ROAD,Phibsborough Road,False,False,OPEN,2024-12-30 16:25:06,True,False,,,53.356307,-6.273717,40,19,21,10,9,0,9,40,19,21,10,9,0,9
10812,12,dublin,ECCLES STREET,Eccles Street,False,False,OPEN,2024-12-30 16:23:17,True,False,,,53.359246,-6.269779,20,2,18,1,1,0,1,20,2,18,1,1,0,1
10813,34,dublin,PORTOBELLO HARBOUR,Portobello Harbour,False,False,OPEN,2024-12-30 16:24:58,True,False,,,53.330362,-6.265163,30,7,23,7,0,0,0,30,7,23,7,0,0,0
10814,78,dublin,MATER HOSPITAL,Mater Hospital,False,False,OPEN,2024-12-30 16:15:48,True,False,,,53.359967,-6.264828,40,11,29,9,2,0,2,40,11,29,9,2,0,2
10815,2,dublin,BLESSINGTON STREET,Blessington Street,False,False,OPEN,2024-12-30 16:22:19,True,False,,,53.356769,-6.26814,20,8,12,0,8,0,8,20,8,12,0,8,0,8
10816,75,dublin,JAMES STREET,James Street,False,False,OPEN,2024-12-30 16:17:17,True,False,,,53.343456,-6.287409,40,9,31,8,1,0,1,40,9,31,8,1,0,1
10817,111,dublin,MOUNTJOY SQUARE EAST,Mountjoy Square East,False,False,OPEN,2024-12-30 16:20:49,True,False,,,53.356717,-6.256359,40,3,37,1,2,0,2,40,3,37,1,2,0,2
10818,26,dublin,MERRION SQUARE WEST,Merrion Square West,False,False,OPEN,2024-12-30 16:23:13,True,False,,,53.339764,-6.251988,20,20,0,7,13,0,13,20,20,0,7,13,0,13
10819,65,dublin,CONVENTION CENTRE,Convention Centre,False,False,OPEN,2024-12-30 16:25:42,True,False,,,53.34744,-6.238523,40,4,36,1,3,0,3,40,4,36,1,3,0,3
10820,15,dublin,HARDWICKE STREET,Hardwicke Street,False,False,OPEN,2024-12-30 16:25:42,True,False,,,53.355473,-6.264423,16,1,15,0,1,0,1,16,1,15,0,1,0,1
10821,86,dublin,PARKGATE STREET,Parkgate Street,False,False,OPEN,2024-12-30 16:25:09,True,False,,,53.347972,-6.291804,38,17,21,4,13,0,13,38,17,21,4,13,0,13
10822,35,dublin,SMITHFIELD,Smithfield,False,False,OPEN,2024-12-30 16:21:44,True,False,,,53.347692,-6.278214,30,27,3,17,10,0,10,30,27,3,17,10,0,10
10823,10,dublin,DAME STREET,Dame Street,False,False,OPEN,2024-12-30 16:25:18,True,False,,,53.344007,-6.266802,16,15,1,12,3,0,3,16,15,1,12,3,0,3
10824,100,dublin,HEUSTON BRIDGE (SOUTH),Heuston Bridge (South),False,False,OPEN,2024-12-30 16:25:37,True,False,,,53.347106,-6.292041,25,25,0,11,14,0,14,25,25,0,11,14,0,14
10825,24,dublin,CATHAL BRUGHA STREET,Cathal Brugha Street,False,False,OPEN,2024-12-30 16:24:08,True,False,,,53.352149,-6.260533,20,15,5,9,6,0,6,20,15,5,9,6,0,6
10826,64,dublin,SANDWITH STREET,Sandwith Street,False,False,OPEN,2024-12-30 16:24:19,True,False,,,53.345203,-6.247163,40,15,25,13,2,0,2,40,15,25,13,2,0,2
10827,109,dublin,BUCKINGHAM STREET LOWER,Buckingham Street Lower,False,False,OPEN,2024-12-30 16:24:33,True,False,,,53.353331,-6.249319,29,7,22,5,2,0,2,29,7,22,5,2,0,2
10828,85,dublin,ROTHE ABBEY,Rothe Abbey,False,False,OPEN,2024-12-30 16:16:02,True,False,,,53.338776,-6.30395,35,15,20,3,12,0,12,35,15,20,3,12,0,12
10829,107,dublin,CHARLEVILLE ROAD,Charleville Road,False,False,OPEN,2024-12-30 16:25:21,True,False,,,53.359157,-6.281866,40,19,21,10,9,0,9,40,19,21,10,9,0,9
10830,33,dublin,PRINCES STREET / O'CONNELL STREET,Princes Street / O'Connell Street,False,False,OPEN,2024-12-30 16:24:34,True,False,,,53.349013,-6.260311,23,18,5,16,2,0,2,23,18,5,16,2,0,2
10831,44,dublin,UPPER SHERRARD STREET,Upper Sherrard Street,False,False,OPEN,2024-12-30 16:16:27,True,False,,,53.358437,-6.260641,30,14,16,12,2,0,2,30,14,16,12,2,0,2
10832,89,dublin,FITZWILLIAM SQUARE EAST,Fitzwilliam Square East,False,False,OPEN,2024-12-30 16:24:27,True,False,,,53.335211,-6.2509,40,18,22,10,8,0,8,40,18,22,10,8,0,8
10833,57,dublin,GRATTAN STREET,Grattan Street,False,False,OPEN,2024-12-30 16:21:27,True,False,,,53.339629,-6.243778,23,4,19,3,1,0,1,23,4,19,3,1,0,1
10834,80,dublin,ST JAMES HOSPITAL (LUAS),St James Hospital (Luas),False,False,OPEN,2024-12-30 16:19:40,True,False,,,53.341359,-6.292951,40,9,31,3,6,0,6,40,9,31,3,6,0,6
10835,41,dublin,HARCOURT TERRACE,Harcourt Terrace,False,False,OPEN,2024-12-30 16:22:38,True,False,,,53.332763,-6.257942,20,14,6,9,5,0,5,20,14,6,9,5,0,5
10836,3,dublin,BOLTON STREET,Bolton Street,False,False,OPEN,2024-12-30 16:24:37,True,False,,,53.351182,-6.269859,20,6,14,3,3,0,3,20,6,14,3,3,0,3
10837,40,dublin,JERVIS STREET,Jervis Street,False,False,OPEN,2024-12-30 16:16:25,True,False,,,53.3483,-6.266651,21,21,0,6,15,0,15,21,21,0,6,15,0,15
10838,29,dublin,ORMOND QUAY UPPER,Ormond Quay Upper,False,False,OPEN,2024-12-30 16:25:20,True,False,,,53.346057,-6.268001,29,19,10,11,8,0,8,29,19,10,11,8,0,8
10839,103,dublin,GRANGEGORMAN LOWER (SOUTH),Grangegorman Lower (South),False,False,OPEN,2024-12-30 16:23:27,True,False,,,53.354663,-6.278681,40,3,37,3,0,0,0,40,3,37,3,0,0,0
10840,28,dublin,MOUNTJOY SQUARE WEST,Mountjoy Square West,False,False,OPEN,2024-12-30 16:23:44,True,False,,,53.356299,-6.258586,30,10,20,6,4,0,4,30,10,20,6,4,0,4
10841,39,dublin,WILTON TERRACE,Wilton Terrace,False,False,OPEN,2024-12-30 16:24:35,True,False,,,53.332383,-6.252717,20,7,13,4,3,0,3,20,7,13,4,3,0,3
10842,83,dublin,EMMET ROAD,Emmet Road,False,False,OPEN,2024-12-30 16:24:52,True,False,,,53.340714,-6.308191,40,14,26,9,5,0,5,40,14,26,9,5,0,5
10843,92,dublin,HEUSTON BRIDGE (NORTH),Heuston Bridge (North),False,False,OPEN,2024-12-30 16:23:56,True,False,,,53.347802,-6.292432,40,23,17,14,9,0,9,40,23,17,14,9,0,9
10844,21,dublin,LEINSTER STREET SOUTH,Leinster Street South,False,False,OPEN,2024-12-30 16:25:22,True,False,,,53.34218,-6.254485,30,6,24,4,2,0,2,30,6,24,4,2,0,2
10845,88,dublin,BLACKHALL PLACE,Blackhall Place,False,False,OPEN,2024-12-30 16:25:21,True,False,,,53.3488,-6.281637,30,5,25,4,1,0,1,30,5,25,4,1,0,1
10846,42,dublin,SMITHFIELD NORTH,Smithfield North,False,False,OPEN,2024-12-30 16:55:11,True,False,,,53.349562,-6.278198,30,5,25,1,4,0,4,30,5,25,1,4,0,4
10847,30,dublin,PARNELL SQUARE NORTH,Parnell Square North,False,False,OPEN,2024-12-30 16:49:55,True,False,,,53.3537415547453,-6.26530144781526,20,4,16,4,0,0,0,20,4,16,4,0,0,0
10848,54,dublin,CLONMEL STREET,Clonmel Street,False,False,OPEN,2024-12-30 16:46:52,True,False,,,53.336021,-6.26298,33,16,17,8,8,0,8,33,16,17,8,8,0,8
10849,108,dublin,AVONDALE ROAD,Avondale Road,False,False,OPEN,2024-12-30 16:54:40,True,False,,,53.359405,-6.276142,35,1,34,1,0,0,0,35,1,34,1,0,0,0
10850,20,dublin,JAMES STREET EAST,James Street East,False,False,OPEN,2024-12-30 16:46:00,True,False,,,53.336597,-6.248109,30,1,29,1,0,0,0,30,1,29,1,0,0,0
10851,56,dublin,MOUNT STREET LOWER,Mount Street Lower,False,False,OPEN,2024-12-30 16:52:56,True,False,,,53.33796,-6.24153,40,23,17,17,6,0,6,40,23,17,17,6,0,6
10852,6,dublin,CHRISTCHURCH PLACE,Christchurch Place,False,False,OPEN,2024-12-30 16:52:56,True,False,,,53.343368,-6.27012,20,11,9,6,5,0,5,20,11,9,6,5,0,5
10853,18,dublin,GRANTHAM STREET,Grantham Street,False,False,OPEN,2024-12-30 16:53:44,True,False,,,53.334123,-6.265436,30,1,29,1,0,0,0,30,1,29,1,0,0,0
10854,32,dublin,PEARSE STREET,Pearse Street,False,False,OPEN,2024-12-30 16:54:10,True,False,,,53.344304,-6.250427,30,14,16,10,4,0,4,30,14,16,10,4,0,4
10855,52,dublin,YORK STREET EAST,York Street East,False,False,OPEN,2024-12-30 16:54:59,True,False,,,53.338755,-6.262003,32,17,15,10,7,0,7,32,17,15,10,7,0,7
10856,48,dublin,EXCISE WALK,Excise Walk,False,False,OPEN,2024-12-30 16:54:23,True,False,,,53.347777,-6.244239,40,7,33,6,1,0,1,40,7,33,6,1,0,1
10857,13,dublin,FITZWILLIAM SQUARE WEST,Fitzwilliam Square West,False,False,OPEN,2024-12-30 16:46:53,True,False,,,53.336074,-6.252825,30,24,6,10,14,0,14,30,24,6,10,14,0,14
10858,43,dublin,PORTOBELLO ROAD,Portobello Road,False,False,OPEN,2024-12-30 16:54:31,True,False,,,53.330091,-6.268044,30,19,11,10,9,0,9,30,19,11,10,9,0,9
10859,31,dublin,PARNELL STREET,Parnell Street,False,False,OPEN,2024-12-30 16:46:49,True,False,,,53.350929,-6.265125,20,9,11,5,4,0,4,20,9,11,5,4,0,4
10860,98,dublin,FREDERICK STREET SOUTH,Frederick Street South,False,False,OPEN,2024-12-30 16:53:31,True,False,,,53.341515,-6.256853,40,20,20,14,6,0,6,40,20,20,14,6,0,6
10861,14,dublin,FOWNES STREET UPPER,Fownes Street Upper,False,False,OPEN,2024-12-30 16:46:38,True,False,,,53.344603,-6.263371,30,18,10,9,9,0,9,30,18,10,9,9,0,9
10862,1,dublin,CLARENDON ROW,Clarendon Row,False,False,OPEN,2024-12-30 16:55:26,True,False,,,53.340927,-6.262501,31,25,6,18,7,0,7,31,25,6,18,7,0,7
10863,23,dublin,CUSTOM HOUSE,Custom House,False,False,OPEN,2024-12-30 16:46:43,True,False,,,53.348279,-6.254662,30,5,25,3,2,0,2,30,5,25,3,2,0,2
10864,106,dublin,RATHDOWN ROAD,Rathdown Road,False,False,OPEN,2024-12-30 16:53:29,True,False,,,53.35893,-6.280337,40,11,29,8,3,0,3,40,11,29,8,3,0,3
10865,112,dublin,NORTH CIRCULAR ROAD (O'CONNELL'S),North Circular Road (O'Connell's),False,False,OPEN,2024-12-30 16:54:12,True,False,,,53.357841,-6.251557,30,14,16,8,6,0,6,30,14,16,8,6,0,6
10866,68,dublin,HANOVER QUAY,Hanover Quay,False,False,OPEN,2024-12-30 16:53:43,True,False,,,53.344115,-6.237153,40,27,13,19,8,0,8,40,27,13,19,8,0,8
10867,74,dublin,OLIVER BOND STREET,Oliver Bond Street,False,False,OPEN,2024-12-30 16:51:51,True,False,,,53.343893,-6.280531,30,14,16,6,8,0,8,30,14,16,6,8,0,8
10868,87,dublin,COLLINS BARRACKS MUSEUM,Collins Barracks Museum,False,False,OPEN,2024-12-30 16:55:17,True,False,,,53.347477,-6.28525,38,19,19,10,9,0,9,38,19,19,10,9,0,9
10869,84,dublin,BROOKFIELD ROAD,Brookfield Road,False,False,OPEN,2024-12-30 16:54:30,True,False,,,53.339005,-6.300217,30,9,21,3,6,0,6,30,9,21,3,6,0,6
10870,90,dublin,BENSON STREET,Benson Street,False,False,OPEN,2024-12-30 16:55:38,True,False,,,53.344153,-6.233451,40,6,34,6,0,0,0,40,6,34,6,0,0,0
10871,11,dublin,EARLSFORT TERRACE,Earlsfort Terrace,False,False,OPEN,2024-12-30 16:52:01,True,False,,,53.334295,-6.258503,30,20,10,15,5,0,5,30,20,10,15,5,0,5
10872,17,dublin,GOLDEN LANE,Golden Lane,False,False,OPEN,2024-12-30 16:49:38,True,False,,,53.340803,-6.267732,20,6,14,3,3,0,3,20,6,14,3,3,0,3
10873,45,dublin,DEVERELL PLACE,Deverell Place,False,False,OPEN,2024-12-30 16:54:18,True,False,,,53.351464,-6.255265,30,4,26,3,1,0,1,30,4,26,3,1,0,1
10874,114,dublin,WILTON TERRACE (PARK),Wilton Terrace (Park),False,False,OPEN,2024-12-30 16:47:32,True,False,,,53.333653,-6.248345,40,0,40,0,0,0,0,40,0,40,0,0,0,0
10875,72,dublin,JOHN STREET WEST,John Street West,False,False,OPEN,2024-12-30 16:55:43,True,False,,,53.343105,-6.277167,31,2,29,0,2,0,2,31,2,29,0,2,0,2
10876,63,dublin,FENIAN STREET,Fenian Street,False,False,OPEN,2024-12-30 16:55:15,True,False,,,53.341428,-6.24672,35,14,21,6,8,0,8,35,14,21,6,8,0,8
10877,113,dublin,MERRION SQUARE SOUTH,Merrion Square South,False,False,OPEN,2024-12-30 16:54:13,True,False,,,53.338614,-6.248606,40,7,22,6,1,0,1,40,7,22,6,1,0,1
10878,91,dublin,SOUTH DOCK ROAD,South Dock Road,False,False,OPEN,2024-12-30 16:53:48,True,False,,,53.341833,-6.231291,30,10,20,4,6,0,6,30,10,20,4,6,0,6
10879,99,dublin,CITY QUAY,City Quay,False,False,OPEN,2024-12-30 16:49:21,True,False,,,53.346637,-6.246154,30,17,13,6,11,0,11,30,17,13,6,11,0,11
10880,9,dublin,EXCHEQUER STREET,Exchequer Street,False,False,OPEN,2024-12-30 16:55:28,True,False,,,53.343034,-6.263578,24,17,7,12,5,0,5,24,17,7,12,5,0,5
10881,67,dublin,THE POINT,The Point,False,False,OPEN,2024-12-30 16:54:02,True,False,,,53.346867,-6.230852,40,15,25,10,5,0,5,40,15,25,10,5,0,5
10882,116,dublin,BROADSTONE,Broadstone,False,False,OPEN,2024-12-30 16:51:29,True,False,,,53.3547,-6.272314,30,16,14,7,9,0,9,30,16,14,7,9,0,9
10883,55,dublin,HATCH STREET,Hatch Street,False,False,OPEN,2024-12-30 16:55:38,True,False,,,53.33403,-6.260714,36,7,29,5,2,0,2,36,7,29,5,2,0,2
10884,62,dublin,LIME STREET,Lime Street,False,False,OPEN,2024-12-30 16:53:34,True,False,,,53.346026,-6.243576,40,15,25,6,9,0,9,40,15,25,6,9,0,9
10885,5,dublin,CHARLEMONT PLACE,Charlemont Street,False,False,OPEN,2024-12-30 16:49:47,True,False,,,53.330662,-6.260177,40,24,16,21,3,0,3,40,24,16,21,3,0,3
10886,97,dublin,KILMAINHAM GAOL,Kilmainham Gaol,False,False,OPEN,2024-12-30 16:53:50,True,False,,,53.342113,-6.310015,40,9,31,2,7,0,7,40,9,31,2,7,0,7
10887,61,dublin,HARDWICKE PLACE,Hardwicke Place,False,False,OPEN,2024-12-30 16:51:36,True,False,,,53.357043,-6.263232,25,2,23,2,0,0,0,25,2,23,2,0,0,0
10888,77,dublin,WOLFE TONE STREET,Wolfe Tone Street,False,False,OPEN,2024-12-30 16:53:51,True,False,,,53.348875,-6.267459,29,28,1,12,16,0,16,29,28,1,12,16,0,16
10889,73,dublin,FRANCIS STREET,Francis Street,False,False,OPEN,2024-12-30 16:54:47,True,False,,,53.342081,-6.275233,30,4,26,2,2,0,2,30,4,26,2,2,0,2
10890,4,dublin,GREEK STREET,Greek Street,False,False,OPEN,2024-12-30 16:54:27,True,False,,,53.346874,-6.272976,20,11,9,3,8,0,8,20,11,9,3,8,0,8
10891,49,dublin,GUILD STREET,Guild Street,False,False,OPEN,2024-12-30 16:51:08,True,False,,,53.347932,-6.240928,40,25,15,15,10,0,10,40,25,15,15,10,0,10
10892,19,dublin,HERBERT PLACE,Herbert Place,False,False,OPEN,2024-12-30 16:55:15,True,False,,,53.334432,-6.245575,30,4,26,4,0,0,0,30,4,26,4,0,0,0
10893,7,dublin,HIGH STREET,High Street,False,False,OPEN,2024-12-30 16:54:17,True,False,,,53.343565,-6.275071,29,5,24,2,3,0,3,29,5,24,2,3,0,3
10894,60,dublin,NORTH CIRCULAR ROAD,North Circular Road,False,False,OPEN,2024-12-30 16:48:54,True,False,,,53.359624,-6.260348,30,3,27,1,2,0,2,30,3,27,1,2,0,2
10895,102,dublin,WESTERN WAY,Western Way,False,False,OPEN,2024-12-30 16:53:38,True,False,,,53.354929,-6.269425,40,11,29,11,0,0,0,40,11,29,11,0,0,0
10896,38,dublin,TALBOT STREET,Talbot Street,False,False,OPEN,2024-12-30 16:50:00,True,False,,,53.350974,-6.25294,40,29,11,19,10,0,10,40,29,11,19,10,0,10
10897,53,dublin,NEWMAN HOUSE,Newman House,False,False,OPEN,2024-12-30 16:53:38,True,False,,,53.337132,-6.26059,40,14,26,13,1,0,1,40,14,26,13,1,0,1
10898,58,dublin,SIR PATRICK DUN'S,Sir Patrick's Dun,False,False,OPEN,2024-12-30 16:55:23,True,False,,,53.339218,-6.240642,40,5,35,4,1,0,1,40,5,35,4,1,0,1
10899,66,dublin,NEW CENTRAL BANK,New Central Bank,False,False,OPEN,2024-12-30 16:52:44,True,False,,,53.347122,-6.234749,40,6,34,3,3,0,3,40,6,34,3,3,0,3
10900,104,dublin,GRANGEGORMAN LOWER (CENTRAL),Grangegorman Lower (Central),False,False,OPEN,2024-12-30 16:48:36,True,False,,,53.355173,-6.278424,40,19,21,10,9,0,9,40,19,21,10,9,0,9
10901,101,dublin,KING STREET NORTH,King Street North,False,False,OPEN,2024-12-30 16:52:14,True,False,,,53.350291,-6.273507,30,0,30,0,0,0,0,30,0,30,0,0,0,0
10902,115,dublin,KILLARNEY STREET,Killarney Street,False,False,OPEN,2024-12-30 16:47:14,True,False,,,53.354845,-6.247579,30,11,19,2,9,0,9,30,11,19,2,9,0,9
10903,47,dublin,HERBERT STREET,Herbert Street,False,False,OPEN,2024-12-30 16:55:06,True,False,,,53.335742,-6.24551,40,1,39,1,0,0,0,40,1,39,1,0,0,0
10904,117,dublin,HANOVER QUAY EAST,Hanover Quay East,False,False,OPEN,2024-12-30 16:52:53,True,False,,,53.343653,-6.231755,40,3,37,3,0,0,0,40,3,37,3,0,0,0
10905,8,dublin,CUSTOM HOUSE QUAY,Custom House Quay,False,False,OPEN,2024-12-30 16:54:13,True,False,,,53.347884,-6.248048,30,8,22,3,5,0,5,30,8,22,3,5,0,5
10906,27,dublin,MOLESWORTH STREET,Molesworth Street,False,False,OPEN,2024-12-30 16:53:12,True,False,,,53.341288,-6.258117,20,15,5,3,12,0,12,20,15,5,3,12,0,12
10907,16,dublin,GEORGES QUAY,Georges Quay,False,False,OPEN,2024-12-30 16:51:29,True,False,,,53.347508,-6.252192,20,7,13,2,5,0,5,20,7,13,2,5,0,5
10908,96,dublin,KILMAINHAM LANE,Kilmainham Lane,False,False,OPEN,2024-12-30 16:55:26,True,False,,,53.341805,-6.305085,30,18,12,11,7,0,7,30,18,12,11,7,0,7
10909,82,dublin,MOUNT BROWN,Mount Brown,False,False,OPEN,2024-12-30 16:53:08,True,False,,,53.341645,-6.29719,22,6,16,2,4,0,4,22,6,16,2,4,0,4
10910,76,dublin,MARKET STREET SOUTH,Market Street South,False,False,OPEN,2024-12-30 16:53:50,True,False,,,53.342296,-6.287661,38,17,21,14,3,0,3,38,17,21,14,3,0,3
10911,71,dublin,KEVIN STREET,Kevin Street,False,False,OPEN,2024-12-30 16:55:23,True,False,,,53.337757,-6.267699,40,24,16,20,4,0,4,40,24,16,20,4,0,4
10912,79,dublin,ECCLES STREET EAST,Eccles Street East,False,False,OPEN,2024-12-30 16:50:24,True,False,,,53.358115,-6.265601,27,2,25,1,1,0,1,27,2,25,1,1,0,1
10913,69,dublin,GRAND CANAL DOCK,Grand Canal Dock,False,False,OPEN,2024-12-30 16:50:10,True,False,,,53.342638,-6.238695,40,36,4,24,12,0,12,40,36,4,24,12,0,12
10914,25,dublin,MERRION SQUARE EAST,Merrion Square East,False,False,OPEN,2024-12-30 16:46:55,True,False,,,53.339434,-6.246548,30,5,25,0,5,0,5,30,5,25,0,5,0,5
10915,51,dublin,YORK STREET WEST,York Street West,False,False,OPEN,2024-12-30 16:53:43,True,False,,,53.339334,-6.264699,40,0,0,0,0,0,0,40,0,0,0,0,0,0
10916,37,dublin,ST. STEPHEN'S GREEN SOUTH,St. Stephen's Green South,False,False,OPEN,2024-12-30 16:52:36,True,False,,,53.337494,-6.26199,30,25,5,11,14,0,14,30,25,5,11,14,0,14
10917,59,dublin,DENMARK STREET GREAT,Denmark Street Great,False,False,OPEN,2024-12-30 16:49:48,True,False,,,53.35561,-6.261397,20,0,20,0,0,0,0,20,0,20,0,0,0,0
10918,95,dublin,ROYAL HOSPITAL,Royal Hospital,False,False,OPEN,2024-12-30 16:52:47,True,False,,,53.343897,-6.29706,40,6,34,2,4,0,4,40,6,34,2,4,0,4
10919,94,dublin,HEUSTON STATION (CAR PARK),Heuston Station (Car Park),False,False,OPEN,2024-12-30 16:46:32,True,False,,,53.346985,-6.297804,40,8,32,8,0,0,0,40,8,32,8,0,0,0
10920,105,dublin,GRANGEGORMAN LOWER (NORTH),Grangegorman Lower (North),False,False,OPEN,2024-12-30 16:45:51,True,False,,,53.355954,-6.278378,36,13,23,7,6,0,6,36,13,23,7,6,0,6
10921,36,dublin,ST. STEPHEN'S GREEN EAST,St. Stephen's Green East,False,False,OPEN,2024-12-30 16:52:41,True,False,,,53.337824,-6.256035,40,19,21,16,3,0,3,40,19,21,16,3,0,3
10922,93,dublin,HEUSTON STATION (CENTRAL),Heuston Station (Central),False,False,OPEN,2024-12-30 16:45:46,True,False,,,53.346603,-6.296924,40,8,32,8,0,0,0,40,8,32,8,0,0,0
10923,22,dublin,TOWNSEND STREET,Townsend Street,False,False,OPEN,2024-12-30 16:55:14,True,False,,,53.345922,-6.254614,20,6,14,4,2,0,2,20,6,14,4,2,0,2
10924,50,dublin,GEORGES LANE,George's Lane,False,False,OPEN,2024-12-30 16:55:30,True,False,,,53.35023,-6.279696,40,2,38,1,1,0,1,40,2,38,1,1,0,1
10925,110,dublin,PHIBSBOROUGH ROAD,Phibsborough Road,False,False,OPEN,2024-12-30 16:55:17,True,False,,,53.356307,-6.273717,40,19,21,10,9,0,9,40,19,21,10,9,0,9
10926,12,dublin,ECCLES STREET,Eccles Street,False,False,OPEN,2024-12-30 16:53:30,True,False,,,53.359246,-6.269779,20,2,18,1,1,0,1,20,2,18,1,1,0,1
10927,34,dublin,PORTOBELLO HARBOUR,Portobello Harbour,False,False,OPEN,2024-12-30 16:53:52,True,False,,,53.330362,-6.265163,30,10,20,10,0,0,0,30,10,20,10,0,0,0
10928,78,dublin,MATER HOSPITAL,Mater Hospital,False,False,OPEN,2024-12-30 16:46:03,True,False,,,53.359967,-6.264828,40,10,30,8,2,0,2,40,10,30,8,2,0,2
10929,2,dublin,BLESSINGTON STREET,Blessington Street,False,False,OPEN,2024-12-30 16:52:33,True,False,,,53.356769,-6.26814,20,6,14,0,6,0,6,20,6,14,0,6,0,6
10930,75,dublin,JAMES STREET,James Street,False,False,OPEN,2024-12-30 16:53:18,True,False,,,53.343456,-6.287409,40,6,34,6,0,0,0,40,6,34,6,0,0,0
10931,111,dublin,MOUNTJOY SQUARE EAST,Mountjoy Square East,False,False,OPEN,2024-12-30 16:51:00,True,False,,,53.356717,-6.256359,40,3,37,1,2,0,2,40,3,37,1,2,0,2
10932,26,dublin,MERRION SQUARE WEST,Merrion Square West,False,False,OPEN,2024-12-30 16:53:32,True,False,,,53.339764,-6.251988,20,19,1,7,12,0,12,20,19,1,7,12,0,12
10933,65,dublin,CONVENTION CENTRE,Convention Centre,False,False,OPEN,2024-12-30 16:45:50,True,False,,,53.34744,-6.238523,40,4,36,1,3,0,3,40,4,36,1,3,0,3
10934,15,dublin,HARDWICKE STREET,Hardwicke Street,False,False,OPEN,2024-12-30 16:45:49,True,False,,,53.355473,-6.264423,16,2,14,1,1,0,1,16,2,14,1,1,0,1
10935,86,dublin,PARKGATE STREET,Parkgate Street,False,False,OPEN,2024-12-30 16:52:03,True,False,,,53.347972,-6.291804,38,16,22,3,13,0,13,38,16,22,3,13,0,13
10936,35,dublin,SMITHFIELD,Smithfield,False,False,OPEN,2024-12-30 16:46:30,True,False,,,53.347692,-6.278214,30,27,3,17,10,0,10,30,27,3,17,10,0,10
10937,10,dublin,DAME STREET,Dame Street,False,False,OPEN,2024-12-30 16:55:32,True,False,,,53.344007,-6.266802,16,16,0,12,4,0,4,16,16,0,12,4,0,4
10938,100,dublin,HEUSTON BRIDGE (SOUTH),Heuston Bridge (South),False,False,OPEN,2024-12-30 16:52:43,True,False,,,53.347106,-6.292041,25,24,1,10,14,0,14,25,24,1,10,14,0,14
10939,24,dublin,CATHAL BRUGHA STREET,Cathal Brugha Street,False,False,OPEN,2024-12-30 16:50:53,True,False,,,53.352149,-6.260533,20,15,5,9,6,0,6,20,15,5,9,6,0,6
10940,64,dublin,SANDWITH STREET,Sandwith Street,False,False,OPEN,2024-12-30 16:52:37,True,False,,,53.345203,-6.247163,40,17,23,14,3,0,3,40,17,23,14,3,0,3
10941,109,dublin,BUCKINGHAM STREET LOWER,Buckingham Street Lower,False,False,OPEN,2024-12-30 16:54:46,True,False,,,53.353331,-6.249319,29,7,22,5,2,0,2,29,7,22,5,2,0,2
10942,85,dublin,ROTHE ABBEY,Rothe Abbey,False,False,OPEN,2024-12-30 16:54:21,True,False,,,53.338776,-6.30395,35,14,21,2,12,0,12,35,14,21,2,12,0,12
10943,107,dublin,CHARLEVILLE ROAD,Charleville Road,False,False,OPEN,2024-12-30 16:55:38,True,False,,,53.359157,-6.281866,40,19,21,10,9,0,9,40,19,21,10,9,0,9
10944,33,dublin,PRINCES STREET / O'CONNELL STREET,Princes Street / O'Connell Street,False,False,OPEN,2024-12-30 16:55:16,True,False,,,53.349013,-6.260311,23,2,21,2,0,0,0,23,2,21,2,0,0,0
10945,44,dublin,UPPER SHERRARD STREET,Upper Sherrard Street,False,False,OPEN,2024-12-30 16:54:17,True,False,,,53.358437,-6.260641,30,16,14,12,4,0,4,30,16,14,12,4,0,4
10946,89,dublin,FITZWILLIAM SQUARE EAST,Fitzwilliam Square East,False,False,OPEN,2024-12-30 16:54:37,True,False,,,53.335211,-6.2509,40,18,22,10,8,0,8,40,18,22,10,8,0,8
10947,57,dublin,GRATTAN STREET,Grattan Street,False,False,OPEN,2024-12-30 16:54:12,True,False,,,53.339629,-6.243778,23,5,18,4,1,0,1,23,5,18,4,1,0,1
10948,80,dublin,ST JAMES HOSPITAL (LUAS),St James Hospital (Luas),False,False,OPEN,2024-12-30 16:48:06,True,False,,,53.341359,-6.292951,40,6,34,1,5,0,5,40,6,34,1,5,0,5
10949,41,dublin,HARCOURT TERRACE,Harcourt Terrace,False,False,OPEN,2024-12-30 16:52:54,True,False,,,53.332763,-6.257942,20,14,6,9,5,0,5,20,14,6,9,5,0,5
10950,3,dublin,BOLTON STREET,Bolton Street,False,False,OPEN,2024-12-30 16:54:50,True,False,,,53.351182,-6.269859,20,6,14,3,3,0,3,20,6,14,3,3,0,3
10951,40,dublin,JERVIS STREET,Jervis Street,False,False,OPEN,2024-12-30 16:46:38,True,False,,,53.3483,-6.266651,21,21,0,6,15,0,15,21,21,0,6,15,0,15
10952,29,dublin,ORMOND QUAY UPPER,Ormond Quay Upper,False,False,OPEN,2024-12-30 16:53:31,True,False,,,53.346057,-6.268001,29,28,1,13,15,0,15,29,28,1,13,15,0,15
10953,103,dublin,GRANGEGORMAN LOWER (SOUTH),Grangegorman Lower (South),False,False,OPEN,2024-12-30 16:53:39,True,False,,,53.354663,-6.278681,40,3,37,3,0,0,0,40,3,37,3,0,0,0
10954,28,dublin,MOUNTJOY SQUARE WEST,Mountjoy Square West,False,False,OPEN,2024-12-30 16:53:57,True,False,,,53.356299,-6.258586,30,11,19,7,4,0,4,30,11,19,7,4,0,4
10955,39,dublin,WILTON TERRACE,Wilton Terrace,False,False,OPEN,2024-12-30 16:54:48,True,False,,,53.332383,-6.252717,20,6,14,4,2,0,2,20,6,14,4,2,0,2
10956,83,dublin,EMMET ROAD,Emmet Road,False,False,OPEN,2024-12-30 16:55:10,True,False,,,53.340714,-6.308191,40,13,27,8,5,0,5,40,13,27,8,5,0,5
10957,92,dublin,HEUSTON BRIDGE (NORTH),Heuston Bridge (North),False,False,OPEN,2024-12-30 16:52:48,True,False,,,53.347802,-6.292432,40,24,16,15,9,0,9,40,24,16,15,9,0,9
10958,21,dublin,LEINSTER STREET SOUTH,Leinster Street South,False,False,OPEN,2024-12-30 16:54:15,True,False,,,53.34218,-6.254485,30,6,24,4,2,0,2,30,6,24,4,2,0,2
10959,88,dublin,BLACKHALL PLACE,Blackhall Place,False,False,OPEN,2024-12-30 16:55:39,True,False,,,53.3488,-6.281637,30,4,26,3,1,0,1,30,4,26,3,1,0,1
10960,42,dublin,SMITHFIELD NORTH,Smithfield North,False,False,OPEN,2024-12-30 17:18:16,True,False,,,53.349562,-6.278198,30,4,26,1,3,0,3,30,4,26,1,3,0,3
10961,30,dublin,PARNELL SQUARE NORTH,Parnell Square North,False,False,OPEN,2024-12-30 17:20:09,True,False,,,53.3537415547453,-6.26530144781526,20,4,16,4,0,0,0,20,4,16,4,0,0,0
10962,54,dublin,CLONMEL STREET,Clonmel Street,False,False,OPEN,2024-12-30 17:17:06,True,False,,,53.336021,-6.26298,33,16,17,8,8,0,8,33,16,17,8,8,0,8
10963,108,dublin,AVONDALE ROAD,Avondale Road,False,False,OPEN,2024-12-30 17:24:54,True,False,,,53.359405,-6.276142,35,20,15,15,5,0,5,35,20,15,15,5,0,5
10964,20,dublin,JAMES STREET EAST,James Street East,False,False,OPEN,2024-12-30 17:16:13,True,False,,,53.336597,-6.248109,30,1,29,1,0,0,0,30,1,29,1,0,0,0
10965,56,dublin,MOUNT STREET LOWER,Mount Street Lower,False,False,OPEN,2024-12-30 17:24:57,True,False,,,53.33796,-6.24153,40,21,19,15,6,0,6,40,21,19,15,6,0,6
10966,6,dublin,CHRISTCHURCH PLACE,Christchurch Place,False,False,OPEN,2024-12-30 17:23:11,True,False,,,53.343368,-6.27012,20,17,3,10,7,0,7,20,17,3,10,7,0,7
10967,18,dublin,GRANTHAM STREET,Grantham Street,False,False,OPEN,2024-12-30 17:24:01,True,False,,,53.334123,-6.265436,30,1,29,1,0,0,0,30,1,29,1,0,0,0
10968,32,dublin,PEARSE STREET,Pearse Street,False,False,OPEN,2024-12-30 17:23:02,True,False,,,53.344304,-6.250427,30,17,13,10,7,0,7,30,17,13,10,7,0,7
10969,52,dublin,YORK STREET EAST,York Street East,False,False,OPEN,2024-12-30 17:22:53,True,False,,,53.338755,-6.262003,32,17,15,10,7,0,7,32,17,15,10,7,0,7
10970,48,dublin,EXCISE WALK,Excise Walk,False,False,OPEN,2024-12-30 17:24:35,True,False,,,53.347777,-6.244239,40,8,32,7,1,0,1,40,8,32,7,1,0,1
10971,13,dublin,FITZWILLIAM SQUARE WEST,Fitzwilliam Square West,False,False,OPEN,2024-12-30 17:17:06,True,False,,,53.336074,-6.252825,30,24,6,10,14,0,14,30,24,6,10,14,0,14
10972,43,dublin,PORTOBELLO ROAD,Portobello Road,False,False,OPEN,2024-12-30 17:23:43,True,False,,,53.330091,-6.268044,30,18,12,11,7,0,7,30,18,12,11,7,0,7
10973,31,dublin,PARNELL STREET,Parnell Street,False,False,OPEN,2024-12-30 17:22:49,True,False,,,53.350929,-6.265125,20,10,10,5,5,0,5,20,10,10,5,5,0,5
10974,98,dublin,FREDERICK STREET SOUTH,Frederick Street South,False,False,OPEN,2024-12-30 17:23:42,True,False,,,53.341515,-6.256853,40,21,19,15,6,0,6,40,21,19,15,6,0,6
10975,14,dublin,FOWNES STREET UPPER,Fownes Street Upper,False,False,OPEN,2024-12-30 17:16:28,True,False,,,53.344603,-6.263371,30,17,11,8,9,0,9,30,17,11,8,9,0,9
10976,1,dublin,CLARENDON ROW,Clarendon Row,False,False,OPEN,2024-12-30 17:23:31,True,False,,,53.340927,-6.262501,31,25,6,18,7,0,7,31,25,6,18,7,0,7
10977,23,dublin,CUSTOM HOUSE,Custom House,False,False,OPEN,2024-12-30 17:18:38,True,False,,,53.348279,-6.254662,30,8,22,6,2,0,2,30,8,22,6,2,0,2
10978,106,dublin,RATHDOWN ROAD,Rathdown Road,False,False,OPEN,2024-12-30 17:23:47,True,False,,,53.35893,-6.280337,40,10,30,8,2,0,2,40,10,30,8,2,0,2
10979,112,dublin,NORTH CIRCULAR ROAD (O'CONNELL'S),North Circular Road (O'Connell's),False,False,OPEN,2024-12-30 17:24:28,True,False,,,53.357841,-6.251557,30,18,12,10,8,0,8,30,18,12,10,8,0,8
10980,68,dublin,HANOVER QUAY,Hanover Quay,False,False,OPEN,2024-12-30 17:24:38,True,False,,,53.344115,-6.237153,40,29,11,18,11,0,11,40,29,11,18,11,0,11
10981,74,dublin,OLIVER BOND STREET,Oliver Bond Street,False,False,OPEN,2024-12-30 17:19:33,True,False,,,53.343893,-6.280531,30,15,15,7,8,0,8,30,15,15,7,8,0,8
10982,87,dublin,COLLINS BARRACKS MUSEUM,Collins Barracks Museum,False,False,OPEN,2024-12-30 17:25:36,True,False,,,53.347477,-6.28525,38,18,20,9,9,0,9,38,18,20,9,9,0,9
10983,84,dublin,BROOKFIELD ROAD,Brookfield Road,False,False,OPEN,2024-12-30 17:24:43,True,False,,,53.339005,-6.300217,30,9,21,3,6,0,6,30,9,21,3,6,0,6
10984,90,dublin,BENSON STREET,Benson Street,False,False,OPEN,2024-12-30 17:15:46,True,False,,,53.344153,-6.233451,40,8,32,8,0,0,0,40,8,32,8,0,0,0
10985,11,dublin,EARLSFORT TERRACE,Earlsfort Terrace,False,False,OPEN,2024-12-30 17:22:14,True,False,,,53.334295,-6.258503,30,20,10,15,5,0,5,30,20,10,15,5,0,5
10986,17,dublin,GOLDEN LANE,Golden Lane,False,False,OPEN,2024-12-30 17:19:52,True,False,,,53.340803,-6.267732,20,6,14,3,3,0,3,20,6,14,3,3,0,3
10987,45,dublin,DEVERELL PLACE,Deverell Place,False,False,OPEN,2024-12-30 17:21:01,True,False,,,53.351464,-6.255265,30,5,25,4,1,0,1,30,5,25,4,1,0,1
10988,114,dublin,WILTON TERRACE (PARK),Wilton Terrace (Park),False,False,OPEN,2024-12-30 17:16:42,True,False,,,53.333653,-6.248345,40,0,40,0,0,0,0,40,0,40,0,0,0,0
10989,72,dublin,JOHN STREET WEST,John Street West,False,False,OPEN,2024-12-30 17:25:36,True,False,,,53.343105,-6.277167,31,2,29,0,2,0,2,31,2,29,0,2,0,2
10990,63,dublin,FENIAN STREET,Fenian Street,False,False,OPEN,2024-12-30 17:25:27,True,False,,,53.341428,-6.24672,35,14,21,6,8,0,8,35,14,21,6,8,0,8
10991,113,dublin,MERRION SQUARE SOUTH,Merrion Square South,False,False,OPEN,2024-12-30 17:24:27,True,False,,,53.338614,-6.248606,40,7,22,6,1,0,1,40,7,22,6,1,0,1
10992,91,dublin,SOUTH DOCK ROAD,South Dock Road,False,False,OPEN,2024-12-30 17:24:12,True,False,,,53.341833,-6.231291,30,7,23,4,3,0,3,30,7,23,4,3,0,3
10993,99,dublin,CITY QUAY,City Quay,False,False,OPEN,2024-12-30 17:17:39,True,False,,,53.346637,-6.246154,30,18,12,7,11,0,11,30,18,12,7,11,0,11
10994,9,dublin,EXCHEQUER STREET,Exchequer Street,False,False,OPEN,2024-12-30 17:25:43,True,False,,,53.343034,-6.263578,24,15,9,12,3,0,3,24,15,9,12,3,0,3
10995,67,dublin,THE POINT,The Point,False,False,OPEN,2024-12-30 17:22:44,True,False,,,53.346867,-6.230852,40,16,24,11,5,0,5,40,16,24,11,5,0,5
10996,116,dublin,BROADSTONE,Broadstone,False,False,OPEN,2024-12-30 17:21:41,True,False,,,53.3547,-6.272314,30,16,14,7,9,0,9,30,16,14,7,9,0,9
10997,55,dublin,HATCH STREET,Hatch Street,False,False,OPEN,2024-12-30 17:15:45,True,False,,,53.33403,-6.260714,36,7,29,5,2,0,2,36,7,29,5,2,0,2
10998,62,dublin,LIME STREET,Lime Street,False,False,OPEN,2024-12-30 17:23:46,True,False,,,53.346026,-6.243576,40,15,25,6,9,0,9,40,15,25,6,9,0,9
10999,5,dublin,CHARLEMONT PLACE,Charlemont Street,False,False,OPEN,2024-12-30 17:20:03,True,False,,,53.330662,-6.260177,40,24,16,21,3,0,3,40,24,16,21,3,0,3
11000,97,dublin,KILMAINHAM GAOL,Kilmainham Gaol,False,False,OPEN,2024-12-30 17:25:39,True,False,,,53.342113,-6.310015,40,10,30,3,7,0,7,40,10,30,3,7,0,7
11001,61,dublin,HARDWICKE PLACE,Hardwicke Place,False,False,OPEN,2024-12-30 17:21:48,True,False,,,53.357043,-6.263232,25,3,22,3,0,0,0,25,3,22,3,0,0,0
11002,77,dublin,WOLFE TONE STREET,Wolfe Tone Street,False,False,OPEN,2024-12-30 17:24:10,True,False,,,53.348875,-6.267459,29,26,3,11,15,0,15,29,26,3,11,15,0,15
11003,73,dublin,FRANCIS STREET,Francis Street,False,False,OPEN,2024-12-30 17:25:05,True,False,,,53.342081,-6.275233,30,3,27,2,1,0,1,30,3,27,2,1,0,1
11004,4,dublin,GREEK STREET,Greek Street,False,False,OPEN,2024-12-30 17:24:43,True,False,,,53.346874,-6.272976,20,11,9,2,9,0,9,20,11,9,2,9,0,9
11005,49,dublin,GUILD STREET,Guild Street,False,False,OPEN,2024-12-30 17:18:12,True,False,,,53.347932,-6.240928,40,24,16,14,10,0,10,40,24,16,14,10,0,10
11006,19,dublin,HERBERT PLACE,Herbert Place,False,False,OPEN,2024-12-30 17:25:34,True,False,,,53.334432,-6.245575,30,4,26,2,2,0,2,30,4,26,2,2,0,2
11007,7,dublin,HIGH STREET,High Street,False,False,OPEN,2024-12-30 17:23:29,True,False,,,53.343565,-6.275071,29,7,22,3,4,0,4,29,7,22,3,4,0,4
11008,60,dublin,NORTH CIRCULAR ROAD,North Circular Road,False,False,OPEN,2024-12-30 17:18:55,True,False,,,53.359624,-6.260348,30,4,26,2,2,0,2,30,4,26,2,2,0,2
11009,102,dublin,WESTERN WAY,Western Way,False,False,OPEN,2024-12-30 17:23:52,True,False,,,53.354929,-6.269425,40,10,30,10,0,0,0,40,10,30,10,0,0,0
11010,38,dublin,TALBOT STREET,Talbot Street,False,False,OPEN,2024-12-30 17:16:37,True,False,,,53.350974,-6.25294,40,31,9,21,10,0,10,40,31,9,21,10,0,10
11011,53,dublin,NEWMAN HOUSE,Newman House,False,False,OPEN,2024-12-30 17:23:48,True,False,,,53.337132,-6.26059,40,14,26,13,1,0,1,40,14,26,13,1,0,1
11012,58,dublin,SIR PATRICK DUN'S,Sir Patrick's Dun,False,False,OPEN,2024-12-30 17:25:41,True,False,,,53.339218,-6.240642,40,5,35,2,3,0,3,40,5,35,2,3,0,3
11013,66,dublin,NEW CENTRAL BANK,New Central Bank,False,False,OPEN,2024-12-30 17:22:59,True,False,,,53.347122,-6.234749,40,9,31,6,3,0,3,40,9,31,6,3,0,3
11014,104,dublin,GRANGEGORMAN LOWER (CENTRAL),Grangegorman Lower (Central),False,False,OPEN,2024-12-30 17:18:48,True,False,,,53.355173,-6.278424,40,19,21,10,9,0,9,40,19,21,10,9,0,9
11015,101,dublin,KING STREET NORTH,King Street North,False,False,OPEN,2024-12-30 17:22:28,True,False,,,53.350291,-6.273507,30,0,30,0,0,0,0,30,0,30,0,0,0,0
11016,115,dublin,KILLARNEY STREET,Killarney Street,False,False,OPEN,2024-12-30 17:25:00,True,False,,,53.354845,-6.247579,30,9,21,0,9,0,9,30,9,21,0,9,0,9
11017,47,dublin,HERBERT STREET,Herbert Street,False,False,OPEN,2024-12-30 17:25:21,True,False,,,53.335742,-6.24551,40,1,39,1,0,0,0,40,1,39,1,0,0,0
11018,117,dublin,HANOVER QUAY EAST,Hanover Quay East,False,False,OPEN,2024-12-30 17:23:05,True,False,,,53.343653,-6.231755,40,3,37,3,0,0,0,40,3,37,3,0,0,0
11019,8,dublin,CUSTOM HOUSE QUAY,Custom House Quay,False,False,OPEN,2024-12-30 17:24:30,True,False,,,53.347884,-6.248048,30,5,25,0,5,0,5,30,5,25,0,5,0,5
11020,27,dublin,MOLESWORTH STREET,Molesworth Street,False,False,OPEN,2024-12-30 17:23:33,True,False,,,53.341288,-6.258117,20,14,6,3,11,0,11,20,14,6,3,11,0,11
11021,16,dublin,GEORGES QUAY,Georges Quay,False,False,OPEN,2024-12-30 17:21:44,True,False,,,53.347508,-6.252192,20,6,14,2,4,0,4,20,6,14,2,4,0,4
11022,96,dublin,KILMAINHAM LANE,Kilmainham Lane,False,False,OPEN,2024-12-30 17:25:38,True,False,,,53.341805,-6.305085,30,18,12,11,7,0,7,30,18,12,11,7,0,7
11023,82,dublin,MOUNT BROWN,Mount Brown,False,False,OPEN,2024-12-30 17:23:20,True,False,,,53.341645,-6.29719,22,7,15,3,4,0,4,22,7,15,3,4,0,4
11024,76,dublin,MARKET STREET SOUTH,Market Street South,False,False,OPEN,2024-12-30 17:24:10,True,False,,,53.342296,-6.287661,38,16,22,14,2,0,2,38,16,22,14,2,0,2
11025,71,dublin,KEVIN STREET,Kevin Street,False,False,OPEN,2024-12-30 17:25:37,True,False,,,53.337757,-6.267699,40,25,15,21,4,0,4,40,25,15,21,4,0,4
11026,79,dublin,ECCLES STREET EAST,Eccles Street East,False,False,OPEN,2024-12-30 17:18:00,True,False,,,53.358115,-6.265601,27,2,25,1,1,0,1,27,2,25,1,1,0,1
11027,69,dublin,GRAND CANAL DOCK,Grand Canal Dock,False,False,OPEN,2024-12-30 17:23:19,True,False,,,53.342638,-6.238695,40,36,4,24,12,0,12,40,36,4,24,12,0,12
11028,25,dublin,MERRION SQUARE EAST,Merrion Square East,False,False,OPEN,2024-12-30 17:17:12,True,False,,,53.339434,-6.246548,30,5,25,0,5,0,5,30,5,25,0,5,0,5
11029,51,dublin,YORK STREET WEST,York Street West,False,False,OPEN,2024-12-30 17:23:59,True,False,,,53.339334,-6.264699,40,0,0,0,0,0,0,40,0,0,0,0,0,0
11030,37,dublin,ST. STEPHEN'S GREEN SOUTH,St. Stephen's Green South,False,False,OPEN,2024-12-30 17:22:48,True,False,,,53.337494,-6.26199,30,26,4,12,14,0,14,30,26,4,12,14,0,14
11031,59,dublin,DENMARK STREET GREAT,Denmark Street Great,False,False,OPEN,2024-12-30 17:24:27,True,False,,,53.35561,-6.261397,20,2,18,2,0,0,0,20,2,18,2,0,0,0
11032,95,dublin,ROYAL HOSPITAL,Royal Hospital,False,False,OPEN,2024-12-30 17:23:39,True,False,,,53.343897,-6.29706,40,8,32,4,4,0,4,40,8,32,4,4,0,4
11033,94,dublin,HEUSTON STATION (CAR PARK),Heuston Station (Car Park),False,False,OPEN,2024-12-30 17:16:49,True,False,,,53.346985,-6.297804,40,9,31,9,0,0,0,40,9,31,9,0,0,0
11034,105,dublin,GRANGEGORMAN LOWER (NORTH),Grangegorman Lower (North),False,False,OPEN,2024-12-30 17:16:03,True,False,,,53.355954,-6.278378,36,13,23,7,6,0,6,36,13,23,7,6,0,6
11035,36,dublin,ST. STEPHEN'S GREEN EAST,St. Stephen's Green East,False,False,OPEN,2024-12-30 17:22:53,True,False,,,53.337824,-6.256035,40,20,20,17,3,0,3,40,20,20,17,3,0,3
11036,93,dublin,HEUSTON STATION (CENTRAL),Heuston Station (Central),False,False,OPEN,2024-12-30 17:16:02,True,False,,,53.346603,-6.296924,40,8,32,8,0,0,0,40,8,32,8,0,0,0
11037,22,dublin,TOWNSEND STREET,Townsend Street,False,False,OPEN,2024-12-30 17:25:38,True,False,,,53.345922,-6.254614,20,3,17,2,1,0,1,20,3,17,2,1,0,1
11038,50,dublin,GEORGES LANE,George's Lane,False,False,OPEN,2024-12-30 17:25:43,True,False,,,53.35023,-6.279696,40,2,38,1,1,0,1,40,2,38,1,1,0,1
11039,110,dublin,PHIBSBOROUGH ROAD,Phibsborough Road,False,False,OPEN,2024-12-30 17:25:28,True,False,,,53.356307,-6.273717,40,19,21,10,9,0,9,40,19,21,10,9,0,9
11040,12,dublin,ECCLES STREET,Eccles Street,False,False,OPEN,2024-12-30 17:23:46,True,False,,,53.359246,-6.269779,20,3,17,1,2,0,2,20,3,17,1,2,0,2
11041,34,dublin,PORTOBELLO HARBOUR,Portobello Harbour,False,False,OPEN,2024-12-30 17:18:45,True,False,,,53.330362,-6.265163,30,14,16,13,1,0,1,30,14,16,13,1,0,1
11042,78,dublin,MATER HOSPITAL,Mater Hospital,False,False,OPEN,2024-12-30 17:18:41,True,False,,,53.359967,-6.264828,40,9,31,7,2,0,2,40,9,31,7,2,0,2
11043,2,dublin,BLESSINGTON STREET,Blessington Street,False,False,OPEN,2024-12-30 17:22:51,True,False,,,53.356769,-6.26814,20,5,15,1,4,0,4,20,5,15,1,4,0,4
11044,75,dublin,JAMES STREET,James Street,False,False,OPEN,2024-12-30 17:17:06,True,False,,,53.343456,-6.287409,40,6,34,6,0,0,0,40,6,34,6,0,0,0
11045,111,dublin,MOUNTJOY SQUARE EAST,Mountjoy Square East,False,False,OPEN,2024-12-30 17:24:02,True,False,,,53.356717,-6.256359,40,4,36,1,3,0,3,40,4,36,1,3,0,3
11046,26,dublin,MERRION SQUARE WEST,Merrion Square West,False,False,OPEN,2024-12-30 17:23:50,True,False,,,53.339764,-6.251988,20,19,1,7,12,0,12,20,19,1,7,12,0,12
11047,65,dublin,CONVENTION CENTRE,Convention Centre,False,False,OPEN,2024-12-30 17:16:06,True,False,,,53.34744,-6.238523,40,2,38,0,2,0,2,40,2,38,0,2,0,2
11048,15,dublin,HARDWICKE STREET,Hardwicke Street,False,False,OPEN,2024-12-30 17:19:42,True,False,,,53.355473,-6.264423,16,2,14,1,1,0,1,16,2,14,1,1,0,1
11049,86,dublin,PARKGATE STREET,Parkgate Street,False,False,OPEN,2024-12-30 17:25:43,True,False,,,53.347972,-6.291804,38,13,25,3,10,0,10,38,13,25,3,10,0,10
11050,35,dublin,SMITHFIELD,Smithfield,False,False,OPEN,2024-12-30 17:16:44,True,False,,,53.347692,-6.278214,30,27,3,17,10,0,10,30,27,3,17,10,0,10
11051,10,dublin,DAME STREET,Dame Street,False,False,OPEN,2024-12-30 17:15:47,True,False,,,53.344007,-6.266802,16,15,1,10,5,0,5,16,15,1,10,5,0,5
11052,100,dublin,HEUSTON BRIDGE (SOUTH),Heuston Bridge (South),False,False,OPEN,2024-12-30 17:23:46,True,False,,,53.347106,-6.292041,25,24,1,10,14,0,14,25,24,1,10,14,0,14
11053,24,dublin,CATHAL BRUGHA STREET,Cathal Brugha Street,False,False,OPEN,2024-12-30 17:24:22,True,False,,,53.352149,-6.260533,20,16,4,10,6,0,6,20,16,4,10,6,0,6
11054,64,dublin,SANDWITH STREET,Sandwith Street,False,False,OPEN,2024-12-30 17:18:00,True,False,,,53.345203,-6.247163,40,17,23,14,3,0,3,40,17,23,14,3,0,3
11055,109,dublin,BUCKINGHAM STREET LOWER,Buckingham Street Lower,False,False,OPEN,2024-12-30 17:24:58,True,False,,,53.353331,-6.249319,29,7,22,5,2,0,2,29,7,22,5,2,0,2
11056,85,dublin,ROTHE ABBEY,Rothe Abbey,False,False,OPEN,2024-12-30 17:16:31,True,False,,,53.338776,-6.30395,35,14,21,2,12,0,12,35,14,21,2,12,0,12
11057,107,dublin,CHARLEVILLE ROAD,Charleville Road,False,False,OPEN,2024-12-30 17:15:49,True,False,,,53.359157,-6.281866,40,19,21,10,9,0,9,40,19,21,10,9,0,9
11058,33,dublin,PRINCES STREET / O'CONNELL STREET,Princes Street / O'Connell Street,False,False,OPEN,2024-12-30 17:25:17,True,False,,,53.349013,-6.260311,23,9,14,6,3,0,3,23,9,14,6,3,0,3
11059,44,dublin,UPPER SHERRARD STREET,Upper Sherrard Street,False,False,OPEN,2024-12-30 17:17:05,True,False,,,53.358437,-6.260641,30,15,15,11,4,0,4,30,15,15,11,4,0,4
11060,89,dublin,FITZWILLIAM SQUARE EAST,Fitzwilliam Square East,False,False,OPEN,2024-12-30 17:24:48,True,False,,,53.335211,-6.2509,40,18,22,10,8,0,8,40,18,22,10,8,0,8
11061,57,dublin,GRATTAN STREET,Grattan Street,False,False,OPEN,2024-12-30 17:21:50,True,False,,,53.339629,-6.243778,23,5,18,4,1,0,1,23,5,18,4,1,0,1
11062,80,dublin,ST JAMES HOSPITAL (LUAS),St James Hospital (Luas),False,False,OPEN,2024-12-30 17:18:22,True,False,,,53.341359,-6.292951,40,7,33,1,6,0,6,40,7,33,1,6,0,6
11063,41,dublin,HARCOURT TERRACE,Harcourt Terrace,False,False,OPEN,2024-12-30 17:23:10,True,False,,,53.332763,-6.257942,20,14,6,9,5,0,5,20,14,6,9,5,0,5
11064,3,dublin,BOLTON STREET,Bolton Street,False,False,OPEN,2024-12-30 17:25:04,True,False,,,53.351182,-6.269859,20,7,13,4,3,0,3,20,7,13,4,3,0,3
11065,40,dublin,JERVIS STREET,Jervis Street,False,False,OPEN,2024-12-30 17:17:13,True,False,,,53.3483,-6.266651,21,17,4,3,14,0,14,21,17,4,3,14,0,14
11066,29,dublin,ORMOND QUAY UPPER,Ormond Quay Upper,False,False,OPEN,2024-12-30 17:21:33,True,False,,,53.346057,-6.268001,29,28,1,13,15,0,15,29,28,1,13,15,0,15
11067,103,dublin,GRANGEGORMAN LOWER (SOUTH),Grangegorman Lower (South),False,False,OPEN,2024-12-30 17:23:51,True,False,,,53.354663,-6.278681,40,3,37,3,0,0,0,40,3,37,3,0,0,0
11068,28,dublin,MOUNTJOY SQUARE WEST,Mountjoy Square West,False,False,OPEN,2024-12-30 17:24:10,True,False,,,53.356299,-6.258586,30,10,20,6,4,0,4,30,10,20,6,4,0,4
11069,39,dublin,WILTON TERRACE,Wilton Terrace,False,False,OPEN,2024-12-30 17:25:27,True,False,,,53.332383,-6.252717,20,7,13,4,3,0,3,20,7,13,4,3,0,3
11070,83,dublin,EMMET ROAD,Emmet Road,False,False,OPEN,2024-12-30 17:25:27,True,False,,,53.340714,-6.308191,40,12,28,7,5,0,5,40,12,28,7,5,0,5
11071,92,dublin,HEUSTON BRIDGE (NORTH),Heuston Bridge (North),False,False,OPEN,2024-12-30 17:23:00,True,False,,,53.347802,-6.292432,40,24,16,15,9,0,9,40,24,16,15,9,0,9
11072,21,dublin,LEINSTER STREET SOUTH,Leinster Street South,False,False,OPEN,2024-12-30 17:24:34,True,False,,,53.34218,-6.254485,30,5,25,4,1,0,1,30,5,25,4,1,0,1
11073,88,dublin,BLACKHALL PLACE,Blackhall Place,False,False,OPEN,2024-12-30 17:15:53,True,False,,,53.3488,-6.281637,30,3,27,3,0,0,0,30,3,27,3,0,0,0
11074,42,dublin,SMITHFIELD NORTH,Smithfield North,False,False,OPEN,2024-12-30 17:52:40,True,False,,,53.349562,-6.278198,30,7,23,3,4,0,4,30,7,23,3,4,0,4
11075,30,dublin,PARNELL SQUARE NORTH,Parnell Square North,False,False,OPEN,2024-12-30 17:50:21,True,False,,,53.3537415547453,-6.26530144781526,20,3,17,3,0,0,0,20,3,17,3,0,0,0
11076,54,dublin,CLONMEL STREET,Clonmel Street,False,False,OPEN,2024-12-30 17:47:17,True,False,,,53.336021,-6.26298,33,16,17,8,8,0,8,33,16,17,8,8,0,8
11077,108,dublin,AVONDALE ROAD,Avondale Road,False,False,OPEN,2024-12-30 17:55:05,True,False,,,53.359405,-6.276142,35,20,15,15,5,0,5,35,20,15,15,5,0,5
11078,20,dublin,JAMES STREET EAST,James Street East,False,False,OPEN,2024-12-30 17:46:24,True,False,,,53.336597,-6.248109,30,1,29,1,0,0,0,30,1,29,1,0,0,0
11079,56,dublin,MOUNT STREET LOWER,Mount Street Lower,False,False,OPEN,2024-12-30 17:53:31,True,False,,,53.33796,-6.24153,40,21,19,14,7,0,7,40,21,19,14,7,0,7
11080,6,dublin,CHRISTCHURCH PLACE,Christchurch Place,False,False,OPEN,2024-12-30 17:53:28,True,False,,,53.343368,-6.27012,20,16,4,9,7,0,7,20,16,4,9,7,0,7
11081,18,dublin,GRANTHAM STREET,Grantham Street,False,False,OPEN,2024-12-30 17:55:43,True,False,,,53.334123,-6.265436,30,2,28,1,1,0,1,30,2,28,1,1,0,1
11082,32,dublin,PEARSE STREET,Pearse Street,False,False,OPEN,2024-12-30 17:53:15,True,False,,,53.344304,-6.250427,30,16,14,9,7,0,7,30,16,14,9,7,0,7
11083,52,dublin,YORK STREET EAST,York Street East,False,False,OPEN,2024-12-30 17:54:45,True,False,,,53.338755,-6.262003,32,18,14,11,7,0,7,32,18,14,11,7,0,7
11084,48,dublin,EXCISE WALK,Excise Walk,False,False,OPEN,2024-12-30 17:55:02,True,False,,,53.347777,-6.244239,40,7,33,7,0,0,0,40,7,33,7,0,0,0
11085,13,dublin,FITZWILLIAM SQUARE WEST,Fitzwilliam Square West,False,False,OPEN,2024-12-30 17:47:21,True,False,,,53.336074,-6.252825,30,24,6,10,14,0,14,30,24,6,10,14,0,14
11086,43,dublin,PORTOBELLO ROAD,Portobello Road,False,False,OPEN,2024-12-30 17:54:01,True,False,,,53.330091,-6.268044,30,19,11,13,6,0,6,30,19,11,13,6,0,6
11087,31,dublin,PARNELL STREET,Parnell Street,False,False,OPEN,2024-12-30 17:48:14,True,False,,,53.350929,-6.265125,20,12,8,6,6,0,6,20,12,8,6,6,0,6
11088,98,dublin,FREDERICK STREET SOUTH,Frederick Street South,False,False,OPEN,2024-12-30 17:53:56,True,False,,,53.341515,-6.256853,40,20,20,14,6,0,6,40,20,20,14,6,0,6
11089,14,dublin,FOWNES STREET UPPER,Fownes Street Upper,False,False,OPEN,2024-12-30 17:52:05,True,False,,,53.344603,-6.263371,30,9,21,5,4,0,4,30,9,21,5,4,0,4
11090,1,dublin,CLARENDON ROW,Clarendon Row,False,False,OPEN,2024-12-30 17:53:19,True,False,,,53.340927,-6.262501,31,22,9,15,7,0,7,31,22,9,15,7,0,7
11091,23,dublin,CUSTOM HOUSE,Custom House,False,False,OPEN,2024-12-30 17:51:56,True,False,,,53.348279,-6.254662,30,9,21,7,2,0,2,30,9,21,7,2,0,2
11092,106,dublin,RATHDOWN ROAD,Rathdown Road,False,False,OPEN,2024-12-30 17:54:02,True,False,,,53.35893,-6.280337,40,10,30,8,2,0,2,40,10,30,8,2,0,2
11093,112,dublin,NORTH CIRCULAR ROAD (O'CONNELL'S),North Circular Road (O'Connell's),False,False,OPEN,2024-12-30 17:54:46,True,False,,,53.357841,-6.251557,30,16,14,11,5,0,5,30,16,14,11,5,0,5
11094,68,dublin,HANOVER QUAY,Hanover Quay,False,False,OPEN,2024-12-30 17:54:15,True,False,,,53.344115,-6.237153,40,28,12,18,10,0,10,40,28,12,18,10,0,10
11095,74,dublin,OLIVER BOND STREET,Oliver Bond Street,False,False,OPEN,2024-12-30 17:47:53,True,False,,,53.343893,-6.280531,30,15,15,7,8,0,8,30,15,15,7,8,0,8
11096,87,dublin,COLLINS BARRACKS MUSEUM,Collins Barracks Museum,False,False,OPEN,2024-12-30 17:49:55,True,False,,,53.347477,-6.28525,38,20,18,11,9,0,9,38,20,18,11,9,0,9
11097,84,dublin,BROOKFIELD ROAD,Brookfield Road,False,False,OPEN,2024-12-30 17:54:56,True,False,,,53.339005,-6.300217,30,10,20,4,6,0,6,30,10,20,4,6,0,6
11098,90,dublin,BENSON STREET,Benson Street,False,False,OPEN,2024-12-30 17:46:01,True,False,,,53.344153,-6.233451,40,7,33,7,0,0,0,40,7,33,7,0,0,0
11099,11,dublin,EARLSFORT TERRACE,Earlsfort Terrace,False,False,OPEN,2024-12-30 17:55:43,True,False,,,53.334295,-6.258503,30,20,10,15,5,0,5,30,20,10,15,5,0,5
11100,17,dublin,GOLDEN LANE,Golden Lane,False,False,OPEN,2024-12-30 17:50:06,True,False,,,53.340803,-6.267732,20,5,15,3,2,0,2,20,5,15,3,2,0,2
11101,45,dublin,DEVERELL PLACE,Deverell Place,False,False,OPEN,2024-12-30 17:46:58,True,False,,,53.351464,-6.255265,30,5,25,4,1,0,1,30,5,25,4,1,0,1
11102,114,dublin,WILTON TERRACE (PARK),Wilton Terrace (Park),False,False,OPEN,2024-12-30 17:46:58,True,False,,,53.333653,-6.248345,40,0,40,0,0,0,0,40,0,40,0,0,0,0
11103,72,dublin,JOHN STREET WEST,John Street West,False,False,OPEN,2024-12-30 17:47:11,True,False,,,53.343105,-6.277167,31,3,28,0,3,0,3,31,3,28,0,3,0,3
11104,63,dublin,FENIAN STREET,Fenian Street,False,False,OPEN,2024-12-30 17:55:43,True,False,,,53.341428,-6.24672,35,15,20,7,8,0,8,35,15,20,7,8,0,8
11105,113,dublin,MERRION SQUARE SOUTH,Merrion Square South,False,False,OPEN,2024-12-30 17:54:39,True,False,,,53.338614,-6.248606,40,7,22,6,1,0,1,40,7,22,6,1,0,1
11106,91,dublin,SOUTH DOCK ROAD,South Dock Road,False,False,OPEN,2024-12-30 17:54:34,True,False,,,53.341833,-6.231291,30,6,24,3,3,0,3,30,6,24,3,3,0,3
11107,99,dublin,CITY QUAY,City Quay,False,False,OPEN,2024-12-30 17:53:50,True,False,,,53.346637,-6.246154,30,17,13,6,11,0,11,30,17,13,6,11,0,11
11108,9,dublin,EXCHEQUER STREET,Exchequer Street,False,False,OPEN,2024-12-30 17:53:05,True,False,,,53.343034,-6.263578,24,16,8,12,4,0,4,24,16,8,12,4,0,4
11109,67,dublin,THE POINT,The Point,False,False,OPEN,2024-12-30 17:52:57,True,False,,,53.346867,-6.230852,40,15,25,11,4,0,4,40,15,25,11,4,0,4
11110,116,dublin,BROADSTONE,Broadstone,False,False,OPEN,2024-12-30 17:51:53,True,False,,,53.3547,-6.272314,30,16,14,7,9,0,9,30,16,14,7,9,0,9
11111,55,dublin,HATCH STREET,Hatch Street,False,False,OPEN,2024-12-30 17:45:55,True,False,,,53.33403,-6.260714,36,7,29,5,2,0,2,36,7,29,5,2,0,2
11112,62,dublin,LIME STREET,Lime Street,False,False,OPEN,2024-12-30 17:54:03,True,False,,,53.346026,-6.243576,40,14,26,5,9,0,9,40,14,26,5,9,0,9
11113,5,dublin,CHARLEMONT PLACE,Charlemont Street,False,False,OPEN,2024-12-30 17:52:00,True,False,,,53.330662,-6.260177,40,22,18,21,1,0,1,40,22,18,21,1,0,1
11114,97,dublin,KILMAINHAM GAOL,Kilmainham Gaol,False,False,OPEN,2024-12-30 17:54:18,True,False,,,53.342113,-6.310015,40,11,29,4,7,0,7,40,11,29,4,7,0,7
11115,61,dublin,HARDWICKE PLACE,Hardwicke Place,False,False,OPEN,2024-12-30 17:52:02,True,False,,,53.357043,-6.263232,25,2,23,2,0,0,0,25,2,23,2,0,0,0
11116,77,dublin,WOLFE TONE STREET,Wolfe Tone Street,False,False,OPEN,2024-12-30 17:54:27,True,False,,,53.348875,-6.267459,29,25,4,9,16,0,16,29,25,4,9,16,0,16
11117,73,dublin,FRANCIS STREET,Francis Street,False,False,OPEN,2024-12-30 17:55:16,True,False,,,53.342081,-6.275233,30,5,25,4,1,0,1,30,5,25,4,1,0,1
11118,4,dublin,GREEK STREET,Greek Street,False,False,OPEN,2024-12-30 17:54:57,True,False,,,53.346874,-6.272976,20,11,9,3,8,0,8,20,11,9,3,8,0,8
11119,49,dublin,GUILD STREET,Guild Street,False,False,OPEN,2024-12-30 17:51:24,True,False,,,53.347932,-6.240928,40,25,15,14,11,0,11,40,25,15,14,11,0,11
11120,19,dublin,HERBERT PLACE,Herbert Place,False,False,OPEN,2024-12-30 17:45:48,True,False,,,53.334432,-6.245575,30,1,29,1,0,0,0,30,1,29,1,0,0,0
11121,7,dublin,HIGH STREET,High Street,False,False,OPEN,2024-12-30 17:53:45,True,False,,,53.343565,-6.275071,29,5,24,2,3,0,3,29,5,24,2,3,0,3
11122,60,dublin,NORTH CIRCULAR ROAD,North Circular Road,False,False,OPEN,2024-12-30 17:49:46,True,False,,,53.359624,-6.260348,30,4,26,3,1,0,1,30,4,26,3,1,0,1
11123,102,dublin,WESTERN WAY,Western Way,False,False,OPEN,2024-12-30 17:54:04,True,False,,,53.354929,-6.269425,40,10,30,10,0,0,0,40,10,30,10,0,0,0
11124,38,dublin,TALBOT STREET,Talbot Street,False,False,OPEN,2024-12-30 17:55:38,True,False,,,53.350974,-6.25294,40,35,5,23,12,0,12,40,35,5,23,12,0,12
11125,53,dublin,NEWMAN HOUSE,Newman House,False,False,OPEN,2024-12-30 17:53:59,True,False,,,53.337132,-6.26059,40,14,26,13,1,0,1,40,14,26,13,1,0,1
11126,58,dublin,SIR PATRICK DUN'S,Sir Patrick's Dun,False,False,OPEN,2024-12-30 17:54:54,True,False,,,53.339218,-6.240642,40,9,31,6,3,0,3,40,9,31,6,3,0,3
11127,66,dublin,NEW CENTRAL BANK,New Central Bank,False,False,OPEN,2024-12-30 17:53:15,True,False,,,53.347122,-6.234749,40,9,31,7,2,0,2,40,9,31,7,2,0,2
11128,104,dublin,GRANGEGORMAN LOWER (CENTRAL),Grangegorman Lower (Central),False,False,OPEN,2024-12-30 17:49:00,True,False,,,53.355173,-6.278424,40,19,21,10,9,0,9,40,19,21,10,9,0,9
11129,101,dublin,KING STREET NORTH,King Street North,False,False,OPEN,2024-12-30 17:52:40,True,False,,,53.350291,-6.273507,30,0,30,0,0,0,0,30,0,30,0,0,0,0
11130,115,dublin,KILLARNEY STREET,Killarney Street,False,False,OPEN,2024-12-30 17:51:08,True,False,,,53.354845,-6.247579,30,11,19,1,10,0,10,30,11,19,1,10,0,10
11131,47,dublin,HERBERT STREET,Herbert Street,False,False,OPEN,2024-12-30 17:55:40,True,False,,,53.335742,-6.24551,40,1,39,1,0,0,0,40,1,39,1,0,0,0
11132,117,dublin,HANOVER QUAY EAST,Hanover Quay East,False,False,OPEN,2024-12-30 17:53:19,True,False,,,53.343653,-6.231755,40,3,37,2,1,0,1,40,3,37,2,1,0,1
11133,8,dublin,CUSTOM HOUSE QUAY,Custom House Quay,False,False,OPEN,2024-12-30 17:54:46,True,False,,,53.347884,-6.248048,30,3,27,0,3,0,3,30,3,27,0,3,0,3
11134,27,dublin,MOLESWORTH STREET,Molesworth Street,False,False,OPEN,2024-12-30 17:55:30,True,False,,,53.341288,-6.258117,20,12,8,1,11,0,11,20,12,8,1,11,0,11
11135,16,dublin,GEORGES QUAY,Georges Quay,False,False,OPEN,2024-12-30 17:51:58,True,False,,,53.347508,-6.252192,20,6,14,3,3,0,3,20,6,14,3,3,0,3
11136,96,dublin,KILMAINHAM LANE,Kilmainham Lane,False,False,OPEN,2024-12-30 17:45:46,True,False,,,53.341805,-6.305085,30,18,12,11,7,0,7,30,18,12,11,7,0,7
11137,82,dublin,MOUNT BROWN,Mount Brown,False,False,OPEN,2024-12-30 17:53:32,True,False,,,53.341645,-6.29719,22,7,15,3,4,0,4,22,7,15,3,4,0,4
11138,76,dublin,MARKET STREET SOUTH,Market Street South,False,False,OPEN,2024-12-30 17:54:33,True,False,,,53.342296,-6.287661,38,16,22,14,2,0,2,38,16,22,14,2,0,2
11139,71,dublin,KEVIN STREET,Kevin Street,False,False,OPEN,2024-12-30 17:50:48,True,False,,,53.337757,-6.267699,40,24,16,19,5,0,5,40,24,16,19,5,0,5
11140,79,dublin,ECCLES STREET EAST,Eccles Street East,False,False,OPEN,2024-12-30 17:48:12,True,False,,,53.358115,-6.265601,27,2,25,1,1,0,1,27,2,25,1,1,0,1
11141,69,dublin,GRAND CANAL DOCK,Grand Canal Dock,False,False,OPEN,2024-12-30 17:49:42,True,False,,,53.342638,-6.238695,40,36,4,23,13,0,13,40,36,4,23,13,0,13
11142,25,dublin,MERRION SQUARE EAST,Merrion Square East,False,False,OPEN,2024-12-30 17:47:30,True,False,,,53.339434,-6.246548,30,6,24,0,6,0,6,30,6,24,0,6,0,6
11143,51,dublin,YORK STREET WEST,York Street West,False,False,OPEN,2024-12-30 17:54:16,True,False,,,53.339334,-6.264699,40,0,0,0,0,0,0,40,0,0,0,0,0,0
11144,37,dublin,ST. STEPHEN'S GREEN SOUTH,St. Stephen's Green South,False,False,OPEN,2024-12-30 17:53:01,True,False,,,53.337494,-6.26199,30,26,4,12,14,0,14,30,26,4,12,14,0,14
11145,59,dublin,DENMARK STREET GREAT,Denmark Street Great,False,False,OPEN,2024-12-30 17:49:11,True,False,,,53.35561,-6.261397,20,1,19,1,0,0,0,20,1,19,1,0,0,0
11146,95,dublin,ROYAL HOSPITAL,Royal Hospital,False,False,OPEN,2024-12-30 17:47:49,True,False,,,53.343897,-6.29706,40,7,33,3,4,0,4,40,7,33,3,4,0,4
11147,94,dublin,HEUSTON STATION (CAR PARK),Heuston Station (Car Park),False,False,OPEN,2024-12-30 17:47:04,True,False,,,53.346985,-6.297804,40,9,31,9,0,0,0,40,9,31,9,0,0,0
11148,105,dublin,GRANGEGORMAN LOWER (NORTH),Grangegorman Lower (North),False,False,OPEN,2024-12-30 17:46:15,True,False,,,53.355954,-6.278378,36,13,23,7,6,0,6,36,13,23,7,6,0,6
11149,36,dublin,ST. STEPHEN'S GREEN EAST,St. Stephen's Green East,False,False,OPEN,2024-12-30 17:53:05,True,False,,,53.337824,-6.256035,40,20,20,17,3,0,3,40,20,20,17,3,0,3
11150,93,dublin,HEUSTON STATION (CENTRAL),Heuston Station (Central),False,False,OPEN,2024-12-30 17:46:18,True,False,,,53.346603,-6.296924,40,8,32,8,0,0,0,40,8,32,8,0,0,0
11151,22,dublin,TOWNSEND STREET,Townsend Street,False,False,OPEN,2024-12-30 17:45:49,True,False,,,53.345922,-6.254614,20,3,17,2,1,0,1,20,3,17,2,1,0,1
11152,50,dublin,GEORGES LANE,George's Lane,False,False,OPEN,2024-12-30 17:48:13,True,False,,,53.35023,-6.279696,40,5,35,2,3,0,3,40,5,35,2,3,0,3
11153,110,dublin,PHIBSBOROUGH ROAD,Phibsborough Road,False,False,OPEN,2024-12-30 17:55:40,True,False,,,53.356307,-6.273717,40,19,21,10,9,0,9,40,19,21,10,9,0,9
11154,12,dublin,ECCLES STREET,Eccles Street,False,False,OPEN,2024-12-30 17:54:01,True,False,,,53.359246,-6.269779,20,2,18,1,1,0,1,20,2,18,1,1,0,1
11155,34,dublin,PORTOBELLO HARBOUR,Portobello Harbour,False,False,OPEN,2024-12-30 17:47:20,True,False,,,53.330362,-6.265163,30,15,15,12,3,0,3,30,15,15,12,3,0,3
11156,78,dublin,MATER HOSPITAL,Mater Hospital,False,False,OPEN,2024-12-30 17:46:34,True,False,,,53.359967,-6.264828,40,10,30,8,2,0,2,40,10,30,8,2,0,2
11157,2,dublin,BLESSINGTON STREET,Blessington Street,False,False,OPEN,2024-12-30 17:53:04,True,False,,,53.356769,-6.26814,20,4,16,1,3,0,3,20,4,16,1,3,0,3
11158,75,dublin,JAMES STREET,James Street,False,False,OPEN,2024-12-30 17:47:17,True,False,,,53.343456,-6.287409,40,6,34,6,0,0,0,40,6,34,6,0,0,0
11159,111,dublin,MOUNTJOY SQUARE EAST,Mountjoy Square East,False,False,OPEN,2024-12-30 17:51:26,True,False,,,53.356717,-6.256359,40,6,34,3,3,0,3,40,6,34,3,3,0,3
11160,26,dublin,MERRION SQUARE WEST,Merrion Square West,False,False,OPEN,2024-12-30 17:54:09,True,False,,,53.339764,-6.251988,20,20,0,8,12,0,12,20,20,0,8,12,0,12
11161,65,dublin,CONVENTION CENTRE,Convention Centre,False,False,OPEN,2024-12-30 17:46:19,True,False,,,53.34744,-6.238523,40,2,38,0,2,0,2,40,2,38,0,2,0,2
11162,15,dublin,HARDWICKE STREET,Hardwicke Street,False,False,OPEN,2024-12-30 17:46:14,True,False,,,53.355473,-6.264423,16,4,12,3,1,0,1,16,4,12,3,1,0,1
11163,86,dublin,PARKGATE STREET,Parkgate Street,False,False,OPEN,2024-12-30 17:52:35,True,False,,,53.347972,-6.291804,38,13,25,3,10,0,10,38,13,25,3,10,0,10
11164,35,dublin,SMITHFIELD,Smithfield,False,False,OPEN,2024-12-30 17:46:57,True,False,,,53.347692,-6.278214,30,27,3,17,10,0,10,30,27,3,17,10,0,10
11165,10,dublin,DAME STREET,Dame Street,False,False,OPEN,2024-12-30 17:45:58,True,False,,,53.344007,-6.266802,16,16,0,10,6,0,6,16,16,0,10,6,0,6
11166,100,dublin,HEUSTON BRIDGE (SOUTH),Heuston Bridge (South),False,False,OPEN,2024-12-30 17:55:17,True,False,,,53.347106,-6.292041,25,25,0,11,14,0,14,25,25,0,11,14,0,14
11167,24,dublin,CATHAL BRUGHA STREET,Cathal Brugha Street,False,False,OPEN,2024-12-30 17:53:05,True,False,,,53.352149,-6.260533,20,16,4,9,7,0,7,20,16,4,9,7,0,7
11168,64,dublin,SANDWITH STREET,Sandwith Street,False,False,OPEN,2024-12-30 17:47:20,True,False,,,53.345203,-6.247163,40,17,23,14,3,0,3,40,17,23,14,3,0,3
11169,109,dublin,BUCKINGHAM STREET LOWER,Buckingham Street Lower,False,False,OPEN,2024-12-30 17:55:11,True,False,,,53.353331,-6.249319,29,6,23,4,2,0,2,29,6,23,4,2,0,2
11170,85,dublin,ROTHE ABBEY,Rothe Abbey,False,False,OPEN,2024-12-30 17:46:43,True,False,,,53.338776,-6.30395,35,14,21,2,12,0,12,35,14,21,2,12,0,12
11171,107,dublin,CHARLEVILLE ROAD,Charleville Road,False,False,OPEN,2024-12-30 17:49:10,True,False,,,53.359157,-6.281866,40,17,23,10,7,0,7,40,17,23,10,7,0,7
11172,33,dublin,PRINCES STREET / O'CONNELL STREET,Princes Street / O'Connell Street,False,False,OPEN,2024-12-30 17:55:36,True,False,,,53.349013,-6.260311,23,7,16,5,2,0,2,23,7,16,5,2,0,2
11173,44,dublin,UPPER SHERRARD STREET,Upper Sherrard Street,False,False,OPEN,2024-12-30 17:47:21,True,False,,,53.358437,-6.260641,30,16,14,12,4,0,4,30,16,14,12,4,0,4
11174,89,dublin,FITZWILLIAM SQUARE EAST,Fitzwilliam Square East,False,False,OPEN,2024-12-30 17:55:00,True,False,,,53.335211,-6.2509,40,18,22,10,8,0,8,40,18,22,10,8,0,8
11175,57,dublin,GRATTAN STREET,Grattan Street,False,False,OPEN,2024-12-30 17:52:01,True,False,,,53.339629,-6.243778,23,5,18,4,1,0,1,23,5,18,4,1,0,1
11176,80,dublin,ST JAMES HOSPITAL (LUAS),St James Hospital (Luas),False,False,OPEN,2024-12-30 17:48:39,True,False,,,53.341359,-6.292951,40,6,34,1,5,0,5,40,6,34,1,5,0,5
11177,41,dublin,HARCOURT TERRACE,Harcourt Terrace,False,False,OPEN,2024-12-30 17:53:26,True,False,,,53.332763,-6.257942,20,16,4,10,6,0,6,20,16,4,10,6,0,6
11178,3,dublin,BOLTON STREET,Bolton Street,False,False,OPEN,2024-12-30 17:55:18,True,False,,,53.351182,-6.269859,20,6,14,3,3,0,3,20,6,14,3,3,0,3
11179,40,dublin,JERVIS STREET,Jervis Street,False,False,OPEN,2024-12-30 17:53:32,True,False,,,53.3483,-6.266651,21,15,6,5,10,0,10,21,15,6,5,10,0,10
11180,29,dublin,ORMOND QUAY UPPER,Ormond Quay Upper,False,False,OPEN,2024-12-30 17:50:08,True,False,,,53.346057,-6.268001,29,29,0,13,16,0,16,29,29,0,13,16,0,16
11181,103,dublin,GRANGEGORMAN LOWER (SOUTH),Grangegorman Lower (South),False,False,OPEN,2024-12-30 17:54:03,True,False,,,53.354663,-6.278681,40,3,37,3,0,0,0,40,3,37,3,0,0,0
11182,28,dublin,MOUNTJOY SQUARE WEST,Mountjoy Square West,False,False,OPEN,2024-12-30 17:54:22,True,False,,,53.356299,-6.258586,30,10,20,6,4,0,4,30,10,20,6,4,0,4
11183,39,dublin,WILTON TERRACE,Wilton Terrace,False,False,OPEN,2024-12-30 17:55:42,True,False,,,53.332383,-6.252717,20,6,14,4,2,0,2,20,6,14,4,2,0,2
11184,83,dublin,EMMET ROAD,Emmet Road,False,False,OPEN,2024-12-30 17:46:43,True,False,,,53.340714,-6.308191,40,10,30,6,4,0,4,40,10,30,6,4,0,4
11185,92,dublin,HEUSTON BRIDGE (NORTH),Heuston Bridge (North),False,False,OPEN,2024-12-30 17:53:13,True,False,,,53.347802,-6.292432,40,23,17,14,9,0,9,40,23,17,14,9,0,9
11186,21,dublin,LEINSTER STREET SOUTH,Leinster Street South,False,False,OPEN,2024-12-30 17:54:58,True,False,,,53.34218,-6.254485,30,9,21,7,2,0,2,30,9,21,7,2,0,2
11187,88,dublin,BLACKHALL PLACE,Blackhall Place,False,False,OPEN,2024-12-30 17:46:12,True,False,,,53.3488,-6.281637,30,1,29,1,0,0,0,30,1,29,1,0,0,0
11188,42,dublin,SMITHFIELD NORTH,Smithfield North,False,False,OPEN,2024-12-30 18:25:11,True,False,,,53.349562,-6.278198,30,8,22,4,4,0,4,30,8,22,4,4,0,4
11189,30,dublin,PARNELL SQUARE NORTH,Parnell Square North,False,False,OPEN,2024-12-30 18:20:33,True,False,,,53.3537415547453,-6.26530144781526,20,3,17,3,0,0,0,20,3,17,3,0,0,0
11190,54,dublin,CLONMEL STREET,Clonmel Street,False,False,OPEN,2024-12-30 18:17:30,True,False,,,53.336021,-6.26298,33,16,17,8,8,0,8,33,16,17,8,8,0,8
11191,108,dublin,AVONDALE ROAD,Avondale Road,False,False,OPEN,2024-12-30 18:25:20,True,False,,,53.359405,-6.276142,35,19,16,15,4,0,4,35,19,16,15,4,0,4
11192,20,dublin,JAMES STREET EAST,James Street East,False,False,OPEN,2024-12-30 18:16:37,True,False,,,53.336597,-6.248109,30,1,29,1,0,0,0,30,1,29,1,0,0,0
11193,56,dublin,MOUNT STREET LOWER,Mount Street Lower,False,False,OPEN,2024-12-30 18:23:47,True,False,,,53.33796,-6.24153,40,21,19,14,7,0,7,40,21,19,14,7,0,7
11194,6,dublin,CHRISTCHURCH PLACE,Christchurch Place,False,False,OPEN,2024-12-30 18:25:28,True,False,,,53.343368,-6.27012,20,16,4,8,8,0,8,20,16,4,8,8,0,8
11195,18,dublin,GRANTHAM STREET,Grantham Street,False,False,OPEN,2024-12-30 18:24:37,True,False,,,53.334123,-6.265436,30,4,26,2,2,0,2,30,4,26,2,2,0,2
11196,32,dublin,PEARSE STREET,Pearse Street,False,False,OPEN,2024-12-30 18:23:28,True,False,,,53.344304,-6.250427,30,15,15,9,6,0,6,30,15,15,9,6,0,6
11197,52,dublin,YORK STREET EAST,York Street East,False,False,OPEN,2024-12-30 18:23:26,True,False,,,53.338755,-6.262003,32,18,14,11,7,0,7,32,18,14,11,7,0,7
11198,48,dublin,EXCISE WALK,Excise Walk,False,False,OPEN,2024-12-30 18:25:05,True,False,,,53.347777,-6.244239,40,6,34,6,0,0,0,40,6,34,6,0,0,0
11199,13,dublin,FITZWILLIAM SQUARE WEST,Fitzwilliam Square West,False,False,OPEN,2024-12-30 18:17:36,True,False,,,53.336074,-6.252825,30,24,6,10,14,0,14,30,24,6,10,14,0,14
11200,43,dublin,PORTOBELLO ROAD,Portobello Road,False,False,OPEN,2024-12-30 18:24:19,True,False,,,53.330091,-6.268044,30,21,9,13,8,0,8,30,21,9,13,8,0,8
11201,31,dublin,PARNELL STREET,Parnell Street,False,False,OPEN,2024-12-30 18:21:25,True,False,,,53.350929,-6.265125,20,13,7,7,6,0,6,20,13,7,7,6,0,6
11202,98,dublin,FREDERICK STREET SOUTH,Frederick Street South,False,False,OPEN,2024-12-30 18:25:31,True,False,,,53.341515,-6.256853,40,20,20,14,6,0,6,40,20,20,14,6,0,6
11203,14,dublin,FOWNES STREET UPPER,Fownes Street Upper,False,False,OPEN,2024-12-30 18:25:16,True,False,,,53.344603,-6.263371,30,12,18,8,4,0,4,30,12,18,8,4,0,4
11204,1,dublin,CLARENDON ROW,Clarendon Row,False,False,OPEN,2024-12-30 18:23:39,True,False,,,53.340927,-6.262501,31,18,13,14,4,0,4,31,18,13,14,4,0,4
11205,23,dublin,CUSTOM HOUSE,Custom House,False,False,OPEN,2024-12-30 18:22:45,True,False,,,53.348279,-6.254662,30,9,21,7,2,0,2,30,9,21,7,2,0,2
11206,106,dublin,RATHDOWN ROAD,Rathdown Road,False,False,OPEN,2024-12-30 18:24:18,True,False,,,53.35893,-6.280337,40,10,30,8,2,0,2,40,10,30,8,2,0,2
11207,112,dublin,NORTH CIRCULAR ROAD (O'CONNELL'S),North Circular Road (O'Connell's),False,False,OPEN,2024-12-30 18:24:58,True,False,,,53.357841,-6.251557,30,17,13,12,5,0,5,30,17,13,12,5,0,5
11208,68,dublin,HANOVER QUAY,Hanover Quay,False,False,OPEN,2024-12-30 18:24:33,True,False,,,53.344115,-6.237153,40,28,12,18,10,0,10,40,28,12,18,10,0,10
11209,74,dublin,OLIVER BOND STREET,Oliver Bond Street,False,False,OPEN,2024-12-30 18:23:12,True,False,,,53.343893,-6.280531,30,17,13,8,9,0,9,30,17,13,8,9,0,9
11210,87,dublin,COLLINS BARRACKS MUSEUM,Collins Barracks Museum,False,False,OPEN,2024-12-30 18:16:05,True,False,,,53.347477,-6.28525,38,19,19,10,9,0,9,38,19,19,10,9,0,9
11211,84,dublin,BROOKFIELD ROAD,Brookfield Road,False,False,OPEN,2024-12-30 18:25:09,True,False,,,53.339005,-6.300217,30,10,20,4,6,0,6,30,10,20,4,6,0,6
11212,90,dublin,BENSON STREET,Benson Street,False,False,OPEN,2024-12-30 18:16:12,True,False,,,53.344153,-6.233451,40,7,33,7,0,0,0,40,7,33,7,0,0,0
11213,11,dublin,EARLSFORT TERRACE,Earlsfort Terrace,False,False,OPEN,2024-12-30 18:22:39,True,False,,,53.334295,-6.258503,30,20,10,15,5,0,5,30,20,10,15,5,0,5
11214,17,dublin,GOLDEN LANE,Golden Lane,False,False,OPEN,2024-12-30 18:23:23,True,False,,,53.340803,-6.267732,20,3,17,2,1,0,1,20,3,17,2,1,0,1
11215,45,dublin,DEVERELL PLACE,Deverell Place,False,False,OPEN,2024-12-30 18:17:11,True,False,,,53.351464,-6.255265,30,5,25,4,1,0,1,30,5,25,4,1,0,1
11216,114,dublin,WILTON TERRACE (PARK),Wilton Terrace (Park),False,False,OPEN,2024-12-30 18:17:14,True,False,,,53.333653,-6.248345,40,2,38,2,0,0,0,40,2,38,2,0,0,0
11217,72,dublin,JOHN STREET WEST,John Street West,False,False,OPEN,2024-12-30 18:21:48,True,False,,,53.343105,-6.277167,31,3,28,0,3,0,3,31,3,28,0,3,0,3
11218,63,dublin,FENIAN STREET,Fenian Street,False,False,OPEN,2024-12-30 18:15:53,True,False,,,53.341428,-6.24672,35,17,18,7,10,0,10,35,17,18,7,10,0,10
11219,113,dublin,MERRION SQUARE SOUTH,Merrion Square South,False,False,OPEN,2024-12-30 18:24:50,True,False,,,53.338614,-6.248606,40,7,22,6,1,0,1,40,7,22,6,1,0,1
11220,91,dublin,SOUTH DOCK ROAD,South Dock Road,False,False,OPEN,2024-12-30 18:24:52,True,False,,,53.341833,-6.231291,30,10,20,5,5,0,5,30,10,20,5,5,0,5
11221,99,dublin,CITY QUAY,City Quay,False,False,OPEN,2024-12-30 18:18:14,True,False,,,53.346637,-6.246154,30,17,13,6,11,0,11,30,17,13,6,11,0,11
11222,9,dublin,EXCHEQUER STREET,Exchequer Street,False,False,OPEN,2024-12-30 18:16:14,True,False,,,53.343034,-6.263578,24,15,9,11,4,0,4,24,15,9,11,4,0,4
11223,67,dublin,THE POINT,The Point,False,False,OPEN,2024-12-30 18:23:09,True,False,,,53.346867,-6.230852,40,14,26,10,4,0,4,40,14,26,10,4,0,4
11224,116,dublin,BROADSTONE,Broadstone,False,False,OPEN,2024-12-30 18:22:05,True,False,,,53.3547,-6.272314,30,17,13,8,9,0,9,30,17,13,8,9,0,9
11225,55,dublin,HATCH STREET,Hatch Street,False,False,OPEN,2024-12-30 18:16:06,True,False,,,53.33403,-6.260714,36,7,29,5,2,0,2,36,7,29,5,2,0,2
11226,62,dublin,LIME STREET,Lime Street,False,False,OPEN,2024-12-30 18:24:19,True,False,,,53.346026,-6.243576,40,16,24,7,9,0,9,40,16,24,7,9,0,9
11227,5,dublin,CHARLEMONT PLACE,Charlemont Street,False,False,OPEN,2024-12-30 18:20:36,True,False,,,53.330662,-6.260177,40,20,20,19,1,0,1,40,20,20,19,1,0,1
11228,97,dublin,KILMAINHAM GAOL,Kilmainham Gaol,False,False,OPEN,2024-12-30 18:24:29,True,False,,,53.342113,-6.310015,40,12,28,4,8,0,8,40,12,28,4,8,0,8
11229,61,dublin,HARDWICKE PLACE,Hardwicke Place,False,False,OPEN,2024-12-30 18:22:18,True,False,,,53.357043,-6.263232,25,1,24,1,0,0,0,25,1,24,1,0,0,0
11230,77,dublin,WOLFE TONE STREET,Wolfe Tone Street,False,False,OPEN,2024-12-30 18:25:02,True,False,,,53.348875,-6.267459,29,23,6,9,14,0,14,29,23,6,9,14,0,14
11231,73,dublin,FRANCIS STREET,Francis Street,False,False,OPEN,2024-12-30 18:25:30,True,False,,,53.342081,-6.275233,30,4,26,4,0,0,0,30,4,26,4,0,0,0
11232,4,dublin,GREEK STREET,Greek Street,False,False,OPEN,2024-12-30 18:25:09,True,False,,,53.346874,-6.272976,20,11,9,3,8,0,8,20,11,9,3,8,0,8
11233,49,dublin,GUILD STREET,Guild Street,False,False,OPEN,2024-12-30 18:20:16,True,False,,,53.347932,-6.240928,40,22,18,12,10,0,10,40,22,18,12,10,0,10
11234,19,dublin,HERBERT PLACE,Herbert Place,False,False,OPEN,2024-12-30 18:16:01,True,False,,,53.334432,-6.245575,30,0,30,0,0,0,0,30,0,30,0,0,0,0
11235,7,dublin,HIGH STREET,High Street,False,False,OPEN,2024-12-30 18:23:57,True,False,,,53.343565,-6.275071,29,5,24,2,3,0,3,29,5,24,2,3,0,3
11236,60,dublin,NORTH CIRCULAR ROAD,North Circular Road,False,False,OPEN,2024-12-30 18:19:23,True,False,,,53.359624,-6.260348,30,4,26,3,1,0,1,30,4,26,3,1,0,1
11237,102,dublin,WESTERN WAY,Western Way,False,False,OPEN,2024-12-30 18:24:18,True,False,,,53.354929,-6.269425,40,10,30,10,0,0,0,40,10,30,10,0,0,0
11238,38,dublin,TALBOT STREET,Talbot Street,False,False,OPEN,2024-12-30 18:24:08,True,False,,,53.350974,-6.25294,40,36,4,23,13,0,13,40,36,4,23,13,0,13
11239,53,dublin,NEWMAN HOUSE,Newman House,False,False,OPEN,2024-12-30 18:24:13,True,False,,,53.337132,-6.26059,40,13,27,12,1,0,1,40,13,27,12,1,0,1
11240,58,dublin,SIR PATRICK DUN'S,Sir Patrick's Dun,False,False,OPEN,2024-12-30 18:22:30,True,False,,,53.339218,-6.240642,40,8,32,6,2,0,2,40,8,32,6,2,0,2
11241,66,dublin,NEW CENTRAL BANK,New Central Bank,False,False,OPEN,2024-12-30 18:23:27,True,False,,,53.347122,-6.234749,40,10,30,7,3,0,3,40,10,30,7,3,0,3
11242,104,dublin,GRANGEGORMAN LOWER (CENTRAL),Grangegorman Lower (Central),False,False,OPEN,2024-12-30 18:22:59,True,False,,,53.355173,-6.278424,40,19,21,10,9,0,9,40,19,21,10,9,0,9
11243,101,dublin,KING STREET NORTH,King Street North,False,False,OPEN,2024-12-30 18:22:52,True,False,,,53.350291,-6.273507,30,0,30,0,0,0,0,30,0,30,0,0,0,0
11244,115,dublin,KILLARNEY STREET,Killarney Street,False,False,OPEN,2024-12-30 18:18:41,True,False,,,53.354845,-6.247579,30,13,17,2,11,0,11,30,13,17,2,11,0,11
11245,47,dublin,HERBERT STREET,Herbert Street,False,False,OPEN,2024-12-30 18:15:50,True,False,,,53.335742,-6.24551,40,1,39,1,0,0,0,40,1,39,1,0,0,0
11246,117,dublin,HANOVER QUAY EAST,Hanover Quay East,False,False,OPEN,2024-12-30 18:23:32,True,False,,,53.343653,-6.231755,40,3,37,2,1,0,1,40,3,37,2,1,0,1
11247,8,dublin,CUSTOM HOUSE QUAY,Custom House Quay,False,False,OPEN,2024-12-30 18:25:26,True,False,,,53.347884,-6.248048,30,3,27,0,3,0,3,30,3,27,0,3,0,3
11248,27,dublin,MOLESWORTH STREET,Molesworth Street,False,False,OPEN,2024-12-30 18:24:10,True,False,,,53.341288,-6.258117,20,12,7,0,12,0,12,20,12,7,0,12,0,12
11249,16,dublin,GEORGES QUAY,Georges Quay,False,False,OPEN,2024-12-30 18:22:10,True,False,,,53.347508,-6.252192,20,6,14,3,3,0,3,20,6,14,3,3,0,3
11250,96,dublin,KILMAINHAM LANE,Kilmainham Lane,False,False,OPEN,2024-12-30 18:23:58,True,False,,,53.341805,-6.305085,30,19,11,12,7,0,7,30,19,11,12,7,0,7
11251,82,dublin,MOUNT BROWN,Mount Brown,False,False,OPEN,2024-12-30 18:23:44,True,False,,,53.341645,-6.29719,22,7,15,3,4,0,4,22,7,15,3,4,0,4
11252,76,dublin,MARKET STREET SOUTH,Market Street South,False,False,OPEN,2024-12-30 18:25:01,True,False,,,53.342296,-6.287661,38,12,26,12,0,0,0,38,12,26,12,0,0,0
11253,71,dublin,KEVIN STREET,Kevin Street,False,False,OPEN,2024-12-30 18:16:03,True,False,,,53.337757,-6.267699,40,24,16,19,5,0,5,40,24,16,19,5,0,5
11254,79,dublin,ECCLES STREET EAST,Eccles Street East,False,False,OPEN,2024-12-30 18:18:24,True,False,,,53.358115,-6.265601,27,2,25,1,1,0,1,27,2,25,1,1,0,1
11255,69,dublin,GRAND CANAL DOCK,Grand Canal Dock,False,False,OPEN,2024-12-30 18:23:05,True,False,,,53.342638,-6.238695,40,39,1,24,15,0,15,40,39,1,24,15,0,15
11256,25,dublin,MERRION SQUARE EAST,Merrion Square East,False,False,OPEN,2024-12-30 18:17:46,True,False,,,53.339434,-6.246548,30,6,24,0,6,0,6,30,6,24,0,6,0,6
11257,51,dublin,YORK STREET WEST,York Street West,False,False,OPEN,2024-12-30 18:24:32,True,False,,,53.339334,-6.264699,40,0,0,0,0,0,0,40,0,0,0,0,0,0
11258,37,dublin,ST. STEPHEN'S GREEN SOUTH,St. Stephen's Green South,False,False,OPEN,2024-12-30 18:23:16,True,False,,,53.337494,-6.26199,30,25,5,12,13,0,13,30,25,5,12,13,0,13
11259,59,dublin,DENMARK STREET GREAT,Denmark Street Great,False,False,OPEN,2024-12-30 18:19:24,True,False,,,53.35561,-6.261397,20,0,20,0,0,0,0,20,0,20,0,0,0,0
11260,95,dublin,ROYAL HOSPITAL,Royal Hospital,False,False,OPEN,2024-12-30 18:18:05,True,False,,,53.343897,-6.29706,40,7,33,3,4,0,4,40,7,33,3,4,0,4
11261,94,dublin,HEUSTON STATION (CAR PARK),Heuston Station (Car Park),False,False,OPEN,2024-12-30 18:23:28,True,False,,,53.346985,-6.297804,40,10,30,10,0,0,0,40,10,30,10,0,0,0
11262,105,dublin,GRANGEGORMAN LOWER (NORTH),Grangegorman Lower (North),False,False,OPEN,2024-12-30 18:16:29,True,False,,,53.355954,-6.278378,36,13,23,7,6,0,6,36,13,23,7,6,0,6
11263,36,dublin,ST. STEPHEN'S GREEN EAST,St. Stephen's Green East,False,False,OPEN,2024-12-30 18:23:19,True,False,,,53.337824,-6.256035,40,20,20,17,3,0,3,40,20,20,17,3,0,3
11264,93,dublin,HEUSTON STATION (CENTRAL),Heuston Station (Central),False,False,OPEN,2024-12-30 18:16:34,True,False,,,53.346603,-6.296924,40,8,32,8,0,0,0,40,8,32,8,0,0,0
11265,22,dublin,TOWNSEND STREET,Townsend Street,False,False,OPEN,2024-12-30 18:19:28,True,False,,,53.345922,-6.254614,20,4,16,3,1,0,1,20,4,16,3,1,0,1
11266,50,dublin,GEORGES LANE,George's Lane,False,False,OPEN,2024-12-30 18:16:11,True,False,,,53.35023,-6.279696,40,5,35,2,3,0,3,40,5,35,2,3,0,3
11267,110,dublin,PHIBSBOROUGH ROAD,Phibsborough Road,False,False,OPEN,2024-12-30 18:15:47,True,False,,,53.356307,-6.273717,40,19,21,10,9,0,9,40,19,21,10,9,0,9
11268,12,dublin,ECCLES STREET,Eccles Street,False,False,OPEN,2024-12-30 18:24:15,True,False,,,53.359246,-6.269779,20,2,18,2,0,0,0,20,2,18,2,0,0,0
11269,34,dublin,PORTOBELLO HARBOUR,Portobello Harbour,False,False,OPEN,2024-12-30 18:17:41,True,False,,,53.330362,-6.265163,30,14,16,12,2,0,2,30,14,16,12,2,0,2
11270,78,dublin,MATER HOSPITAL,Mater Hospital,False,False,OPEN,2024-12-30 18:16:45,True,False,,,53.359967,-6.264828,40,10,30,8,2,0,2,40,10,30,8,2,0,2
11271,2,dublin,BLESSINGTON STREET,Blessington Street,False,False,OPEN,2024-12-30 18:23:16,True,False,,,53.356769,-6.26814,20,4,16,1,3,0,3,20,4,16,1,3,0,3
11272,75,dublin,JAMES STREET,James Street,False,False,OPEN,2024-12-30 18:17:29,True,False,,,53.343456,-6.287409,40,6,34,6,0,0,0,40,6,34,6,0,0,0
11273,111,dublin,MOUNTJOY SQUARE EAST,Mountjoy Square East,False,False,OPEN,2024-12-30 18:21:39,True,False,,,53.356717,-6.256359,40,6,34,3,3,0,3,40,6,34,3,3,0,3
11274,26,dublin,MERRION SQUARE WEST,Merrion Square West,False,False,OPEN,2024-12-30 18:24:26,True,False,,,53.339764,-6.251988,20,20,0,8,12,0,12,20,20,0,8,12,0,12
11275,65,dublin,CONVENTION CENTRE,Convention Centre,False,False,OPEN,2024-12-30 18:21:14,True,False,,,53.34744,-6.238523,40,0,40,0,0,0,0,40,0,40,0,0,0,0
11276,15,dublin,HARDWICKE STREET,Hardwicke Street,False,False,OPEN,2024-12-30 18:16:28,True,False,,,53.355473,-6.264423,16,4,12,2,2,0,2,16,4,12,2,2,0,2
11277,86,dublin,PARKGATE STREET,Parkgate Street,False,False,OPEN,2024-12-30 18:22:49,True,False,,,53.347972,-6.291804,38,13,25,3,10,0,10,38,13,25,3,10,0,10
11278,35,dublin,SMITHFIELD,Smithfield,False,False,OPEN,2024-12-30 18:21:01,True,False,,,53.347692,-6.278214,30,22,8,13,9,0,9,30,22,8,13,9,0,9
11279,10,dublin,DAME STREET,Dame Street,False,False,OPEN,2024-12-30 18:16:13,True,False,,,53.344007,-6.266802,16,15,1,9,6,0,6,16,15,1,9,6,0,6
11280,100,dublin,HEUSTON BRIDGE (SOUTH),Heuston Bridge (South),False,False,OPEN,2024-12-30 18:18:28,True,False,,,53.347106,-6.292041,25,25,0,11,14,0,14,25,25,0,11,14,0,14
11281,24,dublin,CATHAL BRUGHA STREET,Cathal Brugha Street,False,False,OPEN,2024-12-30 18:19:56,True,False,,,53.352149,-6.260533,20,14,6,8,6,0,6,20,14,6,8,6,0,6
11282,64,dublin,SANDWITH STREET,Sandwith Street,False,False,OPEN,2024-12-30 18:17:38,True,False,,,53.345203,-6.247163,40,16,24,13,3,0,3,40,16,24,13,3,0,3
11283,109,dublin,BUCKINGHAM STREET LOWER,Buckingham Street Lower,False,False,OPEN,2024-12-30 18:25:25,True,False,,,53.353331,-6.249319,29,7,22,4,3,0,3,29,7,22,4,3,0,3
11284,85,dublin,ROTHE ABBEY,Rothe Abbey,False,False,OPEN,2024-12-30 18:16:57,True,False,,,53.338776,-6.30395,35,13,22,1,12,0,12,35,13,22,1,12,0,12
11285,107,dublin,CHARLEVILLE ROAD,Charleville Road,False,False,OPEN,2024-12-30 18:16:28,True,False,,,53.359157,-6.281866,40,16,24,9,7,0,7,40,16,24,9,7,0,7
11286,33,dublin,PRINCES STREET / O'CONNELL STREET,Princes Street / O'Connell Street,False,False,OPEN,2024-12-30 18:20:09,True,False,,,53.349013,-6.260311,23,6,17,3,3,0,3,23,6,17,3,3,0,3
11287,44,dublin,UPPER SHERRARD STREET,Upper Sherrard Street,False,False,OPEN,2024-12-30 18:19:08,True,False,,,53.358437,-6.260641,30,15,15,12,3,0,3,30,15,15,12,3,0,3
11288,89,dublin,FITZWILLIAM SQUARE EAST,Fitzwilliam Square East,False,False,OPEN,2024-12-30 18:25:11,True,False,,,53.335211,-6.2509,40,18,22,10,8,0,8,40,18,22,10,8,0,8
11289,57,dublin,GRATTAN STREET,Grattan Street,False,False,OPEN,2024-12-30 18:22:13,True,False,,,53.339629,-6.243778,23,6,17,5,1,0,1,23,6,17,5,1,0,1
11290,80,dublin,ST JAMES HOSPITAL (LUAS),St James Hospital (Luas),False,False,OPEN,2024-12-30 18:18:56,True,False,,,53.341359,-6.292951,40,6,34,1,5,0,5,40,6,34,1,5,0,5
11291,41,dublin,HARCOURT TERRACE,Harcourt Terrace,False,False,OPEN,2024-12-30 18:23:42,True,False,,,53.332763,-6.257942,20,16,4,10,6,0,6,20,16,4,10,6,0,6
11292,3,dublin,BOLTON STREET,Bolton Street,False,False,OPEN,2024-12-30 18:25:32,True,False,,,53.351182,-6.269859,20,5,15,3,2,0,2,20,5,15,3,2,0,2
11293,40,dublin,JERVIS STREET,Jervis Street,False,False,OPEN,2024-12-30 18:17:29,True,False,,,53.3483,-6.266651,21,15,6,5,10,0,10,21,15,6,5,10,0,10
11294,29,dublin,ORMOND QUAY UPPER,Ormond Quay Upper,False,False,OPEN,2024-12-30 18:20:21,True,False,,,53.346057,-6.268001,29,28,1,12,16,0,16,29,28,1,12,16,0,16
11295,103,dublin,GRANGEGORMAN LOWER (SOUTH),Grangegorman Lower (South),False,False,OPEN,2024-12-30 18:24:16,True,False,,,53.354663,-6.278681,40,3,37,3,0,0,0,40,3,37,3,0,0,0
11296,28,dublin,MOUNTJOY SQUARE WEST,Mountjoy Square West,False,False,OPEN,2024-12-30 18:24:39,True,False,,,53.356299,-6.258586,30,20,10,9,11,0,11,30,20,10,9,11,0,11
11297,39,dublin,WILTON TERRACE,Wilton Terrace,False,False,OPEN,2024-12-30 18:15:49,True,False,,,53.332383,-6.252717,20,6,14,4,2,0,2,20,6,14,4,2,0,2
11298,83,dublin,EMMET ROAD,Emmet Road,False,False,OPEN,2024-12-30 18:16:50,True,False,,,53.340714,-6.308191,40,12,28,7,5,0,5,40,12,28,7,5,0,5
11299,92,dublin,HEUSTON BRIDGE (NORTH),Heuston Bridge (North),False,False,OPEN,2024-12-30 18:23:30,True,False,,,53.347802,-6.292432,40,24,16,14,10,0,10,40,24,16,14,10,0,10
11300,21,dublin,LEINSTER STREET SOUTH,Leinster Street South,False,False,OPEN,2024-12-30 18:25:18,True,False,,,53.34218,-6.254485,30,8,22,7,1,0,1,30,8,22,7,1,0,1
11301,88,dublin,BLACKHALL PLACE,Blackhall Place,False,False,OPEN,2024-12-30 18:16:27,True,False,,,53.3488,-6.281637,30,1,29,1,0,0,0,30,1,29,1,0,0,0
11302,42,dublin,SMITHFIELD NORTH,Smithfield North,False,False,OPEN,2024-12-30 18:49:08,True,False,,,53.349562,-6.278198,30,10,20,6,4,0,4,30,10,20,6,4,0,4
11303,30,dublin,PARNELL SQUARE NORTH,Parnell Square North,False,False,OPEN,2024-12-30 18:50:48,True,False,,,53.3537415547453,-6.26530144781526,20,1,19,1,0,0,0,20,1,19,1,0,0,0
11304,54,dublin,CLONMEL STREET,Clonmel Street,False,False,OPEN,2024-12-30 18:47:43,True,False,,,53.336021,-6.26298,33,17,16,9,8,0,8,33,17,16,9,8,0,8
11305,108,dublin,AVONDALE ROAD,Avondale Road,False,False,OPEN,2024-12-30 18:55:31,True,False,,,53.359405,-6.276142,35,19,16,15,4,0,4,35,19,16,15,4,0,4
11306,20,dublin,JAMES STREET EAST,James Street East,False,False,OPEN,2024-12-30 18:46:49,True,False,,,53.336597,-6.248109,30,1,29,1,0,0,0,30,1,29,1,0,0,0
11307,56,dublin,MOUNT STREET LOWER,Mount Street Lower,False,False,OPEN,2024-12-30 18:54:00,True,False,,,53.33796,-6.24153,40,21,19,14,7,0,7,40,21,19,14,7,0,7
11308,6,dublin,CHRISTCHURCH PLACE,Christchurch Place,False,False,OPEN,2024-12-30 18:55:43,True,False,,,53.343368,-6.27012,20,18,2,8,10,0,10,20,18,2,8,10,0,10
11309,18,dublin,GRANTHAM STREET,Grantham Street,False,False,OPEN,2024-12-30 18:54:52,True,False,,,53.334123,-6.265436,30,7,23,3,4,0,4,30,7,23,3,4,0,4
11310,32,dublin,PEARSE STREET,Pearse Street,False,False,OPEN,2024-12-30 18:53:40,True,False,,,53.344304,-6.250427,30,15,15,9,6,0,6,30,15,15,9,6,0,6
11311,52,dublin,YORK STREET EAST,York Street East,False,False,OPEN,2024-12-30 18:53:41,True,False,,,53.338755,-6.262003,32,16,16,9,7,0,7,32,16,16,9,7,0,7
11312,48,dublin,EXCISE WALK,Excise Walk,False,False,OPEN,2024-12-30 18:55:22,True,False,,,53.347777,-6.244239,40,5,35,5,0,0,0,40,5,35,5,0,0,0
11313,13,dublin,FITZWILLIAM SQUARE WEST,Fitzwilliam Square West,False,False,OPEN,2024-12-30 18:47:49,True,False,,,53.336074,-6.252825,30,24,6,10,14,0,14,30,24,6,10,14,0,14
11314,43,dublin,PORTOBELLO ROAD,Portobello Road,False,False,OPEN,2024-12-30 18:54:37,True,False,,,53.330091,-6.268044,30,20,10,12,8,0,8,30,20,10,12,8,0,8
11315,31,dublin,PARNELL STREET,Parnell Street,False,False,OPEN,2024-12-30 18:50:10,True,False,,,53.350929,-6.265125,20,12,8,6,6,0,6,20,12,8,6,6,0,6
11316,98,dublin,FREDERICK STREET SOUTH,Frederick Street South,False,False,OPEN,2024-12-30 18:54:17,True,False,,,53.341515,-6.256853,40,20,20,14,6,0,6,40,20,20,14,6,0,6
11317,14,dublin,FOWNES STREET UPPER,Fownes Street Upper,False,False,OPEN,2024-12-30 18:50:48,True,False,,,53.344603,-6.263371,30,14,16,9,5,0,5,30,14,16,9,5,0,5
11318,1,dublin,CLARENDON ROW,Clarendon Row,False,False,OPEN,2024-12-30 18:53:59,True,False,,,53.340927,-6.262501,31,16,15,12,4,0,4,31,16,15,12,4,0,4
11319,23,dublin,CUSTOM HOUSE,Custom House,False,False,OPEN,2024-12-30 18:47:59,True,False,,,53.348279,-6.254662,30,9,21,7,2,0,2,30,9,21,7,2,0,2
11320,106,dublin,RATHDOWN ROAD,Rathdown Road,False,False,OPEN,2024-12-30 18:54:37,True,False,,,53.35893,-6.280337,40,8,32,7,1,0,1,40,8,32,7,1,0,1
11321,112,dublin,NORTH CIRCULAR ROAD (O'CONNELL'S),North Circular Road (O'Connell's),False,False,OPEN,2024-12-30 18:55:35,True,False,,,53.357841,-6.251557,30,20,10,13,7,0,7,30,20,10,13,7,0,7
11322,68,dublin,HANOVER QUAY,Hanover Quay,False,False,OPEN,2024-12-30 18:55:34,True,False,,,53.344115,-6.237153,40,28,12,17,11,0,11,40,28,12,17,11,0,11
11323,74,dublin,OLIVER BOND STREET,Oliver Bond Street,False,False,OPEN,2024-12-30 18:48:26,True,False,,,53.343893,-6.280531,30,17,13,8,9,0,9,30,17,13,8,9,0,9
11324,87,dublin,COLLINS BARRACKS MUSEUM,Collins Barracks Museum,False,False,OPEN,2024-12-30 18:46:23,True,False,,,53.347477,-6.28525,38,18,20,10,8,0,8,38,18,20,10,8,0,8
11325,84,dublin,BROOKFIELD ROAD,Brookfield Road,False,False,OPEN,2024-12-30 18:55:21,True,False,,,53.339005,-6.300217,30,10,20,4,6,0,6,30,10,20,4,6,0,6
11326,90,dublin,BENSON STREET,Benson Street,False,False,OPEN,2024-12-30 18:46:24,True,False,,,53.344153,-6.233451,40,8,32,8,0,0,0,40,8,32,8,0,0,0
11327,11,dublin,EARLSFORT TERRACE,Earlsfort Terrace,False,False,OPEN,2024-12-30 18:52:53,True,False,,,53.334295,-6.258503,30,20,10,15,5,0,5,30,20,10,15,5,0,5
11328,17,dublin,GOLDEN LANE,Golden Lane,False,False,OPEN,2024-12-30 18:50:35,True,False,,,53.340803,-6.267732,20,3,17,2,1,0,1,20,3,17,2,1,0,1
11329,45,dublin,DEVERELL PLACE,Deverell Place,False,False,OPEN,2024-12-30 18:47:25,True,False,,,53.351464,-6.255265,30,5,25,4,1,0,1,30,5,25,4,1,0,1
11330,114,dublin,WILTON TERRACE (PARK),Wilton Terrace (Park),False,False,OPEN,2024-12-30 18:47:31,True,False,,,53.333653,-6.248345,40,1,39,1,0,0,0,40,1,39,1,0,0,0
11331,72,dublin,JOHN STREET WEST,John Street West,False,False,OPEN,2024-12-30 18:46:12,True,False,,,53.343105,-6.277167,31,4,27,0,4,0,4,31,4,27,0,4,0,4
11332,63,dublin,FENIAN STREET,Fenian Street,False,False,OPEN,2024-12-30 18:53:39,True,False,,,53.341428,-6.24672,35,16,19,6,10,0,10,35,16,19,6,10,0,10
11333,113,dublin,MERRION SQUARE SOUTH,Merrion Square South,False,False,OPEN,2024-12-30 18:55:02,True,False,,,53.338614,-6.248606,40,7,22,6,1,0,1,40,7,22,6,1,0,1
11334,91,dublin,SOUTH DOCK ROAD,South Dock Road,False,False,OPEN,2024-12-30 18:55:10,True,False,,,53.341833,-6.231291,30,11,19,6,5,0,5,30,11,19,6,5,0,5
11335,99,dublin,CITY QUAY,City Quay,False,False,OPEN,2024-12-30 18:50:22,True,False,,,53.346637,-6.246154,30,17,13,6,11,0,11,30,17,13,6,11,0,11
11336,9,dublin,EXCHEQUER STREET,Exchequer Street,False,False,OPEN,2024-12-30 18:51:21,True,False,,,53.343034,-6.263578,24,17,7,12,5,0,5,24,17,7,12,5,0,5
11337,67,dublin,THE POINT,The Point,False,False,OPEN,2024-12-30 18:53:22,True,False,,,53.346867,-6.230852,40,15,25,11,4,0,4,40,15,25,11,4,0,4
11338,116,dublin,BROADSTONE,Broadstone,False,False,OPEN,2024-12-30 18:52:17,True,False,,,53.3547,-6.272314,30,17,13,8,9,0,9,30,17,13,8,9,0,9
11339,55,dublin,HATCH STREET,Hatch Street,False,False,OPEN,2024-12-30 18:46:16,True,False,,,53.33403,-6.260714,36,7,29,5,2,0,2,36,7,29,5,2,0,2
11340,62,dublin,LIME STREET,Lime Street,False,False,OPEN,2024-12-30 18:54:32,True,False,,,53.346026,-6.243576,40,16,24,7,9,0,9,40,16,24,7,9,0,9
11341,5,dublin,CHARLEMONT PLACE,Charlemont Street,False,False,OPEN,2024-12-30 18:50:58,True,False,,,53.330662,-6.260177,40,18,22,16,2,0,2,40,18,22,16,2,0,2
11342,97,dublin,KILMAINHAM GAOL,Kilmainham Gaol,False,False,OPEN,2024-12-30 18:54:45,True,False,,,53.342113,-6.310015,40,12,28,5,7,0,7,40,12,28,5,7,0,7
11343,61,dublin,HARDWICKE PLACE,Hardwicke Place,False,False,OPEN,2024-12-30 18:52:34,True,False,,,53.357043,-6.263232,25,1,24,0,1,0,1,25,1,24,0,1,0,1
11344,77,dublin,WOLFE TONE STREET,Wolfe Tone Street,False,False,OPEN,2024-12-30 18:55:14,True,False,,,53.348875,-6.267459,29,29,0,13,16,0,16,29,29,0,13,16,0,16
11345,73,dublin,FRANCIS STREET,Francis Street,False,False,OPEN,2024-12-30 18:45:41,True,False,,,53.342081,-6.275233,30,4,26,3,1,0,1,30,4,26,3,1,0,1
11346,4,dublin,GREEK STREET,Greek Street,False,False,OPEN,2024-12-30 18:55:21,True,False,,,53.346874,-6.272976,20,11,9,3,8,0,8,20,11,9,3,8,0,8
11347,49,dublin,GUILD STREET,Guild Street,False,False,OPEN,2024-12-30 18:49:07,True,False,,,53.347932,-6.240928,40,21,19,11,10,0,10,40,21,19,11,10,0,10
11348,19,dublin,HERBERT PLACE,Herbert Place,False,False,OPEN,2024-12-30 18:52:58,True,False,,,53.334432,-6.245575,30,1,29,1,0,0,0,30,1,29,1,0,0,0
11349,7,dublin,HIGH STREET,High Street,False,False,OPEN,2024-12-30 18:54:11,True,False,,,53.343565,-6.275071,29,6,23,3,3,0,3,29,6,23,3,3,0,3
11350,60,dublin,NORTH CIRCULAR ROAD,North Circular Road,False,False,OPEN,2024-12-30 18:55:21,True,False,,,53.359624,-6.260348,30,8,22,5,3,0,3,30,8,22,5,3,0,3
11351,102,dublin,WESTERN WAY,Western Way,False,False,OPEN,2024-12-30 18:54:31,True,False,,,53.354929,-6.269425,40,10,30,10,0,0,0,40,10,30,10,0,0,0
11352,38,dublin,TALBOT STREET,Talbot Street,False,False,OPEN,2024-12-30 18:52:51,True,False,,,53.350974,-6.25294,40,35,5,23,12,0,12,40,35,5,23,12,0,12
11353,53,dublin,NEWMAN HOUSE,Newman House,False,False,OPEN,2024-12-30 18:54:24,True,False,,,53.337132,-6.26059,40,13,27,12,1,0,1,40,13,27,12,1,0,1
11354,58,dublin,SIR PATRICK DUN'S,Sir Patrick's Dun,False,False,OPEN,2024-12-30 18:54:52,True,False,,,53.339218,-6.240642,40,9,31,7,2,0,2,40,9,31,7,2,0,2
11355,66,dublin,NEW CENTRAL BANK,New Central Bank,False,False,OPEN,2024-12-30 18:53:39,True,False,,,53.347122,-6.234749,40,10,30,7,3,0,3,40,10,30,7,3,0,3
11356,104,dublin,GRANGEGORMAN LOWER (CENTRAL),Grangegorman Lower (Central),False,False,OPEN,2024-12-30 18:49:28,True,False,,,53.355173,-6.278424,40,19,21,10,9,0,9,40,19,21,10,9,0,9
11357,101,dublin,KING STREET NORTH,King Street North,False,False,OPEN,2024-12-30 18:53:05,True,False,,,53.350291,-6.273507,30,2,28,1,1,0,1,30,2,28,1,1,0,1
11358,115,dublin,KILLARNEY STREET,Killarney Street,False,False,OPEN,2024-12-30 18:49:19,True,False,,,53.354845,-6.247579,30,11,19,2,9,0,9,30,11,19,2,9,0,9
11359,47,dublin,HERBERT STREET,Herbert Street,False,False,OPEN,2024-12-30 18:46:06,True,False,,,53.335742,-6.24551,40,1,39,1,0,0,0,40,1,39,1,0,0,0
11360,117,dublin,HANOVER QUAY EAST,Hanover Quay East,False,False,OPEN,2024-12-30 18:53:46,True,False,,,53.343653,-6.231755,40,3,37,2,1,0,1,40,3,37,2,1,0,1
11361,8,dublin,CUSTOM HOUSE QUAY,Custom House Quay,False,False,OPEN,2024-12-30 18:55:23,True,False,,,53.347884,-6.248048,30,5,25,3,2,0,2,30,5,25,3,2,0,2
11362,27,dublin,MOLESWORTH STREET,Molesworth Street,False,False,OPEN,2024-12-30 18:54:23,True,False,,,53.341288,-6.258117,20,12,7,0,12,0,12,20,12,7,0,12,0,12
11363,16,dublin,GEORGES QUAY,Georges Quay,False,False,OPEN,2024-12-30 18:52:22,True,False,,,53.347508,-6.252192,20,6,14,3,3,0,3,20,6,14,3,3,0,3
11364,96,dublin,KILMAINHAM LANE,Kilmainham Lane,False,False,OPEN,2024-12-30 18:46:11,True,False,,,53.341805,-6.305085,30,19,11,12,7,0,7,30,19,11,12,7,0,7
11365,82,dublin,MOUNT BROWN,Mount Brown,False,False,OPEN,2024-12-30 18:53:56,True,False,,,53.341645,-6.29719,22,7,15,3,4,0,4,22,7,15,3,4,0,4
11366,76,dublin,MARKET STREET SOUTH,Market Street South,False,False,OPEN,2024-12-30 18:55:17,True,False,,,53.342296,-6.287661,38,12,26,12,0,0,0,38,12,26,12,0,0,0
11367,71,dublin,KEVIN STREET,Kevin Street,False,False,OPEN,2024-12-30 18:46:19,True,False,,,53.337757,-6.267699,40,22,18,18,4,0,4,40,22,18,18,4,0,4
11368,79,dublin,ECCLES STREET EAST,Eccles Street East,False,False,OPEN,2024-12-30 18:48:37,True,False,,,53.358115,-6.265601,27,2,25,1,1,0,1,27,2,25,1,1,0,1
11369,69,dublin,GRAND CANAL DOCK,Grand Canal Dock,False,False,OPEN,2024-12-30 18:47:43,True,False,,,53.342638,-6.238695,40,40,0,25,15,0,15,40,40,0,25,15,0,15
11370,25,dublin,MERRION SQUARE EAST,Merrion Square East,False,False,OPEN,2024-12-30 18:48:02,True,False,,,53.339434,-6.246548,30,6,24,0,6,0,6,30,6,24,0,6,0,6
11371,51,dublin,YORK STREET WEST,York Street West,False,False,OPEN,2024-12-30 18:54:48,True,False,,,53.339334,-6.264699,40,0,0,0,0,0,0,40,0,0,0,0,0,0
11372,37,dublin,ST. STEPHEN'S GREEN SOUTH,St. Stephen's Green South,False,False,OPEN,2024-12-30 18:53:30,True,False,,,53.337494,-6.26199,30,25,5,12,13,0,13,30,25,5,12,13,0,13
11373,59,dublin,DENMARK STREET GREAT,Denmark Street Great,False,False,OPEN,2024-12-30 18:49:35,True,False,,,53.35561,-6.261397,20,0,20,0,0,0,0,20,0,20,0,0,0,0
11374,95,dublin,ROYAL HOSPITAL,Royal Hospital,False,False,OPEN,2024-12-30 18:48:21,True,False,,,53.343897,-6.29706,40,7,33,3,4,0,4,40,7,33,3,4,0,4
11375,94,dublin,HEUSTON STATION (CAR PARK),Heuston Station (Car Park),False,False,OPEN,2024-12-30 18:47:36,True,False,,,53.346985,-6.297804,40,10,30,10,0,0,0,40,10,30,10,0,0,0
11376,105,dublin,GRANGEGORMAN LOWER (NORTH),Grangegorman Lower (North),False,False,OPEN,2024-12-30 18:50:27,True,False,,,53.355954,-6.278378,36,13,23,7,6,0,6,36,13,23,7,6,0,6
11377,36,dublin,ST. STEPHEN'S GREEN EAST,St. Stephen's Green East,False,False,OPEN,2024-12-30 18:53:31,True,False,,,53.337824,-6.256035,40,20,20,17,3,0,3,40,20,20,17,3,0,3
11378,93,dublin,HEUSTON STATION (CENTRAL),Heuston Station (Central),False,False,OPEN,2024-12-30 18:46:50,True,False,,,53.346603,-6.296924,40,8,32,8,0,0,0,40,8,32,8,0,0,0
11379,22,dublin,TOWNSEND STREET,Townsend Street,False,False,OPEN,2024-12-30 18:47:29,True,False,,,53.345922,-6.254614,20,5,15,3,2,0,2,20,5,15,3,2,0,2
11380,50,dublin,GEORGES LANE,George's Lane,False,False,OPEN,2024-12-30 18:51:31,True,False,,,53.35023,-6.279696,40,7,33,4,3,0,3,40,7,33,4,3,0,3
11381,110,dublin,PHIBSBOROUGH ROAD,Phibsborough Road,False,False,OPEN,2024-12-30 18:47:47,True,False,,,53.356307,-6.273717,40,17,23,9,8,0,8,40,17,23,9,8,0,8
11382,12,dublin,ECCLES STREET,Eccles Street,False,False,OPEN,2024-12-30 18:54:27,True,False,,,53.359246,-6.269779,20,3,17,3,0,0,0,20,3,17,3,0,0,0
11383,34,dublin,PORTOBELLO HARBOUR,Portobello Harbour,False,False,OPEN,2024-12-30 18:47:58,True,False,,,53.330362,-6.265163,30,15,15,13,2,0,2,30,15,15,13,2,0,2
11384,78,dublin,MATER HOSPITAL,Mater Hospital,False,False,OPEN,2024-12-30 18:46:57,True,False,,,53.359967,-6.264828,40,10,30,8,2,0,2,40,10,30,8,2,0,2
11385,2,dublin,BLESSINGTON STREET,Blessington Street,False,False,OPEN,2024-12-30 18:53:29,True,False,,,53.356769,-6.26814,20,5,15,2,3,0,3,20,5,15,2,3,0,3
11386,75,dublin,JAMES STREET,James Street,False,False,OPEN,2024-12-30 18:47:41,True,False,,,53.343456,-6.287409,40,8,32,8,0,0,0,40,8,32,8,0,0,0
11387,111,dublin,MOUNTJOY SQUARE EAST,Mountjoy Square East,False,False,OPEN,2024-12-30 18:51:55,True,False,,,53.356717,-6.256359,40,7,33,3,4,0,4,40,7,33,3,4,0,4
11388,26,dublin,MERRION SQUARE WEST,Merrion Square West,False,False,OPEN,2024-12-30 18:54:42,True,False,,,53.339764,-6.251988,20,20,0,8,12,0,12,20,20,0,8,12,0,12
11389,65,dublin,CONVENTION CENTRE,Convention Centre,False,False,OPEN,2024-12-30 18:46:47,True,False,,,53.34744,-6.238523,40,1,39,1,0,0,0,40,1,39,1,0,0,0
11390,15,dublin,HARDWICKE STREET,Hardwicke Street,False,False,OPEN,2024-12-30 18:46:41,True,False,,,53.355473,-6.264423,16,5,11,4,1,0,1,16,5,11,4,1,0,1
11391,86,dublin,PARKGATE STREET,Parkgate Street,False,False,OPEN,2024-12-30 18:53:02,True,False,,,53.347972,-6.291804,38,13,25,3,10,0,10,38,13,25,3,10,0,10
11392,35,dublin,SMITHFIELD,Smithfield,False,False,OPEN,2024-12-30 18:47:29,True,False,,,53.347692,-6.278214,30,22,8,13,9,0,9,30,22,8,13,9,0,9
11393,10,dublin,DAME STREET,Dame Street,False,False,OPEN,2024-12-30 18:54:25,True,False,,,53.344007,-6.266802,16,15,1,9,6,0,6,16,15,1,9,6,0,6
11394,100,dublin,HEUSTON BRIDGE (SOUTH),Heuston Bridge (South),False,False,OPEN,2024-12-30 18:51:19,True,False,,,53.347106,-6.292041,25,25,0,11,14,0,14,25,25,0,11,14,0,14
11395,24,dublin,CATHAL BRUGHA STREET,Cathal Brugha Street,False,False,OPEN,2024-12-30 18:48:32,True,False,,,53.352149,-6.260533,20,13,7,8,5,0,5,20,13,7,8,5,0,5
11396,64,dublin,SANDWITH STREET,Sandwith Street,False,False,OPEN,2024-12-30 18:47:54,True,False,,,53.345203,-6.247163,40,16,24,13,3,0,3,40,16,24,13,3,0,3
11397,109,dublin,BUCKINGHAM STREET LOWER,Buckingham Street Lower,False,False,OPEN,2024-12-30 18:55:38,True,False,,,53.353331,-6.249319,29,7,22,4,3,0,3,29,7,22,4,3,0,3
11398,85,dublin,ROTHE ABBEY,Rothe Abbey,False,False,OPEN,2024-12-30 18:47:08,True,False,,,53.338776,-6.30395,35,13,22,1,12,0,12,35,13,22,1,12,0,12
11399,107,dublin,CHARLEVILLE ROAD,Charleville Road,False,False,OPEN,2024-12-30 18:50:24,True,False,,,53.359157,-6.281866,40,13,27,7,6,0,6,40,13,27,7,6,0,6
11400,33,dublin,PRINCES STREET / O'CONNELL STREET,Princes Street / O'Connell Street,False,False,OPEN,2024-12-30 18:50:28,True,False,,,53.349013,-6.260311,23,6,17,2,4,0,4,23,6,17,2,4,0,4
11401,44,dublin,UPPER SHERRARD STREET,Upper Sherrard Street,False,False,OPEN,2024-12-30 18:47:57,True,False,,,53.358437,-6.260641,30,14,16,11,3,0,3,30,14,16,11,3,0,3
11402,89,dublin,FITZWILLIAM SQUARE EAST,Fitzwilliam Square East,False,False,OPEN,2024-12-30 18:55:22,True,False,,,53.335211,-6.2509,40,18,22,10,8,0,8,40,18,22,10,8,0,8
11403,57,dublin,GRATTAN STREET,Grattan Street,False,False,OPEN,2024-12-30 18:52:23,True,False,,,53.339629,-6.243778,23,6,17,5,1,0,1,23,6,17,5,1,0,1
11404,80,dublin,ST JAMES HOSPITAL (LUAS),St James Hospital (Luas),False,False,OPEN,2024-12-30 18:49:13,True,False,,,53.341359,-6.292951,40,6,34,1,5,0,5,40,6,34,1,5,0,5
11405,41,dublin,HARCOURT TERRACE,Harcourt Terrace,False,False,OPEN,2024-12-30 18:54:00,True,False,,,53.332763,-6.257942,20,15,5,10,5,0,5,20,15,5,10,5,0,5
11406,3,dublin,BOLTON STREET,Bolton Street,False,False,OPEN,2024-12-30 18:45:41,True,False,,,53.351182,-6.269859,20,5,15,3,2,0,2,20,5,15,3,2,0,2
11407,40,dublin,JERVIS STREET,Jervis Street,False,False,OPEN,2024-12-30 18:49:41,True,False,,,53.3483,-6.266651,21,13,8,3,10,0,10,21,13,8,3,10,0,10
11408,29,dublin,ORMOND QUAY UPPER,Ormond Quay Upper,False,False,OPEN,2024-12-30 18:55:42,True,False,,,53.346057,-6.268001,29,29,0,12,17,0,17,29,29,0,12,17,0,17
11409,103,dublin,GRANGEGORMAN LOWER (SOUTH),Grangegorman Lower (South),False,False,OPEN,2024-12-30 18:54:30,True,False,,,53.354663,-6.278681,40,3,37,3,0,0,0,40,3,37,3,0,0,0
11410,28,dublin,MOUNTJOY SQUARE WEST,Mountjoy Square West,False,False,OPEN,2024-12-30 18:54:52,True,False,,,53.356299,-6.258586,30,20,10,9,11,0,11,30,20,10,9,11,0,11
11411,39,dublin,WILTON TERRACE,Wilton Terrace,False,False,OPEN,2024-12-30 18:51:42,True,False,,,53.332383,-6.252717,20,5,15,3,2,0,2,20,5,15,3,2,0,2
11412,83,dublin,EMMET ROAD,Emmet Road,False,False,OPEN,2024-12-30 18:46:14,True,False,,,53.340714,-6.308191,40,12,28,7,5,0,5,40,12,28,7,5,0,5
11413,92,dublin,HEUSTON BRIDGE (NORTH),Heuston Bridge (North),False,False,OPEN,2024-12-30 18:53:45,True,False,,,53.347802,-6.292432,40,27,13,17,10,0,10,40,27,13,17,10,0,10
11414,21,dublin,LEINSTER STREET SOUTH,Leinster Street South,False,False,OPEN,2024-12-30 18:55:35,True,False,,,53.34218,-6.254485,30,6,24,5,1,0,1,30,6,24,5,1,0,1
11415,88,dublin,BLACKHALL PLACE,Blackhall Place,False,False,OPEN,2024-12-30 18:49:05,True,False,,,53.3488,-6.281637,30,2,28,2,0,0,0,30,2,28,2,0,0,0
11416,42,dublin,SMITHFIELD NORTH,Smithfield North,False,False,OPEN,2024-12-30 19:19:26,True,False,,,53.349562,-6.278198,30,11,19,7,4,0,4,30,11,19,7,4,0,4
11417,30,dublin,PARNELL SQUARE NORTH,Parnell Square North,False,False,OPEN,2024-12-30 19:21:02,True,False,,,53.3537415547453,-6.26530144781526,20,1,19,1,0,0,0,20,1,19,1,0,0,0
11418,54,dublin,CLONMEL STREET,Clonmel Street,False,False,OPEN,2024-12-30 19:17:56,True,False,,,53.336021,-6.26298,33,17,16,9,8,0,8,33,17,16,9,8,0,8
11419,108,dublin,AVONDALE ROAD,Avondale Road,False,False,OPEN,2024-12-30 19:16:19,True,False,,,53.359405,-6.276142,35,20,15,15,5,0,5,35,20,15,15,5,0,5
11420,20,dublin,JAMES STREET EAST,James Street East,False,False,OPEN,2024-12-30 19:17:03,True,False,,,53.336597,-6.248109,30,1,29,1,0,0,0,30,1,29,1,0,0,0
11421,56,dublin,MOUNT STREET LOWER,Mount Street Lower,False,False,OPEN,2024-12-30 19:24:17,True,False,,,53.33796,-6.24153,40,20,20,13,7,0,7,40,20,20,13,7,0,7
11422,6,dublin,CHRISTCHURCH PLACE,Christchurch Place,False,False,OPEN,2024-12-30 19:24:15,True,False,,,53.343368,-6.27012,20,18,2,9,9,0,9,20,18,2,9,9,0,9
11423,18,dublin,GRANTHAM STREET,Grantham Street,False,False,OPEN,2024-12-30 19:25:08,True,False,,,53.334123,-6.265436,30,7,23,4,3,0,3,30,7,23,4,3,0,3
11424,32,dublin,PEARSE STREET,Pearse Street,False,False,OPEN,2024-12-30 19:23:54,True,False,,,53.344304,-6.250427,30,14,16,8,6,0,6,30,14,16,8,6,0,6
11425,52,dublin,YORK STREET EAST,York Street East,False,False,OPEN,2024-12-30 19:23:56,True,False,,,53.338755,-6.262003,32,16,16,9,7,0,7,32,16,16,9,7,0,7
11426,48,dublin,EXCISE WALK,Excise Walk,False,False,OPEN,2024-12-30 19:25:37,True,False,,,53.347777,-6.244239,40,5,35,5,0,0,0,40,5,35,5,0,0,0
11427,13,dublin,FITZWILLIAM SQUARE WEST,Fitzwilliam Square West,False,False,OPEN,2024-12-30 19:18:05,True,False,,,53.336074,-6.252825,30,25,5,11,14,0,14,30,25,5,11,14,0,14
11428,43,dublin,PORTOBELLO ROAD,Portobello Road,False,False,OPEN,2024-12-30 19:24:54,True,False,,,53.330091,-6.268044,30,19,11,11,8,0,8,30,19,11,11,8,0,8
11429,31,dublin,PARNELL STREET,Parnell Street,False,False,OPEN,2024-12-30 19:18:14,True,False,,,53.350929,-6.265125,20,10,10,4,6,0,6,20,10,10,4,6,0,6
11430,98,dublin,FREDERICK STREET SOUTH,Frederick Street South,False,False,OPEN,2024-12-30 19:24:33,True,False,,,53.341515,-6.256853,40,18,22,12,6,0,6,40,18,22,12,6,0,6
11431,14,dublin,FOWNES STREET UPPER,Fownes Street Upper,False,False,OPEN,2024-12-30 19:23:17,True,False,,,53.344603,-6.263371,30,17,13,11,6,0,6,30,17,13,11,6,0,6
11432,1,dublin,CLARENDON ROW,Clarendon Row,False,False,OPEN,2024-12-30 19:24:18,True,False,,,53.340927,-6.262501,31,13,18,9,4,0,4,31,13,18,9,4,0,4
11433,23,dublin,CUSTOM HOUSE,Custom House,False,False,OPEN,2024-12-30 19:20:27,True,False,,,53.348279,-6.254662,30,8,22,6,2,0,2,30,8,22,6,2,0,2
11434,106,dublin,RATHDOWN ROAD,Rathdown Road,False,False,OPEN,2024-12-30 19:24:55,True,False,,,53.35893,-6.280337,40,7,33,6,1,0,1,40,7,33,6,1,0,1
11435,112,dublin,NORTH CIRCULAR ROAD (O'CONNELL'S),North Circular Road (O'Connell's),False,False,OPEN,2024-12-30 19:25:31,True,False,,,53.357841,-6.251557,30,21,9,13,8,0,8,30,21,9,13,8,0,8
11436,68,dublin,HANOVER QUAY,Hanover Quay,False,False,OPEN,2024-12-30 19:25:05,True,False,,,53.344115,-6.237153,40,26,14,16,10,0,10,40,26,14,16,10,0,10
11437,74,dublin,OLIVER BOND STREET,Oliver Bond Street,False,False,OPEN,2024-12-30 19:18:46,True,False,,,53.343893,-6.280531,30,16,14,8,8,0,8,30,16,14,8,8,0,8
11438,87,dublin,COLLINS BARRACKS MUSEUM,Collins Barracks Museum,False,False,OPEN,2024-12-30 19:16:42,True,False,,,53.347477,-6.28525,38,17,21,9,8,0,8,38,17,21,9,8,0,8
11439,84,dublin,BROOKFIELD ROAD,Brookfield Road,False,False,OPEN,2024-12-30 19:25:35,True,False,,,53.339005,-6.300217,30,11,19,4,7,0,7,30,11,19,4,7,0,7
11440,90,dublin,BENSON STREET,Benson Street,False,False,OPEN,2024-12-30 19:17:12,True,False,,,53.344153,-6.233451,40,9,31,9,0,0,0,40,9,31,9,0,0,0
11441,11,dublin,EARLSFORT TERRACE,Earlsfort Terrace,False,False,OPEN,2024-12-30 19:23:07,True,False,,,53.334295,-6.258503,30,20,10,15,5,0,5,30,20,10,15,5,0,5
11442,17,dublin,GOLDEN LANE,Golden Lane,False,False,OPEN,2024-12-30 19:20:51,True,False,,,53.340803,-6.267732,20,2,18,1,1,0,1,20,2,18,1,1,0,1
11443,45,dublin,DEVERELL PLACE,Deverell Place,False,False,OPEN,2024-12-30 19:17:40,True,False,,,53.351464,-6.255265,30,6,24,5,1,0,1,30,6,24,5,1,0,1
11444,114,dublin,WILTON TERRACE (PARK),Wilton Terrace (Park),False,False,OPEN,2024-12-30 19:18:34,True,False,,,53.333653,-6.248345,40,0,40,0,0,0,0,40,0,40,0,0,0,0
11445,72,dublin,JOHN STREET WEST,John Street West,False,False,OPEN,2024-12-30 19:16:29,True,False,,,53.343105,-6.277167,31,4,27,1,3,0,3,31,4,27,1,3,0,3
11446,63,dublin,FENIAN STREET,Fenian Street,False,False,OPEN,2024-12-30 19:19:52,True,False,,,53.341428,-6.24672,35,16,19,6,10,0,10,35,16,19,6,10,0,10
11447,113,dublin,MERRION SQUARE SOUTH,Merrion Square South,False,False,OPEN,2024-12-30 19:25:17,True,False,,,53.338614,-6.248606,40,7,22,6,1,0,1,40,7,22,6,1,0,1
11448,91,dublin,SOUTH DOCK ROAD,South Dock Road,False,False,OPEN,2024-12-30 19:25:28,True,False,,,53.341833,-6.231291,30,12,18,7,5,0,5,30,12,18,7,5,0,5
11449,99,dublin,CITY QUAY,City Quay,False,False,OPEN,2024-12-30 19:18:46,True,False,,,53.346637,-6.246154,30,17,13,6,11,0,11,30,17,13,6,11,0,11
11450,9,dublin,EXCHEQUER STREET,Exchequer Street,False,False,OPEN,2024-12-30 19:24:07,True,False,,,53.343034,-6.263578,24,15,9,10,5,0,5,24,15,9,10,5,0,5
11451,67,dublin,THE POINT,The Point,False,False,OPEN,2024-12-30 19:23:38,True,False,,,53.346867,-6.230852,40,14,26,10,4,0,4,40,14,26,10,4,0,4
11452,116,dublin,BROADSTONE,Broadstone,False,False,OPEN,2024-12-30 19:22:31,True,False,,,53.3547,-6.272314,30,17,13,8,9,0,9,30,17,13,8,9,0,9
11453,55,dublin,HATCH STREET,Hatch Street,False,False,OPEN,2024-12-30 19:16:29,True,False,,,53.33403,-6.260714,36,7,29,5,2,0,2,36,7,29,5,2,0,2
11454,62,dublin,LIME STREET,Lime Street,False,False,OPEN,2024-12-30 19:24:49,True,False,,,53.346026,-6.243576,40,17,23,7,10,0,10,40,17,23,7,10,0,10
11455,5,dublin,CHARLEMONT PLACE,Charlemont Street,False,False,OPEN,2024-12-30 19:21:13,True,False,,,53.330662,-6.260177,40,19,21,17,2,0,2,40,19,21,17,2,0,2
11456,97,dublin,KILMAINHAM GAOL,Kilmainham Gaol,False,False,OPEN,2024-12-30 19:25:00,True,False,,,53.342113,-6.310015,40,13,27,5,8,0,8,40,13,27,5,8,0,8
11457,61,dublin,HARDWICKE PLACE,Hardwicke Place,False,False,OPEN,2024-12-30 19:22:50,True,False,,,53.357043,-6.263232,25,1,24,0,1,0,1,25,1,24,0,1,0,1
11458,77,dublin,WOLFE TONE STREET,Wolfe Tone Street,False,False,OPEN,2024-12-30 19:25:15,True,False,,,53.348875,-6.267459,29,27,2,12,15,0,15,29,27,2,12,15,0,15
11459,73,dublin,FRANCIS STREET,Francis Street,False,False,OPEN,2024-12-30 19:15:58,True,False,,,53.342081,-6.275233,30,4,26,4,0,0,0,30,4,26,4,0,0,0
11460,4,dublin,GREEK STREET,Greek Street,False,False,OPEN,2024-12-30 19:25:37,True,False,,,53.346874,-6.272976,20,12,8,3,9,0,9,20,12,8,3,9,0,9
11461,49,dublin,GUILD STREET,Guild Street,False,False,OPEN,2024-12-30 19:20:06,True,False,,,53.347932,-6.240928,40,19,21,11,8,0,8,40,19,21,11,8,0,8
11462,19,dublin,HERBERT PLACE,Herbert Place,False,False,OPEN,2024-12-30 19:20:40,True,False,,,53.334432,-6.245575,30,2,28,2,0,0,0,30,2,28,2,0,0,0
11463,7,dublin,HIGH STREET,High Street,False,False,OPEN,2024-12-30 19:24:25,True,False,,,53.343565,-6.275071,29,6,23,3,3,0,3,29,6,23,3,3,0,3
11464,60,dublin,NORTH CIRCULAR ROAD,North Circular Road,False,False,OPEN,2024-12-30 19:19:52,True,False,,,53.359624,-6.260348,30,8,22,5,3,0,3,30,8,22,5,3,0,3
11465,102,dublin,WESTERN WAY,Western Way,False,False,OPEN,2024-12-30 19:24:46,True,False,,,53.354929,-6.269425,40,10,30,10,0,0,0,40,10,30,10,0,0,0
11466,38,dublin,TALBOT STREET,Talbot Street,False,False,OPEN,2024-12-30 19:17:51,True,False,,,53.350974,-6.25294,40,35,5,23,12,0,12,40,35,5,23,12,0,12
11467,53,dublin,NEWMAN HOUSE,Newman House,False,False,OPEN,2024-12-30 19:24:58,True,False,,,53.337132,-6.26059,40,14,26,12,2,0,2,40,14,26,12,2,0,2
11468,58,dublin,SIR PATRICK DUN'S,Sir Patrick's Dun,False,False,OPEN,2024-12-30 19:16:44,True,False,,,53.339218,-6.240642,40,6,34,5,1,0,1,40,6,34,5,1,0,1
11469,66,dublin,NEW CENTRAL BANK,New Central Bank,False,False,OPEN,2024-12-30 19:23:53,True,False,,,53.347122,-6.234749,40,10,30,7,3,0,3,40,10,30,7,3,0,3
11470,104,dublin,GRANGEGORMAN LOWER (CENTRAL),Grangegorman Lower (Central),False,False,OPEN,2024-12-30 19:19:43,True,False,,,53.355173,-6.278424,40,19,21,10,9,0,9,40,19,21,10,9,0,9
11471,101,dublin,KING STREET NORTH,King Street North,False,False,OPEN,2024-12-30 19:23:21,True,False,,,53.350291,-6.273507,30,2,28,1,1,0,1,30,2,28,1,1,0,1
11472,115,dublin,KILLARNEY STREET,Killarney Street,False,False,OPEN,2024-12-30 19:18:09,True,False,,,53.354845,-6.247579,30,16,14,6,10,0,10,30,16,14,6,10,0,10
11473,47,dublin,HERBERT STREET,Herbert Street,False,False,OPEN,2024-12-30 19:16:22,True,False,,,53.335742,-6.24551,40,1,39,1,0,0,0,40,1,39,1,0,0,0
11474,117,dublin,HANOVER QUAY EAST,Hanover Quay East,False,False,OPEN,2024-12-30 19:24:00,True,False,,,53.343653,-6.231755,40,3,37,2,1,0,1,40,3,37,2,1,0,1
11475,8,dublin,CUSTOM HOUSE QUAY,Custom House Quay,False,False,OPEN,2024-12-30 19:25:36,True,False,,,53.347884,-6.248048,30,6,24,5,1,0,1,30,6,24,5,1,0,1
11476,27,dublin,MOLESWORTH STREET,Molesworth Street,False,False,OPEN,2024-12-30 19:25:09,True,False,,,53.341288,-6.258117,20,13,6,1,12,0,12,20,13,6,1,12,0,12
11477,16,dublin,GEORGES QUAY,Georges Quay,False,False,OPEN,2024-12-30 19:22:38,True,False,,,53.347508,-6.252192,20,5,15,3,2,0,2,20,5,15,3,2,0,2
11478,96,dublin,KILMAINHAM LANE,Kilmainham Lane,False,False,OPEN,2024-12-30 19:24:57,True,False,,,53.341805,-6.305085,30,19,11,12,7,0,7,30,19,11,12,7,0,7
11479,82,dublin,MOUNT BROWN,Mount Brown,False,False,OPEN,2024-12-30 19:24:13,True,False,,,53.341645,-6.29719,22,7,15,2,5,0,5,22,7,15,2,5,0,5
11480,76,dublin,MARKET STREET SOUTH,Market Street South,False,False,OPEN,2024-12-30 19:25:43,True,False,,,53.342296,-6.287661,38,8,30,6,2,0,2,38,8,30,6,2,0,2
11481,71,dublin,KEVIN STREET,Kevin Street,False,False,OPEN,2024-12-30 19:25:03,True,False,,,53.337757,-6.267699,40,23,17,19,4,0,4,40,23,17,19,4,0,4
11482,79,dublin,ECCLES STREET EAST,Eccles Street East,False,False,OPEN,2024-12-30 19:18:51,True,False,,,53.358115,-6.265601,27,2,25,1,1,0,1,27,2,25,1,1,0,1
11483,69,dublin,GRAND CANAL DOCK,Grand Canal Dock,False,False,OPEN,2024-12-30 19:18:45,True,False,,,53.342638,-6.238695,40,39,1,24,15,0,15,40,39,1,24,15,0,15
11484,25,dublin,MERRION SQUARE EAST,Merrion Square East,False,False,OPEN,2024-12-30 19:18:18,True,False,,,53.339434,-6.246548,30,6,24,0,6,0,6,30,6,24,0,6,0,6
11485,51,dublin,YORK STREET WEST,York Street West,False,False,OPEN,2024-12-30 19:25:05,True,False,,,53.339334,-6.264699,40,0,0,0,0,0,0,40,0,0,0,0,0,0
11486,37,dublin,ST. STEPHEN'S GREEN SOUTH,St. Stephen's Green South,False,False,OPEN,2024-12-30 19:23:44,True,False,,,53.337494,-6.26199,30,25,5,12,13,0,13,30,25,5,12,13,0,13
11487,59,dublin,DENMARK STREET GREAT,Denmark Street Great,False,False,OPEN,2024-12-30 19:19:49,True,False,,,53.35561,-6.261397,20,0,20,0,0,0,0,20,0,20,0,0,0,0
11488,95,dublin,ROYAL HOSPITAL,Royal Hospital,False,False,OPEN,2024-12-30 19:20:40,True,False,,,53.343897,-6.29706,40,7,33,3,4,0,4,40,7,33,3,4,0,4
11489,94,dublin,HEUSTON STATION (CAR PARK),Heuston Station (Car Park),False,False,OPEN,2024-12-30 19:17:52,True,False,,,53.346985,-6.297804,40,10,30,10,0,0,0,40,10,30,10,0,0,0
11490,105,dublin,GRANGEGORMAN LOWER (NORTH),Grangegorman Lower (North),False,False,OPEN,2024-12-30 19:23:27,True,False,,,53.355954,-6.278378,36,13,23,7,6,0,6,36,13,23,7,6,0,6
11491,36,dublin,ST. STEPHEN'S GREEN EAST,St. Stephen's Green East,False,False,OPEN,2024-12-30 19:23:46,True,False,,,53.337824,-6.256035,40,21,19,18,3,0,3,40,21,19,18,3,0,3
11492,93,dublin,HEUSTON STATION (CENTRAL),Heuston Station (Central),False,False,OPEN,2024-12-30 19:17:06,True,False,,,53.346603,-6.296924,40,8,32,8,0,0,0,40,8,32,8,0,0,0
11493,22,dublin,TOWNSEND STREET,Townsend Street,False,False,OPEN,2024-12-30 19:17:39,True,False,,,53.345922,-6.254614,20,8,12,5,3,0,3,20,8,12,5,3,0,3
11494,50,dublin,GEORGES LANE,George's Lane,False,False,OPEN,2024-12-30 19:16:44,True,False,,,53.35023,-6.279696,40,8,32,5,3,0,3,40,8,32,5,3,0,3
11495,110,dublin,PHIBSBOROUGH ROAD,Phibsborough Road,False,False,OPEN,2024-12-30 19:16:16,True,False,,,53.356307,-6.273717,40,19,21,10,9,0,9,40,19,21,10,9,0,9
11496,12,dublin,ECCLES STREET,Eccles Street,False,False,OPEN,2024-12-30 19:24:47,True,False,,,53.359246,-6.269779,20,2,18,1,1,0,1,20,2,18,1,1,0,1
11497,34,dublin,PORTOBELLO HARBOUR,Portobello Harbour,False,False,OPEN,2024-12-30 19:18:21,True,False,,,53.330362,-6.265163,30,13,17,11,2,0,2,30,13,17,11,2,0,2
11498,78,dublin,MATER HOSPITAL,Mater Hospital,False,False,OPEN,2024-12-30 19:17:11,True,False,,,53.359967,-6.264828,40,10,30,8,2,0,2,40,10,30,8,2,0,2
11499,2,dublin,BLESSINGTON STREET,Blessington Street,False,False,OPEN,2024-12-30 19:23:43,True,False,,,53.356769,-6.26814,20,5,15,2,3,0,3,20,5,15,2,3,0,3
11500,75,dublin,JAMES STREET,James Street,False,False,OPEN,2024-12-30 19:24:48,True,False,,,53.343456,-6.287409,40,8,32,7,1,0,1,40,8,32,7,1,0,1
11501,111,dublin,MOUNTJOY SQUARE EAST,Mountjoy Square East,False,False,OPEN,2024-12-30 19:23:44,True,False,,,53.356717,-6.256359,40,6,34,2,4,0,4,40,6,34,2,4,0,4
11502,26,dublin,MERRION SQUARE WEST,Merrion Square West,False,False,OPEN,2024-12-30 19:25:00,True,False,,,53.339764,-6.251988,20,19,1,8,11,0,11,20,19,1,8,11,0,11
11503,65,dublin,CONVENTION CENTRE,Convention Centre,False,False,OPEN,2024-12-30 19:24:05,True,False,,,53.34744,-6.238523,40,1,39,0,1,0,1,40,1,39,0,1,0,1
11504,15,dublin,HARDWICKE STREET,Hardwicke Street,False,False,OPEN,2024-12-30 19:16:53,True,False,,,53.355473,-6.264423,16,5,11,4,1,0,1,16,5,11,4,1,0,1
11505,86,dublin,PARKGATE STREET,Parkgate Street,False,False,OPEN,2024-12-30 19:23:19,True,False,,,53.347972,-6.291804,38,12,26,2,10,0,10,38,12,26,2,10,0,10
11506,35,dublin,SMITHFIELD,Smithfield,False,False,OPEN,2024-12-30 19:17:45,True,False,,,53.347692,-6.278214,30,20,10,11,9,0,9,30,20,10,11,9,0,9
11507,10,dublin,DAME STREET,Dame Street,False,False,OPEN,2024-12-30 19:25:44,True,False,,,53.344007,-6.266802,16,16,0,10,6,0,6,16,16,0,10,6,0,6
11508,100,dublin,HEUSTON BRIDGE (SOUTH),Heuston Bridge (South),False,False,OPEN,2024-12-30 19:24:50,True,False,,,53.347106,-6.292041,25,25,0,12,13,0,13,25,25,0,12,13,0,13
11509,24,dublin,CATHAL BRUGHA STREET,Cathal Brugha Street,False,False,OPEN,2024-12-30 19:19:25,True,False,,,53.352149,-6.260533,20,12,8,7,5,0,5,20,12,8,7,5,0,5
11510,64,dublin,SANDWITH STREET,Sandwith Street,False,False,OPEN,2024-12-30 19:18:12,True,False,,,53.345203,-6.247163,40,17,23,14,3,0,3,40,17,23,14,3,0,3
11511,109,dublin,BUCKINGHAM STREET LOWER,Buckingham Street Lower,False,False,OPEN,2024-12-30 19:15:49,True,False,,,53.353331,-6.249319,29,7,22,4,3,0,3,29,7,22,4,3,0,3
11512,85,dublin,ROTHE ABBEY,Rothe Abbey,False,False,OPEN,2024-12-30 19:17:26,True,False,,,53.338776,-6.30395,35,15,20,3,12,0,12,35,15,20,3,12,0,12
11513,107,dublin,CHARLEVILLE ROAD,Charleville Road,False,False,OPEN,2024-12-30 19:18:18,True,False,,,53.359157,-6.281866,40,14,26,8,6,0,6,40,14,26,8,6,0,6
11514,33,dublin,PRINCES STREET / O'CONNELL STREET,Princes Street / O'Connell Street,False,False,OPEN,2024-12-30 19:25:43,True,False,,,53.349013,-6.260311,23,13,10,9,4,0,4,23,13,10,9,4,0,4
11515,44,dublin,UPPER SHERRARD STREET,Upper Sherrard Street,False,False,OPEN,2024-12-30 19:18:15,True,False,,,53.358437,-6.260641,30,13,17,10,3,0,3,30,13,17,10,3,0,3
11516,89,dublin,FITZWILLIAM SQUARE EAST,Fitzwilliam Square East,False,False,OPEN,2024-12-30 19:25:34,True,False,,,53.335211,-6.2509,40,18,22,10,8,0,8,40,18,22,10,8,0,8
11517,57,dublin,GRATTAN STREET,Grattan Street,False,False,OPEN,2024-12-30 19:22:37,True,False,,,53.339629,-6.243778,23,5,18,4,1,0,1,23,5,18,4,1,0,1
11518,80,dublin,ST JAMES HOSPITAL (LUAS),St James Hospital (Luas),False,False,OPEN,2024-12-30 19:19:29,True,False,,,53.341359,-6.292951,40,7,33,2,5,0,5,40,7,33,2,5,0,5
11519,41,dublin,HARCOURT TERRACE,Harcourt Terrace,False,False,OPEN,2024-12-30 19:24:16,True,False,,,53.332763,-6.257942,20,15,5,10,5,0,5,20,15,5,10,5,0,5
11520,3,dublin,BOLTON STREET,Bolton Street,False,False,OPEN,2024-12-30 19:15:55,True,False,,,53.351182,-6.269859,20,5,15,3,2,0,2,20,5,15,3,2,0,2
11521,40,dublin,JERVIS STREET,Jervis Street,False,False,OPEN,2024-12-30 19:18:08,True,False,,,53.3483,-6.266651,21,13,8,3,10,0,10,21,13,8,3,10,0,10
11522,29,dublin,ORMOND QUAY UPPER,Ormond Quay Upper,False,False,OPEN,2024-12-30 19:20:48,True,False,,,53.346057,-6.268001,29,29,0,12,17,0,17,29,29,0,12,17,0,17
11523,103,dublin,GRANGEGORMAN LOWER (SOUTH),Grangegorman Lower (South),False,False,OPEN,2024-12-30 19:24:46,True,False,,,53.354663,-6.278681,40,3,37,3,0,0,0,40,3,37,3,0,0,0
11524,28,dublin,MOUNTJOY SQUARE WEST,Mountjoy Square West,False,False,OPEN,2024-12-30 19:25:09,True,False,,,53.356299,-6.258586,30,19,11,9,10,0,10,30,19,11,9,10,0,10
11525,39,dublin,WILTON TERRACE,Wilton Terrace,False,False,OPEN,2024-12-30 19:18:07,True,False,,,53.332383,-6.252717,20,8,12,5,3,0,3,20,8,12,5,3,0,3
11526,83,dublin,EMMET ROAD,Emmet Road,False,False,OPEN,2024-12-30 19:16:30,True,False,,,53.340714,-6.308191,40,12,28,7,5,0,5,40,12,28,7,5,0,5
11527,92,dublin,HEUSTON BRIDGE (NORTH),Heuston Bridge (North),False,False,OPEN,2024-12-30 19:24:03,True,False,,,53.347802,-6.292432,40,26,14,16,10,0,10,40,26,14,16,10,0,10
11528,21,dublin,LEINSTER STREET SOUTH,Leinster Street South,False,False,OPEN,2024-12-30 19:15:46,True,False,,,53.34218,-6.254485,30,6,24,5,1,0,1,30,6,24,5,1,0,1
11529,88,dublin,BLACKHALL PLACE,Blackhall Place,False,False,OPEN,2024-12-30 19:17:00,True,False,,,53.3488,-6.281637,30,2,28,2,0,0,0,30,2,28,2,0,0,0
11530,42,dublin,SMITHFIELD NORTH,Smithfield North,False,False,OPEN,2024-12-30 19:49:44,True,False,,,53.349562,-6.278198,30,12,18,8,4,0,4,30,12,18,8,4,0,4
11531,30,dublin,PARNELL SQUARE NORTH,Parnell Square North,False,False,OPEN,2024-12-30 19:51:15,True,False,,,53.3537415547453,-6.26530144781526,20,1,19,1,0,0,0,20,1,19,1,0,0,0
11532,54,dublin,CLONMEL STREET,Clonmel Street,False,False,OPEN,2024-12-30 19:48:09,True,False,,,53.336021,-6.26298,33,17,16,9,8,0,8,33,17,16,9,8,0,8
11533,108,dublin,AVONDALE ROAD,Avondale Road,False,False,OPEN,2024-12-30 19:46:01,True,False,,,53.359405,-6.276142,35,19,16,14,5,0,5,35,19,16,14,5,0,5
11534,20,dublin,JAMES STREET EAST,James Street East,False,False,OPEN,2024-12-30 19:47:16,True,False,,,53.336597,-6.248109,30,1,29,1,0,0,0,30,1,29,1,0,0,0
11535,56,dublin,MOUNT STREET LOWER,Mount Street Lower,False,False,OPEN,2024-12-30 19:54:32,True,False,,,53.33796,-6.24153,40,21,19,14,7,0,7,40,21,19,14,7,0,7
11536,6,dublin,CHRISTCHURCH PLACE,Christchurch Place,False,False,OPEN,2024-12-30 19:55:00,True,False,,,53.343368,-6.27012,20,16,4,7,9,0,9,20,16,4,7,9,0,9
11537,18,dublin,GRANTHAM STREET,Grantham Street,False,False,OPEN,2024-12-30 19:55:24,True,False,,,53.334123,-6.265436,30,4,26,2,2,0,2,30,4,26,2,2,0,2
11538,32,dublin,PEARSE STREET,Pearse Street,False,False,OPEN,2024-12-30 19:54:06,True,False,,,53.344304,-6.250427,30,15,15,9,6,0,6,30,15,15,9,6,0,6
11539,52,dublin,YORK STREET EAST,York Street East,False,False,OPEN,2024-12-30 19:54:10,True,False,,,53.338755,-6.262003,32,16,16,9,7,0,7,32,16,16,9,7,0,7
11540,48,dublin,EXCISE WALK,Excise Walk,False,False,OPEN,2024-12-30 19:45:47,True,False,,,53.347777,-6.244239,40,6,34,6,0,0,0,40,6,34,6,0,0,0
11541,13,dublin,FITZWILLIAM SQUARE WEST,Fitzwilliam Square West,False,False,OPEN,2024-12-30 19:48:19,True,False,,,53.336074,-6.252825,30,25,5,11,14,0,14,30,25,5,11,14,0,14
11542,43,dublin,PORTOBELLO ROAD,Portobello Road,False,False,OPEN,2024-12-30 19:55:10,True,False,,,53.330091,-6.268044,30,20,10,12,8,0,8,30,20,10,12,8,0,8
11543,31,dublin,PARNELL STREET,Parnell Street,False,False,OPEN,2024-12-30 19:54:10,True,False,,,53.350929,-6.265125,20,10,10,4,6,0,6,20,10,10,4,6,0,6
11544,98,dublin,FREDERICK STREET SOUTH,Frederick Street South,False,False,OPEN,2024-12-30 19:54:43,True,False,,,53.341515,-6.256853,40,18,22,12,6,0,6,40,18,22,12,6,0,6
11545,14,dublin,FOWNES STREET UPPER,Fownes Street Upper,False,False,OPEN,2024-12-30 19:53:00,True,False,,,53.344603,-6.263371,30,14,16,8,6,0,6,30,14,16,8,6,0,6
11546,1,dublin,CLARENDON ROW,Clarendon Row,False,False,OPEN,2024-12-30 19:54:33,True,False,,,53.340927,-6.262501,31,11,20,9,2,0,2,31,11,20,9,2,0,2
11547,23,dublin,CUSTOM HOUSE,Custom House,False,False,OPEN,2024-12-30 19:48:39,True,False,,,53.348279,-6.254662,30,8,22,6,2,0,2,30,8,22,6,2,0,2
11548,106,dublin,RATHDOWN ROAD,Rathdown Road,False,False,OPEN,2024-12-30 19:55:12,True,False,,,53.35893,-6.280337,40,8,32,7,1,0,1,40,8,32,7,1,0,1
11549,112,dublin,NORTH CIRCULAR ROAD (O'CONNELL'S),North Circular Road (O'Connell's),False,False,OPEN,2024-12-30 19:49:08,True,False,,,53.357841,-6.251557,30,22,8,14,8,0,8,30,22,8,14,8,0,8
11550,68,dublin,HANOVER QUAY,Hanover Quay,False,False,OPEN,2024-12-30 19:55:18,True,False,,,53.344115,-6.237153,40,26,14,16,10,0,10,40,26,14,16,10,0,10
11551,74,dublin,OLIVER BOND STREET,Oliver Bond Street,False,False,OPEN,2024-12-30 19:49:02,True,False,,,53.343893,-6.280531,30,16,14,8,8,0,8,30,16,14,8,8,0,8
11552,87,dublin,COLLINS BARRACKS MUSEUM,Collins Barracks Museum,False,False,OPEN,2024-12-30 19:48:37,True,False,,,53.347477,-6.28525,38,16,22,8,8,0,8,38,16,22,8,8,0,8
11553,84,dublin,BROOKFIELD ROAD,Brookfield Road,False,False,OPEN,2024-12-30 19:45:44,True,False,,,53.339005,-6.300217,30,11,19,4,7,0,7,30,11,19,4,7,0,7
11554,90,dublin,BENSON STREET,Benson Street,False,False,OPEN,2024-12-30 19:46:52,True,False,,,53.344153,-6.233451,40,11,29,9,2,0,2,40,11,29,9,2,0,2
11555,11,dublin,EARLSFORT TERRACE,Earlsfort Terrace,False,False,OPEN,2024-12-30 19:53:19,True,False,,,53.334295,-6.258503,30,20,10,15,5,0,5,30,20,10,15,5,0,5
11556,17,dublin,GOLDEN LANE,Golden Lane,False,False,OPEN,2024-12-30 19:51:04,True,False,,,53.340803,-6.267732,20,2,18,1,1,0,1,20,2,18,1,1,0,1
11557,45,dublin,DEVERELL PLACE,Deverell Place,False,False,OPEN,2024-12-30 19:47:54,True,False,,,53.351464,-6.255265,30,5,25,4,1,0,1,30,5,25,4,1,0,1
11558,114,dublin,WILTON TERRACE (PARK),Wilton Terrace (Park),False,False,OPEN,2024-12-30 19:48:04,True,False,,,53.333653,-6.248345,40,0,40,0,0,0,0,40,0,40,0,0,0,0
11559,72,dublin,JOHN STREET WEST,John Street West,False,False,OPEN,2024-12-30 19:46:41,True,False,,,53.343105,-6.277167,31,4,27,1,3,0,3,31,4,27,1,3,0,3
11560,63,dublin,FENIAN STREET,Fenian Street,False,False,OPEN,2024-12-30 19:46:40,True,False,,,53.341428,-6.24672,35,14,21,5,9,0,9,35,14,21,5,9,0,9
11561,113,dublin,MERRION SQUARE SOUTH,Merrion Square South,False,False,OPEN,2024-12-30 19:55:30,True,False,,,53.338614,-6.248606,40,7,22,6,1,0,1,40,7,22,6,1,0,1
11562,91,dublin,SOUTH DOCK ROAD,South Dock Road,False,False,OPEN,2024-12-30 19:55:41,True,False,,,53.341833,-6.231291,30,15,15,8,7,0,7,30,15,15,8,7,0,7
11563,99,dublin,CITY QUAY,City Quay,False,False,OPEN,2024-12-30 19:49:03,True,False,,,53.346637,-6.246154,30,17,13,6,11,0,11,30,17,13,6,11,0,11
11564,9,dublin,EXCHEQUER STREET,Exchequer Street,False,False,OPEN,2024-12-30 19:47:00,True,False,,,53.343034,-6.263578,24,15,9,10,5,0,5,24,15,9,10,5,0,5
11565,67,dublin,THE POINT,The Point,False,False,OPEN,2024-12-30 19:53:49,True,False,,,53.346867,-6.230852,40,15,25,10,5,0,5,40,15,25,10,5,0,5
11566,116,dublin,BROADSTONE,Broadstone,False,False,OPEN,2024-12-30 19:52:45,True,False,,,53.3547,-6.272314,30,17,13,8,9,0,9,30,17,13,8,9,0,9
11567,55,dublin,HATCH STREET,Hatch Street,False,False,OPEN,2024-12-30 19:46:40,True,False,,,53.33403,-6.260714,36,7,29,5,2,0,2,36,7,29,5,2,0,2
11568,62,dublin,LIME STREET,Lime Street,False,False,OPEN,2024-12-30 19:55:06,True,False,,,53.346026,-6.243576,40,16,24,6,10,0,10,40,16,24,6,10,0,10
11569,5,dublin,CHARLEMONT PLACE,Charlemont Street,False,False,OPEN,2024-12-30 19:51:28,True,False,,,53.330662,-6.260177,40,19,21,17,2,0,2,40,19,21,17,2,0,2
11570,97,dublin,KILMAINHAM GAOL,Kilmainham Gaol,False,False,OPEN,2024-12-30 19:55:13,True,False,,,53.342113,-6.310015,40,13,27,5,8,0,8,40,13,27,5,8,0,8
11571,61,dublin,HARDWICKE PLACE,Hardwicke Place,False,False,OPEN,2024-12-30 19:53:03,True,False,,,53.357043,-6.263232,25,1,24,0,1,0,1,25,1,24,0,1,0,1
11572,77,dublin,WOLFE TONE STREET,Wolfe Tone Street,False,False,OPEN,2024-12-30 19:55:30,True,False,,,53.348875,-6.267459,29,27,2,12,15,0,15,29,27,2,12,15,0,15
11573,73,dublin,FRANCIS STREET,Francis Street,False,False,OPEN,2024-12-30 19:46:12,True,False,,,53.342081,-6.275233,30,4,26,4,0,0,0,30,4,26,4,0,0,0
11574,4,dublin,GREEK STREET,Greek Street,False,False,OPEN,2024-12-30 19:45:46,True,False,,,53.346874,-6.272976,20,12,8,3,9,0,9,20,12,8,3,9,0,9
11575,49,dublin,GUILD STREET,Guild Street,False,False,OPEN,2024-12-30 19:50:10,True,False,,,53.347932,-6.240928,40,18,22,10,8,0,8,40,18,22,10,8,0,8
11576,19,dublin,HERBERT PLACE,Herbert Place,False,False,OPEN,2024-12-30 19:50:45,True,False,,,53.334432,-6.245575,30,5,25,4,1,0,1,30,5,25,4,1,0,1
11577,7,dublin,HIGH STREET,High Street,False,False,OPEN,2024-12-30 19:54:39,True,False,,,53.343565,-6.275071,29,5,24,2,3,0,3,29,5,24,2,3,0,3
11578,60,dublin,NORTH CIRCULAR ROAD,North Circular Road,False,False,OPEN,2024-12-30 19:50:05,True,False,,,53.359624,-6.260348,30,10,20,7,3,0,3,30,10,20,7,3,0,3
11579,102,dublin,WESTERN WAY,Western Way,False,False,OPEN,2024-12-30 19:54:59,True,False,,,53.354929,-6.269425,40,10,30,10,0,0,0,40,10,30,10,0,0,0
11580,38,dublin,TALBOT STREET,Talbot Street,False,False,OPEN,2024-12-30 19:53:44,True,False,,,53.350974,-6.25294,40,38,2,24,14,0,14,40,38,2,24,14,0,14
11581,53,dublin,NEWMAN HOUSE,Newman House,False,False,OPEN,2024-12-30 19:54:49,True,False,,,53.337132,-6.26059,40,14,26,12,2,0,2,40,14,26,12,2,0,2
11582,58,dublin,SIR PATRICK DUN'S,Sir Patrick's Dun,False,False,OPEN,2024-12-30 19:46:59,True,False,,,53.339218,-6.240642,40,5,35,4,1,0,1,40,5,35,4,1,0,1
11583,66,dublin,NEW CENTRAL BANK,New Central Bank,False,False,OPEN,2024-12-30 19:54:09,True,False,,,53.347122,-6.234749,40,10,30,8,2,0,2,40,10,30,8,2,0,2
11584,104,dublin,GRANGEGORMAN LOWER (CENTRAL),Grangegorman Lower (Central),False,False,OPEN,2024-12-30 19:49:56,True,False,,,53.355173,-6.278424,40,19,21,10,9,0,9,40,19,21,10,9,0,9
11585,101,dublin,KING STREET NORTH,King Street North,False,False,OPEN,2024-12-30 19:53:34,True,False,,,53.350291,-6.273507,30,3,27,1,2,0,2,30,3,27,1,2,0,2
11586,115,dublin,KILLARNEY STREET,Killarney Street,False,False,OPEN,2024-12-30 19:51:17,True,False,,,53.354845,-6.247579,30,18,12,6,12,0,12,30,18,12,6,12,0,12
11587,47,dublin,HERBERT STREET,Herbert Street,False,False,OPEN,2024-12-30 19:46:39,True,False,,,53.335742,-6.24551,40,1,39,1,0,0,0,40,1,39,1,0,0,0
11588,117,dublin,HANOVER QUAY EAST,Hanover Quay East,False,False,OPEN,2024-12-30 19:54:14,True,False,,,53.343653,-6.231755,40,3,37,2,1,0,1,40,3,37,2,1,0,1
11589,8,dublin,CUSTOM HOUSE QUAY,Custom House Quay,False,False,OPEN,2024-12-30 19:45:44,True,False,,,53.347884,-6.248048,30,6,24,5,1,0,1,30,6,24,5,1,0,1
11590,27,dublin,MOLESWORTH STREET,Molesworth Street,False,False,OPEN,2024-12-30 19:54:53,True,False,,,53.341288,-6.258117,20,15,4,3,12,0,12,20,15,4,3,12,0,12
11591,16,dublin,GEORGES QUAY,Georges Quay,False,False,OPEN,2024-12-30 19:52:52,True,False,,,53.347508,-6.252192,20,5,15,3,2,0,2,20,5,15,3,2,0,2
11592,96,dublin,KILMAINHAM LANE,Kilmainham Lane,False,False,OPEN,2024-12-30 19:46:38,True,False,,,53.341805,-6.305085,30,19,11,12,7,0,7,30,19,11,12,7,0,7
11593,82,dublin,MOUNT BROWN,Mount Brown,False,False,OPEN,2024-12-30 19:54:25,True,False,,,53.341645,-6.29719,22,7,15,2,5,0,5,22,7,15,2,5,0,5
11594,76,dublin,MARKET STREET SOUTH,Market Street South,False,False,OPEN,2024-12-30 19:45:53,True,False,,,53.342296,-6.287661,38,8,30,6,2,0,2,38,8,30,6,2,0,2
11595,71,dublin,KEVIN STREET,Kevin Street,False,False,OPEN,2024-12-30 19:46:48,True,False,,,53.337757,-6.267699,40,23,17,19,4,0,4,40,23,17,19,4,0,4
11596,79,dublin,ECCLES STREET EAST,Eccles Street East,False,False,OPEN,2024-12-30 19:49:04,True,False,,,53.358115,-6.265601,27,2,25,1,1,0,1,27,2,25,1,1,0,1
11597,69,dublin,GRAND CANAL DOCK,Grand Canal Dock,False,False,OPEN,2024-12-30 19:54:01,True,False,,,53.342638,-6.238695,40,39,1,24,15,0,15,40,39,1,24,15,0,15
11598,25,dublin,MERRION SQUARE EAST,Merrion Square East,False,False,OPEN,2024-12-30 19:48:34,True,False,,,53.339434,-6.246548,30,6,24,0,6,0,6,30,6,24,0,6,0,6
11599,51,dublin,YORK STREET WEST,York Street West,False,False,OPEN,2024-12-30 19:55:21,True,False,,,53.339334,-6.264699,40,0,0,0,0,0,0,40,0,0,0,0,0,0
11600,37,dublin,ST. STEPHEN'S GREEN SOUTH,St. Stephen's Green South,False,False,OPEN,2024-12-30 19:53:58,True,False,,,53.337494,-6.26199,30,23,7,12,11,0,11,30,23,7,12,11,0,11
11601,59,dublin,DENMARK STREET GREAT,Denmark Street Great,False,False,OPEN,2024-12-30 19:50:03,True,False,,,53.35561,-6.261397,20,0,20,0,0,0,0,20,0,20,0,0,0,0
11602,95,dublin,ROYAL HOSPITAL,Royal Hospital,False,False,OPEN,2024-12-30 19:48:54,True,False,,,53.343897,-6.29706,40,7,33,3,4,0,4,40,7,33,3,4,0,4
11603,94,dublin,HEUSTON STATION (CAR PARK),Heuston Station (Car Park),False,False,OPEN,2024-12-30 19:48:08,True,False,,,53.346985,-6.297804,40,10,30,10,0,0,0,40,10,30,10,0,0,0
11604,105,dublin,GRANGEGORMAN LOWER (NORTH),Grangegorman Lower (North),False,False,OPEN,2024-12-30 19:47:13,True,False,,,53.355954,-6.278378,36,13,23,7,6,0,6,36,13,23,7,6,0,6
11605,36,dublin,ST. STEPHEN'S GREEN EAST,St. Stephen's Green East,False,False,OPEN,2024-12-30 19:53:59,True,False,,,53.337824,-6.256035,40,22,18,19,3,0,3,40,22,18,19,3,0,3
11606,93,dublin,HEUSTON STATION (CENTRAL),Heuston Station (Central),False,False,OPEN,2024-12-30 19:47:22,True,False,,,53.346603,-6.296924,40,8,32,8,0,0,0,40,8,32,8,0,0,0
11607,22,dublin,TOWNSEND STREET,Townsend Street,False,False,OPEN,2024-12-30 19:54:45,True,False,,,53.345922,-6.254614,20,9,11,6,3,0,3,20,9,11,6,3,0,3
11608,50,dublin,GEORGES LANE,George's Lane,False,False,OPEN,2024-12-30 19:51:34,True,False,,,53.35023,-6.279696,40,10,30,7,3,0,3,40,10,30,7,3,0,3
11609,110,dublin,PHIBSBOROUGH ROAD,Phibsborough Road,False,False,OPEN,2024-12-30 19:46:27,True,False,,,53.356307,-6.273717,40,19,21,10,9,0,9,40,19,21,10,9,0,9
11610,12,dublin,ECCLES STREET,Eccles Street,False,False,OPEN,2024-12-30 19:55:01,True,False,,,53.359246,-6.269779,20,3,17,2,1,0,1,20,3,17,2,1,0,1
11611,34,dublin,PORTOBELLO HARBOUR,Portobello Harbour,False,False,OPEN,2024-12-30 19:48:40,True,False,,,53.330362,-6.265163,30,11,19,10,1,0,1,30,11,19,10,1,0,1
11612,78,dublin,MATER HOSPITAL,Mater Hospital,False,False,OPEN,2024-12-30 19:47:24,True,False,,,53.359967,-6.264828,40,10,30,8,2,0,2,40,10,30,8,2,0,2
11613,2,dublin,BLESSINGTON STREET,Blessington Street,False,False,OPEN,2024-12-30 19:53:55,True,False,,,53.356769,-6.26814,20,6,14,3,3,0,3,20,6,14,3,3,0,3
11614,75,dublin,JAMES STREET,James Street,False,False,OPEN,2024-12-30 19:53:32,True,False,,,53.343456,-6.287409,40,6,34,5,1,0,1,40,6,34,5,1,0,1
11615,111,dublin,MOUNTJOY SQUARE EAST,Mountjoy Square East,False,False,OPEN,2024-12-30 19:52:25,True,False,,,53.356717,-6.256359,40,6,34,2,4,0,4,40,6,34,2,4,0,4
11616,26,dublin,MERRION SQUARE WEST,Merrion Square West,False,False,OPEN,2024-12-30 19:55:17,True,False,,,53.339764,-6.251988,20,18,2,8,10,0,10,20,18,2,8,10,0,10
11617,65,dublin,CONVENTION CENTRE,Convention Centre,False,False,OPEN,2024-12-30 19:47:15,True,False,,,53.34744,-6.238523,40,1,39,0,1,0,1,40,1,39,0,1,0,1
11618,15,dublin,HARDWICKE STREET,Hardwicke Street,False,False,OPEN,2024-12-30 19:47:06,True,False,,,53.355473,-6.264423,16,4,12,3,1,0,1,16,4,12,3,1,0,1
11619,86,dublin,PARKGATE STREET,Parkgate Street,False,False,OPEN,2024-12-30 19:53:32,True,False,,,53.347972,-6.291804,38,12,26,2,10,0,10,38,12,26,2,10,0,10
11620,35,dublin,SMITHFIELD,Smithfield,False,False,OPEN,2024-12-30 19:54:41,True,False,,,53.347692,-6.278214,30,19,11,11,8,0,8,30,19,11,11,8,0,8
11621,10,dublin,DAME STREET,Dame Street,False,False,OPEN,2024-12-30 19:47:02,True,False,,,53.344007,-6.266802,16,16,0,10,6,0,6,16,16,0,10,6,0,6
11622,100,dublin,HEUSTON BRIDGE (SOUTH),Heuston Bridge (South),False,False,OPEN,2024-12-30 19:48:51,True,False,,,53.347106,-6.292041,25,25,0,12,13,0,13,25,25,0,12,13,0,13
11623,24,dublin,CATHAL BRUGHA STREET,Cathal Brugha Street,False,False,OPEN,2024-12-30 19:50:09,True,False,,,53.352149,-6.260533,20,12,8,8,4,0,4,20,12,8,8,4,0,4
11624,64,dublin,SANDWITH STREET,Sandwith Street,False,False,OPEN,2024-12-30 19:54:58,True,False,,,53.345203,-6.247163,40,16,24,13,3,0,3,40,16,24,13,3,0,3
11625,109,dublin,BUCKINGHAM STREET LOWER,Buckingham Street Lower,False,False,OPEN,2024-12-30 19:46:02,True,False,,,53.353331,-6.249319,29,7,22,4,3,0,3,29,7,22,4,3,0,3
11626,85,dublin,ROTHE ABBEY,Rothe Abbey,False,False,OPEN,2024-12-30 19:55:22,True,False,,,53.338776,-6.30395,35,15,20,3,12,0,12,35,15,20,3,12,0,12
11627,107,dublin,CHARLEVILLE ROAD,Charleville Road,False,False,OPEN,2024-12-30 19:51:52,True,False,,,53.359157,-6.281866,40,14,26,8,6,0,6,40,14,26,8,6,0,6
11628,33,dublin,PRINCES STREET / O'CONNELL STREET,Princes Street / O'Connell Street,False,False,OPEN,2024-12-30 19:53:26,True,False,,,53.349013,-6.260311,23,10,13,6,4,0,4,23,10,13,6,4,0,4
11629,44,dublin,UPPER SHERRARD STREET,Upper Sherrard Street,False,False,OPEN,2024-12-30 19:48:34,True,False,,,53.358437,-6.260641,30,12,18,9,3,0,3,30,12,18,9,3,0,3
11630,89,dublin,FITZWILLIAM SQUARE EAST,Fitzwilliam Square East,False,False,OPEN,2024-12-30 19:45:42,True,False,,,53.335211,-6.2509,40,18,22,10,8,0,8,40,18,22,10,8,0,8
11631,57,dublin,GRATTAN STREET,Grattan Street,False,False,OPEN,2024-12-30 19:52:50,True,False,,,53.339629,-6.243778,23,5,18,4,1,0,1,23,5,18,4,1,0,1
11632,80,dublin,ST JAMES HOSPITAL (LUAS),St James Hospital (Luas),False,False,OPEN,2024-12-30 19:49:46,True,False,,,53.341359,-6.292951,40,9,31,4,5,0,5,40,9,31,4,5,0,5
11633,41,dublin,HARCOURT TERRACE,Harcourt Terrace,False,False,OPEN,2024-12-30 19:54:33,True,False,,,53.332763,-6.257942,20,16,4,10,6,0,6,20,16,4,10,6,0,6
11634,3,dublin,BOLTON STREET,Bolton Street,False,False,OPEN,2024-12-30 19:46:10,True,False,,,53.351182,-6.269859,20,7,13,5,2,0,2,20,7,13,5,2,0,2
11635,40,dublin,JERVIS STREET,Jervis Street,False,False,OPEN,2024-12-30 19:48:26,True,False,,,53.3483,-6.266651,21,10,11,2,8,0,8,21,10,11,2,8,0,8
11636,29,dublin,ORMOND QUAY UPPER,Ormond Quay Upper,False,False,OPEN,2024-12-30 19:51:08,True,False,,,53.346057,-6.268001,29,27,2,12,15,0,15,29,27,2,12,15,0,15
11637,103,dublin,GRANGEGORMAN LOWER (SOUTH),Grangegorman Lower (South),False,False,OPEN,2024-12-30 19:54:59,True,False,,,53.354663,-6.278681,40,3,37,3,0,0,0,40,3,37,3,0,0,0
11638,28,dublin,MOUNTJOY SQUARE WEST,Mountjoy Square West,False,False,OPEN,2024-12-30 19:55:24,True,False,,,53.356299,-6.258586,30,18,12,9,9,0,9,30,18,12,9,9,0,9
11639,39,dublin,WILTON TERRACE,Wilton Terrace,False,False,OPEN,2024-12-30 19:55:45,True,False,,,53.332383,-6.252717,20,7,13,5,2,0,2,20,7,13,5,2,0,2
11640,83,dublin,EMMET ROAD,Emmet Road,False,False,OPEN,2024-12-30 19:46:47,True,False,,,53.340714,-6.308191,40,12,28,7,5,0,5,40,12,28,7,5,0,5
11641,92,dublin,HEUSTON BRIDGE (NORTH),Heuston Bridge (North),False,False,OPEN,2024-12-30 19:54:18,True,False,,,53.347802,-6.292432,40,27,13,17,10,0,10,40,27,13,17,10,0,10
11642,21,dublin,LEINSTER STREET SOUTH,Leinster Street South,False,False,OPEN,2024-12-30 19:46:01,True,False,,,53.34218,-6.254485,30,6,24,5,1,0,1,30,6,24,5,1,0,1
11643,88,dublin,BLACKHALL PLACE,Blackhall Place,False,False,OPEN,2024-12-30 19:47:18,True,False,,,53.3488,-6.281637,30,1,29,1,0,0,0,30,1,29,1,0,0,0
11644,42,dublin,SMITHFIELD NORTH,Smithfield North,False,False,OPEN,2024-12-30 20:20:00,True,False,,,53.349562,-6.278198,30,12,18,8,4,0,4,30,12,18,8,4,0,4
11645,30,dublin,PARNELL SQUARE NORTH,Parnell Square North,False,False,OPEN,2024-12-30 20:21:28,True,False,,,53.3537415547453,-6.26530144781526,20,1,19,1,0,0,0,20,1,19,1,0,0,0
11646,54,dublin,CLONMEL STREET,Clonmel Street,False,False,OPEN,2024-12-30 20:18:23,True,False,,,53.336021,-6.26298,33,17,16,9,8,0,8,33,17,16,9,8,0,8
11647,108,dublin,AVONDALE ROAD,Avondale Road,False,False,OPEN,2024-12-30 20:16:16,True,False,,,53.359405,-6.276142,35,18,17,13,5,0,5,35,18,17,13,5,0,5
11648,20,dublin,JAMES STREET EAST,James Street East,False,False,OPEN,2024-12-30 20:17:29,True,False,,,53.336597,-6.248109,30,1,29,1,0,0,0,30,1,29,1,0,0,0
11649,56,dublin,MOUNT STREET LOWER,Mount Street Lower,False,False,OPEN,2024-12-30 20:24:48,True,False,,,53.33796,-6.24153,40,23,17,16,7,0,7,40,23,17,16,7,0,7
11650,6,dublin,CHRISTCHURCH PLACE,Christchurch Place,False,False,OPEN,2024-12-30 20:24:49,True,False,,,53.343368,-6.27012,20,17,3,6,11,0,11,20,17,3,6,11,0,11
11651,18,dublin,GRANTHAM STREET,Grantham Street,False,False,OPEN,2024-12-30 20:25:40,True,False,,,53.334123,-6.265436,30,2,28,1,1,0,1,30,2,28,1,1,0,1
11652,32,dublin,PEARSE STREET,Pearse Street,False,False,OPEN,2024-12-30 20:24:17,True,False,,,53.344304,-6.250427,30,15,15,9,6,0,6,30,15,15,9,6,0,6
11653,52,dublin,YORK STREET EAST,York Street East,False,False,OPEN,2024-12-30 20:24:24,True,False,,,53.338755,-6.262003,32,16,16,9,7,0,7,32,16,16,9,7,0,7
11654,48,dublin,EXCISE WALK,Excise Walk,False,False,OPEN,2024-12-30 20:16:00,True,False,,,53.347777,-6.244239,40,6,34,6,0,0,0,40,6,34,6,0,0,0
11655,13,dublin,FITZWILLIAM SQUARE WEST,Fitzwilliam Square West,False,False,OPEN,2024-12-30 20:18:32,True,False,,,53.336074,-6.252825,30,25,5,11,14,0,14,30,25,5,11,14,0,14
11656,43,dublin,PORTOBELLO ROAD,Portobello Road,False,False,OPEN,2024-12-30 20:25:29,True,False,,,53.330091,-6.268044,30,20,10,12,8,0,8,30,20,10,12,8,0,8
11657,31,dublin,PARNELL STREET,Parnell Street,False,False,OPEN,2024-12-30 20:22:16,True,False,,,53.350929,-6.265125,20,9,11,3,6,0,6,20,9,11,3,6,0,6
11658,98,dublin,FREDERICK STREET SOUTH,Frederick Street South,False,False,OPEN,2024-12-30 20:24:54,True,False,,,53.341515,-6.256853,40,18,22,12,6,0,6,40,18,22,12,6,0,6
11659,14,dublin,FOWNES STREET UPPER,Fownes Street Upper,False,False,OPEN,2024-12-30 20:22:25,True,False,,,53.344603,-6.263371,30,18,12,11,7,0,7,30,18,12,11,7,0,7
11660,1,dublin,CLARENDON ROW,Clarendon Row,False,False,OPEN,2024-12-30 20:24:47,True,False,,,53.340927,-6.262501,31,12,19,9,3,0,3,31,12,19,9,3,0,3
11661,23,dublin,CUSTOM HOUSE,Custom House,False,False,OPEN,2024-12-30 20:19:41,True,False,,,53.348279,-6.254662,30,4,26,4,0,0,0,30,4,26,4,0,0,0
11662,106,dublin,RATHDOWN ROAD,Rathdown Road,False,False,OPEN,2024-12-30 20:25:28,True,False,,,53.35893,-6.280337,40,8,32,7,1,0,1,40,8,32,7,1,0,1
11663,112,dublin,NORTH CIRCULAR ROAD (O'CONNELL'S),North Circular Road (O'Connell's),False,False,OPEN,2024-12-30 20:15:56,True,False,,,53.357841,-6.251557,30,24,6,15,9,0,9,30,24,6,15,9,0,9
11664,68,dublin,HANOVER QUAY,Hanover Quay,False,False,OPEN,2024-12-30 20:25:30,True,False,,,53.344115,-6.237153,40,27,13,16,11,0,11,40,27,13,16,11,0,11
11665,74,dublin,OLIVER BOND STREET,Oliver Bond Street,False,False,OPEN,2024-12-30 20:19:18,True,False,,,53.343893,-6.280531,30,17,13,9,8,0,8,30,17,13,9,8,0,8
11666,87,dublin,COLLINS BARRACKS MUSEUM,Collins Barracks Museum,False,False,OPEN,2024-12-30 20:17:16,True,False,,,53.347477,-6.28525,38,17,21,9,8,0,8,38,17,21,9,8,0,8
11667,84,dublin,BROOKFIELD ROAD,Brookfield Road,False,False,OPEN,2024-12-30 20:15:57,True,False,,,53.339005,-6.300217,30,11,19,4,7,0,7,30,11,19,4,7,0,7
11668,90,dublin,BENSON STREET,Benson Street,False,False,OPEN,2024-12-30 20:17:02,True,False,,,53.344153,-6.233451,40,11,29,9,2,0,2,40,11,29,9,2,0,2
11669,11,dublin,EARLSFORT TERRACE,Earlsfort Terrace,False,False,OPEN,2024-12-30 20:23:30,True,False,,,53.334295,-6.258503,30,20,10,15,5,0,5,30,20,10,15,5,0,5
11670,17,dublin,GOLDEN LANE,Golden Lane,False,False,OPEN,2024-12-30 20:21:18,True,False,,,53.340803,-6.267732,20,2,18,1,1,0,1,20,2,18,1,1,0,1
11671,45,dublin,DEVERELL PLACE,Deverell Place,False,False,OPEN,2024-12-30 20:18:06,True,False,,,53.351464,-6.255265,30,5,25,4,1,0,1,30,5,25,4,1,0,1
11672,114,dublin,WILTON TERRACE (PARK),Wilton Terrace (Park),False,False,OPEN,2024-12-30 20:18:20,True,False,,,53.333653,-6.248345,40,0,40,0,0,0,0,40,0,40,0,0,0,0
11673,72,dublin,JOHN STREET WEST,John Street West,False,False,OPEN,2024-12-30 20:16:55,True,False,,,53.343105,-6.277167,31,4,27,1,3,0,3,31,4,27,1,3,0,3
11674,63,dublin,FENIAN STREET,Fenian Street,False,False,OPEN,2024-12-30 20:16:56,True,False,,,53.341428,-6.24672,35,13,22,4,9,0,9,35,13,22,4,9,0,9
11675,113,dublin,MERRION SQUARE SOUTH,Merrion Square South,False,False,OPEN,2024-12-30 20:25:43,True,False,,,53.338614,-6.248606,40,7,22,6,1,0,1,40,7,22,6,1,0,1
11676,91,dublin,SOUTH DOCK ROAD,South Dock Road,False,False,OPEN,2024-12-30 20:22:19,True,False,,,53.341833,-6.231291,30,16,14,9,7,0,7,30,16,14,9,7,0,7
11677,99,dublin,CITY QUAY,City Quay,False,False,OPEN,2024-12-30 20:19:18,True,False,,,53.346637,-6.246154,30,17,13,6,11,0,11,30,17,13,6,11,0,11
11678,9,dublin,EXCHEQUER STREET,Exchequer Street,False,False,OPEN,2024-12-30 20:18:27,True,False,,,53.343034,-6.263578,24,15,9,10,5,0,5,24,15,9,10,5,0,5
11679,67,dublin,THE POINT,The Point,False,False,OPEN,2024-12-30 20:24:02,True,False,,,53.346867,-6.230852,40,16,24,11,5,0,5,40,16,24,11,5,0,5
11680,116,dublin,BROADSTONE,Broadstone,False,False,OPEN,2024-12-30 20:22:56,True,False,,,53.3547,-6.272314,30,17,13,8,9,0,9,30,17,13,8,9,0,9
11681,55,dublin,HATCH STREET,Hatch Street,False,False,OPEN,2024-12-30 20:16:51,True,False,,,53.33403,-6.260714,36,7,29,5,2,0,2,36,7,29,5,2,0,2
11682,62,dublin,LIME STREET,Lime Street,False,False,OPEN,2024-12-30 20:25:20,True,False,,,53.346026,-6.243576,40,16,24,6,10,0,10,40,16,24,6,10,0,10
11683,5,dublin,CHARLEMONT PLACE,Charlemont Street,False,False,OPEN,2024-12-30 20:21:42,True,False,,,53.330662,-6.260177,40,19,21,16,3,0,3,40,19,21,16,3,0,3
11684,97,dublin,KILMAINHAM GAOL,Kilmainham Gaol,False,False,OPEN,2024-12-30 20:25:27,True,False,,,53.342113,-6.310015,40,13,27,5,8,0,8,40,13,27,5,8,0,8
11685,61,dublin,HARDWICKE PLACE,Hardwicke Place,False,False,OPEN,2024-12-30 20:23:16,True,False,,,53.357043,-6.263232,25,0,25,0,0,0,0,25,0,25,0,0,0,0
11686,77,dublin,WOLFE TONE STREET,Wolfe Tone Street,False,False,OPEN,2024-12-30 20:25:16,True,False,,,53.348875,-6.267459,29,26,3,11,15,0,15,29,26,3,11,15,0,15
11687,73,dublin,FRANCIS STREET,Francis Street,False,False,OPEN,2024-12-30 20:16:26,True,False,,,53.342081,-6.275233,30,5,25,5,0,0,0,30,5,25,5,0,0,0
11688,4,dublin,GREEK STREET,Greek Street,False,False,OPEN,2024-12-30 20:16:00,True,False,,,53.346874,-6.272976,20,12,8,3,9,0,9,20,12,8,3,9,0,9
11689,49,dublin,GUILD STREET,Guild Street,False,False,OPEN,2024-12-30 20:20:05,True,False,,,53.347932,-6.240928,40,21,19,12,9,0,9,40,21,19,12,9,0,9
11690,19,dublin,HERBERT PLACE,Herbert Place,False,False,OPEN,2024-12-30 20:16:58,True,False,,,53.334432,-6.245575,30,5,25,4,1,0,1,30,5,25,4,1,0,1
11691,7,dublin,HIGH STREET,High Street,False,False,OPEN,2024-12-30 20:24:51,True,False,,,53.343565,-6.275071,29,8,21,4,4,0,4,29,8,21,4,4,0,4
11692,60,dublin,NORTH CIRCULAR ROAD,North Circular Road,False,False,OPEN,2024-12-30 20:20:17,True,False,,,53.359624,-6.260348,30,10,20,7,3,0,3,30,10,20,7,3,0,3
11693,102,dublin,WESTERN WAY,Western Way,False,False,OPEN,2024-12-30 20:25:14,True,False,,,53.354929,-6.269425,40,11,29,11,0,0,0,40,11,29,11,0,0,0
11694,38,dublin,TALBOT STREET,Talbot Street,False,False,OPEN,2024-12-30 20:24:28,True,False,,,53.350974,-6.25294,40,38,2,25,13,0,13,40,38,2,25,13,0,13
11695,53,dublin,NEWMAN HOUSE,Newman House,False,False,OPEN,2024-12-30 20:24:59,True,False,,,53.337132,-6.26059,40,14,26,12,2,0,2,40,14,26,12,2,0,2
11696,58,dublin,SIR PATRICK DUN'S,Sir Patrick's Dun,False,False,OPEN,2024-12-30 20:17:12,True,False,,,53.339218,-6.240642,40,5,35,4,1,0,1,40,5,35,4,1,0,1
11697,66,dublin,NEW CENTRAL BANK,New Central Bank,False,False,OPEN,2024-12-30 20:24:23,True,False,,,53.347122,-6.234749,40,11,29,9,2,0,2,40,11,29,9,2,0,2
11698,104,dublin,GRANGEGORMAN LOWER (CENTRAL),Grangegorman Lower (Central),False,False,OPEN,2024-12-30 20:20:09,True,False,,,53.355173,-6.278424,40,19,21,10,9,0,9,40,19,21,10,9,0,9
11699,101,dublin,KING STREET NORTH,King Street North,False,False,OPEN,2024-12-30 20:23:47,True,False,,,53.350291,-6.273507,30,3,27,1,2,0,2,30,3,27,1,2,0,2
11700,115,dublin,KILLARNEY STREET,Killarney Street,False,False,OPEN,2024-12-30 20:18:39,True,False,,,53.354845,-6.247579,30,19,11,7,12,0,12,30,19,11,7,12,0,12
11701,47,dublin,HERBERT STREET,Herbert Street,False,False,OPEN,2024-12-30 20:16:55,True,False,,,53.335742,-6.24551,40,1,39,1,0,0,0,40,1,39,1,0,0,0
11702,117,dublin,HANOVER QUAY EAST,Hanover Quay East,False,False,OPEN,2024-12-30 20:24:27,True,False,,,53.343653,-6.231755,40,3,37,2,1,0,1,40,3,37,2,1,0,1
11703,8,dublin,CUSTOM HOUSE QUAY,Custom House Quay,False,False,OPEN,2024-12-30 20:16:01,True,False,,,53.347884,-6.248048,30,4,26,4,0,0,0,30,4,26,4,0,0,0
11704,27,dublin,MOLESWORTH STREET,Molesworth Street,False,False,OPEN,2024-12-30 20:25:08,True,False,,,53.341288,-6.258117,20,16,3,4,12,0,12,20,16,3,4,12,0,12
11705,16,dublin,GEORGES QUAY,Georges Quay,False,False,OPEN,2024-12-30 20:23:07,True,False,,,53.347508,-6.252192,20,4,16,2,2,0,2,20,4,16,2,2,0,2
11706,96,dublin,KILMAINHAM LANE,Kilmainham Lane,False,False,OPEN,2024-12-30 20:16:51,True,False,,,53.341805,-6.305085,30,19,11,12,7,0,7,30,19,11,12,7,0,7
11707,82,dublin,MOUNT BROWN,Mount Brown,False,False,OPEN,2024-12-30 20:24:37,True,False,,,53.341645,-6.29719,22,8,14,3,5,0,5,22,8,14,3,5,0,5
11708,76,dublin,MARKET STREET SOUTH,Market Street South,False,False,OPEN,2024-12-30 20:16:12,True,False,,,53.342296,-6.287661,38,6,32,4,2,0,2,38,6,32,4,2,0,2
11709,71,dublin,KEVIN STREET,Kevin Street,False,False,OPEN,2024-12-30 20:17:02,True,False,,,53.337757,-6.267699,40,23,17,19,4,0,4,40,23,17,19,4,0,4
11710,79,dublin,ECCLES STREET EAST,Eccles Street East,False,False,OPEN,2024-12-30 20:19:17,True,False,,,53.358115,-6.265601,27,2,25,1,1,0,1,27,2,25,1,1,0,1
11711,69,dublin,GRAND CANAL DOCK,Grand Canal Dock,False,False,OPEN,2024-12-30 20:23:48,True,False,,,53.342638,-6.238695,40,36,4,22,14,0,14,40,36,4,22,14,0,14
11712,25,dublin,MERRION SQUARE EAST,Merrion Square East,False,False,OPEN,2024-12-30 20:18:50,True,False,,,53.339434,-6.246548,30,6,24,0,6,0,6,30,6,24,0,6,0,6
11713,51,dublin,YORK STREET WEST,York Street West,False,False,OPEN,2024-12-30 20:25:37,True,False,,,53.339334,-6.264699,40,0,0,0,0,0,0,40,0,0,0,0,0,0
11714,37,dublin,ST. STEPHEN'S GREEN SOUTH,St. Stephen's Green South,False,False,OPEN,2024-12-30 20:24:10,True,False,,,53.337494,-6.26199,30,23,7,12,11,0,11,30,23,7,12,11,0,11
11715,59,dublin,DENMARK STREET GREAT,Denmark Street Great,False,False,OPEN,2024-12-30 20:20:18,True,False,,,53.35561,-6.261397,20,2,18,1,1,0,1,20,2,18,1,1,0,1
11716,95,dublin,ROYAL HOSPITAL,Royal Hospital,False,False,OPEN,2024-12-30 20:19:11,True,False,,,53.343897,-6.29706,40,7,33,3,4,0,4,40,7,33,3,4,0,4
11717,94,dublin,HEUSTON STATION (CAR PARK),Heuston Station (Car Park),False,False,OPEN,2024-12-30 20:18:23,True,False,,,53.346985,-6.297804,40,10,30,10,0,0,0,40,10,30,10,0,0,0
11718,105,dublin,GRANGEGORMAN LOWER (NORTH),Grangegorman Lower (North),False,False,OPEN,2024-12-30 20:17:26,True,False,,,53.355954,-6.278378,36,13,23,7,6,0,6,36,13,23,7,6,0,6
11719,36,dublin,ST. STEPHEN'S GREEN EAST,St. Stephen's Green East,False,False,OPEN,2024-12-30 20:24:10,True,False,,,53.337824,-6.256035,40,22,18,19,3,0,3,40,22,18,19,3,0,3
11720,93,dublin,HEUSTON STATION (CENTRAL),Heuston Station (Central),False,False,OPEN,2024-12-30 20:17:38,True,False,,,53.346603,-6.296924,40,8,32,8,0,0,0,40,8,32,8,0,0,0
11721,22,dublin,TOWNSEND STREET,Townsend Street,False,False,OPEN,2024-12-30 20:17:25,True,False,,,53.345922,-6.254614,20,9,11,6,3,0,3,20,9,11,6,3,0,3
11722,50,dublin,GEORGES LANE,George's Lane,False,False,OPEN,2024-12-30 20:21:47,True,False,,,53.35023,-6.279696,40,13,27,9,4,0,4,40,13,27,9,4,0,4
11723,110,dublin,PHIBSBOROUGH ROAD,Phibsborough Road,False,False,OPEN,2024-12-30 20:16:40,True,False,,,53.356307,-6.273717,40,19,21,10,9,0,9,40,19,21,10,9,0,9
11724,12,dublin,ECCLES STREET,Eccles Street,False,False,OPEN,2024-12-30 20:25:16,True,False,,,53.359246,-6.269779,20,2,18,2,0,0,0,20,2,18,2,0,0,0
11725,34,dublin,PORTOBELLO HARBOUR,Portobello Harbour,False,False,OPEN,2024-12-30 20:19:27,True,False,,,53.330362,-6.265163,30,11,19,10,1,0,1,30,11,19,10,1,0,1
11726,78,dublin,MATER HOSPITAL,Mater Hospital,False,False,OPEN,2024-12-30 20:17:38,True,False,,,53.359967,-6.264828,40,10,30,8,2,0,2,40,10,30,8,2,0,2
11727,2,dublin,BLESSINGTON STREET,Blessington Street,False,False,OPEN,2024-12-30 20:24:07,True,False,,,53.356769,-6.26814,20,6,14,3,3,0,3,20,6,14,3,3,0,3
11728,75,dublin,JAMES STREET,James Street,False,False,OPEN,2024-12-30 20:18:28,True,False,,,53.343456,-6.287409,40,6,34,5,1,0,1,40,6,34,5,1,0,1
11729,111,dublin,MOUNTJOY SQUARE EAST,Mountjoy Square East,False,False,OPEN,2024-12-30 20:22:38,True,False,,,53.356717,-6.256359,40,8,32,3,5,0,5,40,8,32,3,5,0,5
11730,26,dublin,MERRION SQUARE WEST,Merrion Square West,False,False,OPEN,2024-12-30 20:25:33,True,False,,,53.339764,-6.251988,20,18,2,8,10,0,10,20,18,2,8,10,0,10
11731,65,dublin,CONVENTION CENTRE,Convention Centre,False,False,OPEN,2024-12-30 20:17:28,True,False,,,53.34744,-6.238523,40,0,40,0,0,0,0,40,0,40,0,0,0,0
11732,15,dublin,HARDWICKE STREET,Hardwicke Street,False,False,OPEN,2024-12-30 20:17:25,True,False,,,53.355473,-6.264423,16,1,15,1,0,0,0,16,1,15,1,0,0,0
11733,86,dublin,PARKGATE STREET,Parkgate Street,False,False,OPEN,2024-12-30 20:23:43,True,False,,,53.347972,-6.291804,38,12,26,2,10,0,10,38,12,26,2,10,0,10
11734,35,dublin,SMITHFIELD,Smithfield,False,False,OPEN,2024-12-30 20:25:37,True,False,,,53.347692,-6.278214,30,19,11,11,8,0,8,30,19,11,11,8,0,8
11735,10,dublin,DAME STREET,Dame Street,False,False,OPEN,2024-12-30 20:17:15,True,False,,,53.344007,-6.266802,16,16,0,10,6,0,6,16,16,0,10,6,0,6
11736,100,dublin,HEUSTON BRIDGE (SOUTH),Heuston Bridge (South),False,False,OPEN,2024-12-30 20:19:30,True,False,,,53.347106,-6.292041,25,25,0,12,13,0,13,25,25,0,12,13,0,13
11737,24,dublin,CATHAL BRUGHA STREET,Cathal Brugha Street,False,False,OPEN,2024-12-30 20:19:29,True,False,,,53.352149,-6.260533,20,10,10,6,4,0,4,20,10,10,6,4,0,4
11738,64,dublin,SANDWITH STREET,Sandwith Street,False,False,OPEN,2024-12-30 20:18:45,True,False,,,53.345203,-6.247163,40,16,24,13,3,0,3,40,16,24,13,3,0,3
11739,109,dublin,BUCKINGHAM STREET LOWER,Buckingham Street Lower,False,False,OPEN,2024-12-30 20:16:19,True,False,,,53.353331,-6.249319,29,5,24,3,2,0,2,29,5,24,3,2,0,2
11740,85,dublin,ROTHE ABBEY,Rothe Abbey,False,False,OPEN,2024-12-30 20:17:54,True,False,,,53.338776,-6.30395,35,16,19,4,12,0,12,35,16,19,4,12,0,12
11741,107,dublin,CHARLEVILLE ROAD,Charleville Road,False,False,OPEN,2024-12-30 20:20:25,True,False,,,53.359157,-6.281866,40,10,30,4,6,0,6,40,10,30,4,6,0,6
11742,33,dublin,PRINCES STREET / O'CONNELL STREET,Princes Street / O'Connell Street,False,False,OPEN,2024-12-30 20:20:35,True,False,,,53.349013,-6.260311,23,10,13,6,4,0,4,23,10,13,6,4,0,4
11743,44,dublin,UPPER SHERRARD STREET,Upper Sherrard Street,False,False,OPEN,2024-12-30 20:18:53,True,False,,,53.358437,-6.260641,30,11,19,8,3,0,3,30,11,19,8,3,0,3
11744,89,dublin,FITZWILLIAM SQUARE EAST,Fitzwilliam Square East,False,False,OPEN,2024-12-30 20:15:54,True,False,,,53.335211,-6.2509,40,18,22,10,8,0,8,40,18,22,10,8,0,8
11745,57,dublin,GRATTAN STREET,Grattan Street,False,False,OPEN,2024-12-30 20:24:37,True,False,,,53.339629,-6.243778,23,8,15,6,2,0,2,23,8,15,6,2,0,2
11746,80,dublin,ST JAMES HOSPITAL (LUAS),St James Hospital (Luas),False,False,OPEN,2024-12-30 20:20:04,True,False,,,53.341359,-6.292951,40,8,32,3,5,0,5,40,8,32,3,5,0,5
11747,41,dublin,HARCOURT TERRACE,Harcourt Terrace,False,False,OPEN,2024-12-30 20:24:49,True,False,,,53.332763,-6.257942,20,16,4,10,6,0,6,20,16,4,10,6,0,6
11748,3,dublin,BOLTON STREET,Bolton Street,False,False,OPEN,2024-12-30 20:16:24,True,False,,,53.351182,-6.269859,20,7,13,5,2,0,2,20,7,13,5,2,0,2
11749,40,dublin,JERVIS STREET,Jervis Street,False,False,OPEN,2024-12-30 20:18:41,True,False,,,53.3483,-6.266651,21,9,12,1,8,0,8,21,9,12,1,8,0,8
11750,29,dublin,ORMOND QUAY UPPER,Ormond Quay Upper,False,False,OPEN,2024-12-30 20:21:21,True,False,,,53.346057,-6.268001,29,27,2,12,15,0,15,29,27,2,12,15,0,15
11751,103,dublin,GRANGEGORMAN LOWER (SOUTH),Grangegorman Lower (South),False,False,OPEN,2024-12-30 20:25:12,True,False,,,53.354663,-6.278681,40,3,37,3,0,0,0,40,3,37,3,0,0,0
11752,28,dublin,MOUNTJOY SQUARE WEST,Mountjoy Square West,False,False,OPEN,2024-12-30 20:25:39,True,False,,,53.356299,-6.258586,30,19,11,9,10,0,10,30,19,11,9,10,0,10
11753,39,dublin,WILTON TERRACE,Wilton Terrace,False,False,OPEN,2024-12-30 20:16:44,True,False,,,53.332383,-6.252717,20,6,14,4,2,0,2,20,6,14,4,2,0,2
11754,83,dublin,EMMET ROAD,Emmet Road,False,False,OPEN,2024-12-30 20:17:04,True,False,,,53.340714,-6.308191,40,12,28,7,5,0,5,40,12,28,7,5,0,5
11755,92,dublin,HEUSTON BRIDGE (NORTH),Heuston Bridge (North),False,False,OPEN,2024-12-30 20:24:31,True,False,,,53.347802,-6.292432,40,27,13,17,10,0,10,40,27,13,17,10,0,10
11756,21,dublin,LEINSTER STREET SOUTH,Leinster Street South,False,False,OPEN,2024-12-30 20:23:17,True,False,,,53.34218,-6.254485,30,5,25,4,1,0,1,30,5,25,4,1,0,1
11757,88,dublin,BLACKHALL PLACE,Blackhall Place,False,False,OPEN,2024-12-30 20:17:35,True,False,,,53.3488,-6.281637,30,1,29,1,0,0,0,30,1,29,1,0,0,0
11758,42,dublin,SMITHFIELD NORTH,Smithfield North,False,False,OPEN,2024-12-30 20:50:17,True,False,,,53.349562,-6.278198,30,12,18,8,4,0,4,30,12,18,8,4,0,4
11759,30,dublin,PARNELL SQUARE NORTH,Parnell Square North,False,False,OPEN,2024-12-30 20:51:40,True,False,,,53.3537415547453,-6.26530144781526,20,1,19,1,0,0,0,20,1,19,1,0,0,0
11760,54,dublin,CLONMEL STREET,Clonmel Street,False,False,OPEN,2024-12-30 20:48:35,True,False,,,53.336021,-6.26298,33,17,16,9,8,0,8,33,17,16,9,8,0,8
11761,108,dublin,AVONDALE ROAD,Avondale Road,False,False,OPEN,2024-12-30 20:46:31,True,False,,,53.359405,-6.276142,35,17,18,13,4,0,4,35,17,18,13,4,0,4
11762,20,dublin,JAMES STREET EAST,James Street East,False,False,OPEN,2024-12-30 20:47:41,True,False,,,53.336597,-6.248109,30,1,29,1,0,0,0,30,1,29,1,0,0,0
11763,56,dublin,MOUNT STREET LOWER,Mount Street Lower,False,False,OPEN,2024-12-30 20:55:03,True,False,,,53.33796,-6.24153,40,24,16,17,7,0,7,40,24,16,17,7,0,7
11764,6,dublin,CHRISTCHURCH PLACE,Christchurch Place,False,False,OPEN,2024-12-30 20:55:03,True,False,,,53.343368,-6.27012,20,16,4,5,11,0,11,20,16,4,5,11,0,11
11765,18,dublin,GRANTHAM STREET,Grantham Street,False,False,OPEN,2024-12-30 20:52:58,True,False,,,53.334123,-6.265436,30,2,28,1,1,0,1,30,2,28,1,1,0,1
11766,32,dublin,PEARSE STREET,Pearse Street,False,False,OPEN,2024-12-30 20:54:29,True,False,,,53.344304,-6.250427,30,15,15,9,6,0,6,30,15,15,9,6,0,6
11767,52,dublin,YORK STREET EAST,York Street East,False,False,OPEN,2024-12-30 20:54:35,True,False,,,53.338755,-6.262003,32,16,16,9,7,0,7,32,16,16,9,7,0,7
11768,48,dublin,EXCISE WALK,Excise Walk,False,False,OPEN,2024-12-30 20:53:16,True,False,,,53.347777,-6.244239,40,6,34,6,0,0,0,40,6,34,6,0,0,0
11769,13,dublin,FITZWILLIAM SQUARE WEST,Fitzwilliam Square West,False,False,OPEN,2024-12-30 20:48:47,True,False,,,53.336074,-6.252825,30,24,6,10,14,0,14,30,24,6,10,14,0,14
11770,43,dublin,PORTOBELLO ROAD,Portobello Road,False,False,OPEN,2024-12-30 20:45:41,True,False,,,53.330091,-6.268044,30,20,10,12,8,0,8,30,20,10,12,8,0,8
11771,31,dublin,PARNELL STREET,Parnell Street,False,False,OPEN,2024-12-30 20:49:00,True,False,,,53.350929,-6.265125,20,11,9,5,6,0,6,20,11,9,5,6,0,6
11772,98,dublin,FREDERICK STREET SOUTH,Frederick Street South,False,False,OPEN,2024-12-30 20:55:05,True,False,,,53.341515,-6.256853,40,18,22,12,6,0,6,40,18,22,12,6,0,6
11773,14,dublin,FOWNES STREET UPPER,Fownes Street Upper,False,False,OPEN,2024-12-30 20:48:41,True,False,,,53.344603,-6.263371,30,20,10,12,8,0,8,30,20,10,12,8,0,8
11774,1,dublin,CLARENDON ROW,Clarendon Row,False,False,OPEN,2024-12-30 20:54:59,True,False,,,53.340927,-6.262501,31,11,20,8,3,0,3,31,11,20,8,3,0,3
11775,23,dublin,CUSTOM HOUSE,Custom House,False,False,OPEN,2024-12-30 20:49:20,True,False,,,53.348279,-6.254662,30,5,25,5,0,0,0,30,5,25,5,0,0,0
11776,106,dublin,RATHDOWN ROAD,Rathdown Road,False,False,OPEN,2024-12-30 20:55:44,True,False,,,53.35893,-6.280337,40,6,34,6,0,0,0,40,6,34,6,0,0,0
11777,112,dublin,NORTH CIRCULAR ROAD (O'CONNELL'S),North Circular Road (O'Connell's),False,False,OPEN,2024-12-30 20:53:43,True,False,,,53.357841,-6.251557,30,26,4,18,8,0,8,30,26,4,18,8,0,8
11778,68,dublin,HANOVER QUAY,Hanover Quay,False,False,OPEN,2024-12-30 20:55:42,True,False,,,53.344115,-6.237153,40,29,11,18,11,0,11,40,29,11,18,11,0,11
11779,74,dublin,OLIVER BOND STREET,Oliver Bond Street,False,False,OPEN,2024-12-30 20:54:45,True,False,,,53.343893,-6.280531,30,17,13,9,8,0,8,30,17,13,9,8,0,8
11780,87,dublin,COLLINS BARRACKS MUSEUM,Collins Barracks Museum,False,False,OPEN,2024-12-30 20:47:32,True,False,,,53.347477,-6.28525,38,17,21,9,8,0,8,38,17,21,9,8,0,8
11781,84,dublin,BROOKFIELD ROAD,Brookfield Road,False,False,OPEN,2024-12-30 20:46:08,True,False,,,53.339005,-6.300217,30,11,19,4,7,0,7,30,11,19,4,7,0,7
11782,90,dublin,BENSON STREET,Benson Street,False,False,OPEN,2024-12-30 20:47:14,True,False,,,53.344153,-6.233451,40,11,29,9,2,0,2,40,11,29,9,2,0,2
11783,11,dublin,EARLSFORT TERRACE,Earlsfort Terrace,False,False,OPEN,2024-12-30 20:53:41,True,False,,,53.334295,-6.258503,30,20,10,15,5,0,5,30,20,10,15,5,0,5
11784,17,dublin,GOLDEN LANE,Golden Lane,False,False,OPEN,2024-12-30 20:51:31,True,False,,,53.340803,-6.267732,20,1,19,0,1,0,1,20,1,19,0,1,0,1
11785,45,dublin,DEVERELL PLACE,Deverell Place,False,False,OPEN,2024-12-30 20:48:18,True,False,,,53.351464,-6.255265,30,5,25,4,1,0,1,30,5,25,4,1,0,1
11786,114,dublin,WILTON TERRACE (PARK),Wilton Terrace (Park),False,False,OPEN,2024-12-30 20:48:36,True,False,,,53.333653,-6.248345,40,0,40,0,0,0,0,40,0,40,0,0,0,0
11787,72,dublin,JOHN STREET WEST,John Street West,False,False,OPEN,2024-12-30 20:47:08,True,False,,,53.343105,-6.277167,31,3,28,1,2,0,2,31,3,28,1,2,0,2
11788,63,dublin,FENIAN STREET,Fenian Street,False,False,OPEN,2024-12-30 20:55:37,True,False,,,53.341428,-6.24672,35,14,21,5,9,0,9,35,14,21,5,9,0,9
11789,113,dublin,MERRION SQUARE SOUTH,Merrion Square South,False,False,OPEN,2024-12-30 20:45:50,True,False,,,53.338614,-6.248606,40,7,22,6,1,0,1,40,7,22,6,1,0,1
11790,91,dublin,SOUTH DOCK ROAD,South Dock Road,False,False,OPEN,2024-12-30 20:54:25,True,False,,,53.341833,-6.231291,30,17,13,10,7,0,7,30,17,13,10,7,0,7
11791,99,dublin,CITY QUAY,City Quay,False,False,OPEN,2024-12-30 20:55:01,True,False,,,53.346637,-6.246154,30,17,13,6,11,0,11,30,17,13,6,11,0,11
11792,9,dublin,EXCHEQUER STREET,Exchequer Street,False,False,OPEN,2024-12-30 20:52:09,True,False,,,53.343034,-6.263578,24,14,10,10,4,0,4,24,14,10,10,4,0,4
11793,67,dublin,THE POINT,The Point,False,False,OPEN,2024-12-30 20:54:16,True,False,,,53.346867,-6.230852,40,16,24,11,5,0,5,40,16,24,11,5,0,5
11794,116,dublin,BROADSTONE,Broadstone,False,False,OPEN,2024-12-30 20:53:07,True,False,,,53.3547,-6.272314,30,17,13,8,9,0,9,30,17,13,8,9,0,9
11795,55,dublin,HATCH STREET,Hatch Street,False,False,OPEN,2024-12-30 20:47:02,True,False,,,53.33403,-6.260714,36,7,29,5,2,0,2,36,7,29,5,2,0,2
11796,62,dublin,LIME STREET,Lime Street,False,False,OPEN,2024-12-30 20:55:39,True,False,,,53.346026,-6.243576,40,13,27,3,10,0,10,40,13,27,3,10,0,10
11797,5,dublin,CHARLEMONT PLACE,Charlemont Street,False,False,OPEN,2024-12-30 20:51:56,True,False,,,53.330662,-6.260177,40,19,21,16,3,0,3,40,19,21,16,3,0,3
11798,97,dublin,KILMAINHAM GAOL,Kilmainham Gaol,False,False,OPEN,2024-12-30 20:55:38,True,False,,,53.342113,-6.310015,40,13,27,5,8,0,8,40,13,27,5,8,0,8
11799,61,dublin,HARDWICKE PLACE,Hardwicke Place,False,False,OPEN,2024-12-30 20:53:30,True,False,,,53.357043,-6.263232,25,0,25,0,0,0,0,25,0,25,0,0,0,0
11800,77,dublin,WOLFE TONE STREET,Wolfe Tone Street,False,False,OPEN,2024-12-30 20:46:48,True,False,,,53.348875,-6.267459,29,26,3,11,15,0,15,29,26,3,11,15,0,15
11801,73,dublin,FRANCIS STREET,Francis Street,False,False,OPEN,2024-12-30 20:53:39,True,False,,,53.342081,-6.275233,30,6,24,6,0,0,0,30,6,24,6,0,0,0
11802,4,dublin,GREEK STREET,Greek Street,False,False,OPEN,2024-12-30 20:52:51,True,False,,,53.346874,-6.272976,20,12,8,3,9,0,9,20,12,8,3,9,0,9
11803,49,dublin,GUILD STREET,Guild Street,False,False,OPEN,2024-12-30 20:50:25,True,False,,,53.347932,-6.240928,40,22,18,14,8,0,8,40,22,18,14,8,0,8
11804,19,dublin,HERBERT PLACE,Herbert Place,False,False,OPEN,2024-12-30 20:47:08,True,False,,,53.334432,-6.245575,30,5,25,4,1,0,1,30,5,25,4,1,0,1
11805,7,dublin,HIGH STREET,High Street,False,False,OPEN,2024-12-30 20:55:02,True,False,,,53.343565,-6.275071,29,8,21,4,4,0,4,29,8,21,4,4,0,4
11806,60,dublin,NORTH CIRCULAR ROAD,North Circular Road,False,False,OPEN,2024-12-30 20:50:31,True,False,,,53.359624,-6.260348,30,8,22,5,3,0,3,30,8,22,5,3,0,3
11807,102,dublin,WESTERN WAY,Western Way,False,False,OPEN,2024-12-30 20:55:28,True,False,,,53.354929,-6.269425,40,11,29,11,0,0,0,40,11,29,11,0,0,0
11808,38,dublin,TALBOT STREET,Talbot Street,False,False,OPEN,2024-12-30 20:55:34,True,False,,,53.350974,-6.25294,40,39,1,26,13,0,13,40,39,1,26,13,0,13
11809,53,dublin,NEWMAN HOUSE,Newman House,False,False,OPEN,2024-12-30 20:55:10,True,False,,,53.337132,-6.26059,40,14,26,12,2,0,2,40,14,26,12,2,0,2
11810,58,dublin,SIR PATRICK DUN'S,Sir Patrick's Dun,False,False,OPEN,2024-12-30 20:47:26,True,False,,,53.339218,-6.240642,40,5,35,4,1,0,1,40,5,35,4,1,0,1
11811,66,dublin,NEW CENTRAL BANK,New Central Bank,False,False,OPEN,2024-12-30 20:54:34,True,False,,,53.347122,-6.234749,40,11,29,9,2,0,2,40,11,29,9,2,0,2
11812,104,dublin,GRANGEGORMAN LOWER (CENTRAL),Grangegorman Lower (Central),False,False,OPEN,2024-12-30 20:50:22,True,False,,,53.355173,-6.278424,40,19,21,10,9,0,9,40,19,21,10,9,0,9
11813,101,dublin,KING STREET NORTH,King Street North,False,False,OPEN,2024-12-30 20:55:07,True,False,,,53.350291,-6.273507,30,6,24,1,5,0,5,30,6,24,1,5,0,5
11814,115,dublin,KILLARNEY STREET,Killarney Street,False,False,OPEN,2024-12-30 20:49:10,True,False,,,53.354845,-6.247579,30,21,9,9,12,0,12,30,21,9,9,12,0,12
11815,47,dublin,HERBERT STREET,Herbert Street,False,False,OPEN,2024-12-30 20:47:11,True,False,,,53.335742,-6.24551,40,1,39,1,0,0,0,40,1,39,1,0,0,0
11816,117,dublin,HANOVER QUAY EAST,Hanover Quay East,False,False,OPEN,2024-12-30 20:54:41,True,False,,,53.343653,-6.231755,40,3,37,2,1,0,1,40,3,37,2,1,0,1
11817,8,dublin,CUSTOM HOUSE QUAY,Custom House Quay,False,False,OPEN,2024-12-30 20:46:14,True,False,,,53.347884,-6.248048,30,4,26,4,0,0,0,30,4,26,4,0,0,0
11818,27,dublin,MOLESWORTH STREET,Molesworth Street,False,False,OPEN,2024-12-30 20:55:24,True,False,,,53.341288,-6.258117,20,18,1,4,14,0,14,20,18,1,4,14,0,14
11819,16,dublin,GEORGES QUAY,Georges Quay,False,False,OPEN,2024-12-30 20:53:18,True,False,,,53.347508,-6.252192,20,4,16,2,2,0,2,20,4,16,2,2,0,2
11820,96,dublin,KILMAINHAM LANE,Kilmainham Lane,False,False,OPEN,2024-12-30 20:47:02,True,False,,,53.341805,-6.305085,30,19,11,12,7,0,7,30,19,11,12,7,0,7
11821,82,dublin,MOUNT BROWN,Mount Brown,False,False,OPEN,2024-12-30 20:54:52,True,False,,,53.341645,-6.29719,22,7,15,2,5,0,5,22,7,15,2,5,0,5
11822,76,dublin,MARKET STREET SOUTH,Market Street South,False,False,OPEN,2024-12-30 20:46:27,True,False,,,53.342296,-6.287661,38,6,32,4,2,0,2,38,6,32,4,2,0,2
11823,71,dublin,KEVIN STREET,Kevin Street,False,False,OPEN,2024-12-30 20:47:16,True,False,,,53.337757,-6.267699,40,24,16,20,4,0,4,40,24,16,20,4,0,4
11824,79,dublin,ECCLES STREET EAST,Eccles Street East,False,False,OPEN,2024-12-30 20:49:28,True,False,,,53.358115,-6.265601,27,2,25,1,1,0,1,27,2,25,1,1,0,1
11825,69,dublin,GRAND CANAL DOCK,Grand Canal Dock,False,False,OPEN,2024-12-30 20:48:47,True,False,,,53.342638,-6.238695,40,39,1,24,15,0,15,40,39,1,24,15,0,15
11826,25,dublin,MERRION SQUARE EAST,Merrion Square East,False,False,OPEN,2024-12-30 20:49:06,True,False,,,53.339434,-6.246548,30,6,24,0,6,0,6,30,6,24,0,6,0,6
11827,51,dublin,YORK STREET WEST,York Street West,False,False,OPEN,2024-12-30 20:45:48,True,False,,,53.339334,-6.264699,40,0,0,0,0,0,0,40,0,0,0,0,0,0
11828,37,dublin,ST. STEPHEN'S GREEN SOUTH,St. Stephen's Green South,False,False,OPEN,2024-12-30 20:54:21,True,False,,,53.337494,-6.26199,30,23,7,12,11,0,11,30,23,7,12,11,0,11
11829,59,dublin,DENMARK STREET GREAT,Denmark Street Great,False,False,OPEN,2024-12-30 20:50:30,True,False,,,53.35561,-6.261397,20,2,18,1,1,0,1,20,2,18,1,1,0,1
11830,95,dublin,ROYAL HOSPITAL,Royal Hospital,False,False,OPEN,2024-12-30 20:49:26,True,False,,,53.343897,-6.29706,40,7,33,3,4,0,4,40,7,33,3,4,0,4
11831,94,dublin,HEUSTON STATION (CAR PARK),Heuston Station (Car Park),False,False,OPEN,2024-12-30 20:48:39,True,False,,,53.346985,-6.297804,40,10,30,10,0,0,0,40,10,30,10,0,0,0
11832,105,dublin,GRANGEGORMAN LOWER (NORTH),Grangegorman Lower (North),False,False,OPEN,2024-12-30 20:47:41,True,False,,,53.355954,-6.278378,36,13,23,7,6,0,6,36,13,23,7,6,0,6
11833,36,dublin,ST. STEPHEN'S GREEN EAST,St. Stephen's Green East,False,False,OPEN,2024-12-30 20:54:23,True,False,,,53.337824,-6.256035,40,21,19,18,3,0,3,40,21,19,18,3,0,3
11834,93,dublin,HEUSTON STATION (CENTRAL),Heuston Station (Central),False,False,OPEN,2024-12-30 20:47:54,True,False,,,53.346603,-6.296924,40,8,32,8,0,0,0,40,8,32,8,0,0,0
11835,22,dublin,TOWNSEND STREET,Townsend Street,False,False,OPEN,2024-12-30 20:47:44,True,False,,,53.345922,-6.254614,20,8,12,5,3,0,3,20,8,12,5,3,0,3
11836,50,dublin,GEORGES LANE,George's Lane,False,False,OPEN,2024-12-30 20:51:49,True,False,,,53.35023,-6.279696,40,15,25,11,4,0,4,40,15,25,11,4,0,4
11837,110,dublin,PHIBSBOROUGH ROAD,Phibsborough Road,False,False,OPEN,2024-12-30 20:46:51,True,False,,,53.356307,-6.273717,40,19,21,10,9,0,9,40,19,21,10,9,0,9
11838,12,dublin,ECCLES STREET,Eccles Street,False,False,OPEN,2024-12-30 20:55:30,True,False,,,53.359246,-6.269779,20,1,19,1,0,0,0,20,1,19,1,0,0,0
11839,34,dublin,PORTOBELLO HARBOUR,Portobello Harbour,False,False,OPEN,2024-12-30 20:49:18,True,False,,,53.330362,-6.265163,30,11,19,10,1,0,1,30,11,19,10,1,0,1
11840,78,dublin,MATER HOSPITAL,Mater Hospital,False,False,OPEN,2024-12-30 20:49:15,True,False,,,53.359967,-6.264828,40,9,31,7,2,0,2,40,9,31,7,2,0,2
11841,2,dublin,BLESSINGTON STREET,Blessington Street,False,False,OPEN,2024-12-30 20:54:18,True,False,,,53.356769,-6.26814,20,6,14,3,3,0,3,20,6,14,3,3,0,3
11842,75,dublin,JAMES STREET,James Street,False,False,OPEN,2024-12-30 20:52:24,True,False,,,53.343456,-6.287409,40,6,34,5,1,0,1,40,6,34,5,1,0,1
11843,111,dublin,MOUNTJOY SQUARE EAST,Mountjoy Square East,False,False,OPEN,2024-12-30 20:52:49,True,False,,,53.356717,-6.256359,40,8,32,3,5,0,5,40,8,32,3,5,0,5
11844,26,dublin,MERRION SQUARE WEST,Merrion Square West,False,False,OPEN,2024-12-30 20:45:50,True,False,,,53.339764,-6.251988,20,17,3,7,10,0,10,20,17,3,7,10,0,10
11845,65,dublin,CONVENTION CENTRE,Convention Centre,False,False,OPEN,2024-12-30 20:47:39,True,False,,,53.34744,-6.238523,40,0,40,0,0,0,0,40,0,40,0,0,0,0
11846,15,dublin,HARDWICKE STREET,Hardwicke Street,False,False,OPEN,2024-12-30 20:48:47,True,False,,,53.355473,-6.264423,16,2,14,2,0,0,0,16,2,14,2,0,0,0
11847,86,dublin,PARKGATE STREET,Parkgate Street,False,False,OPEN,2024-12-30 20:55:31,True,False,,,53.347972,-6.291804,38,13,25,2,11,0,11,38,13,25,2,11,0,11
11848,35,dublin,SMITHFIELD,Smithfield,False,False,OPEN,2024-12-30 20:48:35,True,False,,,53.347692,-6.278214,30,21,9,13,8,0,8,30,21,9,13,8,0,8
11849,10,dublin,DAME STREET,Dame Street,False,False,OPEN,2024-12-30 20:47:33,True,False,,,53.344007,-6.266802,16,16,0,10,6,0,6,16,16,0,10,6,0,6
11850,100,dublin,HEUSTON BRIDGE (SOUTH),Heuston Bridge (South),False,False,OPEN,2024-12-30 20:53:15,True,False,,,53.347106,-6.292041,25,25,0,12,13,0,13,25,25,0,12,13,0,13
11851,24,dublin,CATHAL BRUGHA STREET,Cathal Brugha Street,False,False,OPEN,2024-12-30 20:49:50,True,False,,,53.352149,-6.260533,20,7,13,4,3,0,3,20,7,13,4,3,0,3
11852,64,dublin,SANDWITH STREET,Sandwith Street,False,False,OPEN,2024-12-30 20:49:03,True,False,,,53.345203,-6.247163,40,16,24,13,3,0,3,40,16,24,13,3,0,3
11853,109,dublin,BUCKINGHAM STREET LOWER,Buckingham Street Lower,False,False,OPEN,2024-12-30 20:50:04,True,False,,,53.353331,-6.249319,29,6,23,4,2,0,2,29,6,23,4,2,0,2
11854,85,dublin,ROTHE ABBEY,Rothe Abbey,False,False,OPEN,2024-12-30 20:48:06,True,False,,,53.338776,-6.30395,35,16,19,4,12,0,12,35,16,19,4,12,0,12
11855,107,dublin,CHARLEVILLE ROAD,Charleville Road,False,False,OPEN,2024-12-30 20:48:08,True,False,,,53.359157,-6.281866,40,10,30,5,5,0,5,40,10,30,5,5,0,5
11856,33,dublin,PRINCES STREET / O'CONNELL STREET,Princes Street / O'Connell Street,False,False,OPEN,2024-12-30 20:47:17,True,False,,,53.349013,-6.260311,23,11,12,5,6,0,6,23,11,12,5,6,0,6
11857,44,dublin,UPPER SHERRARD STREET,Upper Sherrard Street,False,False,OPEN,2024-12-30 20:49:12,True,False,,,53.358437,-6.260641,30,10,20,7,3,0,3,30,10,20,7,3,0,3
11858,89,dublin,FITZWILLIAM SQUARE EAST,Fitzwilliam Square East,False,False,OPEN,2024-12-30 20:52:17,True,False,,,53.335211,-6.2509,40,18,22,10,8,0,8,40,18,22,10,8,0,8
11859,57,dublin,GRATTAN STREET,Grattan Street,False,False,OPEN,2024-12-30 20:53:17,True,False,,,53.339629,-6.243778,23,9,14,6,3,0,3,23,9,14,6,3,0,3
11860,80,dublin,ST JAMES HOSPITAL (LUAS),St James Hospital (Luas),False,False,OPEN,2024-12-30 20:50:21,True,False,,,53.341359,-6.292951,40,7,33,2,5,0,5,40,7,33,2,5,0,5
11861,41,dublin,HARCOURT TERRACE,Harcourt Terrace,False,False,OPEN,2024-12-30 20:55:05,True,False,,,53.332763,-6.257942,20,16,4,10,6,0,6,20,16,4,10,6,0,6
11862,3,dublin,BOLTON STREET,Bolton Street,False,False,OPEN,2024-12-30 20:46:35,True,False,,,53.351182,-6.269859,20,7,13,5,2,0,2,20,7,13,5,2,0,2
11863,40,dublin,JERVIS STREET,Jervis Street,False,False,OPEN,2024-12-30 20:48:56,True,False,,,53.3483,-6.266651,21,8,13,1,7,0,7,21,8,13,1,7,0,7
11864,29,dublin,ORMOND QUAY UPPER,Ormond Quay Upper,False,False,OPEN,2024-12-30 20:51:35,True,False,,,53.346057,-6.268001,29,27,2,12,15,0,15,29,27,2,12,15,0,15
11865,103,dublin,GRANGEGORMAN LOWER (SOUTH),Grangegorman Lower (South),False,False,OPEN,2024-12-30 20:55:26,True,False,,,53.354663,-6.278681,40,3,37,3,0,0,0,40,3,37,3,0,0,0
11866,28,dublin,MOUNTJOY SQUARE WEST,Mountjoy Square West,False,False,OPEN,2024-12-30 20:45:50,True,False,,,53.356299,-6.258586,30,20,10,9,11,0,11,30,20,10,9,11,0,11
11867,39,dublin,WILTON TERRACE,Wilton Terrace,False,False,OPEN,2024-12-30 20:46:57,True,False,,,53.332383,-6.252717,20,6,14,4,2,0,2,20,6,14,4,2,0,2
11868,83,dublin,EMMET ROAD,Emmet Road,False,False,OPEN,2024-12-30 20:47:21,True,False,,,53.340714,-6.308191,40,13,27,8,5,0,5,40,13,27,8,5,0,5
11869,92,dublin,HEUSTON BRIDGE (NORTH),Heuston Bridge (North),False,False,OPEN,2024-12-30 20:54:45,True,False,,,53.347802,-6.292432,40,28,12,17,11,0,11,40,28,12,17,11,0,11
11870,21,dublin,LEINSTER STREET SOUTH,Leinster Street South,False,False,OPEN,2024-12-30 20:46:37,True,False,,,53.34218,-6.254485,30,5,25,4,1,0,1,30,5,25,4,1,0,1
11871,88,dublin,BLACKHALL PLACE,Blackhall Place,False,False,OPEN,2024-12-30 20:47:50,True,False,,,53.3488,-6.281637,30,1,29,1,0,0,0,30,1,29,1,0,0,0
11872,42,dublin,SMITHFIELD NORTH,Smithfield North,False,False,OPEN,2024-12-30 21:20:33,True,False,,,53.349562,-6.278198,30,12,18,8,4,0,4,30,12,18,8,4,0,4
11873,30,dublin,PARNELL SQUARE NORTH,Parnell Square North,False,False,OPEN,2024-12-30 21:21:53,True,False,,,53.3537415547453,-6.26530144781526,20,1,19,1,0,0,0,20,1,19,1,0,0,0
11874,54,dublin,CLONMEL STREET,Clonmel Street,False,False,OPEN,2024-12-30 21:18:48,True,False,,,53.336021,-6.26298,33,17,16,9,8,0,8,33,17,16,9,8,0,8
11875,108,dublin,AVONDALE ROAD,Avondale Road,False,False,OPEN,2024-12-30 21:20:58,True,False,,,53.359405,-6.276142,35,18,17,14,4,0,4,35,18,17,14,4,0,4
11876,20,dublin,JAMES STREET EAST,James Street East,False,False,OPEN,2024-12-30 21:17:53,True,False,,,53.336597,-6.248109,30,1,29,1,0,0,0,30,1,29,1,0,0,0
11877,56,dublin,MOUNT STREET LOWER,Mount Street Lower,False,False,OPEN,2024-12-30 21:25:16,True,False,,,53.33796,-6.24153,40,24,16,17,7,0,7,40,24,16,17,7,0,7
11878,6,dublin,CHRISTCHURCH PLACE,Christchurch Place,False,False,OPEN,2024-12-30 21:25:17,True,False,,,53.343368,-6.27012,20,18,2,6,12,0,12,20,18,2,6,12,0,12
11879,18,dublin,GRANTHAM STREET,Grantham Street,False,False,OPEN,2024-12-30 21:22:54,True,False,,,53.334123,-6.265436,30,4,26,2,2,0,2,30,4,26,2,2,0,2
11880,32,dublin,PEARSE STREET,Pearse Street,False,False,OPEN,2024-12-30 21:24:39,True,False,,,53.344304,-6.250427,30,15,15,9,6,0,6,30,15,15,9,6,0,6
11881,52,dublin,YORK STREET EAST,York Street East,False,False,OPEN,2024-12-30 21:24:47,True,False,,,53.338755,-6.262003,32,16,16,9,7,0,7,32,16,16,9,7,0,7
11882,48,dublin,EXCISE WALK,Excise Walk,False,False,OPEN,2024-12-30 21:16:28,True,False,,,53.347777,-6.244239,40,6,34,6,0,0,0,40,6,34,6,0,0,0
11883,13,dublin,FITZWILLIAM SQUARE WEST,Fitzwilliam Square West,False,False,OPEN,2024-12-30 21:19:00,True,False,,,53.336074,-6.252825,30,24,6,10,14,0,14,30,24,6,10,14,0,14
11884,43,dublin,PORTOBELLO ROAD,Portobello Road,False,False,OPEN,2024-12-30 21:15:58,True,False,,,53.330091,-6.268044,30,21,9,13,8,0,8,30,21,9,13,8,0,8
11885,31,dublin,PARNELL STREET,Parnell Street,False,False,OPEN,2024-12-30 21:19:17,True,False,,,53.350929,-6.265125,20,8,12,3,5,0,5,20,8,12,3,5,0,5
11886,98,dublin,FREDERICK STREET SOUTH,Frederick Street South,False,False,OPEN,2024-12-30 21:25:15,True,False,,,53.341515,-6.256853,40,18,22,12,6,0,6,40,18,22,12,6,0,6
11887,14,dublin,FOWNES STREET UPPER,Fownes Street Upper,False,False,OPEN,2024-12-30 21:18:56,True,False,,,53.344603,-6.263371,30,23,7,12,11,0,11,30,23,7,12,11,0,11
11888,1,dublin,CLARENDON ROW,Clarendon Row,False,False,OPEN,2024-12-30 21:25:12,True,False,,,53.340927,-6.262501,31,11,20,8,3,0,3,31,11,20,8,3,0,3
11889,23,dublin,CUSTOM HOUSE,Custom House,False,False,OPEN,2024-12-30 21:19:38,True,False,,,53.348279,-6.254662,30,4,26,4,0,0,0,30,4,26,4,0,0,0
11890,106,dublin,RATHDOWN ROAD,Rathdown Road,False,False,OPEN,2024-12-30 21:16:00,True,False,,,53.35893,-6.280337,40,6,34,6,0,0,0,40,6,34,6,0,0,0
11891,112,dublin,NORTH CIRCULAR ROAD (O'CONNELL'S),North Circular Road (O'Connell's),False,False,OPEN,2024-12-30 21:22:35,True,False,,,53.357841,-6.251557,30,26,4,18,8,0,8,30,26,4,18,8,0,8
11892,68,dublin,HANOVER QUAY,Hanover Quay,False,False,OPEN,2024-12-30 21:15:49,True,False,,,53.344115,-6.237153,40,29,11,18,11,0,11,40,29,11,18,11,0,11
11893,74,dublin,OLIVER BOND STREET,Oliver Bond Street,False,False,OPEN,2024-12-30 21:24:48,True,False,,,53.343893,-6.280531,30,17,13,9,8,0,8,30,17,13,9,8,0,8
11894,87,dublin,COLLINS BARRACKS MUSEUM,Collins Barracks Museum,False,False,OPEN,2024-12-30 21:17:48,True,False,,,53.347477,-6.28525,38,17,21,9,8,0,8,38,17,21,9,8,0,8
11895,84,dublin,BROOKFIELD ROAD,Brookfield Road,False,False,OPEN,2024-12-30 21:16:21,True,False,,,53.339005,-6.300217,30,11,19,4,7,0,7,30,11,19,4,7,0,7
11896,90,dublin,BENSON STREET,Benson Street,False,False,OPEN,2024-12-30 21:17:25,True,False,,,53.344153,-6.233451,40,11,29,9,2,0,2,40,11,29,9,2,0,2
11897,11,dublin,EARLSFORT TERRACE,Earlsfort Terrace,False,False,OPEN,2024-12-30 21:23:54,True,False,,,53.334295,-6.258503,30,20,10,15,5,0,5,30,20,10,15,5,0,5
11898,17,dublin,GOLDEN LANE,Golden Lane,False,False,OPEN,2024-12-30 21:21:44,True,False,,,53.340803,-6.267732,20,1,19,0,1,0,1,20,1,19,0,1,0,1
11899,45,dublin,DEVERELL PLACE,Deverell Place,False,False,OPEN,2024-12-30 21:18:31,True,False,,,53.351464,-6.255265,30,4,26,3,1,0,1,30,4,26,3,1,0,1
11900,114,dublin,WILTON TERRACE (PARK),Wilton Terrace (Park),False,False,OPEN,2024-12-30 21:18:52,True,False,,,53.333653,-6.248345,40,0,40,0,0,0,0,40,0,40,0,0,0,0
11901,72,dublin,JOHN STREET WEST,John Street West,False,False,OPEN,2024-12-30 21:17:21,True,False,,,53.343105,-6.277167,31,3,28,1,2,0,2,31,3,28,1,2,0,2
11902,63,dublin,FENIAN STREET,Fenian Street,False,False,OPEN,2024-12-30 21:17:26,True,False,,,53.341428,-6.24672,35,14,21,5,9,0,9,35,14,21,5,9,0,9
11903,113,dublin,MERRION SQUARE SOUTH,Merrion Square South,False,False,OPEN,2024-12-30 21:16:03,True,False,,,53.338614,-6.248606,40,7,22,6,1,0,1,40,7,22,6,1,0,1
11904,91,dublin,SOUTH DOCK ROAD,South Dock Road,False,False,OPEN,2024-12-30 21:24:37,True,False,,,53.341833,-6.231291,30,20,10,13,7,0,7,30,20,10,13,7,0,7
11905,99,dublin,CITY QUAY,City Quay,False,False,OPEN,2024-12-30 21:19:55,True,False,,,53.346637,-6.246154,30,17,13,6,11,0,11,30,17,13,6,11,0,11
11906,9,dublin,EXCHEQUER STREET,Exchequer Street,False,False,OPEN,2024-12-30 21:17:42,True,False,,,53.343034,-6.263578,24,14,10,10,4,0,4,24,14,10,10,4,0,4
11907,67,dublin,THE POINT,The Point,False,False,OPEN,2024-12-30 21:24:26,True,False,,,53.346867,-6.230852,40,16,24,11,5,0,5,40,16,24,11,5,0,5
11908,116,dublin,BROADSTONE,Broadstone,False,False,OPEN,2024-12-30 21:23:20,True,False,,,53.3547,-6.272314,30,17,13,8,9,0,9,30,17,13,8,9,0,9
11909,55,dublin,HATCH STREET,Hatch Street,False,False,OPEN,2024-12-30 21:17:13,True,False,,,53.33403,-6.260714,36,7,29,5,2,0,2,36,7,29,5,2,0,2
11910,62,dublin,LIME STREET,Lime Street,False,False,OPEN,2024-12-30 21:15:48,True,False,,,53.346026,-6.243576,40,13,27,3,10,0,10,40,13,27,3,10,0,10
11911,5,dublin,CHARLEMONT PLACE,Charlemont Street,False,False,OPEN,2024-12-30 21:22:09,True,False,,,53.330662,-6.260177,40,19,21,16,3,0,3,40,19,21,16,3,0,3
11912,97,dublin,KILMAINHAM GAOL,Kilmainham Gaol,False,False,OPEN,2024-12-30 21:15:46,True,False,,,53.342113,-6.310015,40,13,27,5,8,0,8,40,13,27,5,8,0,8
11913,61,dublin,HARDWICKE PLACE,Hardwicke Place,False,False,OPEN,2024-12-30 21:23:43,True,False,,,53.357043,-6.263232,25,0,25,0,0,0,0,25,0,25,0,0,0,0
11914,77,dublin,WOLFE TONE STREET,Wolfe Tone Street,False,False,OPEN,2024-12-30 21:16:10,True,False,,,53.348875,-6.267459,29,25,4,10,15,0,15,29,25,4,10,15,0,15
11915,73,dublin,FRANCIS STREET,Francis Street,False,False,OPEN,2024-12-30 21:16:52,True,False,,,53.342081,-6.275233,30,7,23,7,0,0,0,30,7,23,7,0,0,0
11916,4,dublin,GREEK STREET,Greek Street,False,False,OPEN,2024-12-30 21:16:25,True,False,,,53.346874,-6.272976,20,12,8,3,9,0,9,20,12,8,3,9,0,9
11917,49,dublin,GUILD STREET,Guild Street,False,False,OPEN,2024-12-30 21:20:41,True,False,,,53.347932,-6.240928,40,23,17,14,9,0,9,40,23,17,14,9,0,9
11918,19,dublin,HERBERT PLACE,Herbert Place,False,False,OPEN,2024-12-30 21:25:33,True,False,,,53.334432,-6.245575,30,3,27,3,0,0,0,30,3,27,3,0,0,0
11919,7,dublin,HIGH STREET,High Street,False,False,OPEN,2024-12-30 21:25:15,True,False,,,53.343565,-6.275071,29,8,21,4,4,0,4,29,8,21,4,4,0,4
11920,60,dublin,NORTH CIRCULAR ROAD,North Circular Road,False,False,OPEN,2024-12-30 21:24:44,True,False,,,53.359624,-6.260348,30,7,23,5,2,0,2,30,7,23,5,2,0,2
11921,102,dublin,WESTERN WAY,Western Way,False,False,OPEN,2024-12-30 21:25:40,True,False,,,53.354929,-6.269425,40,11,29,11,0,0,0,40,11,29,11,0,0,0
11922,38,dublin,TALBOT STREET,Talbot Street,False,False,OPEN,2024-12-30 21:24:22,True,False,,,53.350974,-6.25294,40,38,2,25,13,0,13,40,38,2,25,13,0,13
11923,53,dublin,NEWMAN HOUSE,Newman House,False,False,OPEN,2024-12-30 21:25:20,True,False,,,53.337132,-6.26059,40,14,26,12,2,0,2,40,14,26,12,2,0,2
11924,58,dublin,SIR PATRICK DUN'S,Sir Patrick's Dun,False,False,OPEN,2024-12-30 21:22:57,True,False,,,53.339218,-6.240642,40,4,36,3,1,0,1,40,4,36,3,1,0,1
11925,66,dublin,NEW CENTRAL BANK,New Central Bank,False,False,OPEN,2024-12-30 21:24:47,True,False,,,53.347122,-6.234749,40,12,28,10,2,0,2,40,12,28,10,2,0,2
11926,104,dublin,GRANGEGORMAN LOWER (CENTRAL),Grangegorman Lower (Central),False,False,OPEN,2024-12-30 21:20:36,True,False,,,53.355173,-6.278424,40,19,21,10,9,0,9,40,19,21,10,9,0,9
11927,101,dublin,KING STREET NORTH,King Street North,False,False,OPEN,2024-12-30 21:24:54,True,False,,,53.350291,-6.273507,30,7,23,1,6,0,6,30,7,23,1,6,0,6
11928,115,dublin,KILLARNEY STREET,Killarney Street,False,False,OPEN,2024-12-30 21:19:10,True,False,,,53.354845,-6.247579,30,22,8,10,12,0,12,30,22,8,10,12,0,12
11929,47,dublin,HERBERT STREET,Herbert Street,False,False,OPEN,2024-12-30 21:20:19,True,False,,,53.335742,-6.24551,40,2,38,2,0,0,0,40,2,38,2,0,0,0
11930,117,dublin,HANOVER QUAY EAST,Hanover Quay East,False,False,OPEN,2024-12-30 21:24:54,True,False,,,53.343653,-6.231755,40,3,37,2,1,0,1,40,3,37,2,1,0,1
11931,8,dublin,CUSTOM HOUSE QUAY,Custom House Quay,False,False,OPEN,2024-12-30 21:16:29,True,False,,,53.347884,-6.248048,30,3,27,3,0,0,0,30,3,27,3,0,0,0
11932,27,dublin,MOLESWORTH STREET,Molesworth Street,False,False,OPEN,2024-12-30 21:25:39,True,False,,,53.341288,-6.258117,20,17,2,4,13,0,13,20,17,2,4,13,0,13
11933,16,dublin,GEORGES QUAY,Georges Quay,False,False,OPEN,2024-12-30 21:23:32,True,False,,,53.347508,-6.252192,20,3,17,1,2,0,2,20,3,17,1,2,0,2
11934,96,dublin,KILMAINHAM LANE,Kilmainham Lane,False,False,OPEN,2024-12-30 21:17:16,True,False,,,53.341805,-6.305085,30,20,10,13,7,0,7,30,20,10,13,7,0,7
11935,82,dublin,MOUNT BROWN,Mount Brown,False,False,OPEN,2024-12-30 21:25:05,True,False,,,53.341645,-6.29719,22,8,14,3,5,0,5,22,8,14,3,5,0,5
11936,76,dublin,MARKET STREET SOUTH,Market Street South,False,False,OPEN,2024-12-30 21:16:43,True,False,,,53.342296,-6.287661,38,6,32,4,2,0,2,38,6,32,4,2,0,2
11937,71,dublin,KEVIN STREET,Kevin Street,False,False,OPEN,2024-12-30 21:17:30,True,False,,,53.337757,-6.267699,40,24,16,19,5,0,5,40,24,16,19,5,0,5
11938,79,dublin,ECCLES STREET EAST,Eccles Street East,False,False,OPEN,2024-12-30 21:19:41,True,False,,,53.358115,-6.265601,27,2,25,1,1,0,1,27,2,25,1,1,0,1
11939,69,dublin,GRAND CANAL DOCK,Grand Canal Dock,False,False,OPEN,2024-12-30 21:19:02,True,False,,,53.342638,-6.238695,40,38,2,24,14,0,14,40,38,2,24,14,0,14
11940,25,dublin,MERRION SQUARE EAST,Merrion Square East,False,False,OPEN,2024-12-30 21:19:22,True,False,,,53.339434,-6.246548,30,6,24,0,6,0,6,30,6,24,0,6,0,6
11941,51,dublin,YORK STREET WEST,York Street West,False,False,OPEN,2024-12-30 21:16:04,True,False,,,53.339334,-6.264699,40,0,0,0,0,0,0,40,0,0,0,0,0,0
11942,37,dublin,ST. STEPHEN'S GREEN SOUTH,St. Stephen's Green South,False,False,OPEN,2024-12-30 21:24:36,True,False,,,53.337494,-6.26199,30,23,7,12,11,0,11,30,23,7,12,11,0,11
11943,59,dublin,DENMARK STREET GREAT,Denmark Street Great,False,False,OPEN,2024-12-30 21:23:53,True,False,,,53.35561,-6.261397,20,2,18,1,1,0,1,20,2,18,1,1,0,1
11944,95,dublin,ROYAL HOSPITAL,Royal Hospital,False,False,OPEN,2024-12-30 21:19:42,True,False,,,53.343897,-6.29706,40,7,33,3,4,0,4,40,7,33,3,4,0,4
11945,94,dublin,HEUSTON STATION (CAR PARK),Heuston Station (Car Park),False,False,OPEN,2024-12-30 21:18:55,True,False,,,53.346985,-6.297804,40,10,30,10,0,0,0,40,10,30,10,0,0,0
11946,105,dublin,GRANGEGORMAN LOWER (NORTH),Grangegorman Lower (North),False,False,OPEN,2024-12-30 21:17:54,True,False,,,53.355954,-6.278378,36,13,23,7,6,0,6,36,13,23,7,6,0,6
11947,36,dublin,ST. STEPHEN'S GREEN EAST,St. Stephen's Green East,False,False,OPEN,2024-12-30 21:24:35,True,False,,,53.337824,-6.256035,40,21,19,18,3,0,3,40,21,19,18,3,0,3
11948,93,dublin,HEUSTON STATION (CENTRAL),Heuston Station (Central),False,False,OPEN,2024-12-30 21:18:10,True,False,,,53.346603,-6.296924,40,8,32,8,0,0,0,40,8,32,8,0,0,0
11949,22,dublin,TOWNSEND STREET,Townsend Street,False,False,OPEN,2024-12-30 21:18:02,True,False,,,53.345922,-6.254614,20,6,14,3,3,0,3,20,6,14,3,3,0,3
11950,50,dublin,GEORGES LANE,George's Lane,False,False,OPEN,2024-12-30 21:17:49,True,False,,,53.35023,-6.279696,40,16,24,12,4,0,4,40,16,24,12,4,0,4
11951,110,dublin,PHIBSBOROUGH ROAD,Phibsborough Road,False,False,OPEN,2024-12-30 21:21:38,True,False,,,53.356307,-6.273717,40,19,21,10,9,0,9,40,19,21,10,9,0,9
11952,12,dublin,ECCLES STREET,Eccles Street,False,False,OPEN,2024-12-30 21:25:43,True,False,,,53.359246,-6.269779,20,3,17,3,0,0,0,20,3,17,3,0,0,0
11953,34,dublin,PORTOBELLO HARBOUR,Portobello Harbour,False,False,OPEN,2024-12-30 21:19:34,True,False,,,53.330362,-6.265163,30,11,19,10,1,0,1,30,11,19,10,1,0,1
11954,78,dublin,MATER HOSPITAL,Mater Hospital,False,False,OPEN,2024-12-30 21:18:03,True,False,,,53.359967,-6.264828,40,9,31,7,2,0,2,40,9,31,7,2,0,2
11955,2,dublin,BLESSINGTON STREET,Blessington Street,False,False,OPEN,2024-12-30 21:24:31,True,False,,,53.356769,-6.26814,20,6,14,3,3,0,3,20,6,14,3,3,0,3
11956,75,dublin,JAMES STREET,James Street,False,False,OPEN,2024-12-30 21:18:56,True,False,,,53.343456,-6.287409,40,6,34,5,1,0,1,40,6,34,5,1,0,1
11957,111,dublin,MOUNTJOY SQUARE EAST,Mountjoy Square East,False,False,OPEN,2024-12-30 21:23:00,True,False,,,53.356717,-6.256359,40,10,30,5,5,0,5,40,10,30,5,5,0,5
11958,26,dublin,MERRION SQUARE WEST,Merrion Square West,False,False,OPEN,2024-12-30 21:16:09,True,False,,,53.339764,-6.251988,20,15,5,5,10,0,10,20,15,5,5,10,0,10
11959,65,dublin,CONVENTION CENTRE,Convention Centre,False,False,OPEN,2024-12-30 21:17:53,True,False,,,53.34744,-6.238523,40,1,39,1,0,0,0,40,1,39,1,0,0,0
11960,15,dublin,HARDWICKE STREET,Hardwicke Street,False,False,OPEN,2024-12-30 21:20:30,True,False,,,53.355473,-6.264423,16,1,15,0,1,0,1,16,1,15,0,1,0,1
11961,86,dublin,PARKGATE STREET,Parkgate Street,False,False,OPEN,2024-12-30 21:24:11,True,False,,,53.347972,-6.291804,38,12,26,1,11,0,11,38,12,26,1,11,0,11
11962,35,dublin,SMITHFIELD,Smithfield,False,False,OPEN,2024-12-30 21:18:49,True,False,,,53.347692,-6.278214,30,22,8,14,8,0,8,30,22,8,14,8,0,8
11963,10,dublin,DAME STREET,Dame Street,False,False,OPEN,2024-12-30 21:17:47,True,False,,,53.344007,-6.266802,16,16,0,11,5,0,5,16,16,0,11,5,0,5
11964,100,dublin,HEUSTON BRIDGE (SOUTH),Heuston Bridge (South),False,False,OPEN,2024-12-30 21:24:49,True,False,,,53.347106,-6.292041,25,25,0,12,13,0,13,25,25,0,12,13,0,13
11965,24,dublin,CATHAL BRUGHA STREET,Cathal Brugha Street,False,False,OPEN,2024-12-30 21:20:08,True,False,,,53.352149,-6.260533,20,6,14,3,3,0,3,20,6,14,3,3,0,3
11966,64,dublin,SANDWITH STREET,Sandwith Street,False,False,OPEN,2024-12-30 21:19:19,True,False,,,53.345203,-6.247163,40,16,24,13,3,0,3,40,16,24,13,3,0,3
11967,109,dublin,BUCKINGHAM STREET LOWER,Buckingham Street Lower,False,False,OPEN,2024-12-30 21:16:46,True,False,,,53.353331,-6.249319,29,6,23,4,2,0,2,29,6,23,4,2,0,2
11968,85,dublin,ROTHE ABBEY,Rothe Abbey,False,False,OPEN,2024-12-30 21:18:19,True,False,,,53.338776,-6.30395,35,16,19,4,12,0,12,35,16,19,4,12,0,12
11969,107,dublin,CHARLEVILLE ROAD,Charleville Road,False,False,OPEN,2024-12-30 21:18:24,True,False,,,53.359157,-6.281866,40,10,30,5,5,0,5,40,10,30,5,5,0,5
11970,33,dublin,PRINCES STREET / O'CONNELL STREET,Princes Street / O'Connell Street,False,False,OPEN,2024-12-30 21:17:32,True,False,,,53.349013,-6.260311,23,12,11,5,7,0,7,23,12,11,5,7,0,7
11971,44,dublin,UPPER SHERRARD STREET,Upper Sherrard Street,False,False,OPEN,2024-12-30 21:19:28,True,False,,,53.358437,-6.260641,30,10,20,7,3,0,3,30,10,20,7,3,0,3
11972,89,dublin,FITZWILLIAM SQUARE EAST,Fitzwilliam Square East,False,False,OPEN,2024-12-30 21:16:16,True,False,,,53.335211,-6.2509,40,18,22,10,8,0,8,40,18,22,10,8,0,8
11973,57,dublin,GRATTAN STREET,Grattan Street,False,False,OPEN,2024-12-30 21:23:27,True,False,,,53.339629,-6.243778,23,9,14,6,3,0,3,23,9,14,6,3,0,3
11974,80,dublin,ST JAMES HOSPITAL (LUAS),St James Hospital (Luas),False,False,OPEN,2024-12-30 21:20:37,True,False,,,53.341359,-6.292951,40,7,33,2,5,0,5,40,7,33,2,5,0,5
11975,41,dublin,HARCOURT TERRACE,Harcourt Terrace,False,False,OPEN,2024-12-30 21:25:21,True,False,,,53.332763,-6.257942,20,16,4,10,6,0,6,20,16,4,10,6,0,6
11976,3,dublin,BOLTON STREET,Bolton Street,False,False,OPEN,2024-12-30 21:16:48,True,False,,,53.351182,-6.269859,20,7,13,5,2,0,2,20,7,13,5,2,0,2
11977,40,dublin,JERVIS STREET,Jervis Street,False,False,OPEN,2024-12-30 21:23:57,True,False,,,53.3483,-6.266651,21,6,15,1,5,0,5,21,6,15,1,5,0,5
11978,29,dublin,ORMOND QUAY UPPER,Ormond Quay Upper,False,False,OPEN,2024-12-30 21:21:50,True,False,,,53.346057,-6.268001,29,25,4,10,15,0,15,29,25,4,10,15,0,15
11979,103,dublin,GRANGEGORMAN LOWER (SOUTH),Grangegorman Lower (South),False,False,OPEN,2024-12-30 21:25:38,True,False,,,53.354663,-6.278681,40,3,37,3,0,0,0,40,3,37,3,0,0,0
11980,28,dublin,MOUNTJOY SQUARE WEST,Mountjoy Square West,False,False,OPEN,2024-12-30 21:16:05,True,False,,,53.356299,-6.258586,30,19,11,8,11,0,11,30,19,11,8,11,0,11
11981,39,dublin,WILTON TERRACE,Wilton Terrace,False,False,OPEN,2024-12-30 21:17:07,True,False,,,53.332383,-6.252717,20,6,14,4,2,0,2,20,6,14,4,2,0,2
11982,83,dublin,EMMET ROAD,Emmet Road,False,False,OPEN,2024-12-30 21:17:37,True,False,,,53.340714,-6.308191,40,13,27,8,5,0,5,40,13,27,8,5,0,5
11983,92,dublin,HEUSTON BRIDGE (NORTH),Heuston Bridge (North),False,False,OPEN,2024-12-30 21:24:59,True,False,,,53.347802,-6.292432,40,28,12,17,11,0,11,40,28,12,17,11,0,11
11984,21,dublin,LEINSTER STREET SOUTH,Leinster Street South,False,False,OPEN,2024-12-30 21:16:53,True,False,,,53.34218,-6.254485,30,5,25,4,1,0,1,30,5,25,4,1,0,1
11985,88,dublin,BLACKHALL PLACE,Blackhall Place,False,False,OPEN,2024-12-30 21:18:07,True,False,,,53.3488,-6.281637,30,2,28,2,0,0,0,30,2,28,2,0,0,0
11986,42,dublin,SMITHFIELD NORTH,Smithfield North,False,False,OPEN,2024-12-30 21:50:52,True,False,,,53.349562,-6.278198,30,11,19,7,4,0,4,30,11,19,7,4,0,4
11987,30,dublin,PARNELL SQUARE NORTH,Parnell Square North,False,False,OPEN,2024-12-30 21:52:07,True,False,,,53.3537415547453,-6.26530144781526,20,0,20,0,0,0,0,20,0,20,0,0,0,0
11988,54,dublin,CLONMEL STREET,Clonmel Street,False,False,OPEN,2024-12-30 21:49:01,True,False,,,53.336021,-6.26298,33,17,16,9,8,0,8,33,17,16,9,8,0,8
11989,108,dublin,AVONDALE ROAD,Avondale Road,False,False,OPEN,2024-12-30 21:46:57,True,False,,,53.359405,-6.276142,35,18,17,14,4,0,4,35,18,17,14,4,0,4
11990,20,dublin,JAMES STREET EAST,James Street East,False,False,OPEN,2024-12-30 21:48:06,True,False,,,53.336597,-6.248109,30,1,29,1,0,0,0,30,1,29,1,0,0,0
11991,56,dublin,MOUNT STREET LOWER,Mount Street Lower,False,False,OPEN,2024-12-30 21:55:29,True,False,,,53.33796,-6.24153,40,24,16,17,7,0,7,40,24,16,17,7,0,7
11992,6,dublin,CHRISTCHURCH PLACE,Christchurch Place,False,False,OPEN,2024-12-30 21:55:33,True,False,,,53.343368,-6.27012,20,17,3,6,11,0,11,20,17,3,6,11,0,11
11993,18,dublin,GRANTHAM STREET,Grantham Street,False,False,OPEN,2024-12-30 21:46:19,True,False,,,53.334123,-6.265436,30,4,26,2,2,0,2,30,4,26,2,2,0,2
11994,32,dublin,PEARSE STREET,Pearse Street,False,False,OPEN,2024-12-30 21:54:49,True,False,,,53.344304,-6.250427,30,15,15,9,6,0,6,30,15,15,9,6,0,6
11995,52,dublin,YORK STREET EAST,York Street East,False,False,OPEN,2024-12-30 21:55:00,True,False,,,53.338755,-6.262003,32,16,16,9,7,0,7,32,16,16,9,7,0,7
11996,48,dublin,EXCISE WALK,Excise Walk,False,False,OPEN,2024-12-30 21:46:42,True,False,,,53.347777,-6.244239,40,8,32,8,0,0,0,40,8,32,8,0,0,0
11997,13,dublin,FITZWILLIAM SQUARE WEST,Fitzwilliam Square West,False,False,OPEN,2024-12-30 21:49:14,True,False,,,53.336074,-6.252825,30,26,4,12,14,0,14,30,26,4,12,14,0,14
11998,43,dublin,PORTOBELLO ROAD,Portobello Road,False,False,OPEN,2024-12-30 21:46:14,True,False,,,53.330091,-6.268044,30,21,9,13,8,0,8,30,21,9,13,8,0,8
11999,31,dublin,PARNELL STREET,Parnell Street,False,False,OPEN,2024-12-30 21:49:31,True,False,,,53.350929,-6.265125,20,9,11,3,6,0,6,20,9,11,3,6,0,6
12000,98,dublin,FREDERICK STREET SOUTH,Frederick Street South,False,False,OPEN,2024-12-30 21:55:25,True,False,,,53.341515,-6.256853,40,18,22,12,6,0,6,40,18,22,12,6,0,6
12001,14,dublin,FOWNES STREET UPPER,Fownes Street Upper,False,False,OPEN,2024-12-30 21:49:11,True,False,,,53.344603,-6.263371,30,25,5,14,11,0,11,30,25,5,14,11,0,11
12002,1,dublin,CLARENDON ROW,Clarendon Row,False,False,OPEN,2024-12-30 21:55:27,True,False,,,53.340927,-6.262501,31,10,21,8,2,0,2,31,10,21,8,2,0,2
12003,23,dublin,CUSTOM HOUSE,Custom House,False,False,OPEN,2024-12-30 21:49:55,True,False,,,53.348279,-6.254662,30,4,26,4,0,0,0,30,4,26,4,0,0,0
12004,106,dublin,RATHDOWN ROAD,Rathdown Road,False,False,OPEN,2024-12-30 21:47:44,True,False,,,53.35893,-6.280337,40,5,35,5,0,0,0,40,5,35,5,0,0,0
12005,112,dublin,NORTH CIRCULAR ROAD (O'CONNELL'S),North Circular Road (O'Connell's),False,False,OPEN,2024-12-30 21:54:37,True,False,,,53.357841,-6.251557,30,29,1,20,9,0,9,30,29,1,20,9,0,9
12006,68,dublin,HANOVER QUAY,Hanover Quay,False,False,OPEN,2024-12-30 21:45:58,True,False,,,53.344115,-6.237153,40,29,11,18,11,0,11,40,29,11,18,11,0,11
12007,74,dublin,OLIVER BOND STREET,Oliver Bond Street,False,False,OPEN,2024-12-30 21:50:10,True,False,,,53.343893,-6.280531,30,17,13,9,8,0,8,30,17,13,9,8,0,8
12008,87,dublin,COLLINS BARRACKS MUSEUM,Collins Barracks Museum,False,False,OPEN,2024-12-30 21:48:04,True,False,,,53.347477,-6.28525,38,17,21,9,8,0,8,38,17,21,9,8,0,8
12009,84,dublin,BROOKFIELD ROAD,Brookfield Road,False,False,OPEN,2024-12-30 21:46:33,True,False,,,53.339005,-6.300217,30,11,19,4,7,0,7,30,11,19,4,7,0,7
12010,90,dublin,BENSON STREET,Benson Street,False,False,OPEN,2024-12-30 21:54:06,True,False,,,53.344153,-6.233451,40,3,37,1,2,0,2,40,3,37,1,2,0,2
12011,11,dublin,EARLSFORT TERRACE,Earlsfort Terrace,False,False,OPEN,2024-12-30 21:54:06,True,False,,,53.334295,-6.258503,30,20,10,15,5,0,5,30,20,10,15,5,0,5
12012,17,dublin,GOLDEN LANE,Golden Lane,False,False,OPEN,2024-12-30 21:51:57,True,False,,,53.340803,-6.267732,20,1,19,0,1,0,1,20,1,19,0,1,0,1
12013,45,dublin,DEVERELL PLACE,Deverell Place,False,False,OPEN,2024-12-30 21:52:05,True,False,,,53.351464,-6.255265,30,5,25,3,2,0,2,30,5,25,3,2,0,2
12014,114,dublin,WILTON TERRACE (PARK),Wilton Terrace (Park),False,False,OPEN,2024-12-30 21:49:08,True,False,,,53.333653,-6.248345,40,0,40,0,0,0,0,40,0,40,0,0,0,0
12015,72,dublin,JOHN STREET WEST,John Street West,False,False,OPEN,2024-12-30 21:47:34,True,False,,,53.343105,-6.277167,31,3,28,1,2,0,2,31,3,28,1,2,0,2
12016,63,dublin,FENIAN STREET,Fenian Street,False,False,OPEN,2024-12-30 21:55:19,True,False,,,53.341428,-6.24672,35,13,22,4,9,0,9,35,13,22,4,9,0,9
12017,113,dublin,MERRION SQUARE SOUTH,Merrion Square South,False,False,OPEN,2024-12-30 21:46:16,True,False,,,53.338614,-6.248606,40,7,22,6,1,0,1,40,7,22,6,1,0,1
12018,91,dublin,SOUTH DOCK ROAD,South Dock Road,False,False,OPEN,2024-12-30 21:51:54,True,False,,,53.341833,-6.231291,30,20,10,13,7,0,7,30,20,10,13,7,0,7
12019,99,dublin,CITY QUAY,City Quay,False,False,OPEN,2024-12-30 21:50:13,True,False,,,53.346637,-6.246154,30,16,14,6,10,0,10,30,16,14,6,10,0,10
12020,9,dublin,EXCHEQUER STREET,Exchequer Street,False,False,OPEN,2024-12-30 21:47:55,True,False,,,53.343034,-6.263578,24,14,10,11,3,0,3,24,14,10,11,3,0,3
12021,67,dublin,THE POINT,The Point,False,False,OPEN,2024-12-30 21:54:36,True,False,,,53.346867,-6.230852,40,16,24,11,5,0,5,40,16,24,11,5,0,5
12022,116,dublin,BROADSTONE,Broadstone,False,False,OPEN,2024-12-30 21:53:34,True,False,,,53.3547,-6.272314,30,17,13,8,9,0,9,30,17,13,8,9,0,9
12023,55,dublin,HATCH STREET,Hatch Street,False,False,OPEN,2024-12-30 21:47:23,True,False,,,53.33403,-6.260714,36,7,29,5,2,0,2,36,7,29,5,2,0,2
12024,62,dublin,LIME STREET,Lime Street,False,False,OPEN,2024-12-30 21:52:07,True,False,,,53.346026,-6.243576,40,13,27,4,9,0,9,40,13,27,4,9,0,9
12025,5,dublin,CHARLEMONT PLACE,Charlemont Street,False,False,OPEN,2024-12-30 21:52:23,True,False,,,53.330662,-6.260177,40,19,21,16,3,0,3,40,19,21,16,3,0,3
12026,97,dublin,KILMAINHAM GAOL,Kilmainham Gaol,False,False,OPEN,2024-12-30 21:45:59,True,False,,,53.342113,-6.310015,40,13,27,5,8,0,8,40,13,27,5,8,0,8
12027,61,dublin,HARDWICKE PLACE,Hardwicke Place,False,False,OPEN,2024-12-30 21:53:57,True,False,,,53.357043,-6.263232,25,0,25,0,0,0,0,25,0,25,0,0,0,0
12028,77,dublin,WOLFE TONE STREET,Wolfe Tone Street,False,False,OPEN,2024-12-30 21:46:24,True,False,,,53.348875,-6.267459,29,26,3,10,16,0,16,29,26,3,10,16,0,16
12029,73,dublin,FRANCIS STREET,Francis Street,False,False,OPEN,2024-12-30 21:47:05,True,False,,,53.342081,-6.275233,30,7,23,7,0,0,0,30,7,23,7,0,0,0
12030,4,dublin,GREEK STREET,Greek Street,False,False,OPEN,2024-12-30 21:46:38,True,False,,,53.346874,-6.272976,20,12,8,3,9,0,9,20,12,8,3,9,0,9
12031,49,dublin,GUILD STREET,Guild Street,False,False,OPEN,2024-12-30 21:50:59,True,False,,,53.347932,-6.240928,40,22,18,13,9,0,9,40,22,18,13,9,0,9
12032,19,dublin,HERBERT PLACE,Herbert Place,False,False,OPEN,2024-12-30 21:47:42,True,False,,,53.334432,-6.245575,30,0,30,0,0,0,0,30,0,30,0,0,0,0
12033,7,dublin,HIGH STREET,High Street,False,False,OPEN,2024-12-30 21:55:28,True,False,,,53.343565,-6.275071,29,9,20,5,4,0,4,29,9,20,5,4,0,4
12034,60,dublin,NORTH CIRCULAR ROAD,North Circular Road,False,False,OPEN,2024-12-30 21:54:18,True,False,,,53.359624,-6.260348,30,7,23,5,2,0,2,30,7,23,5,2,0,2
12035,102,dublin,WESTERN WAY,Western Way,False,False,OPEN,2024-12-30 21:45:53,True,False,,,53.354929,-6.269425,40,11,29,10,1,0,1,40,11,29,10,1,0,1
12036,38,dublin,TALBOT STREET,Talbot Street,False,False,OPEN,2024-12-30 21:49:21,True,False,,,53.350974,-6.25294,40,40,0,26,14,0,14,40,40,0,26,14,0,14
12037,53,dublin,NEWMAN HOUSE,Newman House,False,False,OPEN,2024-12-30 21:55:31,True,False,,,53.337132,-6.26059,40,14,26,12,2,0,2,40,14,26,12,2,0,2
12038,58,dublin,SIR PATRICK DUN'S,Sir Patrick's Dun,False,False,OPEN,2024-12-30 21:51:30,True,False,,,53.339218,-6.240642,40,1,39,0,1,0,1,40,1,39,0,1,0,1
12039,66,dublin,NEW CENTRAL BANK,New Central Bank,False,False,OPEN,2024-12-30 21:55:01,True,False,,,53.347122,-6.234749,40,13,27,11,2,0,2,40,13,27,11,2,0,2
12040,104,dublin,GRANGEGORMAN LOWER (CENTRAL),Grangegorman Lower (Central),False,False,OPEN,2024-12-30 21:50:50,True,False,,,53.355173,-6.278424,40,19,21,10,9,0,9,40,19,21,10,9,0,9
12041,101,dublin,KING STREET NORTH,King Street North,False,False,OPEN,2024-12-30 21:54:30,True,False,,,53.350291,-6.273507,30,7,23,1,6,0,6,30,7,23,1,6,0,6
12042,115,dublin,KILLARNEY STREET,Killarney Street,False,False,OPEN,2024-12-30 21:53:25,True,False,,,53.354845,-6.247579,30,24,6,13,11,0,11,30,24,6,13,11,0,11
12043,47,dublin,HERBERT STREET,Herbert Street,False,False,OPEN,2024-12-30 21:47:45,True,False,,,53.335742,-6.24551,40,2,38,2,0,0,0,40,2,38,2,0,0,0
12044,117,dublin,HANOVER QUAY EAST,Hanover Quay East,False,False,OPEN,2024-12-30 21:55:07,True,False,,,53.343653,-6.231755,40,4,36,3,1,0,1,40,4,36,3,1,0,1
12045,8,dublin,CUSTOM HOUSE QUAY,Custom House Quay,False,False,OPEN,2024-12-30 21:54:16,True,False,,,53.347884,-6.248048,30,7,23,6,1,0,1,30,7,23,6,1,0,1
12046,27,dublin,MOLESWORTH STREET,Molesworth Street,False,False,OPEN,2024-12-30 21:45:49,True,False,,,53.341288,-6.258117,20,17,2,4,13,0,13,20,17,2,4,13,0,13
12047,16,dublin,GEORGES QUAY,Georges Quay,False,False,OPEN,2024-12-30 21:55:08,True,False,,,53.347508,-6.252192,20,4,16,2,2,0,2,20,4,16,2,2,0,2
12048,96,dublin,KILMAINHAM LANE,Kilmainham Lane,False,False,OPEN,2024-12-30 21:47:29,True,False,,,53.341805,-6.305085,30,20,10,13,7,0,7,30,20,10,13,7,0,7
12049,82,dublin,MOUNT BROWN,Mount Brown,False,False,OPEN,2024-12-30 21:55:17,True,False,,,53.341645,-6.29719,22,8,14,3,5,0,5,22,8,14,3,5,0,5
12050,76,dublin,MARKET STREET SOUTH,Market Street South,False,False,OPEN,2024-12-30 21:46:59,True,False,,,53.342296,-6.287661,38,6,32,4,2,0,2,38,6,32,4,2,0,2
12051,71,dublin,KEVIN STREET,Kevin Street,False,False,OPEN,2024-12-30 21:47:45,True,False,,,53.337757,-6.267699,40,24,16,19,5,0,5,40,24,16,19,5,0,5
12052,79,dublin,ECCLES STREET EAST,Eccles Street East,False,False,OPEN,2024-12-30 21:49:53,True,False,,,53.358115,-6.265601,27,2,25,1,1,0,1,27,2,25,1,1,0,1
12053,69,dublin,GRAND CANAL DOCK,Grand Canal Dock,False,False,OPEN,2024-12-30 21:49:38,True,False,,,53.342638,-6.238695,40,36,4,22,14,0,14,40,36,4,22,14,0,14
12054,25,dublin,MERRION SQUARE EAST,Merrion Square East,False,False,OPEN,2024-12-30 21:49:38,True,False,,,53.339434,-6.246548,30,6,24,0,6,0,6,30,6,24,0,6,0,6
12055,51,dublin,YORK STREET WEST,York Street West,False,False,OPEN,2024-12-30 21:46:20,True,False,,,53.339334,-6.264699,40,0,0,0,0,0,0,40,0,0,0,0,0,0
12056,37,dublin,ST. STEPHEN'S GREEN SOUTH,St. Stephen's Green South,False,False,OPEN,2024-12-30 21:54:48,True,False,,,53.337494,-6.26199,30,24,6,13,11,0,11,30,24,6,13,11,0,11
12057,59,dublin,DENMARK STREET GREAT,Denmark Street Great,False,False,OPEN,2024-12-30 21:50:57,True,False,,,53.35561,-6.261397,20,2,18,1,1,0,1,20,2,18,1,1,0,1
12058,95,dublin,ROYAL HOSPITAL,Royal Hospital,False,False,OPEN,2024-12-30 21:51:01,True,False,,,53.343897,-6.29706,40,8,32,4,4,0,4,40,8,32,4,4,0,4
12059,94,dublin,HEUSTON STATION (CAR PARK),Heuston Station (Car Park),False,False,OPEN,2024-12-30 21:49:11,True,False,,,53.346985,-6.297804,40,10,30,10,0,0,0,40,10,30,10,0,0,0
12060,105,dublin,GRANGEGORMAN LOWER (NORTH),Grangegorman Lower (North),False,False,OPEN,2024-12-30 21:48:07,True,False,,,53.355954,-6.278378,36,13,23,7,6,0,6,36,13,23,7,6,0,6
12061,36,dublin,ST. STEPHEN'S GREEN EAST,St. Stephen's Green East,False,False,OPEN,2024-12-30 21:54:47,True,False,,,53.337824,-6.256035,40,21,19,18,3,0,3,40,21,19,18,3,0,3
12062,93,dublin,HEUSTON STATION (CENTRAL),Heuston Station (Central),False,False,OPEN,2024-12-30 21:48:25,True,False,,,53.346603,-6.296924,40,8,32,8,0,0,0,40,8,32,8,0,0,0
12063,22,dublin,TOWNSEND STREET,Townsend Street,False,False,OPEN,2024-12-30 21:48:18,True,False,,,53.345922,-6.254614,20,6,14,3,3,0,3,20,6,14,3,3,0,3
12064,50,dublin,GEORGES LANE,George's Lane,False,False,OPEN,2024-12-30 21:48:01,True,False,,,53.35023,-6.279696,40,16,24,12,4,0,4,40,16,24,12,4,0,4
12065,110,dublin,PHIBSBOROUGH ROAD,Phibsborough Road,False,False,OPEN,2024-12-30 21:47:12,True,False,,,53.356307,-6.273717,40,19,21,10,9,0,9,40,19,21,10,9,0,9
12066,12,dublin,ECCLES STREET,Eccles Street,False,False,OPEN,2024-12-30 21:45:51,True,False,,,53.359246,-6.269779,20,3,17,3,0,0,0,20,3,17,3,0,0,0
12067,34,dublin,PORTOBELLO HARBOUR,Portobello Harbour,False,False,OPEN,2024-12-30 21:54:50,True,False,,,53.330362,-6.265163,30,12,18,11,1,0,1,30,12,18,11,1,0,1
12068,78,dublin,MATER HOSPITAL,Mater Hospital,False,False,OPEN,2024-12-30 21:52:16,True,False,,,53.359967,-6.264828,40,9,31,7,2,0,2,40,9,31,7,2,0,2
12069,2,dublin,BLESSINGTON STREET,Blessington Street,False,False,OPEN,2024-12-30 21:54:43,True,False,,,53.356769,-6.26814,20,6,14,3,3,0,3,20,6,14,3,3,0,3
12070,75,dublin,JAMES STREET,James Street,False,False,OPEN,2024-12-30 21:49:09,True,False,,,53.343456,-6.287409,40,6,34,5,1,0,1,40,6,34,5,1,0,1
12071,111,dublin,MOUNTJOY SQUARE EAST,Mountjoy Square East,False,False,OPEN,2024-12-30 21:53:10,True,False,,,53.356717,-6.256359,40,10,30,5,5,0,5,40,10,30,5,5,0,5
12072,26,dublin,MERRION SQUARE WEST,Merrion Square West,False,False,OPEN,2024-12-30 21:54:14,True,False,,,53.339764,-6.251988,20,12,8,3,9,0,9,20,12,8,3,9,0,9
12073,65,dublin,CONVENTION CENTRE,Convention Centre,False,False,OPEN,2024-12-30 21:48:05,True,False,,,53.34744,-6.238523,40,1,39,1,0,0,0,40,1,39,1,0,0,0
12074,15,dublin,HARDWICKE STREET,Hardwicke Street,False,False,OPEN,2024-12-30 21:47:59,True,False,,,53.355473,-6.264423,16,0,16,0,0,0,0,16,0,16,0,0,0,0
12075,86,dublin,PARKGATE STREET,Parkgate Street,False,False,OPEN,2024-12-30 21:54:25,True,False,,,53.347972,-6.291804,38,12,26,1,11,0,11,38,12,26,1,11,0,11
12076,35,dublin,SMITHFIELD,Smithfield,False,False,OPEN,2024-12-30 21:49:02,True,False,,,53.347692,-6.278214,30,21,9,13,8,0,8,30,21,9,13,8,0,8
12077,10,dublin,DAME STREET,Dame Street,False,False,OPEN,2024-12-30 21:52:12,True,False,,,53.344007,-6.266802,16,14,2,9,5,0,5,16,14,2,9,5,0,5
12078,100,dublin,HEUSTON BRIDGE (SOUTH),Heuston Bridge (South),False,False,OPEN,2024-12-30 21:54:38,True,False,,,53.347106,-6.292041,25,24,1,12,12,0,12,25,24,1,12,12,0,12
12079,24,dublin,CATHAL BRUGHA STREET,Cathal Brugha Street,False,False,OPEN,2024-12-30 21:50:27,True,False,,,53.352149,-6.260533,20,6,14,3,3,0,3,20,6,14,3,3,0,3
12080,64,dublin,SANDWITH STREET,Sandwith Street,False,False,OPEN,2024-12-30 21:49:35,True,False,,,53.345203,-6.247163,40,16,24,13,3,0,3,40,16,24,13,3,0,3
12081,109,dublin,BUCKINGHAM STREET LOWER,Buckingham Street Lower,False,False,OPEN,2024-12-30 21:47:00,True,False,,,53.353331,-6.249319,29,7,22,4,3,0,3,29,7,22,4,3,0,3
12082,85,dublin,ROTHE ABBEY,Rothe Abbey,False,False,OPEN,2024-12-30 21:48:31,True,False,,,53.338776,-6.30395,35,16,19,4,12,0,12,35,16,19,4,12,0,12
12083,107,dublin,CHARLEVILLE ROAD,Charleville Road,False,False,OPEN,2024-12-30 21:48:40,True,False,,,53.359157,-6.281866,40,10,30,5,5,0,5,40,10,30,5,5,0,5
12084,33,dublin,PRINCES STREET / O'CONNELL STREET,Princes Street / O'Connell Street,False,False,OPEN,2024-12-30 21:48:51,True,False,,,53.349013,-6.260311,23,14,9,5,9,0,9,23,14,9,5,9,0,9
12085,44,dublin,UPPER SHERRARD STREET,Upper Sherrard Street,False,False,OPEN,2024-12-30 21:49:46,True,False,,,53.358437,-6.260641,30,11,19,7,4,0,4,30,11,19,7,4,0,4
12086,89,dublin,FITZWILLIAM SQUARE EAST,Fitzwilliam Square East,False,False,OPEN,2024-12-30 21:46:26,True,False,,,53.335211,-6.2509,40,18,22,10,8,0,8,40,18,22,10,8,0,8
12087,57,dublin,GRATTAN STREET,Grattan Street,False,False,OPEN,2024-12-30 21:53:37,True,False,,,53.339629,-6.243778,23,9,14,6,3,0,3,23,9,14,6,3,0,3
12088,80,dublin,ST JAMES HOSPITAL (LUAS),St James Hospital (Luas),False,False,OPEN,2024-12-30 21:50:53,True,False,,,53.341359,-6.292951,40,7,33,2,5,0,5,40,7,33,2,5,0,5
12089,41,dublin,HARCOURT TERRACE,Harcourt Terrace,False,False,OPEN,2024-12-30 21:55:37,True,False,,,53.332763,-6.257942,20,16,4,10,6,0,6,20,16,4,10,6,0,6
12090,3,dublin,BOLTON STREET,Bolton Street,False,False,OPEN,2024-12-30 21:48:18,True,False,,,53.351182,-6.269859,20,8,12,6,2,0,2,20,8,12,6,2,0,2
12091,40,dublin,JERVIS STREET,Jervis Street,False,False,OPEN,2024-12-30 21:49:29,True,False,,,53.3483,-6.266651,21,7,14,2,5,0,5,21,7,14,2,5,0,5
12092,29,dublin,ORMOND QUAY UPPER,Ormond Quay Upper,False,False,OPEN,2024-12-30 21:52:03,True,False,,,53.346057,-6.268001,29,26,3,10,16,0,16,29,26,3,10,16,0,16
12093,103,dublin,GRANGEGORMAN LOWER (SOUTH),Grangegorman Lower (South),False,False,OPEN,2024-12-30 21:45:47,True,False,,,53.354663,-6.278681,40,3,37,3,0,0,0,40,3,37,3,0,0,0
12094,28,dublin,MOUNTJOY SQUARE WEST,Mountjoy Square West,False,False,OPEN,2024-12-30 21:46:17,True,False,,,53.356299,-6.258586,30,19,11,8,11,0,11,30,19,11,8,11,0,11
12095,39,dublin,WILTON TERRACE,Wilton Terrace,False,False,OPEN,2024-12-30 21:50:55,True,False,,,53.332383,-6.252717,20,5,15,3,2,0,2,20,5,15,3,2,0,2
12096,83,dublin,EMMET ROAD,Emmet Road,False,False,OPEN,2024-12-30 21:47:53,True,False,,,53.340714,-6.308191,40,13,27,8,5,0,5,40,13,27,8,5,0,5
12097,92,dublin,HEUSTON BRIDGE (NORTH),Heuston Bridge (North),False,False,OPEN,2024-12-30 21:55:12,True,False,,,53.347802,-6.292432,40,28,12,17,11,0,11,40,28,12,17,11,0,11
12098,21,dublin,LEINSTER STREET SOUTH,Leinster Street South,False,False,OPEN,2024-12-30 21:47:49,True,False,,,53.34218,-6.254485,30,4,26,3,1,0,1,30,4,26,3,1,0,1
12099,88,dublin,BLACKHALL PLACE,Blackhall Place,False,False,OPEN,2024-12-30 21:48:44,True,False,,,53.3488,-6.281637,30,1,29,1,0,0,0,30,1,29,1,0,0,0
12100,42,dublin,SMITHFIELD NORTH,Smithfield North,False,False,OPEN,2024-12-30 22:21:08,True,False,,,53.349562,-6.278198,30,11,19,7,4,0,4,30,11,19,7,4,0,4
12101,30,dublin,PARNELL SQUARE NORTH,Parnell Square North,False,False,OPEN,2024-12-30 22:22:20,True,False,,,53.3537415547453,-6.26530144781526,20,0,20,0,0,0,0,20,0,20,0,0,0,0
12102,54,dublin,CLONMEL STREET,Clonmel Street,False,False,OPEN,2024-12-30 22:19:13,True,False,,,53.336021,-6.26298,33,17,16,9,8,0,8,33,17,16,9,8,0,8
12103,108,dublin,AVONDALE ROAD,Avondale Road,False,False,OPEN,2024-12-30 22:25:43,True,False,,,53.359405,-6.276142,35,18,17,14,4,0,4,35,18,17,14,4,0,4
12104,20,dublin,JAMES STREET EAST,James Street East,False,False,OPEN,2024-12-30 22:18:19,True,False,,,53.336597,-6.248109,30,1,29,1,0,0,0,30,1,29,1,0,0,0
12105,56,dublin,MOUNT STREET LOWER,Mount Street Lower,False,False,OPEN,2024-12-30 22:25:43,True,False,,,53.33796,-6.24153,40,24,16,17,7,0,7,40,24,16,17,7,0,7
12106,6,dublin,CHRISTCHURCH PLACE,Christchurch Place,False,False,OPEN,2024-12-30 22:17:37,True,False,,,53.343368,-6.27012,20,16,4,5,11,0,11,20,16,4,5,11,0,11
12107,18,dublin,GRANTHAM STREET,Grantham Street,False,False,OPEN,2024-12-30 22:23:51,True,False,,,53.334123,-6.265436,30,3,27,2,1,0,1,30,3,27,2,1,0,1
12108,32,dublin,PEARSE STREET,Pearse Street,False,False,OPEN,2024-12-30 22:25:03,True,False,,,53.344304,-6.250427,30,12,18,7,5,0,5,30,12,18,7,5,0,5
12109,52,dublin,YORK STREET EAST,York Street East,False,False,OPEN,2024-12-30 22:25:16,True,False,,,53.338755,-6.262003,32,15,17,8,7,0,7,32,15,17,8,7,0,7
12110,48,dublin,EXCISE WALK,Excise Walk,False,False,OPEN,2024-12-30 22:16:56,True,False,,,53.347777,-6.244239,40,9,31,9,0,0,0,40,9,31,9,0,0,0
12111,13,dublin,FITZWILLIAM SQUARE WEST,Fitzwilliam Square West,False,False,OPEN,2024-12-30 22:19:28,True,False,,,53.336074,-6.252825,30,26,4,12,14,0,14,30,26,4,12,14,0,14
12112,43,dublin,PORTOBELLO ROAD,Portobello Road,False,False,OPEN,2024-12-30 22:16:31,True,False,,,53.330091,-6.268044,30,22,8,14,8,0,8,30,22,8,14,8,0,8
12113,31,dublin,PARNELL STREET,Parnell Street,False,False,OPEN,2024-12-30 22:19:46,True,False,,,53.350929,-6.265125,20,9,11,3,6,0,6,20,9,11,3,6,0,6
12114,98,dublin,FREDERICK STREET SOUTH,Frederick Street South,False,False,OPEN,2024-12-30 22:25:36,True,False,,,53.341515,-6.256853,40,18,22,12,6,0,6,40,18,22,12,6,0,6
12115,14,dublin,FOWNES STREET UPPER,Fownes Street Upper,False,False,OPEN,2024-12-30 22:19:29,True,False,,,53.344603,-6.263371,30,24,6,13,11,0,11,30,24,6,13,11,0,11
12116,1,dublin,CLARENDON ROW,Clarendon Row,False,False,OPEN,2024-12-30 22:25:41,True,False,,,53.340927,-6.262501,31,9,22,7,2,0,2,31,9,22,7,2,0,2
12117,23,dublin,CUSTOM HOUSE,Custom House,False,False,OPEN,2024-12-30 22:20:11,True,False,,,53.348279,-6.254662,30,4,26,4,0,0,0,30,4,26,4,0,0,0
12118,106,dublin,RATHDOWN ROAD,Rathdown Road,False,False,OPEN,2024-12-30 22:16:36,True,False,,,53.35893,-6.280337,40,5,35,5,0,0,0,40,5,35,5,0,0,0
12119,112,dublin,NORTH CIRCULAR ROAD (O'CONNELL'S),North Circular Road (O'Connell's),False,False,OPEN,2024-12-30 22:16:56,True,False,,,53.357841,-6.251557,30,29,1,20,9,0,9,30,29,1,20,9,0,9
12120,68,dublin,HANOVER QUAY,Hanover Quay,False,False,OPEN,2024-12-30 22:16:13,True,False,,,53.344115,-6.237153,40,29,11,18,11,0,11,40,29,11,18,11,0,11
12121,74,dublin,OLIVER BOND STREET,Oliver Bond Street,False,False,OPEN,2024-12-30 22:20:26,True,False,,,53.343893,-6.280531,30,17,13,9,8,0,8,30,17,13,9,8,0,8
12122,87,dublin,COLLINS BARRACKS MUSEUM,Collins Barracks Museum,False,False,OPEN,2024-12-30 22:18:24,True,False,,,53.347477,-6.28525,38,19,19,11,8,0,8,38,19,19,11,8,0,8
12123,84,dublin,BROOKFIELD ROAD,Brookfield Road,False,False,OPEN,2024-12-30 22:16:46,True,False,,,53.339005,-6.300217,30,11,19,4,7,0,7,30,11,19,4,7,0,7
12124,90,dublin,BENSON STREET,Benson Street,False,False,OPEN,2024-12-30 22:17:59,True,False,,,53.344153,-6.233451,40,3,37,1,2,0,2,40,3,37,1,2,0,2
12125,11,dublin,EARLSFORT TERRACE,Earlsfort Terrace,False,False,OPEN,2024-12-30 22:24:18,True,False,,,53.334295,-6.258503,30,20,10,15,5,0,5,30,20,10,15,5,0,5
12126,17,dublin,GOLDEN LANE,Golden Lane,False,False,OPEN,2024-12-30 22:22:10,True,False,,,53.340803,-6.267732,20,1,19,0,1,0,1,20,1,19,0,1,0,1
12127,45,dublin,DEVERELL PLACE,Deverell Place,False,False,OPEN,2024-12-30 22:20:47,True,False,,,53.351464,-6.255265,30,8,22,5,3,0,3,30,8,22,5,3,0,3
12128,114,dublin,WILTON TERRACE (PARK),Wilton Terrace (Park),False,False,OPEN,2024-12-30 22:19:24,True,False,,,53.333653,-6.248345,40,0,40,0,0,0,0,40,0,40,0,0,0,0
12129,72,dublin,JOHN STREET WEST,John Street West,False,False,OPEN,2024-12-30 22:17:48,True,False,,,53.343105,-6.277167,31,5,26,2,3,0,3,31,5,26,2,3,0,3
12130,63,dublin,FENIAN STREET,Fenian Street,False,False,OPEN,2024-12-30 22:18:00,True,False,,,53.341428,-6.24672,35,11,24,2,9,0,9,35,11,24,2,9,0,9
12131,113,dublin,MERRION SQUARE SOUTH,Merrion Square South,False,False,OPEN,2024-12-30 22:16:29,True,False,,,53.338614,-6.248606,40,7,22,6,1,0,1,40,7,22,6,1,0,1
12132,91,dublin,SOUTH DOCK ROAD,South Dock Road,False,False,OPEN,2024-12-30 22:17:12,True,False,,,53.341833,-6.231291,30,19,11,12,7,0,7,30,19,11,12,7,0,7
12133,99,dublin,CITY QUAY,City Quay,False,False,OPEN,2024-12-30 22:20:31,True,False,,,53.346637,-6.246154,30,16,14,6,10,0,10,30,16,14,6,10,0,10
12134,9,dublin,EXCHEQUER STREET,Exchequer Street,False,False,OPEN,2024-12-30 22:19:19,True,False,,,53.343034,-6.263578,24,14,10,11,3,0,3,24,14,10,11,3,0,3
12135,67,dublin,THE POINT,The Point,False,False,OPEN,2024-12-30 22:24:47,True,False,,,53.346867,-6.230852,40,16,24,11,5,0,5,40,16,24,11,5,0,5
12136,116,dublin,BROADSTONE,Broadstone,False,False,OPEN,2024-12-30 22:23:46,True,False,,,53.3547,-6.272314,30,17,13,8,9,0,9,30,17,13,8,9,0,9
12137,55,dublin,HATCH STREET,Hatch Street,False,False,OPEN,2024-12-30 22:17:34,True,False,,,53.33403,-6.260714,36,7,29,5,2,0,2,36,7,29,5,2,0,2
12138,62,dublin,LIME STREET,Lime Street,False,False,OPEN,2024-12-30 22:25:22,True,False,,,53.346026,-6.243576,40,14,26,5,9,0,9,40,14,26,5,9,0,9
12139,5,dublin,CHARLEMONT PLACE,Charlemont Street,False,False,OPEN,2024-12-30 22:22:38,True,False,,,53.330662,-6.260177,40,18,22,15,3,0,3,40,18,22,15,3,0,3
12140,97,dublin,KILMAINHAM GAOL,Kilmainham Gaol,False,False,OPEN,2024-12-30 22:16:12,True,False,,,53.342113,-6.310015,40,13,27,5,8,0,8,40,13,27,5,8,0,8
12141,61,dublin,HARDWICKE PLACE,Hardwicke Place,False,False,OPEN,2024-12-30 22:24:10,True,False,,,53.357043,-6.263232,25,1,24,1,0,0,0,25,1,24,1,0,0,0
12142,77,dublin,WOLFE TONE STREET,Wolfe Tone Street,False,False,OPEN,2024-12-30 22:16:38,True,False,,,53.348875,-6.267459,29,26,3,10,16,0,16,29,26,3,10,16,0,16
12143,73,dublin,FRANCIS STREET,Francis Street,False,False,OPEN,2024-12-30 22:17:19,True,False,,,53.342081,-6.275233,30,8,22,8,0,0,0,30,8,22,8,0,0,0
12144,4,dublin,GREEK STREET,Greek Street,False,False,OPEN,2024-12-30 22:16:51,True,False,,,53.346874,-6.272976,20,12,8,3,9,0,9,20,12,8,3,9,0,9
12145,49,dublin,GUILD STREET,Guild Street,False,False,OPEN,2024-12-30 22:21:18,True,False,,,53.347932,-6.240928,40,21,19,12,9,0,9,40,21,19,12,9,0,9
12146,19,dublin,HERBERT PLACE,Herbert Place,False,False,OPEN,2024-12-30 22:17:54,True,False,,,53.334432,-6.245575,30,0,30,0,0,0,0,30,0,30,0,0,0,0
12147,7,dublin,HIGH STREET,High Street,False,False,OPEN,2024-12-30 22:25:41,True,False,,,53.343565,-6.275071,29,9,20,5,4,0,4,29,9,20,5,4,0,4
12148,60,dublin,NORTH CIRCULAR ROAD,North Circular Road,False,False,OPEN,2024-12-30 22:21:17,True,False,,,53.359624,-6.260348,30,9,21,6,3,0,3,30,9,21,6,3,0,3
12149,102,dublin,WESTERN WAY,Western Way,False,False,OPEN,2024-12-30 22:16:07,True,False,,,53.354929,-6.269425,40,13,27,12,1,0,1,40,13,27,12,1,0,1
12150,38,dublin,TALBOT STREET,Talbot Street,False,False,OPEN,2024-12-30 22:19:38,True,False,,,53.350974,-6.25294,40,40,0,26,14,0,14,40,40,0,26,14,0,14
12151,53,dublin,NEWMAN HOUSE,Newman House,False,False,OPEN,2024-12-30 22:25:41,True,False,,,53.337132,-6.26059,40,14,26,12,2,0,2,40,14,26,12,2,0,2
12152,58,dublin,SIR PATRICK DUN'S,Sir Patrick's Dun,False,False,OPEN,2024-12-30 22:18:12,True,False,,,53.339218,-6.240642,40,1,39,0,1,0,1,40,1,39,0,1,0,1
12153,66,dublin,NEW CENTRAL BANK,New Central Bank,False,False,OPEN,2024-12-30 22:25:14,True,False,,,53.347122,-6.234749,40,13,27,11,2,0,2,40,13,27,11,2,0,2
12154,104,dublin,GRANGEGORMAN LOWER (CENTRAL),Grangegorman Lower (Central),False,False,OPEN,2024-12-30 22:21:03,True,False,,,53.355173,-6.278424,40,19,21,10,9,0,9,40,19,21,10,9,0,9
12155,101,dublin,KING STREET NORTH,King Street North,False,False,OPEN,2024-12-30 22:24:44,True,False,,,53.350291,-6.273507,30,8,22,2,6,0,6,30,8,22,2,6,0,6
12156,115,dublin,KILLARNEY STREET,Killarney Street,False,False,OPEN,2024-12-30 22:21:42,True,False,,,53.354845,-6.247579,30,26,4,15,11,0,11,30,26,4,15,11,0,11
12157,47,dublin,HERBERT STREET,Herbert Street,False,False,OPEN,2024-12-30 22:18:03,True,False,,,53.335742,-6.24551,40,1,39,1,0,0,0,40,1,39,1,0,0,0
12158,117,dublin,HANOVER QUAY EAST,Hanover Quay East,False,False,OPEN,2024-12-30 22:25:21,True,False,,,53.343653,-6.231755,40,4,36,3,1,0,1,40,4,36,3,1,0,1
12159,8,dublin,CUSTOM HOUSE QUAY,Custom House Quay,False,False,OPEN,2024-12-30 22:16:57,True,False,,,53.347884,-6.248048,30,8,22,7,1,0,1,30,8,22,7,1,0,1
12160,27,dublin,MOLESWORTH STREET,Molesworth Street,False,False,OPEN,2024-12-30 22:16:06,True,False,,,53.341288,-6.258117,20,15,4,2,13,0,13,20,15,4,2,13,0,13
12161,16,dublin,GEORGES QUAY,Georges Quay,False,False,OPEN,2024-12-30 22:23:59,True,False,,,53.347508,-6.252192,20,4,16,2,2,0,2,20,4,16,2,2,0,2
12162,96,dublin,KILMAINHAM LANE,Kilmainham Lane,False,False,OPEN,2024-12-30 22:17:43,True,False,,,53.341805,-6.305085,30,20,10,13,7,0,7,30,20,10,13,7,0,7
12163,82,dublin,MOUNT BROWN,Mount Brown,False,False,OPEN,2024-12-30 22:25:30,True,False,,,53.341645,-6.29719,22,8,14,3,5,0,5,22,8,14,3,5,0,5
12164,76,dublin,MARKET STREET SOUTH,Market Street South,False,False,OPEN,2024-12-30 22:17:16,True,False,,,53.342296,-6.287661,38,6,32,4,2,0,2,38,6,32,4,2,0,2
12165,71,dublin,KEVIN STREET,Kevin Street,False,False,OPEN,2024-12-30 22:25:27,True,False,,,53.337757,-6.267699,40,25,15,20,5,0,5,40,25,15,20,5,0,5
12166,79,dublin,ECCLES STREET EAST,Eccles Street East,False,False,OPEN,2024-12-30 22:20:04,True,False,,,53.358115,-6.265601,27,2,25,1,1,0,1,27,2,25,1,1,0,1
12167,69,dublin,GRAND CANAL DOCK,Grand Canal Dock,False,False,OPEN,2024-12-30 22:23:08,True,False,,,53.342638,-6.238695,40,34,6,21,13,0,13,40,34,6,21,13,0,13
12168,25,dublin,MERRION SQUARE EAST,Merrion Square East,False,False,OPEN,2024-12-30 22:19:56,True,False,,,53.339434,-6.246548,30,6,24,0,6,0,6,30,6,24,0,6,0,6
12169,51,dublin,YORK STREET WEST,York Street West,False,False,OPEN,2024-12-30 22:16:37,True,False,,,53.339334,-6.264699,40,0,0,0,0,0,0,40,0,0,0,0,0,0
12170,37,dublin,ST. STEPHEN'S GREEN SOUTH,St. Stephen's Green South,False,False,OPEN,2024-12-30 22:25:01,True,False,,,53.337494,-6.26199,30,24,6,13,11,0,11,30,24,6,13,11,0,11
12171,59,dublin,DENMARK STREET GREAT,Denmark Street Great,False,False,OPEN,2024-12-30 22:21:10,True,False,,,53.35561,-6.261397,20,2,18,1,1,0,1,20,2,18,1,1,0,1
12172,95,dublin,ROYAL HOSPITAL,Royal Hospital,False,False,OPEN,2024-12-30 22:20:15,True,False,,,53.343897,-6.29706,40,8,32,4,4,0,4,40,8,32,4,4,0,4
12173,94,dublin,HEUSTON STATION (CAR PARK),Heuston Station (Car Park),False,False,OPEN,2024-12-30 22:19:26,True,False,,,53.346985,-6.297804,40,10,30,10,0,0,0,40,10,30,10,0,0,0
12174,105,dublin,GRANGEGORMAN LOWER (NORTH),Grangegorman Lower (North),False,False,OPEN,2024-12-30 22:18:20,True,False,,,53.355954,-6.278378,36,13,23,7,6,0,6,36,13,23,7,6,0,6
12175,36,dublin,ST. STEPHEN'S GREEN EAST,St. Stephen's Green East,False,False,OPEN,2024-12-30 22:25:00,True,False,,,53.337824,-6.256035,40,21,19,18,3,0,3,40,21,19,18,3,0,3
12176,93,dublin,HEUSTON STATION (CENTRAL),Heuston Station (Central),False,False,OPEN,2024-12-30 22:18:42,True,False,,,53.346603,-6.296924,40,8,32,8,0,0,0,40,8,32,8,0,0,0
12177,22,dublin,TOWNSEND STREET,Townsend Street,False,False,OPEN,2024-12-30 22:18:35,True,False,,,53.345922,-6.254614,20,7,13,4,3,0,3,20,7,13,4,3,0,3
12178,50,dublin,GEORGES LANE,George's Lane,False,False,OPEN,2024-12-30 22:18:16,True,False,,,53.35023,-6.279696,40,16,24,12,4,0,4,40,16,24,12,4,0,4
12179,110,dublin,PHIBSBOROUGH ROAD,Phibsborough Road,False,False,OPEN,2024-12-30 22:17:23,True,False,,,53.356307,-6.273717,40,19,21,10,9,0,9,40,19,21,10,9,0,9
12180,12,dublin,ECCLES STREET,Eccles Street,False,False,OPEN,2024-12-30 22:16:04,True,False,,,53.359246,-6.269779,20,3,17,3,0,0,0,20,3,17,3,0,0,0
12181,34,dublin,PORTOBELLO HARBOUR,Portobello Harbour,False,False,OPEN,2024-12-30 22:20:09,True,False,,,53.330362,-6.265163,30,11,19,10,1,0,1,30,11,19,10,1,0,1
12182,78,dublin,MATER HOSPITAL,Mater Hospital,False,False,OPEN,2024-12-30 22:18:29,True,False,,,53.359967,-6.264828,40,9,31,7,2,0,2,40,9,31,7,2,0,2
12183,2,dublin,BLESSINGTON STREET,Blessington Street,False,False,OPEN,2024-12-30 22:24:55,True,False,,,53.356769,-6.26814,20,6,14,3,3,0,3,20,6,14,3,3,0,3
12184,75,dublin,JAMES STREET,James Street,False,False,OPEN,2024-12-30 22:19:32,True,False,,,53.343456,-6.287409,40,5,35,4,1,0,1,40,5,35,4,1,0,1
12185,111,dublin,MOUNTJOY SQUARE EAST,Mountjoy Square East,False,False,OPEN,2024-12-30 22:23:20,True,False,,,53.356717,-6.256359,40,10,30,5,5,0,5,40,10,30,5,5,0,5
12186,26,dublin,MERRION SQUARE WEST,Merrion Square West,False,False,OPEN,2024-12-30 22:16:48,True,False,,,53.339764,-6.251988,20,11,9,2,9,0,9,20,11,9,2,9,0,9
12187,65,dublin,CONVENTION CENTRE,Convention Centre,False,False,OPEN,2024-12-30 22:18:18,True,False,,,53.34744,-6.238523,40,1,39,1,0,0,0,40,1,39,1,0,0,0
12188,15,dublin,HARDWICKE STREET,Hardwicke Street,False,False,OPEN,2024-12-30 22:18:09,True,False,,,53.355473,-6.264423,16,0,16,0,0,0,0,16,0,16,0,0,0,0
12189,86,dublin,PARKGATE STREET,Parkgate Street,False,False,OPEN,2024-12-30 22:24:38,True,False,,,53.347972,-6.291804,38,12,26,1,11,0,11,38,12,26,1,11,0,11
12190,35,dublin,SMITHFIELD,Smithfield,False,False,OPEN,2024-12-30 22:19:15,True,False,,,53.347692,-6.278214,30,21,9,13,8,0,8,30,21,9,13,8,0,8
12191,10,dublin,DAME STREET,Dame Street,False,False,OPEN,2024-12-30 22:18:16,True,False,,,53.344007,-6.266802,16,15,1,10,5,0,5,16,15,1,10,5,0,5
12192,100,dublin,HEUSTON BRIDGE (SOUTH),Heuston Bridge (South),False,False,OPEN,2024-12-30 22:20:08,True,False,,,53.347106,-6.292041,25,24,1,12,12,0,12,25,24,1,12,12,0,12
12193,24,dublin,CATHAL BRUGHA STREET,Cathal Brugha Street,False,False,OPEN,2024-12-30 22:20:43,True,False,,,53.352149,-6.260533,20,7,13,4,3,0,3,20,7,13,4,3,0,3
12194,64,dublin,SANDWITH STREET,Sandwith Street,False,False,OPEN,2024-12-30 22:19:51,True,False,,,53.345203,-6.247163,40,16,24,13,3,0,3,40,16,24,13,3,0,3
12195,109,dublin,BUCKINGHAM STREET LOWER,Buckingham Street Lower,False,False,OPEN,2024-12-30 22:17:13,True,False,,,53.353331,-6.249319,29,7,22,4,3,0,3,29,7,22,4,3,0,3
12196,85,dublin,ROTHE ABBEY,Rothe Abbey,False,False,OPEN,2024-12-30 22:18:44,True,False,,,53.338776,-6.30395,35,16,19,4,12,0,12,35,16,19,4,12,0,12
12197,107,dublin,CHARLEVILLE ROAD,Charleville Road,False,False,OPEN,2024-12-30 22:18:56,True,False,,,53.359157,-6.281866,40,10,30,5,5,0,5,40,10,30,5,5,0,5
12198,33,dublin,PRINCES STREET / O'CONNELL STREET,Princes Street / O'Connell Street,False,False,OPEN,2024-12-30 22:18:34,True,False,,,53.349013,-6.260311,23,14,9,5,9,0,9,23,14,9,5,9,0,9
12199,44,dublin,UPPER SHERRARD STREET,Upper Sherrard Street,False,False,OPEN,2024-12-30 22:20:03,True,False,,,53.358437,-6.260641,30,12,18,8,4,0,4,30,12,18,8,4,0,4
12200,89,dublin,FITZWILLIAM SQUARE EAST,Fitzwilliam Square East,False,False,OPEN,2024-12-30 22:16:37,True,False,,,53.335211,-6.2509,40,18,22,10,8,0,8,40,18,22,10,8,0,8
12201,57,dublin,GRATTAN STREET,Grattan Street,False,False,OPEN,2024-12-30 22:23:49,True,False,,,53.339629,-6.243778,23,10,13,7,3,0,3,23,10,13,7,3,0,3
12202,80,dublin,ST JAMES HOSPITAL (LUAS),St James Hospital (Luas),False,False,OPEN,2024-12-30 22:21:10,True,False,,,53.341359,-6.292951,40,7,33,2,5,0,5,40,7,33,2,5,0,5
12203,41,dublin,HARCOURT TERRACE,Harcourt Terrace,False,False,OPEN,2024-12-30 22:15:50,True,False,,,53.332763,-6.257942,20,16,4,10,6,0,6,20,16,4,10,6,0,6
12204,3,dublin,BOLTON STREET,Bolton Street,False,False,OPEN,2024-12-30 22:17:15,True,False,,,53.351182,-6.269859,20,8,12,6,2,0,2,20,8,12,6,2,0,2
12205,40,dublin,JERVIS STREET,Jervis Street,False,False,OPEN,2024-12-30 22:19:45,True,False,,,53.3483,-6.266651,21,6,15,1,5,0,5,21,6,15,1,5,0,5
12206,29,dublin,ORMOND QUAY UPPER,Ormond Quay Upper,False,False,OPEN,2024-12-30 22:22:20,True,False,,,53.346057,-6.268001,29,26,3,11,15,0,15,29,26,3,11,15,0,15
12207,103,dublin,GRANGEGORMAN LOWER (SOUTH),Grangegorman Lower (South),False,False,OPEN,2024-12-30 22:16:01,True,False,,,53.354663,-6.278681,40,3,37,3,0,0,0,40,3,37,3,0,0,0
12208,28,dublin,MOUNTJOY SQUARE WEST,Mountjoy Square West,False,False,OPEN,2024-12-30 22:16:31,True,False,,,53.356299,-6.258586,30,19,11,8,11,0,11,30,19,11,8,11,0,11
12209,39,dublin,WILTON TERRACE,Wilton Terrace,False,False,OPEN,2024-12-30 22:17:30,True,False,,,53.332383,-6.252717,20,4,16,2,2,0,2,20,4,16,2,2,0,2
12210,83,dublin,EMMET ROAD,Emmet Road,False,False,OPEN,2024-12-30 22:18:09,True,False,,,53.340714,-6.308191,40,13,27,8,5,0,5,40,13,27,8,5,0,5
12211,92,dublin,HEUSTON BRIDGE (NORTH),Heuston Bridge (North),False,False,OPEN,2024-12-30 22:25:25,True,False,,,53.347802,-6.292432,40,28,12,17,11,0,11,40,28,12,17,11,0,11
12212,21,dublin,LEINSTER STREET SOUTH,Leinster Street South,False,False,OPEN,2024-12-30 22:17:27,True,False,,,53.34218,-6.254485,30,4,26,3,1,0,1,30,4,26,3,1,0,1
12213,88,dublin,BLACKHALL PLACE,Blackhall Place,False,False,OPEN,2024-12-30 22:24:08,True,False,,,53.3488,-6.281637,30,2,28,2,0,0,0,30,2,28,2,0,0,0
12214,42,dublin,SMITHFIELD NORTH,Smithfield North,False,False,OPEN,2024-12-30 22:51:24,True,False,,,53.349562,-6.278198,30,11,19,7,4,0,4,30,11,19,7,4,0,4
12215,30,dublin,PARNELL SQUARE NORTH,Parnell Square North,False,False,OPEN,2024-12-30 22:52:33,True,False,,,53.3537415547453,-6.26530144781526,20,0,20,0,0,0,0,20,0,20,0,0,0,0
12216,54,dublin,CLONMEL STREET,Clonmel Street,False,False,OPEN,2024-12-30 22:49:26,True,False,,,53.336021,-6.26298,33,17,16,9,8,0,8,33,17,16,9,8,0,8
12217,108,dublin,AVONDALE ROAD,Avondale Road,False,False,OPEN,2024-12-30 22:47:27,True,False,,,53.359405,-6.276142,35,17,18,13,4,0,4,35,17,18,13,4,0,4
12218,20,dublin,JAMES STREET EAST,James Street East,False,False,OPEN,2024-12-30 22:48:33,True,False,,,53.336597,-6.248109,30,1,29,1,0,0,0,30,1,29,1,0,0,0
12219,56,dublin,MOUNT STREET LOWER,Mount Street Lower,False,False,OPEN,2024-12-30 22:55:04,True,False,,,53.33796,-6.24153,40,22,18,15,7,0,7,40,22,18,15,7,0,7
12220,6,dublin,CHRISTCHURCH PLACE,Christchurch Place,False,False,OPEN,2024-12-30 22:48:42,True,False,,,53.343368,-6.27012,20,16,4,6,10,0,10,20,16,4,6,10,0,10
12221,18,dublin,GRANTHAM STREET,Grantham Street,False,False,OPEN,2024-12-30 22:46:54,True,False,,,53.334123,-6.265436,30,3,27,2,1,0,1,30,3,27,2,1,0,1
12222,32,dublin,PEARSE STREET,Pearse Street,False,False,OPEN,2024-12-30 22:55:14,True,False,,,53.344304,-6.250427,30,12,18,7,5,0,5,30,12,18,7,5,0,5
12223,52,dublin,YORK STREET EAST,York Street East,False,False,OPEN,2024-12-30 22:55:28,True,False,,,53.338755,-6.262003,32,15,17,8,7,0,7,32,15,17,8,7,0,7
12224,48,dublin,EXCISE WALK,Excise Walk,False,False,OPEN,2024-12-30 22:47:09,True,False,,,53.347777,-6.244239,40,9,31,9,0,0,0,40,9,31,9,0,0,0
12225,13,dublin,FITZWILLIAM SQUARE WEST,Fitzwilliam Square West,False,False,OPEN,2024-12-30 22:49:44,True,False,,,53.336074,-6.252825,30,25,5,11,14,0,14,30,25,5,11,14,0,14
12226,43,dublin,PORTOBELLO ROAD,Portobello Road,False,False,OPEN,2024-12-30 22:46:46,True,False,,,53.330091,-6.268044,30,22,8,14,8,0,8,30,22,8,14,8,0,8
12227,31,dublin,PARNELL STREET,Parnell Street,False,False,OPEN,2024-12-30 22:50:06,True,False,,,53.350929,-6.265125,20,5,15,2,3,0,3,20,5,15,2,3,0,3
12228,98,dublin,FREDERICK STREET SOUTH,Frederick Street South,False,False,OPEN,2024-12-30 22:45:44,True,False,,,53.341515,-6.256853,40,18,22,12,6,0,6,40,18,22,12,6,0,6
12229,14,dublin,FOWNES STREET UPPER,Fownes Street Upper,False,False,OPEN,2024-12-30 22:53:36,True,False,,,53.344603,-6.263371,30,21,9,10,11,0,11,30,21,9,10,11,0,11
12230,1,dublin,CLARENDON ROW,Clarendon Row,False,False,OPEN,2024-12-30 22:51:05,True,False,,,53.340927,-6.262501,31,7,24,7,0,0,0,31,7,24,7,0,0,0
12231,23,dublin,CUSTOM HOUSE,Custom House,False,False,OPEN,2024-12-30 22:50:27,True,False,,,53.348279,-6.254662,30,4,26,4,0,0,0,30,4,26,4,0,0,0
12232,106,dublin,RATHDOWN ROAD,Rathdown Road,False,False,OPEN,2024-12-30 22:46:51,True,False,,,53.35893,-6.280337,40,5,35,5,0,0,0,40,5,35,5,0,0,0
12233,112,dublin,NORTH CIRCULAR ROAD (O'CONNELL'S),North Circular Road (O'Connell's),False,False,OPEN,2024-12-30 22:47:09,True,False,,,53.357841,-6.251557,30,30,0,21,9,0,9,30,30,0,21,9,0,9
12234,68,dublin,HANOVER QUAY,Hanover Quay,False,False,OPEN,2024-12-30 22:46:25,True,False,,,53.344115,-6.237153,40,29,11,18,11,0,11,40,29,11,18,11,0,11
12235,74,dublin,OLIVER BOND STREET,Oliver Bond Street,False,False,OPEN,2024-12-30 22:50:46,True,False,,,53.343893,-6.280531,30,16,14,9,7,0,7,30,16,14,9,7,0,7
12236,87,dublin,COLLINS BARRACKS MUSEUM,Collins Barracks Museum,False,False,OPEN,2024-12-30 22:48:37,True,False,,,53.347477,-6.28525,38,19,19,11,8,0,8,38,19,19,11,8,0,8
12237,84,dublin,BROOKFIELD ROAD,Brookfield Road,False,False,OPEN,2024-12-30 22:46:58,True,False,,,53.339005,-6.300217,30,11,19,4,7,0,7,30,11,19,4,7,0,7
12238,90,dublin,BENSON STREET,Benson Street,False,False,OPEN,2024-12-30 22:48:10,True,False,,,53.344153,-6.233451,40,3,37,1,2,0,2,40,3,37,1,2,0,2
12239,11,dublin,EARLSFORT TERRACE,Earlsfort Terrace,False,False,OPEN,2024-12-30 22:54:31,True,False,,,53.334295,-6.258503,30,20,10,15,5,0,5,30,20,10,15,5,0,5
12240,17,dublin,GOLDEN LANE,Golden Lane,False,False,OPEN,2024-12-30 22:52:24,True,False,,,53.340803,-6.267732,20,2,18,1,1,0,1,20,2,18,1,1,0,1
12241,45,dublin,DEVERELL PLACE,Deverell Place,False,False,OPEN,2024-12-30 22:49:10,True,False,,,53.351464,-6.255265,30,8,22,5,3,0,3,30,8,22,5,3,0,3
12242,114,dublin,WILTON TERRACE (PARK),Wilton Terrace (Park),False,False,OPEN,2024-12-30 22:49:40,True,False,,,53.333653,-6.248345,40,0,40,0,0,0,0,40,0,40,0,0,0,0
12243,72,dublin,JOHN STREET WEST,John Street West,False,False,OPEN,2024-12-30 22:49:38,True,False,,,53.343105,-6.277167,31,5,26,2,3,0,3,31,5,26,2,3,0,3
12244,63,dublin,FENIAN STREET,Fenian Street,False,False,OPEN,2024-12-30 22:48:13,True,False,,,53.341428,-6.24672,35,11,24,2,9,0,9,35,11,24,2,9,0,9
12245,113,dublin,MERRION SQUARE SOUTH,Merrion Square South,False,False,OPEN,2024-12-30 22:46:43,True,False,,,53.338614,-6.248606,40,7,22,6,1,0,1,40,7,22,6,1,0,1
12246,91,dublin,SOUTH DOCK ROAD,South Dock Road,False,False,OPEN,2024-12-30 22:47:29,True,False,,,53.341833,-6.231291,30,20,10,12,8,0,8,30,20,10,12,8,0,8
12247,99,dublin,CITY QUAY,City Quay,False,False,OPEN,2024-12-30 22:53:51,True,False,,,53.346637,-6.246154,30,15,15,6,9,0,9,30,15,15,6,9,0,9
12248,9,dublin,EXCHEQUER STREET,Exchequer Street,False,False,OPEN,2024-12-30 22:51:21,True,False,,,53.343034,-6.263578,24,15,9,12,3,0,3,24,15,9,12,3,0,3
12249,67,dublin,THE POINT,The Point,False,False,OPEN,2024-12-30 22:54:58,True,False,,,53.346867,-6.230852,40,16,24,11,5,0,5,40,16,24,11,5,0,5
12250,116,dublin,BROADSTONE,Broadstone,False,False,OPEN,2024-12-30 22:54:00,True,False,,,53.3547,-6.272314,30,18,12,9,9,0,9,30,18,12,9,9,0,9
12251,55,dublin,HATCH STREET,Hatch Street,False,False,OPEN,2024-12-30 22:47:46,True,False,,,53.33403,-6.260714,36,7,29,5,2,0,2,36,7,29,5,2,0,2
12252,62,dublin,LIME STREET,Lime Street,False,False,OPEN,2024-12-30 22:46:31,True,False,,,53.346026,-6.243576,40,14,26,5,9,0,9,40,14,26,5,9,0,9
12253,5,dublin,CHARLEMONT PLACE,Charlemont Street,False,False,OPEN,2024-12-30 22:52:53,True,False,,,53.330662,-6.260177,40,18,22,15,3,0,3,40,18,22,15,3,0,3
12254,97,dublin,KILMAINHAM GAOL,Kilmainham Gaol,False,False,OPEN,2024-12-30 22:46:24,True,False,,,53.342113,-6.310015,40,13,27,5,8,0,8,40,13,27,5,8,0,8
12255,61,dublin,HARDWICKE PLACE,Hardwicke Place,False,False,OPEN,2024-12-30 22:54:23,True,False,,,53.357043,-6.263232,25,1,24,1,0,0,0,25,1,24,1,0,0,0
12256,77,dublin,WOLFE TONE STREET,Wolfe Tone Street,False,False,OPEN,2024-12-30 22:46:50,True,False,,,53.348875,-6.267459,29,26,3,10,16,0,16,29,26,3,10,16,0,16
12257,73,dublin,FRANCIS STREET,Francis Street,False,False,OPEN,2024-12-30 22:47:33,True,False,,,53.342081,-6.275233,30,9,21,9,0,0,0,30,9,21,9,0,0,0
12258,4,dublin,GREEK STREET,Greek Street,False,False,OPEN,2024-12-30 22:47:03,True,False,,,53.346874,-6.272976,20,12,8,3,9,0,9,20,12,8,3,9,0,9
12259,49,dublin,GUILD STREET,Guild Street,False,False,OPEN,2024-12-30 22:51:34,True,False,,,53.347932,-6.240928,40,21,19,12,9,0,9,40,21,19,12,9,0,9
12260,19,dublin,HERBERT PLACE,Herbert Place,False,False,OPEN,2024-12-30 22:48:06,True,False,,,53.334432,-6.245575,30,0,30,0,0,0,0,30,0,30,0,0,0,0
12261,7,dublin,HIGH STREET,High Street,False,False,OPEN,2024-12-30 22:45:52,True,False,,,53.343565,-6.275071,29,8,21,4,4,0,4,29,8,21,4,4,0,4
12262,60,dublin,NORTH CIRCULAR ROAD,North Circular Road,False,False,OPEN,2024-12-30 22:51:32,True,False,,,53.359624,-6.260348,30,10,20,7,3,0,3,30,10,20,7,3,0,3
12263,102,dublin,WESTERN WAY,Western Way,False,False,OPEN,2024-12-30 22:51:15,True,False,,,53.354929,-6.269425,40,14,26,12,2,0,2,40,14,26,12,2,0,2
12264,38,dublin,TALBOT STREET,Talbot Street,False,False,OPEN,2024-12-30 22:49:54,True,False,,,53.350974,-6.25294,40,40,0,26,14,0,14,40,40,0,26,14,0,14
12265,53,dublin,NEWMAN HOUSE,Newman House,False,False,OPEN,2024-12-30 22:45:49,True,False,,,53.337132,-6.26059,40,14,26,12,2,0,2,40,14,26,12,2,0,2
12266,58,dublin,SIR PATRICK DUN'S,Sir Patrick's Dun,False,False,OPEN,2024-12-30 22:54:15,True,False,,,53.339218,-6.240642,40,2,38,1,1,0,1,40,2,38,1,1,0,1
12267,66,dublin,NEW CENTRAL BANK,New Central Bank,False,False,OPEN,2024-12-30 22:55:27,True,False,,,53.347122,-6.234749,40,13,27,11,2,0,2,40,13,27,11,2,0,2
12268,104,dublin,GRANGEGORMAN LOWER (CENTRAL),Grangegorman Lower (Central),False,False,OPEN,2024-12-30 22:51:17,True,False,,,53.355173,-6.278424,40,19,21,10,9,0,9,40,19,21,10,9,0,9
12269,101,dublin,KING STREET NORTH,King Street North,False,False,OPEN,2024-12-30 22:55:01,True,False,,,53.350291,-6.273507,30,7,23,1,6,0,6,30,7,23,1,6,0,6
12270,115,dublin,KILLARNEY STREET,Killarney Street,False,False,OPEN,2024-12-30 22:50:03,True,False,,,53.354845,-6.247579,30,30,0,18,12,0,12,30,30,0,18,12,0,12
12271,47,dublin,HERBERT STREET,Herbert Street,False,False,OPEN,2024-12-30 22:48:19,True,False,,,53.335742,-6.24551,40,0,40,0,0,0,0,40,0,40,0,0,0,0
12272,117,dublin,HANOVER QUAY EAST,Hanover Quay East,False,False,OPEN,2024-12-30 22:55:34,True,False,,,53.343653,-6.231755,40,4,36,3,1,0,1,40,4,36,3,1,0,1
12273,8,dublin,CUSTOM HOUSE QUAY,Custom House Quay,False,False,OPEN,2024-12-30 22:47:11,True,False,,,53.347884,-6.248048,30,8,22,7,1,0,1,30,8,22,7,1,0,1
12274,27,dublin,MOLESWORTH STREET,Molesworth Street,False,False,OPEN,2024-12-30 22:46:18,True,False,,,53.341288,-6.258117,20,15,4,2,13,0,13,20,15,4,2,13,0,13
12275,16,dublin,GEORGES QUAY,Georges Quay,False,False,OPEN,2024-12-30 22:54:11,True,False,,,53.347508,-6.252192,20,4,16,2,2,0,2,20,4,16,2,2,0,2
12276,96,dublin,KILMAINHAM LANE,Kilmainham Lane,False,False,OPEN,2024-12-30 22:47:56,True,False,,,53.341805,-6.305085,30,20,10,13,7,0,7,30,20,10,13,7,0,7
12277,82,dublin,MOUNT BROWN,Mount Brown,False,False,OPEN,2024-12-30 22:55:43,True,False,,,53.341645,-6.29719,22,8,14,3,5,0,5,22,8,14,3,5,0,5
12278,76,dublin,MARKET STREET SOUTH,Market Street South,False,False,OPEN,2024-12-30 22:47:31,True,False,,,53.342296,-6.287661,38,6,32,4,2,0,2,38,6,32,4,2,0,2
12279,71,dublin,KEVIN STREET,Kevin Street,False,False,OPEN,2024-12-30 22:48:14,True,False,,,53.337757,-6.267699,40,24,16,19,5,0,5,40,24,16,19,5,0,5
12280,79,dublin,ECCLES STREET EAST,Eccles Street East,False,False,OPEN,2024-12-30 22:50:17,True,False,,,53.358115,-6.265601,27,2,25,1,1,0,1,27,2,25,1,1,0,1
12281,69,dublin,GRAND CANAL DOCK,Grand Canal Dock,False,False,OPEN,2024-12-30 22:53:28,True,False,,,53.342638,-6.238695,40,34,6,22,12,0,12,40,34,6,22,12,0,12
12282,25,dublin,MERRION SQUARE EAST,Merrion Square East,False,False,OPEN,2024-12-30 22:53:12,True,False,,,53.339434,-6.246548,30,7,23,1,6,0,6,30,7,23,1,6,0,6
12283,51,dublin,YORK STREET WEST,York Street West,False,False,OPEN,2024-12-30 22:46:53,True,False,,,53.339334,-6.264699,40,0,0,0,0,0,0,40,0,0,0,0,0,0
12284,37,dublin,ST. STEPHEN'S GREEN SOUTH,St. Stephen's Green South,False,False,OPEN,2024-12-30 22:55:14,True,False,,,53.337494,-6.26199,30,24,6,13,11,0,11,30,24,6,13,11,0,11
12285,59,dublin,DENMARK STREET GREAT,Denmark Street Great,False,False,OPEN,2024-12-30 22:51:23,True,False,,,53.35561,-6.261397,20,4,16,3,1,0,1,20,4,16,3,1,0,1
12286,95,dublin,ROYAL HOSPITAL,Royal Hospital,False,False,OPEN,2024-12-30 22:50:31,True,False,,,53.343897,-6.29706,40,8,32,4,4,0,4,40,8,32,4,4,0,4
12287,94,dublin,HEUSTON STATION (CAR PARK),Heuston Station (Car Park),False,False,OPEN,2024-12-30 22:49:43,True,False,,,53.346985,-6.297804,40,10,30,10,0,0,0,40,10,30,10,0,0,0
12288,105,dublin,GRANGEGORMAN LOWER (NORTH),Grangegorman Lower (North),False,False,OPEN,2024-12-30 22:48:33,True,False,,,53.355954,-6.278378,36,13,23,7,6,0,6,36,13,23,7,6,0,6
12289,36,dublin,ST. STEPHEN'S GREEN EAST,St. Stephen's Green East,False,False,OPEN,2024-12-30 22:55:16,True,False,,,53.337824,-6.256035,40,19,21,17,2,0,2,40,19,21,17,2,0,2
12290,93,dublin,HEUSTON STATION (CENTRAL),Heuston Station (Central),False,False,OPEN,2024-12-30 22:48:58,True,False,,,53.346603,-6.296924,40,8,32,8,0,0,0,40,8,32,8,0,0,0
12291,22,dublin,TOWNSEND STREET,Townsend Street,False,False,OPEN,2024-12-30 22:48:52,True,False,,,53.345922,-6.254614,20,7,13,4,3,0,3,20,7,13,4,3,0,3
12292,50,dublin,GEORGES LANE,George's Lane,False,False,OPEN,2024-12-30 22:48:31,True,False,,,53.35023,-6.279696,40,16,24,13,3,0,3,40,16,24,13,3,0,3
12293,110,dublin,PHIBSBOROUGH ROAD,Phibsborough Road,False,False,OPEN,2024-12-30 22:48:24,True,False,,,53.356307,-6.273717,40,19,21,10,9,0,9,40,19,21,10,9,0,9
12294,12,dublin,ECCLES STREET,Eccles Street,False,False,OPEN,2024-12-30 22:46:18,True,False,,,53.359246,-6.269779,20,2,18,2,0,0,0,20,2,18,2,0,0,0
12295,34,dublin,PORTOBELLO HARBOUR,Portobello Harbour,False,False,OPEN,2024-12-30 22:50:27,True,False,,,53.330362,-6.265163,30,10,20,9,1,0,1,30,10,20,9,1,0,1
12296,78,dublin,MATER HOSPITAL,Mater Hospital,False,False,OPEN,2024-12-30 22:48:42,True,False,,,53.359967,-6.264828,40,10,30,7,3,0,3,40,10,30,7,3,0,3
12297,2,dublin,BLESSINGTON STREET,Blessington Street,False,False,OPEN,2024-12-30 22:55:10,True,False,,,53.356769,-6.26814,20,6,14,3,3,0,3,20,6,14,3,3,0,3
12298,75,dublin,JAMES STREET,James Street,False,False,OPEN,2024-12-30 22:49:37,True,False,,,53.343456,-6.287409,40,5,35,4,1,0,1,40,5,35,4,1,0,1
12299,111,dublin,MOUNTJOY SQUARE EAST,Mountjoy Square East,False,False,OPEN,2024-12-30 22:53:35,True,False,,,53.356717,-6.256359,40,9,31,3,6,0,6,40,9,31,3,6,0,6
12300,26,dublin,MERRION SQUARE WEST,Merrion Square West,False,False,OPEN,2024-12-30 22:49:27,True,False,,,53.339764,-6.251988,20,9,11,0,9,0,9,20,9,11,0,9,0,9
12301,65,dublin,CONVENTION CENTRE,Convention Centre,False,False,OPEN,2024-12-30 22:48:31,True,False,,,53.34744,-6.238523,40,2,38,2,0,0,0,40,2,38,2,0,0,0
12302,15,dublin,HARDWICKE STREET,Hardwicke Street,False,False,OPEN,2024-12-30 22:48:20,True,False,,,53.355473,-6.264423,16,2,14,2,0,0,0,16,2,14,2,0,0,0
12303,86,dublin,PARKGATE STREET,Parkgate Street,False,False,OPEN,2024-12-30 22:54:50,True,False,,,53.347972,-6.291804,38,12,26,1,11,0,11,38,12,26,1,11,0,11
12304,35,dublin,SMITHFIELD,Smithfield,False,False,OPEN,2024-12-30 22:49:29,True,False,,,53.347692,-6.278214,30,22,8,14,8,0,8,30,22,8,14,8,0,8
12305,10,dublin,DAME STREET,Dame Street,False,False,OPEN,2024-12-30 22:48:31,True,False,,,53.344007,-6.266802,16,14,2,9,5,0,5,16,14,2,9,5,0,5
12306,100,dublin,HEUSTON BRIDGE (SOUTH),Heuston Bridge (South),False,False,OPEN,2024-12-30 22:52:59,True,False,,,53.347106,-6.292041,25,24,1,12,12,0,12,25,24,1,12,12,0,12
12307,24,dublin,CATHAL BRUGHA STREET,Cathal Brugha Street,False,False,OPEN,2024-12-30 22:53:43,True,False,,,53.352149,-6.260533,20,8,12,7,1,0,1,20,8,12,7,1,0,1
12308,64,dublin,SANDWITH STREET,Sandwith Street,False,False,OPEN,2024-12-30 22:50:08,True,False,,,53.345203,-6.247163,40,16,24,13,3,0,3,40,16,24,13,3,0,3
12309,109,dublin,BUCKINGHAM STREET LOWER,Buckingham Street Lower,False,False,OPEN,2024-12-30 22:47:28,True,False,,,53.353331,-6.249319,29,7,22,4,3,0,3,29,7,22,4,3,0,3
12310,85,dublin,ROTHE ABBEY,Rothe Abbey,False,False,OPEN,2024-12-30 22:48:57,True,False,,,53.338776,-6.30395,35,16,19,4,12,0,12,35,16,19,4,12,0,12
12311,107,dublin,CHARLEVILLE ROAD,Charleville Road,False,False,OPEN,2024-12-30 22:49:16,True,False,,,53.359157,-6.281866,40,9,31,4,5,0,5,40,9,31,4,5,0,5
12312,33,dublin,PRINCES STREET / O'CONNELL STREET,Princes Street / O'Connell Street,False,False,OPEN,2024-12-30 22:48:50,True,False,,,53.349013,-6.260311,23,14,9,5,9,0,9,23,14,9,5,9,0,9
12313,44,dublin,UPPER SHERRARD STREET,Upper Sherrard Street,False,False,OPEN,2024-12-30 22:50:20,True,False,,,53.358437,-6.260641,30,12,18,8,4,0,4,30,12,18,8,4,0,4
12314,89,dublin,FITZWILLIAM SQUARE EAST,Fitzwilliam Square East,False,False,OPEN,2024-12-30 22:46:49,True,False,,,53.335211,-6.2509,40,18,22,10,8,0,8,40,18,22,10,8,0,8
12315,57,dublin,GRATTAN STREET,Grattan Street,False,False,OPEN,2024-12-30 22:54:36,True,False,,,53.339629,-6.243778,23,9,14,6,3,0,3,23,9,14,6,3,0,3
12316,80,dublin,ST JAMES HOSPITAL (LUAS),St James Hospital (Luas),False,False,OPEN,2024-12-30 22:51:26,True,False,,,53.341359,-6.292951,40,7,33,2,5,0,5,40,7,33,2,5,0,5
12317,41,dublin,HARCOURT TERRACE,Harcourt Terrace,False,False,OPEN,2024-12-30 22:50:20,True,False,,,53.332763,-6.257942,20,17,3,10,7,0,7,20,17,3,10,7,0,7
12318,3,dublin,BOLTON STREET,Bolton Street,False,False,OPEN,2024-12-30 22:55:12,True,False,,,53.351182,-6.269859,20,10,10,7,3,0,3,20,10,10,7,3,0,3
12319,40,dublin,JERVIS STREET,Jervis Street,False,False,OPEN,2024-12-30 22:50:03,True,False,,,53.3483,-6.266651,21,5,16,0,5,0,5,21,5,16,0,5,0,5
12320,29,dublin,ORMOND QUAY UPPER,Ormond Quay Upper,False,False,OPEN,2024-12-30 22:52:34,True,False,,,53.346057,-6.268001,29,25,4,10,15,0,15,29,25,4,10,15,0,15
12321,103,dublin,GRANGEGORMAN LOWER (SOUTH),Grangegorman Lower (South),False,False,OPEN,2024-12-30 22:46:14,True,False,,,53.354663,-6.278681,40,3,37,3,0,0,0,40,3,37,3,0,0,0
12322,28,dublin,MOUNTJOY SQUARE WEST,Mountjoy Square West,False,False,OPEN,2024-12-30 22:51:50,True,False,,,53.356299,-6.258586,30,20,10,9,11,0,11,30,20,10,9,11,0,11
12323,39,dublin,WILTON TERRACE,Wilton Terrace,False,False,OPEN,2024-12-30 22:47:41,True,False,,,53.332383,-6.252717,20,4,16,2,2,0,2,20,4,16,2,2,0,2
12324,83,dublin,EMMET ROAD,Emmet Road,False,False,OPEN,2024-12-30 22:48:25,True,False,,,53.340714,-6.308191,40,13,27,8,5,0,5,40,13,27,8,5,0,5
12325,92,dublin,HEUSTON BRIDGE (NORTH),Heuston Bridge (North),False,False,OPEN,2024-12-30 22:55:39,True,False,,,53.347802,-6.292432,40,28,12,17,11,0,11,40,28,12,17,11,0,11
12326,21,dublin,LEINSTER STREET SOUTH,Leinster Street South,False,False,OPEN,2024-12-30 22:47:46,True,False,,,53.34218,-6.254485,30,3,27,2,1,0,1,30,3,27,2,1,0,1
12327,88,dublin,BLACKHALL PLACE,Blackhall Place,False,False,OPEN,2024-12-30 22:48:57,True,False,,,53.3488,-6.281637,30,2,28,2,0,0,0,30,2,28,2,0,0,0
12328,42,dublin,SMITHFIELD NORTH,Smithfield North,False,False,OPEN,2024-12-30 23:21:40,True,False,,,53.349562,-6.278198,30,11,19,7,4,0,4,30,11,19,7,4,0,4
12329,30,dublin,PARNELL SQUARE NORTH,Parnell Square North,False,False,OPEN,2024-12-30 23:23:09,True,False,,,53.3537415547453,-6.26530144781526,20,0,20,0,0,0,0,20,0,20,0,0,0,0
12330,54,dublin,CLONMEL STREET,Clonmel Street,False,False,OPEN,2024-12-30 23:19:39,True,False,,,53.336021,-6.26298,33,17,16,9,8,0,8,33,17,16,9,8,0,8
12331,108,dublin,AVONDALE ROAD,Avondale Road,False,False,OPEN,2024-12-30 23:17:40,True,False,,,53.359405,-6.276142,35,17,18,13,4,0,4,35,17,18,13,4,0,4
12332,20,dublin,JAMES STREET EAST,James Street East,False,False,OPEN,2024-12-30 23:18:46,True,False,,,53.336597,-6.248109,30,1,29,1,0,0,0,30,1,29,1,0,0,0
12333,56,dublin,MOUNT STREET LOWER,Mount Street Lower,False,False,OPEN,2024-12-30 23:19:23,True,False,,,53.33796,-6.24153,40,22,18,15,7,0,7,40,22,18,15,7,0,7
12334,6,dublin,CHRISTCHURCH PLACE,Christchurch Place,False,False,OPEN,2024-12-30 23:16:14,True,False,,,53.343368,-6.27012,20,16,4,6,10,0,10,20,16,4,6,10,0,10
12335,18,dublin,GRANTHAM STREET,Grantham Street,False,False,OPEN,2024-12-30 23:17:07,True,False,,,53.334123,-6.265436,30,3,27,2,1,0,1,30,3,27,2,1,0,1
12336,32,dublin,PEARSE STREET,Pearse Street,False,False,OPEN,2024-12-30 23:25:24,True,False,,,53.344304,-6.250427,30,12,18,7,5,0,5,30,12,18,7,5,0,5
12337,52,dublin,YORK STREET EAST,York Street East,False,False,OPEN,2024-12-30 23:25:41,True,False,,,53.338755,-6.262003,32,15,17,8,7,0,7,32,15,17,8,7,0,7
12338,48,dublin,EXCISE WALK,Excise Walk,False,False,OPEN,2024-12-30 23:17:23,True,False,,,53.347777,-6.244239,40,9,31,9,0,0,0,40,9,31,9,0,0,0
12339,13,dublin,FITZWILLIAM SQUARE WEST,Fitzwilliam Square West,False,False,OPEN,2024-12-30 23:19:59,True,False,,,53.336074,-6.252825,30,25,5,11,14,0,14,30,25,5,11,14,0,14
12340,43,dublin,PORTOBELLO ROAD,Portobello Road,False,False,OPEN,2024-12-30 23:17:03,True,False,,,53.330091,-6.268044,30,23,7,15,8,0,8,30,23,7,15,8,0,8
12341,31,dublin,PARNELL STREET,Parnell Street,False,False,OPEN,2024-12-30 23:20:19,True,False,,,53.350929,-6.265125,20,5,15,2,3,0,3,20,5,15,2,3,0,3
12342,98,dublin,FREDERICK STREET SOUTH,Frederick Street South,False,False,OPEN,2024-12-30 23:16:10,True,False,,,53.341515,-6.256853,40,17,23,12,5,0,5,40,17,23,12,5,0,5
12343,14,dublin,FOWNES STREET UPPER,Fownes Street Upper,False,False,OPEN,2024-12-30 23:20:05,True,False,,,53.344603,-6.263371,30,21,9,10,11,0,11,30,21,9,10,11,0,11
12344,1,dublin,CLARENDON ROW,Clarendon Row,False,False,OPEN,2024-12-30 23:16:05,True,False,,,53.340927,-6.262501,31,7,24,7,0,0,0,31,7,24,7,0,0,0
12345,23,dublin,CUSTOM HOUSE,Custom House,False,False,OPEN,2024-12-30 23:20:43,True,False,,,53.348279,-6.254662,30,4,26,4,0,0,0,30,4,26,4,0,0,0
12346,106,dublin,RATHDOWN ROAD,Rathdown Road,False,False,OPEN,2024-12-30 23:17:07,True,False,,,53.35893,-6.280337,40,5,35,5,0,0,0,40,5,35,5,0,0,0
12347,112,dublin,NORTH CIRCULAR ROAD (O'CONNELL'S),North Circular Road (O'Connell's),False,False,OPEN,2024-12-30 23:17:22,True,False,,,53.357841,-6.251557,30,30,0,21,9,0,9,30,30,0,21,9,0,9
12348,68,dublin,HANOVER QUAY,Hanover Quay,False,False,OPEN,2024-12-30 23:16:38,True,False,,,53.344115,-6.237153,40,28,12,17,11,0,11,40,28,12,17,11,0,11
12349,74,dublin,OLIVER BOND STREET,Oliver Bond Street,False,False,OPEN,2024-12-30 23:21:02,True,False,,,53.343893,-6.280531,30,16,14,9,7,0,7,30,16,14,9,7,0,7
12350,87,dublin,COLLINS BARRACKS MUSEUM,Collins Barracks Museum,False,False,OPEN,2024-12-30 23:21:30,True,False,,,53.347477,-6.28525,38,19,19,11,8,0,8,38,19,19,11,8,0,8
12351,84,dublin,BROOKFIELD ROAD,Brookfield Road,False,False,OPEN,2024-12-30 23:17:11,True,False,,,53.339005,-6.300217,30,11,19,4,7,0,7,30,11,19,4,7,0,7
12352,90,dublin,BENSON STREET,Benson Street,False,False,OPEN,2024-12-30 23:18:20,True,False,,,53.344153,-6.233451,40,3,37,1,2,0,2,40,3,37,1,2,0,2
12353,11,dublin,EARLSFORT TERRACE,Earlsfort Terrace,False,False,OPEN,2024-12-30 23:24:44,True,False,,,53.334295,-6.258503,30,20,10,15,5,0,5,30,20,10,15,5,0,5
12354,17,dublin,GOLDEN LANE,Golden Lane,False,False,OPEN,2024-12-30 23:22:39,True,False,,,53.340803,-6.267732,20,1,19,0,1,0,1,20,1,19,0,1,0,1
12355,45,dublin,DEVERELL PLACE,Deverell Place,False,False,OPEN,2024-12-30 23:19:23,True,False,,,53.351464,-6.255265,30,8,22,5,3,0,3,30,8,22,5,3,0,3
12356,114,dublin,WILTON TERRACE (PARK),Wilton Terrace (Park),False,False,OPEN,2024-12-30 23:19:56,True,False,,,53.333653,-6.248345,40,0,40,0,0,0,0,40,0,40,0,0,0,0
12357,72,dublin,JOHN STREET WEST,John Street West,False,False,OPEN,2024-12-30 23:18:18,True,False,,,53.343105,-6.277167,31,5,26,2,3,0,3,31,5,26,2,3,0,3
12358,63,dublin,FENIAN STREET,Fenian Street,False,False,OPEN,2024-12-30 23:19:45,True,False,,,53.341428,-6.24672,35,11,24,2,9,0,9,35,11,24,2,9,0,9
12359,113,dublin,MERRION SQUARE SOUTH,Merrion Square South,False,False,OPEN,2024-12-30 23:16:55,True,False,,,53.338614,-6.248606,40,7,22,6,1,0,1,40,7,22,6,1,0,1
12360,91,dublin,SOUTH DOCK ROAD,South Dock Road,False,False,OPEN,2024-12-30 23:17:45,True,False,,,53.341833,-6.231291,30,21,9,12,9,0,9,30,21,9,12,9,0,9
12361,99,dublin,CITY QUAY,City Quay,False,False,OPEN,2024-12-30 23:21:05,True,False,,,53.346637,-6.246154,30,15,15,6,9,0,9,30,15,15,6,9,0,9
12362,9,dublin,EXCHEQUER STREET,Exchequer Street,False,False,OPEN,2024-12-30 23:18:34,True,False,,,53.343034,-6.263578,24,18,6,13,5,0,5,24,18,6,13,5,0,5
12363,67,dublin,THE POINT,The Point,False,False,OPEN,2024-12-30 23:25:11,True,False,,,53.346867,-6.230852,40,15,25,10,5,0,5,40,15,25,10,5,0,5
12364,116,dublin,BROADSTONE,Broadstone,False,False,OPEN,2024-12-30 23:24:13,True,False,,,53.3547,-6.272314,30,18,12,9,9,0,9,30,18,12,9,9,0,9
12365,55,dublin,HATCH STREET,Hatch Street,False,False,OPEN,2024-12-30 23:17:56,True,False,,,53.33403,-6.260714,36,7,29,5,2,0,2,36,7,29,5,2,0,2
12366,62,dublin,LIME STREET,Lime Street,False,False,OPEN,2024-12-30 23:16:45,True,False,,,53.346026,-6.243576,40,15,25,5,10,0,10,40,15,25,5,10,0,10
12367,5,dublin,CHARLEMONT PLACE,Charlemont Street,False,False,OPEN,2024-12-30 23:23:06,True,False,,,53.330662,-6.260177,40,18,22,15,3,0,3,40,18,22,15,3,0,3
12368,97,dublin,KILMAINHAM GAOL,Kilmainham Gaol,False,False,OPEN,2024-12-30 23:16:39,True,False,,,53.342113,-6.310015,40,13,27,5,8,0,8,40,13,27,5,8,0,8
12369,61,dublin,HARDWICKE PLACE,Hardwicke Place,False,False,OPEN,2024-12-30 23:24:37,True,False,,,53.357043,-6.263232,25,1,24,0,1,0,1,25,1,24,0,1,0,1
12370,77,dublin,WOLFE TONE STREET,Wolfe Tone Street,False,False,OPEN,2024-12-30 23:17:05,True,False,,,53.348875,-6.267459,29,27,2,10,17,0,17,29,27,2,10,17,0,17
12371,73,dublin,FRANCIS STREET,Francis Street,False,False,OPEN,2024-12-30 23:17:46,True,False,,,53.342081,-6.275233,30,9,21,9,0,0,0,30,9,21,9,0,0,0
12372,4,dublin,GREEK STREET,Greek Street,False,False,OPEN,2024-12-30 23:17:17,True,False,,,53.346874,-6.272976,20,12,8,3,9,0,9,20,12,8,3,9,0,9
12373,49,dublin,GUILD STREET,Guild Street,False,False,OPEN,2024-12-30 23:21:57,True,False,,,53.347932,-6.240928,40,20,20,12,8,0,8,40,20,20,12,8,0,8
12374,19,dublin,HERBERT PLACE,Herbert Place,False,False,OPEN,2024-12-30 23:18:19,True,False,,,53.334432,-6.245575,30,0,30,0,0,0,0,30,0,30,0,0,0,0
12375,7,dublin,HIGH STREET,High Street,False,False,OPEN,2024-12-30 23:16:06,True,False,,,53.343565,-6.275071,29,7,22,4,3,0,3,29,7,22,4,3,0,3
12376,60,dublin,NORTH CIRCULAR ROAD,North Circular Road,False,False,OPEN,2024-12-30 23:21:44,True,False,,,53.359624,-6.260348,30,10,20,7,3,0,3,30,10,20,7,3,0,3
12377,102,dublin,WESTERN WAY,Western Way,False,False,OPEN,2024-12-30 23:16:35,True,False,,,53.354929,-6.269425,40,15,25,13,2,0,2,40,15,25,13,2,0,2
12378,38,dublin,TALBOT STREET,Talbot Street,False,False,OPEN,2024-12-30 23:20:10,True,False,,,53.350974,-6.25294,40,40,0,26,14,0,14,40,40,0,26,14,0,14
12379,53,dublin,NEWMAN HOUSE,Newman House,False,False,OPEN,2024-12-30 23:15:59,True,False,,,53.337132,-6.26059,40,14,26,12,2,0,2,40,14,26,12,2,0,2
12380,58,dublin,SIR PATRICK DUN'S,Sir Patrick's Dun,False,False,OPEN,2024-12-30 23:18:40,True,False,,,53.339218,-6.240642,40,2,38,1,1,0,1,40,2,38,1,1,0,1
12381,66,dublin,NEW CENTRAL BANK,New Central Bank,False,False,OPEN,2024-12-30 23:25:40,True,False,,,53.347122,-6.234749,40,13,27,11,2,0,2,40,13,27,11,2,0,2
12382,104,dublin,GRANGEGORMAN LOWER (CENTRAL),Grangegorman Lower (Central),False,False,OPEN,2024-12-30 23:21:31,True,False,,,53.355173,-6.278424,40,19,21,10,9,0,9,40,19,21,10,9,0,9
12383,101,dublin,KING STREET NORTH,King Street North,False,False,OPEN,2024-12-30 23:25:16,True,False,,,53.350291,-6.273507,30,8,22,2,6,0,6,30,8,22,2,6,0,6
12384,115,dublin,KILLARNEY STREET,Killarney Street,False,False,OPEN,2024-12-30 23:20:16,True,False,,,53.354845,-6.247579,30,30,0,18,12,0,12,30,30,0,18,12,0,12
12385,47,dublin,HERBERT STREET,Herbert Street,False,False,OPEN,2024-12-30 23:18:35,True,False,,,53.335742,-6.24551,40,0,40,0,0,0,0,40,0,40,0,0,0,0
12386,117,dublin,HANOVER QUAY EAST,Hanover Quay East,False,False,OPEN,2024-12-30 23:15:42,True,False,,,53.343653,-6.231755,40,4,36,3,1,0,1,40,4,36,3,1,0,1
12387,8,dublin,CUSTOM HOUSE QUAY,Custom House Quay,False,False,OPEN,2024-12-30 23:17:24,True,False,,,53.347884,-6.248048,30,8,22,7,1,0,1,30,8,22,7,1,0,1
12388,27,dublin,MOLESWORTH STREET,Molesworth Street,False,False,OPEN,2024-12-30 23:17:26,True,False,,,53.341288,-6.258117,20,15,4,2,13,0,13,20,15,4,2,13,0,13
12389,16,dublin,GEORGES QUAY,Georges Quay,False,False,OPEN,2024-12-30 23:24:26,True,False,,,53.347508,-6.252192,20,5,15,3,2,0,2,20,5,15,3,2,0,2
12390,96,dublin,KILMAINHAM LANE,Kilmainham Lane,False,False,OPEN,2024-12-30 23:18:08,True,False,,,53.341805,-6.305085,30,20,10,13,7,0,7,30,20,10,13,7,0,7
12391,82,dublin,MOUNT BROWN,Mount Brown,False,False,OPEN,2024-12-30 23:15:53,True,False,,,53.341645,-6.29719,22,8,14,3,5,0,5,22,8,14,3,5,0,5
12392,76,dublin,MARKET STREET SOUTH,Market Street South,False,False,OPEN,2024-12-30 23:17:50,True,False,,,53.342296,-6.287661,38,5,33,4,1,0,1,38,5,33,4,1,0,1
12393,71,dublin,KEVIN STREET,Kevin Street,False,False,OPEN,2024-12-30 23:18:29,True,False,,,53.337757,-6.267699,40,24,16,19,5,0,5,40,24,16,19,5,0,5
12394,79,dublin,ECCLES STREET EAST,Eccles Street East,False,False,OPEN,2024-12-30 23:20:30,True,False,,,53.358115,-6.265601,27,2,25,1,1,0,1,27,2,25,1,1,0,1
12395,69,dublin,GRAND CANAL DOCK,Grand Canal Dock,False,False,OPEN,2024-12-30 23:20:08,True,False,,,53.342638,-6.238695,40,33,7,22,11,0,11,40,33,7,22,11,0,11
12396,25,dublin,MERRION SQUARE EAST,Merrion Square East,False,False,OPEN,2024-12-30 23:21:50,True,False,,,53.339434,-6.246548,30,6,24,1,5,0,5,30,6,24,1,5,0,5
12397,51,dublin,YORK STREET WEST,York Street West,False,False,OPEN,2024-12-30 23:17:09,True,False,,,53.339334,-6.264699,40,0,0,0,0,0,0,40,0,0,0,0,0,0
12398,37,dublin,ST. STEPHEN'S GREEN SOUTH,St. Stephen's Green South,False,False,OPEN,2024-12-30 23:25:29,True,False,,,53.337494,-6.26199,30,24,6,13,11,0,11,30,24,6,13,11,0,11
12399,59,dublin,DENMARK STREET GREAT,Denmark Street Great,False,False,OPEN,2024-12-30 23:21:37,True,False,,,53.35561,-6.261397,20,4,16,3,1,0,1,20,4,16,3,1,0,1
12400,95,dublin,ROYAL HOSPITAL,Royal Hospital,False,False,OPEN,2024-12-30 23:24:51,True,False,,,53.343897,-6.29706,40,9,31,5,4,0,4,40,9,31,5,4,0,4
12401,94,dublin,HEUSTON STATION (CAR PARK),Heuston Station (Car Park),False,False,OPEN,2024-12-30 23:19:59,True,False,,,53.346985,-6.297804,40,10,30,10,0,0,0,40,10,30,10,0,0,0
12402,105,dublin,GRANGEGORMAN LOWER (NORTH),Grangegorman Lower (North),False,False,OPEN,2024-12-30 23:19:37,True,False,,,53.355954,-6.278378,36,13,23,7,6,0,6,36,13,23,7,6,0,6
12403,36,dublin,ST. STEPHEN'S GREEN EAST,St. Stephen's Green East,False,False,OPEN,2024-12-30 23:25:28,True,False,,,53.337824,-6.256035,40,19,21,17,2,0,2,40,19,21,17,2,0,2
12404,93,dublin,HEUSTON STATION (CENTRAL),Heuston Station (Central),False,False,OPEN,2024-12-30 23:19:15,True,False,,,53.346603,-6.296924,40,8,32,8,0,0,0,40,8,32,8,0,0,0
12405,22,dublin,TOWNSEND STREET,Townsend Street,False,False,OPEN,2024-12-30 23:19:08,True,False,,,53.345922,-6.254614,20,7,13,4,3,0,3,20,7,13,4,3,0,3
12406,50,dublin,GEORGES LANE,George's Lane,False,False,OPEN,2024-12-30 23:18:44,True,False,,,53.35023,-6.279696,40,17,23,14,3,0,3,40,17,23,14,3,0,3
12407,110,dublin,PHIBSBOROUGH ROAD,Phibsborough Road,False,False,OPEN,2024-12-30 23:17:45,True,False,,,53.356307,-6.273717,40,19,21,10,9,0,9,40,19,21,10,9,0,9
12408,12,dublin,ECCLES STREET,Eccles Street,False,False,OPEN,2024-12-30 23:16:31,True,False,,,53.359246,-6.269779,20,2,18,2,0,0,0,20,2,18,2,0,0,0
12409,34,dublin,PORTOBELLO HARBOUR,Portobello Harbour,False,False,OPEN,2024-12-30 23:20:44,True,False,,,53.330362,-6.265163,30,11,19,10,1,0,1,30,11,19,10,1,0,1
12410,78,dublin,MATER HOSPITAL,Mater Hospital,False,False,OPEN,2024-12-30 23:18:55,True,False,,,53.359967,-6.264828,40,10,30,7,3,0,3,40,10,30,7,3,0,3
12411,2,dublin,BLESSINGTON STREET,Blessington Street,False,False,OPEN,2024-12-30 23:25:21,True,False,,,53.356769,-6.26814,20,6,14,3,3,0,3,20,6,14,3,3,0,3
12412,75,dublin,JAMES STREET,James Street,False,False,OPEN,2024-12-30 23:23:42,True,False,,,53.343456,-6.287409,40,4,36,3,1,0,1,40,4,36,3,1,0,1
12413,111,dublin,MOUNTJOY SQUARE EAST,Mountjoy Square East,False,False,OPEN,2024-12-30 23:23:47,True,False,,,53.356717,-6.256359,40,12,28,6,6,0,6,40,12,28,6,6,0,6
12414,26,dublin,MERRION SQUARE WEST,Merrion Square West,False,False,OPEN,2024-12-30 23:17:26,True,False,,,53.339764,-6.251988,20,9,11,0,9,0,9,20,9,11,0,9,0,9
12415,65,dublin,CONVENTION CENTRE,Convention Centre,False,False,OPEN,2024-12-30 23:18:47,True,False,,,53.34744,-6.238523,40,5,35,3,2,0,2,40,5,35,3,2,0,2
12416,15,dublin,HARDWICKE STREET,Hardwicke Street,False,False,OPEN,2024-12-30 23:18:31,True,False,,,53.355473,-6.264423,16,2,14,2,0,0,0,16,2,14,2,0,0,0
12417,86,dublin,PARKGATE STREET,Parkgate Street,False,False,OPEN,2024-12-30 23:25:03,True,False,,,53.347972,-6.291804,38,12,26,1,11,0,11,38,12,26,1,11,0,11
12418,35,dublin,SMITHFIELD,Smithfield,False,False,OPEN,2024-12-30 23:19:46,True,False,,,53.347692,-6.278214,30,21,9,13,8,0,8,30,21,9,13,8,0,8
12419,10,dublin,DAME STREET,Dame Street,False,False,OPEN,2024-12-30 23:18:44,True,False,,,53.344007,-6.266802,16,16,0,10,6,0,6,16,16,0,10,6,0,6
12420,100,dublin,HEUSTON BRIDGE (SOUTH),Heuston Bridge (South),False,False,OPEN,2024-12-30 23:14:52,False,False,,,53.347106,-6.292041,25,24,1,12,12,0,12,25,24,1,12,12,0,12
12421,24,dublin,CATHAL BRUGHA STREET,Cathal Brugha Street,False,False,OPEN,2024-12-30 23:21:25,True,False,,,53.352149,-6.260533,20,7,13,6,1,0,1,20,7,13,6,1,0,1
12422,64,dublin,SANDWITH STREET,Sandwith Street,False,False,OPEN,2024-12-30 23:24:37,True,False,,,53.345203,-6.247163,40,16,24,13,3,0,3,40,16,24,13,3,0,3
12423,109,dublin,BUCKINGHAM STREET LOWER,Buckingham Street Lower,False,False,OPEN,2024-12-30 23:17:41,True,False,,,53.353331,-6.249319,29,8,21,5,3,0,3,29,8,21,5,3,0,3
12424,85,dublin,ROTHE ABBEY,Rothe Abbey,False,False,OPEN,2024-12-30 23:19:10,True,False,,,53.338776,-6.30395,35,16,19,4,12,0,12,35,16,19,4,12,0,12
12425,107,dublin,CHARLEVILLE ROAD,Charleville Road,False,False,OPEN,2024-12-30 23:19:31,True,False,,,53.359157,-6.281866,40,9,31,4,5,0,5,40,9,31,4,5,0,5
12426,33,dublin,PRINCES STREET / O'CONNELL STREET,Princes Street / O'Connell Street,False,False,OPEN,2024-12-30 23:19:10,True,False,,,53.349013,-6.260311,23,13,10,5,8,0,8,23,13,10,5,8,0,8
12427,44,dublin,UPPER SHERRARD STREET,Upper Sherrard Street,False,False,OPEN,2024-12-30 23:20:35,True,False,,,53.358437,-6.260641,30,12,18,8,4,0,4,30,12,18,8,4,0,4
12428,89,dublin,FITZWILLIAM SQUARE EAST,Fitzwilliam Square East,False,False,OPEN,2024-12-30 23:17:01,True,False,,,53.335211,-6.2509,40,18,22,10,8,0,8,40,18,22,10,8,0,8
12429,57,dublin,GRATTAN STREET,Grattan Street,False,False,OPEN,2024-12-30 23:24:12,True,False,,,53.339629,-6.243778,23,9,14,6,3,0,3,23,9,14,6,3,0,3
12430,80,dublin,ST JAMES HOSPITAL (LUAS),St James Hospital (Luas),False,False,OPEN,2024-12-30 23:21:42,True,False,,,53.341359,-6.292951,40,7,33,2,5,0,5,40,7,33,2,5,0,5
12431,41,dublin,HARCOURT TERRACE,Harcourt Terrace,False,False,OPEN,2024-12-30 23:16:26,True,False,,,53.332763,-6.257942,20,17,3,10,7,0,7,20,17,3,10,7,0,7
12432,3,dublin,BOLTON STREET,Bolton Street,False,False,OPEN,2024-12-30 23:17:45,True,False,,,53.351182,-6.269859,20,9,11,5,4,0,4,20,9,11,5,4,0,4
12433,40,dublin,JERVIS STREET,Jervis Street,False,False,OPEN,2024-12-30 23:20:16,True,False,,,53.3483,-6.266651,21,5,16,0,5,0,5,21,5,16,0,5,0,5
12434,29,dublin,ORMOND QUAY UPPER,Ormond Quay Upper,False,False,OPEN,2024-12-30 23:22:49,True,False,,,53.346057,-6.268001,29,24,5,9,15,0,15,29,24,5,9,15,0,15
12435,103,dublin,GRANGEGORMAN LOWER (SOUTH),Grangegorman Lower (South),False,False,OPEN,2024-12-30 23:16:26,True,False,,,53.354663,-6.278681,40,3,37,3,0,0,0,40,3,37,3,0,0,0
12436,28,dublin,MOUNTJOY SQUARE WEST,Mountjoy Square West,False,False,OPEN,2024-12-30 23:17:02,True,False,,,53.356299,-6.258586,30,19,11,8,11,0,11,30,19,11,8,11,0,11
12437,39,dublin,WILTON TERRACE,Wilton Terrace,False,False,OPEN,2024-12-30 23:17:52,True,False,,,53.332383,-6.252717,20,5,15,3,2,0,2,20,5,15,3,2,0,2
12438,83,dublin,EMMET ROAD,Emmet Road,False,False,OPEN,2024-12-30 23:18:41,True,False,,,53.340714,-6.308191,40,13,27,8,5,0,5,40,13,27,8,5,0,5
12439,92,dublin,HEUSTON BRIDGE (NORTH),Heuston Bridge (North),False,False,OPEN,2024-12-30 23:15:48,True,False,,,53.347802,-6.292432,40,28,12,17,11,0,11,40,28,12,17,11,0,11
12440,21,dublin,LEINSTER STREET SOUTH,Leinster Street South,False,False,OPEN,2024-12-30 23:18:02,True,False,,,53.34218,-6.254485,30,3,27,2,1,0,1,30,3,27,2,1,0,1
12441,88,dublin,BLACKHALL PLACE,Blackhall Place,False,False,OPEN,2024-12-30 23:19:12,True,False,,,53.3488,-6.281637,30,2,28,2,0,0,0,30,2,28,2,0,0,0
12442,42,dublin,SMITHFIELD NORTH,Smithfield North,False,False,OPEN,2024-12-30 23:51:56,True,False,,,53.349562,-6.278198,30,11,19,7,4,0,4,30,11,19,7,4,0,4
12443,30,dublin,PARNELL SQUARE NORTH,Parnell Square North,False,False,OPEN,2024-12-30 23:53:26,True,False,,,53.3537415547453,-6.26530144781526,20,0,20,0,0,0,0,20,0,20,0,0,0,0
12444,54,dublin,CLONMEL STREET,Clonmel Street,False,False,OPEN,2024-12-30 23:52:39,True,False,,,53.336021,-6.26298,33,17,16,9,8,0,8,33,17,16,9,8,0,8
12445,108,dublin,AVONDALE ROAD,Avondale Road,False,False,OPEN,2024-12-30 23:47:52,True,False,,,53.359405,-6.276142,35,17,18,13,4,0,4,35,17,18,13,4,0,4
12446,20,dublin,JAMES STREET EAST,James Street East,False,False,OPEN,2024-12-30 23:48:58,True,False,,,53.336597,-6.248109,30,1,29,1,0,0,0,30,1,29,1,0,0,0
12447,56,dublin,MOUNT STREET LOWER,Mount Street Lower,False,False,OPEN,2024-12-30 23:46:23,True,False,,,53.33796,-6.24153,40,22,18,15,7,0,7,40,22,18,15,7,0,7
12448,6,dublin,CHRISTCHURCH PLACE,Christchurch Place,False,False,OPEN,2024-12-30 23:46:28,True,False,,,53.343368,-6.27012,20,16,4,6,10,0,10,20,16,4,6,10,0,10
12449,18,dublin,GRANTHAM STREET,Grantham Street,False,False,OPEN,2024-12-30 23:47:20,True,False,,,53.334123,-6.265436,30,4,26,3,1,0,1,30,4,26,3,1,0,1
12450,32,dublin,PEARSE STREET,Pearse Street,False,False,OPEN,2024-12-30 23:55:37,True,False,,,53.344304,-6.250427,30,11,19,6,5,0,5,30,11,19,6,5,0,5
12451,52,dublin,YORK STREET EAST,York Street East,False,False,OPEN,2024-12-30 23:45:49,True,False,,,53.338755,-6.262003,32,15,17,8,7,0,7,32,15,17,8,7,0,7
12452,48,dublin,EXCISE WALK,Excise Walk,False,False,OPEN,2024-12-30 23:47:35,True,False,,,53.347777,-6.244239,40,9,31,9,0,0,0,40,9,31,9,0,0,0
12453,13,dublin,FITZWILLIAM SQUARE WEST,Fitzwilliam Square West,False,False,OPEN,2024-12-30 23:50:13,True,False,,,53.336074,-6.252825,30,25,5,11,14,0,14,30,25,5,11,14,0,14
12454,43,dublin,PORTOBELLO ROAD,Portobello Road,False,False,OPEN,2024-12-30 23:47:19,True,False,,,53.330091,-6.268044,30,23,7,15,8,0,8,30,23,7,15,8,0,8
12455,31,dublin,PARNELL STREET,Parnell Street,False,False,OPEN,2024-12-30 23:50:32,True,False,,,53.350929,-6.265125,20,5,15,2,3,0,3,20,5,15,2,3,0,3
12456,98,dublin,FREDERICK STREET SOUTH,Frederick Street South,False,False,OPEN,2024-12-30 23:46:12,True,False,,,53.341515,-6.256853,40,16,24,11,5,0,5,40,16,24,11,5,0,5
12457,14,dublin,FOWNES STREET UPPER,Fownes Street Upper,False,False,OPEN,2024-12-30 23:51:04,True,False,,,53.344603,-6.263371,30,14,16,6,8,0,8,30,14,16,6,8,0,8
12458,1,dublin,CLARENDON ROW,Clarendon Row,False,False,OPEN,2024-12-30 23:46:17,True,False,,,53.340927,-6.262501,31,7,24,7,0,0,0,31,7,24,7,0,0,0
12459,23,dublin,CUSTOM HOUSE,Custom House,False,False,OPEN,2024-12-30 23:51:01,True,False,,,53.348279,-6.254662,30,3,27,3,0,0,0,30,3,27,3,0,0,0
12460,106,dublin,RATHDOWN ROAD,Rathdown Road,False,False,OPEN,2024-12-30 23:47:28,True,False,,,53.35893,-6.280337,40,6,34,5,1,0,1,40,6,34,5,1,0,1
12461,112,dublin,NORTH CIRCULAR ROAD (O'CONNELL'S),North Circular Road (O'Connell's),False,False,OPEN,2024-12-30 23:47:34,True,False,,,53.357841,-6.251557,30,30,0,21,9,0,9,30,30,0,21,9,0,9
12462,68,dublin,HANOVER QUAY,Hanover Quay,False,False,OPEN,2024-12-30 23:46:49,True,False,,,53.344115,-6.237153,40,28,12,17,11,0,11,40,28,12,17,11,0,11
12463,74,dublin,OLIVER BOND STREET,Oliver Bond Street,False,False,OPEN,2024-12-30 23:51:18,True,False,,,53.343893,-6.280531,30,16,14,9,7,0,7,30,16,14,9,7,0,7
12464,87,dublin,COLLINS BARRACKS MUSEUM,Collins Barracks Museum,False,False,OPEN,2024-12-30 23:55:02,True,False,,,53.347477,-6.28525,38,21,17,12,9,0,9,38,21,17,12,9,0,9
12465,84,dublin,BROOKFIELD ROAD,Brookfield Road,False,False,OPEN,2024-12-30 23:47:24,True,False,,,53.339005,-6.300217,30,12,18,5,7,0,7,30,12,18,5,7,0,7
12466,90,dublin,BENSON STREET,Benson Street,False,False,OPEN,2024-12-30 23:48:32,True,False,,,53.344153,-6.233451,40,3,37,1,2,0,2,40,3,37,1,2,0,2
12467,11,dublin,EARLSFORT TERRACE,Earlsfort Terrace,False,False,OPEN,2024-12-30 23:54:57,True,False,,,53.334295,-6.258503,30,20,10,15,5,0,5,30,20,10,15,5,0,5
12468,17,dublin,GOLDEN LANE,Golden Lane,False,False,OPEN,2024-12-30 23:52:54,True,False,,,53.340803,-6.267732,20,0,20,0,0,0,0,20,0,20,0,0,0,0
12469,45,dublin,DEVERELL PLACE,Deverell Place,False,False,OPEN,2024-12-30 23:49:36,True,False,,,53.351464,-6.255265,30,8,22,5,3,0,3,30,8,22,5,3,0,3
12470,114,dublin,WILTON TERRACE (PARK),Wilton Terrace (Park),False,False,OPEN,2024-12-30 23:50:12,True,False,,,53.333653,-6.248345,40,0,40,0,0,0,0,40,0,40,0,0,0,0
12471,72,dublin,JOHN STREET WEST,John Street West,False,False,OPEN,2024-12-30 23:48:31,True,False,,,53.343105,-6.277167,31,6,25,3,3,0,3,31,6,25,3,3,0,3
12472,63,dublin,FENIAN STREET,Fenian Street,False,False,OPEN,2024-12-30 23:48:41,True,False,,,53.341428,-6.24672,35,11,24,2,9,0,9,35,11,24,2,9,0,9
12473,113,dublin,MERRION SQUARE SOUTH,Merrion Square South,False,False,OPEN,2024-12-30 23:47:08,True,False,,,53.338614,-6.248606,40,7,22,6,1,0,1,40,7,22,6,1,0,1
12474,91,dublin,SOUTH DOCK ROAD,South Dock Road,False,False,OPEN,2024-12-30 23:48:04,True,False,,,53.341833,-6.231291,30,20,10,11,9,0,9,30,20,10,11,9,0,9
12475,99,dublin,CITY QUAY,City Quay,False,False,OPEN,2024-12-30 23:51:20,True,False,,,53.346637,-6.246154,30,15,15,6,9,0,9,30,15,15,6,9,0,9
12476,9,dublin,EXCHEQUER STREET,Exchequer Street,False,False,OPEN,2024-12-30 23:55:15,True,False,,,53.343034,-6.263578,24,17,7,12,5,0,5,24,17,7,12,5,0,5
12477,67,dublin,THE POINT,The Point,False,False,OPEN,2024-12-30 23:55:23,True,False,,,53.346867,-6.230852,40,15,25,10,5,0,5,40,15,25,10,5,0,5
12478,116,dublin,BROADSTONE,Broadstone,False,False,OPEN,2024-12-30 23:54:25,True,False,,,53.3547,-6.272314,30,18,12,9,9,0,9,30,18,12,9,9,0,9
12479,55,dublin,HATCH STREET,Hatch Street,False,False,OPEN,2024-12-30 23:48:07,True,False,,,53.33403,-6.260714,36,7,29,5,2,0,2,36,7,29,5,2,0,2
12480,62,dublin,LIME STREET,Lime Street,False,False,OPEN,2024-12-30 23:51:43,True,False,,,53.346026,-6.243576,40,15,25,5,10,0,10,40,15,25,5,10,0,10
12481,5,dublin,CHARLEMONT PLACE,Charlemont Street,False,False,OPEN,2024-12-30 23:53:19,True,False,,,53.330662,-6.260177,40,18,22,15,3,0,3,40,18,22,15,3,0,3
12482,97,dublin,KILMAINHAM GAOL,Kilmainham Gaol,False,False,OPEN,2024-12-30 23:46:51,True,False,,,53.342113,-6.310015,40,13,27,5,8,0,8,40,13,27,5,8,0,8
12483,61,dublin,HARDWICKE PLACE,Hardwicke Place,False,False,OPEN,2024-12-30 23:54:51,True,False,,,53.357043,-6.263232,25,1,24,0,1,0,1,25,1,24,0,1,0,1
12484,77,dublin,WOLFE TONE STREET,Wolfe Tone Street,False,False,OPEN,2024-12-30 23:51:42,True,False,,,53.348875,-6.267459,29,27,2,10,17,0,17,29,27,2,10,17,0,17
12485,73,dublin,FRANCIS STREET,Francis Street,False,False,OPEN,2024-12-30 23:47:59,True,False,,,53.342081,-6.275233,30,10,20,10,0,0,0,30,10,20,10,0,0,0
12486,4,dublin,GREEK STREET,Greek Street,False,False,OPEN,2024-12-30 23:49:38,True,False,,,53.346874,-6.272976,20,12,8,3,9,0,9,20,12,8,3,9,0,9
12487,49,dublin,GUILD STREET,Guild Street,False,False,OPEN,2024-12-30 23:52:08,True,False,,,53.347932,-6.240928,40,20,20,12,8,0,8,40,20,20,12,8,0,8
12488,19,dublin,HERBERT PLACE,Herbert Place,False,False,OPEN,2024-12-30 23:48:32,True,False,,,53.334432,-6.245575,30,1,29,1,0,0,0,30,1,29,1,0,0,0
12489,7,dublin,HIGH STREET,High Street,False,False,OPEN,2024-12-30 23:46:19,True,False,,,53.343565,-6.275071,29,7,22,4,3,0,3,29,7,22,4,3,0,3
12490,60,dublin,NORTH CIRCULAR ROAD,North Circular Road,False,False,OPEN,2024-12-30 23:51:57,True,False,,,53.359624,-6.260348,30,10,20,7,3,0,3,30,10,20,7,3,0,3
12491,102,dublin,WESTERN WAY,Western Way,False,False,OPEN,2024-12-30 23:46:49,True,False,,,53.354929,-6.269425,40,15,25,13,2,0,2,40,15,25,13,2,0,2
12492,38,dublin,TALBOT STREET,Talbot Street,False,False,OPEN,2024-12-30 23:50:28,True,False,,,53.350974,-6.25294,40,39,1,26,13,0,13,40,39,1,26,13,0,13
12493,53,dublin,NEWMAN HOUSE,Newman House,False,False,OPEN,2024-12-30 23:46:10,True,False,,,53.337132,-6.26059,40,14,26,12,2,0,2,40,14,26,12,2,0,2
12494,58,dublin,SIR PATRICK DUN'S,Sir Patrick's Dun,False,False,OPEN,2024-12-30 23:48:53,True,False,,,53.339218,-6.240642,40,2,38,1,1,0,1,40,2,38,1,1,0,1
12495,66,dublin,NEW CENTRAL BANK,New Central Bank,False,False,OPEN,2024-12-30 23:45:48,True,False,,,53.347122,-6.234749,40,13,27,11,2,0,2,40,13,27,11,2,0,2
12496,104,dublin,GRANGEGORMAN LOWER (CENTRAL),Grangegorman Lower (Central),False,False,OPEN,2024-12-30 23:51:44,True,False,,,53.355173,-6.278424,40,19,21,10,9,0,9,40,19,21,10,9,0,9
12497,101,dublin,KING STREET NORTH,King Street North,False,False,OPEN,2024-12-30 23:55:29,True,False,,,53.350291,-6.273507,30,8,22,2,6,0,6,30,8,22,2,6,0,6
12498,115,dublin,KILLARNEY STREET,Killarney Street,False,False,OPEN,2024-12-30 23:51:07,True,False,,,53.354845,-6.247579,30,30,0,18,12,0,12,30,30,0,18,12,0,12
12499,47,dublin,HERBERT STREET,Herbert Street,False,False,OPEN,2024-12-30 23:49:32,True,False,,,53.335742,-6.24551,40,1,39,0,1,0,1,40,1,39,0,1,0,1
12500,117,dublin,HANOVER QUAY EAST,Hanover Quay East,False,False,OPEN,2024-12-30 23:45:56,True,False,,,53.343653,-6.231755,40,4,36,3,1,0,1,40,4,36,3,1,0,1
12501,8,dublin,CUSTOM HOUSE QUAY,Custom House Quay,False,False,OPEN,2024-12-30 23:49:02,True,False,,,53.347884,-6.248048,30,9,21,8,1,0,1,30,9,21,8,1,0,1
12502,27,dublin,MOLESWORTH STREET,Molesworth Street,False,False,OPEN,2024-12-30 23:47:17,True,False,,,53.341288,-6.258117,20,13,6,2,11,0,11,20,13,6,2,11,0,11
12503,16,dublin,GEORGES QUAY,Georges Quay,False,False,OPEN,2024-12-30 23:54:41,True,False,,,53.347508,-6.252192,20,4,16,3,1,0,1,20,4,16,3,1,0,1
12504,96,dublin,KILMAINHAM LANE,Kilmainham Lane,False,False,OPEN,2024-12-30 23:48:21,True,False,,,53.341805,-6.305085,30,20,10,13,7,0,7,30,20,10,13,7,0,7
12505,82,dublin,MOUNT BROWN,Mount Brown,False,False,OPEN,2024-12-30 23:46:07,True,False,,,53.341645,-6.29719,22,8,14,3,5,0,5,22,8,14,3,5,0,5
12506,76,dublin,MARKET STREET SOUTH,Market Street South,False,False,OPEN,2024-12-30 23:48:07,True,False,,,53.342296,-6.287661,38,5,33,4,1,0,1,38,5,33,4,1,0,1
12507,71,dublin,KEVIN STREET,Kevin Street,False,False,OPEN,2024-12-30 23:48:41,True,False,,,53.337757,-6.267699,40,24,16,19,5,0,5,40,24,16,19,5,0,5
12508,79,dublin,ECCLES STREET EAST,Eccles Street East,False,False,OPEN,2024-12-30 23:50:43,True,False,,,53.358115,-6.265601,27,2,25,1,1,0,1,27,2,25,1,1,0,1
12509,69,dublin,GRAND CANAL DOCK,Grand Canal Dock,False,False,OPEN,2024-12-30 23:50:24,True,False,,,53.342638,-6.238695,40,32,8,21,11,0,11,40,32,8,21,11,0,11
12510,25,dublin,MERRION SQUARE EAST,Merrion Square East,False,False,OPEN,2024-12-30 23:50:46,True,False,,,53.339434,-6.246548,30,6,24,1,5,0,5,30,6,24,1,5,0,5
12511,51,dublin,YORK STREET WEST,York Street West,False,False,OPEN,2024-12-30 23:47:26,True,False,,,53.339334,-6.264699,40,0,0,0,0,0,0,40,0,0,0,0,0,0
12512,37,dublin,ST. STEPHEN'S GREEN SOUTH,St. Stephen's Green South,False,False,OPEN,2024-12-30 23:55:41,True,False,,,53.337494,-6.26199,30,24,6,13,11,0,11,30,24,6,13,11,0,11
12513,59,dublin,DENMARK STREET GREAT,Denmark Street Great,False,False,OPEN,2024-12-30 23:51:49,True,False,,,53.35561,-6.261397,20,4,16,3,1,0,1,20,4,16,3,1,0,1
12514,95,dublin,ROYAL HOSPITAL,Royal Hospital,False,False,OPEN,2024-12-30 23:51:02,True,False,,,53.343897,-6.29706,40,9,31,5,4,0,4,40,9,31,5,4,0,4
12515,94,dublin,HEUSTON STATION (CAR PARK),Heuston Station (Car Park),False,False,OPEN,2024-12-30 23:50:15,True,False,,,53.346985,-6.297804,40,10,30,10,0,0,0,40,10,30,10,0,0,0
12516,105,dublin,GRANGEGORMAN LOWER (NORTH),Grangegorman Lower (North),False,False,OPEN,2024-12-30 23:49:03,True,False,,,53.355954,-6.278378,36,14,22,7,7,0,7,36,14,22,7,7,0,7
12517,36,dublin,ST. STEPHEN'S GREEN EAST,St. Stephen's Green East,False,False,OPEN,2024-12-30 23:55:41,True,False,,,53.337824,-6.256035,40,19,21,17,2,0,2,40,19,21,17,2,0,2
12518,93,dublin,HEUSTON STATION (CENTRAL),Heuston Station (Central),False,False,OPEN,2024-12-30 23:49:30,True,False,,,53.346603,-6.296924,40,8,32,8,0,0,0,40,8,32,8,0,0,0
12519,22,dublin,TOWNSEND STREET,Townsend Street,False,False,OPEN,2024-12-30 23:49:25,True,False,,,53.345922,-6.254614,20,8,12,4,4,0,4,20,8,12,4,4,0,4
12520,50,dublin,GEORGES LANE,George's Lane,False,False,OPEN,2024-12-30 23:48:57,True,False,,,53.35023,-6.279696,40,17,23,14,3,0,3,40,17,23,14,3,0,3
12521,110,dublin,PHIBSBOROUGH ROAD,Phibsborough Road,False,False,OPEN,2024-12-30 23:47:56,True,False,,,53.356307,-6.273717,40,19,21,10,9,0,9,40,19,21,10,9,0,9
12522,12,dublin,ECCLES STREET,Eccles Street,False,False,OPEN,2024-12-30 23:46:46,True,False,,,53.359246,-6.269779,20,3,17,2,1,0,1,20,3,17,2,1,0,1
12523,34,dublin,PORTOBELLO HARBOUR,Portobello Harbour,False,False,OPEN,2024-12-30 23:51:02,True,False,,,53.330362,-6.265163,30,12,18,11,1,0,1,30,12,18,11,1,0,1
12524,78,dublin,MATER HOSPITAL,Mater Hospital,False,False,OPEN,2024-12-30 23:49:07,True,False,,,53.359967,-6.264828,40,10,30,7,3,0,3,40,10,30,7,3,0,3
12525,2,dublin,BLESSINGTON STREET,Blessington Street,False,False,OPEN,2024-12-30 23:55:36,True,False,,,53.356769,-6.26814,20,5,15,2,3,0,3,20,5,15,2,3,0,3
12526,75,dublin,JAMES STREET,James Street,False,False,OPEN,2024-12-30 23:50:05,True,False,,,53.343456,-6.287409,40,4,36,3,1,0,1,40,4,36,3,1,0,1
12527,111,dublin,MOUNTJOY SQUARE EAST,Mountjoy Square East,False,False,OPEN,2024-12-30 23:54:01,True,False,,,53.356717,-6.256359,40,10,30,5,5,0,5,40,10,30,5,5,0,5
12528,26,dublin,MERRION SQUARE WEST,Merrion Square West,False,False,OPEN,2024-12-30 23:47:41,True,False,,,53.339764,-6.251988,20,9,11,0,9,0,9,20,9,11,0,9,0,9
12529,65,dublin,CONVENTION CENTRE,Convention Centre,False,False,OPEN,2024-12-30 23:49:00,True,False,,,53.34744,-6.238523,40,5,35,3,2,0,2,40,5,35,3,2,0,2
12530,15,dublin,HARDWICKE STREET,Hardwicke Street,False,False,OPEN,2024-12-30 23:48:45,True,False,,,53.355473,-6.264423,16,3,13,2,1,0,1,16,3,13,2,1,0,1
12531,86,dublin,PARKGATE STREET,Parkgate Street,False,False,OPEN,2024-12-30 23:55:16,True,False,,,53.347972,-6.291804,38,12,26,1,11,0,11,38,12,26,1,11,0,11
12532,35,dublin,SMITHFIELD,Smithfield,False,False,OPEN,2024-12-30 23:49:58,True,False,,,53.347692,-6.278214,30,21,9,13,8,0,8,30,21,9,13,8,0,8
12533,10,dublin,DAME STREET,Dame Street,False,False,OPEN,2024-12-30 23:52:25,True,False,,,53.344007,-6.266802,16,13,3,8,5,0,5,16,13,3,8,5,0,5
12534,100,dublin,HEUSTON BRIDGE (SOUTH),Heuston Bridge (South),False,False,OPEN,2024-12-30 23:47:45,True,False,,,53.347106,-6.292041,25,24,1,12,12,0,12,25,24,1,12,12,0,12
12535,24,dublin,CATHAL BRUGHA STREET,Cathal Brugha Street,False,False,OPEN,2024-12-30 23:54:22,True,False,,,53.352149,-6.260533,20,9,11,6,3,0,3,20,9,11,6,3,0,3
12536,64,dublin,SANDWITH STREET,Sandwith Street,False,False,OPEN,2024-12-30 23:50:41,True,False,,,53.345203,-6.247163,40,17,23,14,3,0,3,40,17,23,14,3,0,3
12537,109,dublin,BUCKINGHAM STREET LOWER,Buckingham Street Lower,False,False,OPEN,2024-12-30 23:47:54,True,False,,,53.353331,-6.249319,29,8,21,5,3,0,3,29,8,21,5,3,0,3
12538,85,dublin,ROTHE ABBEY,Rothe Abbey,False,False,OPEN,2024-12-30 23:49:24,True,False,,,53.338776,-6.30395,35,16,19,4,12,0,12,35,16,19,4,12,0,12
12539,107,dublin,CHARLEVILLE ROAD,Charleville Road,False,False,OPEN,2024-12-30 23:49:48,True,False,,,53.359157,-6.281866,40,9,31,4,5,0,5,40,9,31,4,5,0,5
12540,33,dublin,PRINCES STREET / O'CONNELL STREET,Princes Street / O'Connell Street,False,False,OPEN,2024-12-30 23:49:28,True,False,,,53.349013,-6.260311,23,13,10,5,8,0,8,23,13,10,5,8,0,8
12541,44,dublin,UPPER SHERRARD STREET,Upper Sherrard Street,False,False,OPEN,2024-12-30 23:50:51,True,False,,,53.358437,-6.260641,30,12,18,8,4,0,4,30,12,18,8,4,0,4
12542,89,dublin,FITZWILLIAM SQUARE EAST,Fitzwilliam Square East,False,False,OPEN,2024-12-30 23:47:12,True,False,,,53.335211,-6.2509,40,18,22,10,8,0,8,40,18,22,10,8,0,8
12543,57,dublin,GRATTAN STREET,Grattan Street,False,False,OPEN,2024-12-30 23:54:24,True,False,,,53.339629,-6.243778,23,9,14,6,3,0,3,23,9,14,6,3,0,3
12544,80,dublin,ST JAMES HOSPITAL (LUAS),St James Hospital (Luas),False,False,OPEN,2024-12-30 23:51:58,True,False,,,53.341359,-6.292951,40,7,33,2,5,0,5,40,7,33,2,5,0,5
12545,41,dublin,HARCOURT TERRACE,Harcourt Terrace,False,False,OPEN,2024-12-30 23:46:42,True,False,,,53.332763,-6.257942,20,17,3,10,7,0,7,20,17,3,10,7,0,7
12546,3,dublin,BOLTON STREET,Bolton Street,False,False,OPEN,2024-12-30 23:48:02,True,False,,,53.351182,-6.269859,20,8,12,5,3,0,3,20,8,12,5,3,0,3
12547,40,dublin,JERVIS STREET,Jervis Street,False,False,OPEN,2024-12-30 23:50:29,True,False,,,53.3483,-6.266651,21,5,16,0,5,0,5,21,5,16,0,5,0,5
12548,29,dublin,ORMOND QUAY UPPER,Ormond Quay Upper,False,False,OPEN,2024-12-30 23:53:03,True,False,,,53.346057,-6.268001,29,23,6,9,14,0,14,29,23,6,9,14,0,14
12549,103,dublin,GRANGEGORMAN LOWER (SOUTH),Grangegorman Lower (South),False,False,OPEN,2024-12-30 23:46:40,True,False,,,53.354663,-6.278681,40,3,37,3,0,0,0,40,3,37,3,0,0,0
12550,28,dublin,MOUNTJOY SQUARE WEST,Mountjoy Square West,False,False,OPEN,2024-12-30 23:47:16,True,False,,,53.356299,-6.258586,30,19,11,8,11,0,11,30,19,11,8,11,0,11
12551,39,dublin,WILTON TERRACE,Wilton Terrace,False,False,OPEN,2024-12-30 23:48:03,True,False,,,53.332383,-6.252717,20,5,15,3,2,0,2,20,5,15,3,2,0,2
12552,83,dublin,EMMET ROAD,Emmet Road,False,False,OPEN,2024-12-30 23:48:57,True,False,,,53.340714,-6.308191,40,13,27,8,5,0,5,40,13,27,8,5,0,5
12553,92,dublin,HEUSTON BRIDGE (NORTH),Heuston Bridge (North),False,False,OPEN,2024-12-30 23:54:21,True,False,,,53.347802,-6.292432,40,30,10,19,11,0,11,40,30,10,19,11,0,11
12554,21,dublin,LEINSTER STREET SOUTH,Leinster Street South,False,False,OPEN,2024-12-30 23:48:18,True,False,,,53.34218,-6.254485,30,3,27,2,1,0,1,30,3,27,2,1,0,1
12555,88,dublin,BLACKHALL PLACE,Blackhall Place,False,False,OPEN,2024-12-30 23:49:28,True,False,,,53.3488,-6.281637,30,1,29,1,0,0,0,30,1,29,1,0,0,0
12556,42,dublin,SMITHFIELD NORTH,Smithfield North,False,False,OPEN,2024-12-31 09:32:48,True,False,,,53.349562,-6.278198,30,15,15,11,4,0,4,30,15,15,11,4,0,4
12557,30,dublin,PARNELL SQUARE NORTH,Parnell Square North,False,False,OPEN,2024-12-31 09:35:20,True,False,,,53.3537415547453,-6.26530144781526,20,1,19,1,0,0,0,20,1,19,1,0,0,0
12558,54,dublin,CLONMEL STREET,Clonmel Street,False,False,OPEN,2024-12-31 09:32:02,True,False,,,53.336021,-6.26298,33,16,17,8,8,0,8,33,16,17,8,8,0,8
12559,108,dublin,AVONDALE ROAD,Avondale Road,False,False,OPEN,2024-12-31 09:30:31,True,False,,,53.359405,-6.276142,35,13,22,9,4,0,4,35,13,22,9,4,0,4
12560,20,dublin,JAMES STREET EAST,James Street East,False,False,OPEN,2024-12-31 09:33:02,True,False,,,53.336597,-6.248109,30,3,27,1,2,0,2,30,3,27,1,2,0,2
12561,56,dublin,MOUNT STREET LOWER,Mount Street Lower,False,False,OPEN,2024-12-31 09:28:38,True,False,,,53.33796,-6.24153,40,23,17,15,8,0,8,40,23,17,15,8,0,8
12562,6,dublin,CHRISTCHURCH PLACE,Christchurch Place,False,False,OPEN,2024-12-31 09:29:54,True,False,,,53.343368,-6.27012,20,13,7,4,9,0,9,20,13,7,4,9,0,9
12563,18,dublin,GRANTHAM STREET,Grantham Street,False,False,OPEN,2024-12-31 09:31:13,True,False,,,53.334123,-6.265436,30,0,30,0,0,0,0,30,0,30,0,0,0,0
12564,32,dublin,PEARSE STREET,Pearse Street,False,False,OPEN,2024-12-31 09:29:04,True,False,,,53.344304,-6.250427,30,11,19,6,5,0,5,30,11,19,6,5,0,5
12565,52,dublin,YORK STREET EAST,York Street East,False,False,OPEN,2024-12-31 09:29:46,True,False,,,53.338755,-6.262003,32,18,14,11,7,0,7,32,18,14,11,7,0,7
12566,48,dublin,EXCISE WALK,Excise Walk,False,False,OPEN,2024-12-31 09:30:09,True,False,,,53.347777,-6.244239,40,7,33,7,0,0,0,40,7,33,7,0,0,0
12567,13,dublin,FITZWILLIAM SQUARE WEST,Fitzwilliam Square West,False,False,OPEN,2024-12-31 09:31:46,True,False,,,53.336074,-6.252825,30,25,5,11,14,0,14,30,25,5,11,14,0,14
12568,43,dublin,PORTOBELLO ROAD,Portobello Road,False,False,OPEN,2024-12-31 09:30:39,True,False,,,53.330091,-6.268044,30,22,8,13,9,0,9,30,22,8,13,9,0,9
12569,31,dublin,PARNELL STREET,Parnell Street,False,False,OPEN,2024-12-31 09:28:54,True,False,,,53.350929,-6.265125,20,13,7,5,8,0,8,20,13,7,5,8,0,8
12570,98,dublin,FREDERICK STREET SOUTH,Frederick Street South,False,False,OPEN,2024-12-31 09:30:25,True,False,,,53.341515,-6.256853,40,18,22,14,4,0,4,40,18,22,14,4,0,4
12571,14,dublin,FOWNES STREET UPPER,Fownes Street Upper,False,False,OPEN,2024-12-31 09:32:26,True,False,,,53.344603,-6.263371,30,0,30,0,0,0,0,30,0,30,0,0,0,0
12572,1,dublin,CLARENDON ROW,Clarendon Row,False,False,OPEN,2024-12-31 09:33:11,True,False,,,53.340927,-6.262501,31,1,30,1,0,0,0,31,1,30,1,0,0,0
12573,23,dublin,CUSTOM HOUSE,Custom House,False,False,OPEN,2024-12-31 09:31:10,True,False,,,53.348279,-6.254662,30,3,27,3,0,0,0,30,3,27,3,0,0,0
12574,106,dublin,RATHDOWN ROAD,Rathdown Road,False,False,OPEN,2024-12-31 09:28:20,True,False,,,53.35893,-6.280337,40,5,35,5,0,0,0,40,5,35,5,0,0,0
12575,112,dublin,NORTH CIRCULAR ROAD (O'CONNELL'S),North Circular Road (O'Connell's),False,False,OPEN,2024-12-31 09:29:41,True,False,,,53.357841,-6.251557,30,16,14,10,6,0,6,30,16,14,10,6,0,6
12576,68,dublin,HANOVER QUAY,Hanover Quay,False,False,OPEN,2024-12-31 09:30:13,True,False,,,53.344115,-6.237153,40,30,10,17,13,0,13,40,30,10,17,13,0,13
12577,74,dublin,OLIVER BOND STREET,Oliver Bond Street,False,False,OPEN,2024-12-31 09:31:32,True,False,,,53.343893,-6.280531,30,11,19,4,7,0,7,30,11,19,4,7,0,7
12578,87,dublin,COLLINS BARRACKS MUSEUM,Collins Barracks Museum,False,False,OPEN,2024-12-31 09:33:54,True,False,,,53.347477,-6.28525,38,20,18,11,9,0,9,38,20,18,11,9,0,9
12579,84,dublin,BROOKFIELD ROAD,Brookfield Road,False,False,OPEN,2024-12-31 09:34:46,True,False,,,53.339005,-6.300217,30,11,19,5,6,0,6,30,11,19,5,6,0,6
12580,90,dublin,BENSON STREET,Benson Street,False,False,OPEN,2024-12-31 09:36:37,True,False,,,53.344153,-6.233451,40,3,37,2,1,0,1,40,3,37,2,1,0,1
12581,11,dublin,EARLSFORT TERRACE,Earlsfort Terrace,False,False,OPEN,2024-12-31 09:28:50,True,False,,,53.334295,-6.258503,30,22,8,17,5,0,5,30,22,8,17,5,0,5
12582,17,dublin,GOLDEN LANE,Golden Lane,False,False,OPEN,2024-12-31 09:33:22,True,False,,,53.340803,-6.267732,20,6,14,4,2,0,2,20,6,14,4,2,0,2
12583,45,dublin,DEVERELL PLACE,Deverell Place,False,False,OPEN,2024-12-31 09:31:53,True,False,,,53.351464,-6.255265,30,7,23,4,3,0,3,30,7,23,4,3,0,3
12584,114,dublin,WILTON TERRACE (PARK),Wilton Terrace (Park),False,False,OPEN,2024-12-31 09:32:22,True,False,,,53.333653,-6.248345,40,7,33,7,0,0,0,40,7,33,7,0,0,0
12585,72,dublin,JOHN STREET WEST,John Street West,False,False,OPEN,2024-12-31 09:30:04,True,False,,,53.343105,-6.277167,31,5,26,3,2,0,2,31,5,26,3,2,0,2
12586,63,dublin,FENIAN STREET,Fenian Street,False,False,OPEN,2024-12-31 09:35:45,True,False,,,53.341428,-6.24672,35,14,21,4,10,0,10,35,14,21,4,10,0,10
12587,113,dublin,MERRION SQUARE SOUTH,Merrion Square South,False,False,OPEN,2024-12-31 09:35:17,True,False,,,53.338614,-6.248606,40,6,23,5,1,0,1,40,6,23,5,1,0,1
12588,91,dublin,SOUTH DOCK ROAD,South Dock Road,False,False,OPEN,2024-12-31 09:29:54,True,False,,,53.341833,-6.231291,30,18,12,11,7,0,7,30,18,12,11,7,0,7
12589,99,dublin,CITY QUAY,City Quay,False,False,OPEN,2024-12-31 09:31:35,True,False,,,53.346637,-6.246154,30,15,15,6,9,0,9,30,15,15,6,9,0,9
12590,9,dublin,EXCHEQUER STREET,Exchequer Street,False,False,OPEN,2024-12-31 09:31:55,True,False,,,53.343034,-6.263578,24,3,21,2,1,0,1,24,3,21,2,1,0,1
12591,67,dublin,THE POINT,The Point,False,False,OPEN,2024-12-31 09:30:14,True,False,,,53.346867,-6.230852,40,22,18,15,7,0,7,40,22,18,15,7,0,7
12592,116,dublin,BROADSTONE,Broadstone,False,False,OPEN,2024-12-31 09:29:53,True,False,,,53.3547,-6.272314,30,16,14,9,7,0,7,30,16,14,9,7,0,7
12593,55,dublin,HATCH STREET,Hatch Street,False,False,OPEN,2024-12-31 09:32:34,True,False,,,53.33403,-6.260714,36,8,28,6,2,0,2,36,8,28,6,2,0,2
12594,62,dublin,LIME STREET,Lime Street,False,False,OPEN,2024-12-31 09:28:57,True,False,,,53.346026,-6.243576,40,16,24,5,11,0,11,40,16,24,5,11,0,11
12595,5,dublin,CHARLEMONT PLACE,Charlemont Street,False,False,OPEN,2024-12-31 09:35:31,True,False,,,53.330662,-6.260177,40,13,27,11,2,0,2,40,13,27,11,2,0,2
12596,97,dublin,KILMAINHAM GAOL,Kilmainham Gaol,False,False,OPEN,2024-12-31 09:29:41,True,False,,,53.342113,-6.310015,40,28,12,16,12,0,12,40,28,12,16,12,0,12
12597,61,dublin,HARDWICKE PLACE,Hardwicke Place,False,False,OPEN,2024-12-31 09:28:48,True,False,,,53.357043,-6.263232,25,0,25,0,0,0,0,25,0,25,0,0,0,0
12598,77,dublin,WOLFE TONE STREET,Wolfe Tone Street,False,False,OPEN,2024-12-31 09:29:46,True,False,,,53.348875,-6.267459,29,29,0,11,18,0,18,29,29,0,11,18,0,18
12599,73,dublin,FRANCIS STREET,Francis Street,False,False,OPEN,2024-12-31 09:36:15,True,False,,,53.342081,-6.275233,30,3,27,3,0,0,0,30,3,27,3,0,0,0
12600,4,dublin,GREEK STREET,Greek Street,False,False,OPEN,2024-12-31 09:32:04,True,False,,,53.346874,-6.272976,20,14,6,3,11,0,11,20,14,6,3,11,0,11
12601,49,dublin,GUILD STREET,Guild Street,False,False,OPEN,2024-12-31 09:31:47,True,False,,,53.347932,-6.240928,40,17,23,10,7,0,7,40,17,23,10,7,0,7
12602,19,dublin,HERBERT PLACE,Herbert Place,False,False,OPEN,2024-12-31 09:31:55,True,False,,,53.334432,-6.245575,30,5,25,4,1,0,1,30,5,25,4,1,0,1
12603,7,dublin,HIGH STREET,High Street,False,False,OPEN,2024-12-31 09:29:54,True,False,,,53.343565,-6.275071,29,5,24,3,2,0,2,29,5,24,3,2,0,2
12604,60,dublin,NORTH CIRCULAR ROAD,North Circular Road,False,False,OPEN,2024-12-31 09:36:50,True,False,,,53.359624,-6.260348,30,6,24,6,0,0,0,30,6,24,6,0,0,0
12605,102,dublin,WESTERN WAY,Western Way,False,False,OPEN,2024-12-31 09:29:08,True,False,,,53.354929,-6.269425,40,14,26,12,2,0,2,40,14,26,12,2,0,2
12606,38,dublin,TALBOT STREET,Talbot Street,False,False,OPEN,2024-12-31 09:34:52,True,False,,,53.350974,-6.25294,40,35,5,23,12,0,12,40,35,5,23,12,0,12
12607,53,dublin,NEWMAN HOUSE,Newman House,False,False,OPEN,2024-12-31 09:30:42,True,False,,,53.337132,-6.26059,40,14,26,12,2,0,2,40,14,26,12,2,0,2
12608,58,dublin,SIR PATRICK DUN'S,Sir Patrick's Dun,False,False,OPEN,2024-12-31 09:32:49,True,False,,,53.339218,-6.240642,40,5,35,4,1,0,1,40,5,35,4,1,0,1
12609,66,dublin,NEW CENTRAL BANK,New Central Bank,False,False,OPEN,2024-12-31 09:28:14,True,False,,,53.347122,-6.234749,40,15,25,10,5,0,5,40,15,25,10,5,0,5
12610,104,dublin,GRANGEGORMAN LOWER (CENTRAL),Grangegorman Lower (Central),False,False,OPEN,2024-12-31 09:33:34,True,False,,,53.355173,-6.278424,40,19,21,10,9,0,9,40,19,21,10,9,0,9
12611,101,dublin,KING STREET NORTH,King Street North,False,False,OPEN,2024-12-31 09:29:02,True,False,,,53.350291,-6.273507,30,4,26,0,4,0,4,30,4,26,0,4,0,4
12612,115,dublin,KILLARNEY STREET,Killarney Street,False,False,OPEN,2024-12-31 09:32:05,True,False,,,53.354845,-6.247579,30,24,6,13,11,0,11,30,24,6,13,11,0,11
12613,47,dublin,HERBERT STREET,Herbert Street,False,False,OPEN,2024-12-31 09:29:31,True,False,,,53.335742,-6.24551,40,1,39,0,1,0,1,40,1,39,0,1,0,1
12614,117,dublin,HANOVER QUAY EAST,Hanover Quay East,False,False,OPEN,2024-12-31 09:34:50,True,False,,,53.343653,-6.231755,40,9,31,6,3,0,3,40,9,31,6,3,0,3
12615,8,dublin,CUSTOM HOUSE QUAY,Custom House Quay,False,False,OPEN,2024-12-31 09:31:21,True,False,,,53.347884,-6.248048,30,16,14,13,3,0,3,30,16,14,13,3,0,3
12616,27,dublin,MOLESWORTH STREET,Molesworth Street,False,False,OPEN,2024-12-31 09:35:26,True,False,,,53.341288,-6.258117,20,14,6,3,11,0,11,20,14,6,3,11,0,11
12617,16,dublin,GEORGES QUAY,Georges Quay,False,False,OPEN,2024-12-31 09:29:18,True,False,,,53.347508,-6.252192,20,6,14,5,1,0,1,20,6,14,5,1,0,1
12618,96,dublin,KILMAINHAM LANE,Kilmainham Lane,False,False,OPEN,2024-12-31 09:28:08,True,False,,,53.341805,-6.305085,30,19,11,13,6,0,6,30,19,11,13,6,0,6
12619,82,dublin,MOUNT BROWN,Mount Brown,False,False,OPEN,2024-12-31 09:30:18,True,False,,,53.341645,-6.29719,22,8,14,2,6,0,6,22,8,14,2,6,0,6
12620,76,dublin,MARKET STREET SOUTH,Market Street South,False,False,OPEN,2024-12-31 09:29:33,True,False,,,53.342296,-6.287661,38,4,34,2,2,0,2,38,4,34,2,2,0,2
12621,71,dublin,KEVIN STREET,Kevin Street,False,False,OPEN,2024-12-31 09:29:46,True,False,,,53.337757,-6.267699,40,25,15,20,5,0,5,40,25,15,20,5,0,5
12622,79,dublin,ECCLES STREET EAST,Eccles Street East,False,False,OPEN,2024-12-31 09:31:48,True,False,,,53.358115,-6.265601,27,6,21,5,1,0,1,27,6,21,5,1,0,1
12623,69,dublin,GRAND CANAL DOCK,Grand Canal Dock,False,False,OPEN,2024-12-31 09:32:08,True,False,,,53.342638,-6.238695,40,40,0,29,11,0,11,40,40,0,29,11,0,11
12624,25,dublin,MERRION SQUARE EAST,Merrion Square East,False,False,OPEN,2024-12-31 09:33:05,True,False,,,53.339434,-6.246548,30,9,21,3,6,0,6,30,9,21,3,6,0,6
12625,51,dublin,YORK STREET WEST,York Street West,False,False,OPEN,2024-12-31 09:27:46,True,False,,,53.339334,-6.264699,40,0,0,0,0,0,0,40,0,0,0,0,0,0
12626,37,dublin,ST. STEPHEN'S GREEN SOUTH,St. Stephen's Green South,False,False,OPEN,2024-12-31 09:29:53,True,False,,,53.337494,-6.26199,30,24,6,13,11,0,11,30,24,6,13,11,0,11
12627,59,dublin,DENMARK STREET GREAT,Denmark Street Great,False,False,OPEN,2024-12-31 09:32:01,True,False,,,53.35561,-6.261397,20,3,17,2,1,0,1,20,3,17,2,1,0,1
12628,95,dublin,ROYAL HOSPITAL,Royal Hospital,False,False,OPEN,2024-12-31 09:33:52,True,False,,,53.343897,-6.29706,40,11,29,6,5,0,5,40,11,29,6,5,0,5
12629,94,dublin,HEUSTON STATION (CAR PARK),Heuston Station (Car Park),False,False,OPEN,2024-12-31 09:31:01,True,False,,,53.346985,-6.297804,40,9,31,9,0,0,0,40,9,31,9,0,0,0
12630,105,dublin,GRANGEGORMAN LOWER (NORTH),Grangegorman Lower (North),False,False,OPEN,2024-12-31 09:32:41,True,False,,,53.355954,-6.278378,36,13,23,7,6,0,6,36,13,23,7,6,0,6
12631,36,dublin,ST. STEPHEN'S GREEN EAST,St. Stephen's Green East,False,False,OPEN,2024-12-31 09:29:21,True,False,,,53.337824,-6.256035,40,24,16,18,6,0,6,40,24,16,18,6,0,6
12632,93,dublin,HEUSTON STATION (CENTRAL),Heuston Station (Central),False,False,OPEN,2024-12-31 09:30:50,True,False,,,53.346603,-6.296924,40,6,34,6,0,0,0,40,6,34,6,0,0,0
12633,22,dublin,TOWNSEND STREET,Townsend Street,False,False,OPEN,2024-12-31 09:30:21,True,False,,,53.345922,-6.254614,20,12,8,8,4,0,4,20,12,8,8,4,0,4
12634,50,dublin,GEORGES LANE,George's Lane,False,False,OPEN,2024-12-31 09:34:52,True,False,,,53.35023,-6.279696,40,14,26,11,3,0,3,40,14,26,11,3,0,3
12635,110,dublin,PHIBSBOROUGH ROAD,Phibsborough Road,False,False,OPEN,2024-12-31 09:32:23,True,False,,,53.356307,-6.273717,40,19,21,10,9,0,9,40,19,21,10,9,0,9
12636,12,dublin,ECCLES STREET,Eccles Street,False,False,OPEN,2024-12-31 09:29:49,True,False,,,53.359246,-6.269779,20,4,16,2,2,0,2,20,4,16,2,2,0,2
12637,34,dublin,PORTOBELLO HARBOUR,Portobello Harbour,False,False,OPEN,2024-12-31 09:30:31,True,False,,,53.330362,-6.265163,30,2,28,2,0,0,0,30,2,28,2,0,0,0
12638,78,dublin,MATER HOSPITAL,Mater Hospital,False,False,OPEN,2024-12-31 09:31:26,True,False,,,53.359967,-6.264828,40,14,25,11,3,0,3,40,14,25,11,3,0,3
12639,2,dublin,BLESSINGTON STREET,Blessington Street,False,False,OPEN,2024-12-31 09:29:31,True,False,,,53.356769,-6.26814,20,0,20,0,0,0,0,20,0,20,0,0,0,0
12640,75,dublin,JAMES STREET,James Street,False,False,OPEN,2024-12-31 09:32:53,True,False,,,53.343456,-6.287409,40,4,36,3,1,0,1,40,4,36,3,1,0,1
12641,111,dublin,MOUNTJOY SQUARE EAST,Mountjoy Square East,False,False,OPEN,2024-12-31 09:29:00,True,False,,,53.356717,-6.256359,40,3,37,0,3,0,3,40,3,37,0,3,0,3
12642,26,dublin,MERRION SQUARE WEST,Merrion Square West,False,False,OPEN,2024-12-31 09:29:06,True,False,,,53.339764,-6.251988,20,13,7,5,8,0,8,20,13,7,5,8,0,8
12643,65,dublin,CONVENTION CENTRE,Convention Centre,False,False,OPEN,2024-12-31 09:32:58,True,False,,,53.34744,-6.238523,40,2,38,2,0,0,0,40,2,38,2,0,0,0
12644,15,dublin,HARDWICKE STREET,Hardwicke Street,False,False,OPEN,2024-12-31 09:32:51,True,False,,,53.355473,-6.264423,16,0,16,0,0,0,0,16,0,16,0,0,0,0
12645,86,dublin,PARKGATE STREET,Parkgate Street,False,False,OPEN,2024-12-31 09:30:19,True,False,,,53.347972,-6.291804,38,16,22,3,13,0,13,38,16,22,3,13,0,13
12646,35,dublin,SMITHFIELD,Smithfield,False,False,OPEN,2024-12-31 09:33:28,True,False,,,53.347692,-6.278214,30,25,5,13,12,0,12,30,25,5,13,12,0,12
12647,10,dublin,DAME STREET,Dame Street,False,False,OPEN,2024-12-31 09:33:05,True,False,,,53.344007,-6.266802,16,4,12,3,1,0,1,16,4,12,3,1,0,1
12648,100,dublin,HEUSTON BRIDGE (SOUTH),Heuston Bridge (South),False,False,OPEN,2024-12-31 09:37:15,True,False,,,53.347106,-6.292041,25,17,8,6,11,0,11,25,17,8,6,11,0,11
12649,24,dublin,CATHAL BRUGHA STREET,Cathal Brugha Street,False,False,OPEN,2024-12-31 09:31:26,True,False,,,53.352149,-6.260533,20,13,7,7,6,0,6,20,13,7,7,6,0,6
12650,64,dublin,SANDWITH STREET,Sandwith Street,False,False,OPEN,2024-12-31 09:32:16,True,False,,,53.345203,-6.247163,40,17,23,13,4,0,4,40,17,23,13,4,0,4
12651,109,dublin,BUCKINGHAM STREET LOWER,Buckingham Street Lower,False,False,OPEN,2024-12-31 09:30:54,True,False,,,53.353331,-6.249319,29,6,23,3,3,0,3,29,6,23,3,3,0,3
12652,85,dublin,ROTHE ABBEY,Rothe Abbey,False,False,OPEN,2024-12-31 09:37:30,True,False,,,53.338776,-6.30395,35,23,12,11,12,0,12,35,23,12,11,12,0,12
12653,107,dublin,CHARLEVILLE ROAD,Charleville Road,False,False,OPEN,2024-12-31 09:30:54,True,False,,,53.359157,-6.281866,40,7,33,3,4,0,4,40,7,33,3,4,0,4
12654,33,dublin,PRINCES STREET / O'CONNELL STREET,Princes Street / O'Connell Street,False,False,OPEN,2024-12-31 09:36:02,True,False,,,53.349013,-6.260311,23,19,4,11,8,0,8,23,19,4,11,8,0,8
12655,44,dublin,UPPER SHERRARD STREET,Upper Sherrard Street,False,False,OPEN,2024-12-31 09:35:51,True,False,,,53.358437,-6.260641,30,7,23,4,3,0,3,30,7,23,4,3,0,3
12656,89,dublin,FITZWILLIAM SQUARE EAST,Fitzwilliam Square East,False,False,OPEN,2024-12-31 09:31:41,True,False,,,53.335211,-6.2509,40,18,22,10,8,0,8,40,18,22,10,8,0,8
12657,57,dublin,GRATTAN STREET,Grattan Street,False,False,OPEN,2024-12-31 09:30:47,True,False,,,53.339629,-6.243778,23,10,13,7,3,0,3,23,10,13,7,3,0,3
12658,80,dublin,ST JAMES HOSPITAL (LUAS),St James Hospital (Luas),False,False,OPEN,2024-12-31 09:32:11,True,False,,,53.341359,-6.292951,40,24,16,13,11,0,11,40,24,16,13,11,0,11
12659,41,dublin,HARCOURT TERRACE,Harcourt Terrace,False,False,OPEN,2024-12-31 09:29:44,True,False,,,53.332763,-6.257942,20,17,3,10,7,0,7,20,17,3,10,7,0,7
12660,3,dublin,BOLTON STREET,Bolton Street,False,False,OPEN,2024-12-31 09:31:23,True,False,,,53.351182,-6.269859,20,5,15,2,3,0,3,20,5,15,2,3,0,3
12661,40,dublin,JERVIS STREET,Jervis Street,False,False,OPEN,2024-12-31 09:32:08,True,False,,,53.3483,-6.266651,21,12,9,4,8,0,8,21,12,9,4,8,0,8
12662,29,dublin,ORMOND QUAY UPPER,Ormond Quay Upper,False,False,OPEN,2024-12-31 09:31:49,True,False,,,53.346057,-6.268001,29,25,4,11,14,0,14,29,25,4,11,14,0,14
12663,103,dublin,GRANGEGORMAN LOWER (SOUTH),Grangegorman Lower (South),False,False,OPEN,2024-12-31 09:30:54,True,False,,,53.354663,-6.278681,40,4,36,3,1,0,1,40,4,36,3,1,0,1
12664,28,dublin,MOUNTJOY SQUARE WEST,Mountjoy Square West,False,False,OPEN,2024-12-31 09:31:58,True,False,,,53.356299,-6.258586,30,14,16,6,8,0,8,30,14,16,6,8,0,8
12665,39,dublin,WILTON TERRACE,Wilton Terrace,False,False,OPEN,2024-12-31 09:32:53,True,False,,,53.332383,-6.252717,20,8,12,5,3,0,3,20,8,12,5,3,0,3
12666,83,dublin,EMMET ROAD,Emmet Road,False,False,OPEN,2024-12-31 09:32:21,True,False,,,53.340714,-6.308191,40,10,30,6,4,0,4,40,10,30,6,4,0,4
12667,92,dublin,HEUSTON BRIDGE (NORTH),Heuston Bridge (North),False,False,OPEN,2024-12-31 09:30:20,True,False,,,53.347802,-6.292432,40,28,12,17,11,0,11,40,28,12,17,11,0,11
12668,21,dublin,LEINSTER STREET SOUTH,Leinster Street South,False,False,OPEN,2024-12-31 09:28:53,True,False,,,53.34218,-6.254485,30,9,21,8,1,0,1,30,9,21,8,1,0,1
12669,88,dublin,BLACKHALL PLACE,Blackhall Place,False,False,OPEN,2024-12-31 09:30:27,True,False,,,53.3488,-6.281637,30,2,28,2,0,0,0,30,2,28,2,0,0,0
12670,42,dublin,SMITHFIELD NORTH,Smithfield North,False,False,OPEN,2024-12-31 10:03:00,True,False,,,53.349562,-6.278198,30,15,15,11,4,0,4,30,15,15,11,4,0,4
12671,30,dublin,PARNELL SQUARE NORTH,Parnell Square North,False,False,OPEN,2024-12-31 10:05:36,True,False,,,53.3537415547453,-6.26530144781526,20,1,19,1,0,0,0,20,1,19,1,0,0,0
12672,54,dublin,CLONMEL STREET,Clonmel Street,False,False,OPEN,2024-12-31 10:02:14,True,False,,,53.336021,-6.26298,33,16,17,8,8,0,8,33,16,17,8,8,0,8
12673,108,dublin,AVONDALE ROAD,Avondale Road,False,False,OPEN,2024-12-31 10:00:42,True,False,,,53.359405,-6.276142,35,13,22,9,4,0,4,35,13,22,9,4,0,4
12674,20,dublin,JAMES STREET EAST,James Street East,False,False,OPEN,2024-12-31 10:03:14,True,False,,,53.336597,-6.248109,30,3,27,1,2,0,2,30,3,27,1,2,0,2
12675,56,dublin,MOUNT STREET LOWER,Mount Street Lower,False,False,OPEN,2024-12-31 09:58:51,True,False,,,53.33796,-6.24153,40,22,18,14,8,0,8,40,22,18,14,8,0,8
12676,6,dublin,CHRISTCHURCH PLACE,Christchurch Place,False,False,OPEN,2024-12-31 10:00:11,True,False,,,53.343368,-6.27012,20,13,7,4,9,0,9,20,13,7,4,9,0,9
12677,18,dublin,GRANTHAM STREET,Grantham Street,False,False,OPEN,2024-12-31 10:01:28,True,False,,,53.334123,-6.265436,30,1,29,1,0,0,0,30,1,29,1,0,0,0
12678,32,dublin,PEARSE STREET,Pearse Street,False,False,OPEN,2024-12-31 09:59:16,True,False,,,53.344304,-6.250427,30,11,19,6,5,0,5,30,11,19,6,5,0,5
12679,52,dublin,YORK STREET EAST,York Street East,False,False,OPEN,2024-12-31 09:59:59,True,False,,,53.338755,-6.262003,32,19,13,11,8,0,8,32,19,13,11,8,0,8
12680,48,dublin,EXCISE WALK,Excise Walk,False,False,OPEN,2024-12-31 10:00:23,True,False,,,53.347777,-6.244239,40,6,34,6,0,0,0,40,6,34,6,0,0,0
12681,13,dublin,FITZWILLIAM SQUARE WEST,Fitzwilliam Square West,False,False,OPEN,2024-12-31 10:02:02,True,False,,,53.336074,-6.252825,30,25,5,11,14,0,14,30,25,5,11,14,0,14
12682,43,dublin,PORTOBELLO ROAD,Portobello Road,False,False,OPEN,2024-12-31 10:00:56,True,False,,,53.330091,-6.268044,30,20,10,12,8,0,8,30,20,10,12,8,0,8
12683,31,dublin,PARNELL STREET,Parnell Street,False,False,OPEN,2024-12-31 09:59:05,True,False,,,53.350929,-6.265125,20,13,7,5,8,0,8,20,13,7,5,8,0,8
12684,98,dublin,FREDERICK STREET SOUTH,Frederick Street South,False,False,OPEN,2024-12-31 10:00:36,True,False,,,53.341515,-6.256853,40,19,21,15,4,0,4,40,19,21,15,4,0,4
12685,14,dublin,FOWNES STREET UPPER,Fownes Street Upper,False,False,OPEN,2024-12-31 10:02:38,True,False,,,53.344603,-6.263371,30,0,30,0,0,0,0,30,0,30,0,0,0,0
12686,1,dublin,CLARENDON ROW,Clarendon Row,False,False,OPEN,2024-12-31 10:03:42,True,False,,,53.340927,-6.262501,31,4,27,2,2,0,2,31,4,27,2,2,0,2
12687,23,dublin,CUSTOM HOUSE,Custom House,False,False,OPEN,2024-12-31 10:01:22,True,False,,,53.348279,-6.254662,30,3,27,3,0,0,0,30,3,27,3,0,0,0
12688,106,dublin,RATHDOWN ROAD,Rathdown Road,False,False,OPEN,2024-12-31 09:58:36,True,False,,,53.35893,-6.280337,40,4,36,4,0,0,0,40,4,36,4,0,0,0
12689,112,dublin,NORTH CIRCULAR ROAD (O'CONNELL'S),North Circular Road (O'Connell's),False,False,OPEN,2024-12-31 09:59:59,True,False,,,53.357841,-6.251557,30,15,15,9,6,0,6,30,15,15,9,6,0,6
12690,68,dublin,HANOVER QUAY,Hanover Quay,False,False,OPEN,2024-12-31 10:00:28,True,False,,,53.344115,-6.237153,40,31,9,18,13,0,13,40,31,9,18,13,0,13
12691,74,dublin,OLIVER BOND STREET,Oliver Bond Street,False,False,OPEN,2024-12-31 10:01:47,True,False,,,53.343893,-6.280531,30,12,18,5,7,0,7,30,12,18,5,7,0,7
12692,87,dublin,COLLINS BARRACKS MUSEUM,Collins Barracks Museum,False,False,OPEN,2024-12-31 10:04:09,True,False,,,53.347477,-6.28525,38,19,19,11,8,0,8,38,19,19,11,8,0,8
12693,84,dublin,BROOKFIELD ROAD,Brookfield Road,False,False,OPEN,2024-12-31 10:04:59,True,False,,,53.339005,-6.300217,30,10,20,5,5,0,5,30,10,20,5,5,0,5
12694,90,dublin,BENSON STREET,Benson Street,False,False,OPEN,2024-12-31 10:06:55,True,False,,,53.344153,-6.233451,40,2,38,1,1,0,1,40,2,38,1,1,0,1
12695,11,dublin,EARLSFORT TERRACE,Earlsfort Terrace,False,False,OPEN,2024-12-31 09:59:06,True,False,,,53.334295,-6.258503,30,22,8,17,5,0,5,30,22,8,17,5,0,5
12696,17,dublin,GOLDEN LANE,Golden Lane,False,False,OPEN,2024-12-31 10:05:55,True,False,,,53.340803,-6.267732,20,6,14,4,2,0,2,20,6,14,4,2,0,2
12697,45,dublin,DEVERELL PLACE,Deverell Place,False,False,OPEN,2024-12-31 10:02:04,True,False,,,53.351464,-6.255265,30,7,23,4,3,0,3,30,7,23,4,3,0,3
12698,114,dublin,WILTON TERRACE (PARK),Wilton Terrace (Park),False,False,OPEN,2024-12-31 10:02:38,True,False,,,53.333653,-6.248345,40,8,32,7,1,0,1,40,8,32,7,1,0,1
12699,72,dublin,JOHN STREET WEST,John Street West,False,False,OPEN,2024-12-31 10:00:16,True,False,,,53.343105,-6.277167,31,5,26,3,2,0,2,31,5,26,3,2,0,2
12700,63,dublin,FENIAN STREET,Fenian Street,False,False,OPEN,2024-12-31 10:02:09,True,False,,,53.341428,-6.24672,35,14,21,4,10,0,10,35,14,21,4,10,0,10
12701,113,dublin,MERRION SQUARE SOUTH,Merrion Square South,False,False,OPEN,2024-12-31 10:05:29,True,False,,,53.338614,-6.248606,40,6,23,5,1,0,1,40,6,23,5,1,0,1
12702,91,dublin,SOUTH DOCK ROAD,South Dock Road,False,False,OPEN,2024-12-31 10:00:12,True,False,,,53.341833,-6.231291,30,17,13,10,7,0,7,30,17,13,10,7,0,7
12703,99,dublin,CITY QUAY,City Quay,False,False,OPEN,2024-12-31 10:01:47,True,False,,,53.346637,-6.246154,30,15,15,6,9,0,9,30,15,15,6,9,0,9
12704,9,dublin,EXCHEQUER STREET,Exchequer Street,False,False,OPEN,2024-12-31 10:03:01,True,False,,,53.343034,-6.263578,24,3,21,3,0,0,0,24,3,21,3,0,0,0
12705,67,dublin,THE POINT,The Point,False,False,OPEN,2024-12-31 10:00:26,True,False,,,53.346867,-6.230852,40,22,18,15,7,0,7,40,22,18,15,7,0,7
12706,116,dublin,BROADSTONE,Broadstone,False,False,OPEN,2024-12-31 10:00:09,True,False,,,53.3547,-6.272314,30,16,14,9,7,0,7,30,16,14,9,7,0,7
12707,55,dublin,HATCH STREET,Hatch Street,False,False,OPEN,2024-12-31 10:02:47,True,False,,,53.33403,-6.260714,36,8,28,6,2,0,2,36,8,28,6,2,0,2
12708,62,dublin,LIME STREET,Lime Street,False,False,OPEN,2024-12-31 09:59:11,True,False,,,53.346026,-6.243576,40,15,25,5,10,0,10,40,15,25,5,10,0,10
12709,5,dublin,CHARLEMONT PLACE,Charlemont Street,False,False,OPEN,2024-12-31 10:04:57,True,False,,,53.330662,-6.260177,40,12,28,10,2,0,2,40,12,28,10,2,0,2
12710,97,dublin,KILMAINHAM GAOL,Kilmainham Gaol,False,False,OPEN,2024-12-31 10:00:19,True,False,,,53.342113,-6.310015,40,27,13,15,12,0,12,40,27,13,15,12,0,12
12711,61,dublin,HARDWICKE PLACE,Hardwicke Place,False,False,OPEN,2024-12-31 09:59:01,True,False,,,53.357043,-6.263232,25,0,25,0,0,0,0,25,0,25,0,0,0,0
12712,77,dublin,WOLFE TONE STREET,Wolfe Tone Street,False,False,OPEN,2024-12-31 09:59:58,True,False,,,53.348875,-6.267459,29,29,0,11,18,0,18,29,29,0,11,18,0,18
12713,73,dublin,FRANCIS STREET,Francis Street,False,False,OPEN,2024-12-31 10:01:33,True,False,,,53.342081,-6.275233,30,0,30,0,0,0,0,30,0,30,0,0,0,0
12714,4,dublin,GREEK STREET,Greek Street,False,False,OPEN,2024-12-31 10:07:19,True,False,,,53.346874,-6.272976,20,14,6,3,11,0,11,20,14,6,3,11,0,11
12715,49,dublin,GUILD STREET,Guild Street,False,False,OPEN,2024-12-31 10:02:00,True,False,,,53.347932,-6.240928,40,17,23,10,7,0,7,40,17,23,10,7,0,7
12716,19,dublin,HERBERT PLACE,Herbert Place,False,False,OPEN,2024-12-31 10:02:11,True,False,,,53.334432,-6.245575,30,5,25,4,1,0,1,30,5,25,4,1,0,1
12717,7,dublin,HIGH STREET,High Street,False,False,OPEN,2024-12-31 10:02:51,True,False,,,53.343565,-6.275071,29,5,24,3,2,0,2,29,5,24,3,2,0,2
12718,60,dublin,NORTH CIRCULAR ROAD,North Circular Road,False,False,OPEN,2024-12-31 10:02:48,True,False,,,53.359624,-6.260348,30,4,26,4,0,0,0,30,4,26,4,0,0,0
12719,102,dublin,WESTERN WAY,Western Way,False,False,OPEN,2024-12-31 09:59:20,True,False,,,53.354929,-6.269425,40,14,26,12,2,0,2,40,14,26,12,2,0,2
12720,38,dublin,TALBOT STREET,Talbot Street,False,False,OPEN,2024-12-31 10:05:10,True,False,,,53.350974,-6.25294,40,35,5,23,12,0,12,40,35,5,23,12,0,12
12721,53,dublin,NEWMAN HOUSE,Newman House,False,False,OPEN,2024-12-31 10:00:58,True,False,,,53.337132,-6.26059,40,15,25,13,2,0,2,40,15,25,13,2,0,2
12722,58,dublin,SIR PATRICK DUN'S,Sir Patrick's Dun,False,False,OPEN,2024-12-31 10:03:02,True,False,,,53.339218,-6.240642,40,5,35,4,1,0,1,40,5,35,4,1,0,1
12723,66,dublin,NEW CENTRAL BANK,New Central Bank,False,False,OPEN,2024-12-31 09:58:26,True,False,,,53.347122,-6.234749,40,15,25,10,5,0,5,40,15,25,10,5,0,5
12724,104,dublin,GRANGEGORMAN LOWER (CENTRAL),Grangegorman Lower (Central),False,False,OPEN,2024-12-31 10:03:03,True,False,,,53.355173,-6.278424,40,19,21,10,9,0,9,40,19,21,10,9,0,9
12725,101,dublin,KING STREET NORTH,King Street North,False,False,OPEN,2024-12-31 10:01:16,True,False,,,53.350291,-6.273507,30,3,27,0,3,0,3,30,3,27,0,3,0,3
12726,115,dublin,KILLARNEY STREET,Killarney Street,False,False,OPEN,2024-12-31 10:02:17,True,False,,,53.354845,-6.247579,30,24,6,13,11,0,11,30,24,6,13,11,0,11
12727,47,dublin,HERBERT STREET,Herbert Street,False,False,OPEN,2024-12-31 09:59:44,True,False,,,53.335742,-6.24551,40,1,39,0,1,0,1,40,1,39,0,1,0,1
12728,117,dublin,HANOVER QUAY EAST,Hanover Quay East,False,False,OPEN,2024-12-31 09:59:04,True,False,,,53.343653,-6.231755,40,9,31,6,3,0,3,40,9,31,6,3,0,3
12729,8,dublin,CUSTOM HOUSE QUAY,Custom House Quay,False,False,OPEN,2024-12-31 10:01:33,True,False,,,53.347884,-6.248048,30,17,13,13,4,0,4,30,17,13,13,4,0,4
12730,27,dublin,MOLESWORTH STREET,Molesworth Street,False,False,OPEN,2024-12-31 09:59:17,True,False,,,53.341288,-6.258117,20,14,6,3,11,0,11,20,14,6,3,11,0,11
12731,16,dublin,GEORGES QUAY,Georges Quay,False,False,OPEN,2024-12-31 09:59:33,True,False,,,53.347508,-6.252192,20,6,14,5,1,0,1,20,6,14,5,1,0,1
12732,96,dublin,KILMAINHAM LANE,Kilmainham Lane,False,False,OPEN,2024-12-31 10:04:24,True,False,,,53.341805,-6.305085,30,19,11,13,6,0,6,30,19,11,13,6,0,6
12733,82,dublin,MOUNT BROWN,Mount Brown,False,False,OPEN,2024-12-31 10:00:33,True,False,,,53.341645,-6.29719,22,8,14,2,6,0,6,22,8,14,2,6,0,6
12734,76,dublin,MARKET STREET SOUTH,Market Street South,False,False,OPEN,2024-12-31 09:59:49,True,False,,,53.342296,-6.287661,38,4,34,2,2,0,2,38,4,34,2,2,0,2
12735,71,dublin,KEVIN STREET,Kevin Street,False,False,OPEN,2024-12-31 10:00:02,True,False,,,53.337757,-6.267699,40,25,15,20,5,0,5,40,25,15,20,5,0,5
12736,79,dublin,ECCLES STREET EAST,Eccles Street East,False,False,OPEN,2024-12-31 10:02:03,True,False,,,53.358115,-6.265601,27,6,21,5,1,0,1,27,6,21,5,1,0,1
12737,69,dublin,GRAND CANAL DOCK,Grand Canal Dock,False,False,OPEN,2024-12-31 10:02:26,True,False,,,53.342638,-6.238695,40,39,1,28,11,0,11,40,39,1,28,11,0,11
12738,25,dublin,MERRION SQUARE EAST,Merrion Square East,False,False,OPEN,2024-12-31 10:03:17,True,False,,,53.339434,-6.246548,30,9,21,3,6,0,6,30,9,21,3,6,0,6
12739,51,dublin,YORK STREET WEST,York Street West,False,False,OPEN,2024-12-31 09:57:57,True,False,,,53.339334,-6.264699,40,0,0,0,0,0,0,40,0,0,0,0,0,0
12740,37,dublin,ST. STEPHEN'S GREEN SOUTH,St. Stephen's Green South,False,False,OPEN,2024-12-31 10:00:08,True,False,,,53.337494,-6.26199,30,24,6,13,11,0,11,30,24,6,13,11,0,11
12741,59,dublin,DENMARK STREET GREAT,Denmark Street Great,False,False,OPEN,2024-12-31 10:02:14,True,False,,,53.35561,-6.261397,20,3,17,2,1,0,1,20,3,17,2,1,0,1
12742,95,dublin,ROYAL HOSPITAL,Royal Hospital,False,False,OPEN,2024-12-31 10:04:09,True,False,,,53.343897,-6.29706,40,11,29,6,5,0,5,40,11,29,6,5,0,5
12743,94,dublin,HEUSTON STATION (CAR PARK),Heuston Station (Car Park),False,False,OPEN,2024-12-31 10:01:13,True,False,,,53.346985,-6.297804,40,9,31,9,0,0,0,40,9,31,9,0,0,0
12744,105,dublin,GRANGEGORMAN LOWER (NORTH),Grangegorman Lower (North),False,False,OPEN,2024-12-31 10:02:54,True,False,,,53.355954,-6.278378,36,13,23,7,6,0,6,36,13,23,7,6,0,6
12745,36,dublin,ST. STEPHEN'S GREEN EAST,St. Stephen's Green East,False,False,OPEN,2024-12-31 09:59:37,True,False,,,53.337824,-6.256035,40,24,16,18,6,0,6,40,24,16,18,6,0,6
12746,93,dublin,HEUSTON STATION (CENTRAL),Heuston Station (Central),False,False,OPEN,2024-12-31 10:01:03,True,False,,,53.346603,-6.296924,40,6,34,6,0,0,0,40,6,34,6,0,0,0
12747,22,dublin,TOWNSEND STREET,Townsend Street,False,False,OPEN,2024-12-31 10:00:39,True,False,,,53.345922,-6.254614,20,11,9,8,3,0,3,20,11,9,8,3,0,3
12748,50,dublin,GEORGES LANE,George's Lane,False,False,OPEN,2024-12-31 10:05:09,True,False,,,53.35023,-6.279696,40,13,27,10,3,0,3,40,13,27,10,3,0,3
12749,110,dublin,PHIBSBOROUGH ROAD,Phibsborough Road,False,False,OPEN,2024-12-31 10:02:34,True,False,,,53.356307,-6.273717,40,19,21,10,9,0,9,40,19,21,10,9,0,9
12750,12,dublin,ECCLES STREET,Eccles Street,False,False,OPEN,2024-12-31 10:05:55,True,False,,,53.359246,-6.269779,20,5,15,3,2,0,2,20,5,15,3,2,0,2
12751,34,dublin,PORTOBELLO HARBOUR,Portobello Harbour,False,False,OPEN,2024-12-31 10:00:47,True,False,,,53.330362,-6.265163,30,3,27,2,1,0,1,30,3,27,2,1,0,1
12752,78,dublin,MATER HOSPITAL,Mater Hospital,False,False,OPEN,2024-12-31 10:01:42,True,False,,,53.359967,-6.264828,40,14,25,11,3,0,3,40,14,25,11,3,0,3
12753,2,dublin,BLESSINGTON STREET,Blessington Street,False,False,OPEN,2024-12-31 09:59:42,True,False,,,53.356769,-6.26814,20,0,20,0,0,0,0,20,0,20,0,0,0,0
12754,75,dublin,JAMES STREET,James Street,False,False,OPEN,2024-12-31 10:03:08,True,False,,,53.343456,-6.287409,40,4,36,3,1,0,1,40,4,36,3,1,0,1
12755,111,dublin,MOUNTJOY SQUARE EAST,Mountjoy Square East,False,False,OPEN,2024-12-31 09:59:13,True,False,,,53.356717,-6.256359,40,3,37,0,3,0,3,40,3,37,0,3,0,3
12756,26,dublin,MERRION SQUARE WEST,Merrion Square West,False,False,OPEN,2024-12-31 10:01:46,True,False,,,53.339764,-6.251988,20,13,7,5,8,0,8,20,13,7,5,8,0,8
12757,65,dublin,CONVENTION CENTRE,Convention Centre,False,False,OPEN,2024-12-31 10:03:14,True,False,,,53.34744,-6.238523,40,2,38,2,0,0,0,40,2,38,2,0,0,0
12758,15,dublin,HARDWICKE STREET,Hardwicke Street,False,False,OPEN,2024-12-31 10:03:07,True,False,,,53.355473,-6.264423,16,0,16,0,0,0,0,16,0,16,0,0,0,0
12759,86,dublin,PARKGATE STREET,Parkgate Street,False,False,OPEN,2024-12-31 10:06:30,True,False,,,53.347972,-6.291804,38,16,22,3,13,0,13,38,16,22,3,13,0,13
12760,35,dublin,SMITHFIELD,Smithfield,False,False,OPEN,2024-12-31 10:03:42,True,False,,,53.347692,-6.278214,30,25,5,13,12,0,12,30,25,5,13,12,0,12
12761,10,dublin,DAME STREET,Dame Street,False,False,OPEN,2024-12-31 10:03:16,True,False,,,53.344007,-6.266802,16,4,12,3,1,0,1,16,4,12,3,1,0,1
12762,100,dublin,HEUSTON BRIDGE (SOUTH),Heuston Bridge (South),False,False,OPEN,2024-12-31 10:06:52,True,False,,,53.347106,-6.292041,25,16,9,6,10,0,10,25,16,9,6,10,0,10
12763,24,dublin,CATHAL BRUGHA STREET,Cathal Brugha Street,False,False,OPEN,2024-12-31 10:01:40,True,False,,,53.352149,-6.260533,20,12,8,7,5,0,5,20,12,8,7,5,0,5
12764,64,dublin,SANDWITH STREET,Sandwith Street,False,False,OPEN,2024-12-31 10:02:33,True,False,,,53.345203,-6.247163,40,17,23,13,4,0,4,40,17,23,13,4,0,4
12765,109,dublin,BUCKINGHAM STREET LOWER,Buckingham Street Lower,False,False,OPEN,2024-12-31 10:04:13,True,False,,,53.353331,-6.249319,29,7,22,3,4,0,4,29,7,22,3,4,0,4
12766,85,dublin,ROTHE ABBEY,Rothe Abbey,False,False,OPEN,2024-12-31 10:02:03,True,False,,,53.338776,-6.30395,35,33,2,17,16,0,16,35,33,2,17,16,0,16
12767,107,dublin,CHARLEVILLE ROAD,Charleville Road,False,False,OPEN,2024-12-31 10:01:12,True,False,,,53.359157,-6.281866,40,7,33,3,4,0,4,40,7,33,3,4,0,4
12768,33,dublin,PRINCES STREET / O'CONNELL STREET,Princes Street / O'Connell Street,False,False,OPEN,2024-12-31 10:07:33,True,False,,,53.349013,-6.260311,23,22,1,13,9,0,9,23,22,1,13,9,0,9
12769,44,dublin,UPPER SHERRARD STREET,Upper Sherrard Street,False,False,OPEN,2024-12-31 10:02:12,True,False,,,53.358437,-6.260641,30,7,23,4,3,0,3,30,7,23,4,3,0,3
12770,89,dublin,FITZWILLIAM SQUARE EAST,Fitzwilliam Square East,False,False,OPEN,2024-12-31 10:01:57,True,False,,,53.335211,-6.2509,40,18,22,10,8,0,8,40,18,22,10,8,0,8
12771,57,dublin,GRATTAN STREET,Grattan Street,False,False,OPEN,2024-12-31 10:01:02,True,False,,,53.339629,-6.243778,23,10,13,7,3,0,3,23,10,13,7,3,0,3
12772,80,dublin,ST JAMES HOSPITAL (LUAS),St James Hospital (Luas),False,False,OPEN,2024-12-31 10:02:27,True,False,,,53.341359,-6.292951,40,25,15,13,12,0,12,40,25,15,13,12,0,12
12773,41,dublin,HARCOURT TERRACE,Harcourt Terrace,False,False,OPEN,2024-12-31 10:00:02,True,False,,,53.332763,-6.257942,20,17,3,10,7,0,7,20,17,3,10,7,0,7
12774,3,dublin,BOLTON STREET,Bolton Street,False,False,OPEN,2024-12-31 10:01:36,True,False,,,53.351182,-6.269859,20,5,15,2,3,0,3,20,5,15,2,3,0,3
12775,40,dublin,JERVIS STREET,Jervis Street,False,False,OPEN,2024-12-31 10:02:22,True,False,,,53.3483,-6.266651,21,15,6,7,8,0,8,21,15,6,7,8,0,8
12776,29,dublin,ORMOND QUAY UPPER,Ormond Quay Upper,False,False,OPEN,2024-12-31 10:02:06,True,False,,,53.346057,-6.268001,29,8,21,3,5,0,5,29,8,21,3,5,0,5
12777,103,dublin,GRANGEGORMAN LOWER (SOUTH),Grangegorman Lower (South),False,False,OPEN,2024-12-31 10:01:07,True,False,,,53.354663,-6.278681,40,4,36,3,1,0,1,40,4,36,3,1,0,1
12778,28,dublin,MOUNTJOY SQUARE WEST,Mountjoy Square West,False,False,OPEN,2024-12-31 10:04:31,True,False,,,53.356299,-6.258586,30,13,17,5,8,0,8,30,13,17,5,8,0,8
12779,39,dublin,WILTON TERRACE,Wilton Terrace,False,False,OPEN,2024-12-31 10:03:10,True,False,,,53.332383,-6.252717,20,8,12,5,3,0,3,20,8,12,5,3,0,3
12780,83,dublin,EMMET ROAD,Emmet Road,False,False,OPEN,2024-12-31 10:02:38,True,False,,,53.340714,-6.308191,40,10,30,6,4,0,4,40,10,30,6,4,0,4
12781,92,dublin,HEUSTON BRIDGE (NORTH),Heuston Bridge (North),False,False,OPEN,2024-12-31 10:00:36,True,False,,,53.347802,-6.292432,40,28,12,17,11,0,11,40,28,12,17,11,0,11
12782,21,dublin,LEINSTER STREET SOUTH,Leinster Street South,False,False,OPEN,2024-12-31 09:59:09,True,False,,,53.34218,-6.254485,30,10,20,9,1,0,1,30,10,20,9,1,0,1
12783,88,dublin,BLACKHALL PLACE,Blackhall Place,False,False,OPEN,2024-12-31 10:00:42,True,False,,,53.3488,-6.281637,30,1,29,1,0,0,0,30,1,29,1,0,0,0
12784,42,dublin,SMITHFIELD NORTH,Smithfield North,False,False,OPEN,2024-12-31 10:33:12,True,False,,,53.349562,-6.278198,30,15,15,11,4,0,4,30,15,15,11,4,0,4
12785,30,dublin,PARNELL SQUARE NORTH,Parnell Square North,False,False,OPEN,2024-12-31 10:35:52,True,False,,,53.3537415547453,-6.26530144781526,20,0,20,0,0,0,0,20,0,20,0,0,0,0
12786,54,dublin,CLONMEL STREET,Clonmel Street,False,False,OPEN,2024-12-31 10:32:26,True,False,,,53.336021,-6.26298,33,16,17,8,8,0,8,33,16,17,8,8,0,8
12787,108,dublin,AVONDALE ROAD,Avondale Road,False,False,OPEN,2024-12-31 10:30:53,True,False,,,53.359405,-6.276142,35,13,22,9,4,0,4,35,13,22,9,4,0,4
12788,20,dublin,JAMES STREET EAST,James Street East,False,False,OPEN,2024-12-31 10:33:26,True,False,,,53.336597,-6.248109,30,3,27,1,2,0,2,30,3,27,1,2,0,2
12789,56,dublin,MOUNT STREET LOWER,Mount Street Lower,False,False,OPEN,2024-12-31 10:29:02,True,False,,,53.33796,-6.24153,40,22,18,14,8,0,8,40,22,18,14,8,0,8
12790,6,dublin,CHRISTCHURCH PLACE,Christchurch Place,False,False,OPEN,2024-12-31 10:30:27,True,False,,,53.343368,-6.27012,20,13,7,4,9,0,9,20,13,7,4,9,0,9
12791,18,dublin,GRANTHAM STREET,Grantham Street,False,False,OPEN,2024-12-31 10:31:40,True,False,,,53.334123,-6.265436,30,1,29,1,0,0,0,30,1,29,1,0,0,0
12792,32,dublin,PEARSE STREET,Pearse Street,False,False,OPEN,2024-12-31 10:29:29,True,False,,,53.344304,-6.250427,30,11,19,6,5,0,5,30,11,19,6,5,0,5
12793,52,dublin,YORK STREET EAST,York Street East,False,False,OPEN,2024-12-31 10:30:11,True,False,,,53.338755,-6.262003,32,20,12,11,9,0,9,32,20,12,11,9,0,9
12794,48,dublin,EXCISE WALK,Excise Walk,False,False,OPEN,2024-12-31 10:30:35,True,False,,,53.347777,-6.244239,40,6,34,6,0,0,0,40,6,34,6,0,0,0
12795,13,dublin,FITZWILLIAM SQUARE WEST,Fitzwilliam Square West,False,False,OPEN,2024-12-31 10:32:18,True,False,,,53.336074,-6.252825,30,25,5,11,14,0,14,30,25,5,11,14,0,14
12796,43,dublin,PORTOBELLO ROAD,Portobello Road,False,False,OPEN,2024-12-31 10:31:11,True,False,,,53.330091,-6.268044,30,19,11,11,8,0,8,30,19,11,11,8,0,8
12797,31,dublin,PARNELL STREET,Parnell Street,False,False,OPEN,2024-12-31 10:34:56,True,False,,,53.350929,-6.265125,20,14,6,7,7,0,7,20,14,6,7,7,0,7
12798,98,dublin,FREDERICK STREET SOUTH,Frederick Street South,False,False,OPEN,2024-12-31 10:30:47,True,False,,,53.341515,-6.256853,40,19,21,15,4,0,4,40,19,21,15,4,0,4
12799,14,dublin,FOWNES STREET UPPER,Fownes Street Upper,False,False,OPEN,2024-12-31 10:32:51,True,False,,,53.344603,-6.263371,30,0,30,0,0,0,0,30,0,30,0,0,0,0
12800,1,dublin,CLARENDON ROW,Clarendon Row,False,False,OPEN,2024-12-31 10:29:50,True,False,,,53.340927,-6.262501,31,5,26,2,3,0,3,31,5,26,2,3,0,3
12801,23,dublin,CUSTOM HOUSE,Custom House,False,False,OPEN,2024-12-31 10:31:35,True,False,,,53.348279,-6.254662,30,3,27,3,0,0,0,30,3,27,3,0,0,0
12802,106,dublin,RATHDOWN ROAD,Rathdown Road,False,False,OPEN,2024-12-31 10:30:30,True,False,,,53.35893,-6.280337,40,3,36,3,0,0,0,40,3,36,3,0,0,0
12803,112,dublin,NORTH CIRCULAR ROAD (O'CONNELL'S),North Circular Road (O'Connell's),False,False,OPEN,2024-12-31 10:33:27,True,False,,,53.357841,-6.251557,30,13,17,7,6,0,6,30,13,17,7,6,0,6
12804,68,dublin,HANOVER QUAY,Hanover Quay,False,False,OPEN,2024-12-31 10:30:42,True,False,,,53.344115,-6.237153,40,32,8,19,13,0,13,40,32,8,19,13,0,13
12805,74,dublin,OLIVER BOND STREET,Oliver Bond Street,False,False,OPEN,2024-12-31 10:32:01,True,False,,,53.343893,-6.280531,30,12,18,5,7,0,7,30,12,18,5,7,0,7
12806,87,dublin,COLLINS BARRACKS MUSEUM,Collins Barracks Museum,False,False,OPEN,2024-12-31 10:34:23,True,False,,,53.347477,-6.28525,38,19,19,11,8,0,8,38,19,19,11,8,0,8
12807,84,dublin,BROOKFIELD ROAD,Brookfield Road,False,False,OPEN,2024-12-31 10:35:13,True,False,,,53.339005,-6.300217,30,11,19,5,6,0,6,30,11,19,5,6,0,6
12808,90,dublin,BENSON STREET,Benson Street,False,False,OPEN,2024-12-31 10:37:16,True,False,,,53.344153,-6.233451,40,0,40,0,0,0,0,40,0,40,0,0,0,0
12809,11,dublin,EARLSFORT TERRACE,Earlsfort Terrace,False,False,OPEN,2024-12-31 10:29:23,True,False,,,53.334295,-6.258503,30,22,8,17,5,0,5,30,22,8,17,5,0,5
12810,17,dublin,GOLDEN LANE,Golden Lane,False,False,OPEN,2024-12-31 10:32:17,True,False,,,53.340803,-6.267732,20,6,14,4,2,0,2,20,6,14,4,2,0,2
12811,45,dublin,DEVERELL PLACE,Deverell Place,False,False,OPEN,2024-12-31 10:36:12,True,False,,,53.351464,-6.255265,30,4,26,2,2,0,2,30,4,26,2,2,0,2
12812,114,dublin,WILTON TERRACE (PARK),Wilton Terrace (Park),False,False,OPEN,2024-12-31 10:32:54,True,False,,,53.333653,-6.248345,40,8,32,7,1,0,1,40,8,32,7,1,0,1
12813,72,dublin,JOHN STREET WEST,John Street West,False,False,OPEN,2024-12-31 10:30:28,True,False,,,53.343105,-6.277167,31,5,26,3,2,0,2,31,5,26,3,2,0,2
12814,63,dublin,FENIAN STREET,Fenian Street,False,False,OPEN,2024-12-31 10:32:26,True,False,,,53.341428,-6.24672,35,14,21,4,10,0,10,35,14,21,4,10,0,10
12815,113,dublin,MERRION SQUARE SOUTH,Merrion Square South,False,False,OPEN,2024-12-31 10:35:42,True,False,,,53.338614,-6.248606,40,6,23,5,1,0,1,40,6,23,5,1,0,1
12816,91,dublin,SOUTH DOCK ROAD,South Dock Road,False,False,OPEN,2024-12-31 10:30:28,True,False,,,53.341833,-6.231291,30,17,13,10,7,0,7,30,17,13,10,7,0,7
12817,99,dublin,CITY QUAY,City Quay,False,False,OPEN,2024-12-31 10:31:59,True,False,,,53.346637,-6.246154,30,15,15,6,9,0,9,30,15,15,6,9,0,9
12818,9,dublin,EXCHEQUER STREET,Exchequer Street,False,False,OPEN,2024-12-31 10:35:47,True,False,,,53.343034,-6.263578,24,4,20,3,1,0,1,24,4,20,3,1,0,1
12819,67,dublin,THE POINT,The Point,False,False,OPEN,2024-12-31 10:30:39,True,False,,,53.346867,-6.230852,40,22,18,15,7,0,7,40,22,18,15,7,0,7
12820,116,dublin,BROADSTONE,Broadstone,False,False,OPEN,2024-12-31 10:30:25,True,False,,,53.3547,-6.272314,30,16,14,9,7,0,7,30,16,14,9,7,0,7
12821,55,dublin,HATCH STREET,Hatch Street,False,False,OPEN,2024-12-31 10:33:00,True,False,,,53.33403,-6.260714,36,8,28,6,2,0,2,36,8,28,6,2,0,2
12822,62,dublin,LIME STREET,Lime Street,False,False,OPEN,2024-12-31 10:29:24,True,False,,,53.346026,-6.243576,40,16,24,6,10,0,10,40,16,24,6,10,0,10
12823,5,dublin,CHARLEMONT PLACE,Charlemont Street,False,False,OPEN,2024-12-31 10:33:13,True,False,,,53.330662,-6.260177,40,12,28,10,2,0,2,40,12,28,10,2,0,2
12824,97,dublin,KILMAINHAM GAOL,Kilmainham Gaol,False,False,OPEN,2024-12-31 10:30:15,True,False,,,53.342113,-6.310015,40,25,15,14,11,0,11,40,25,15,14,11,0,11
12825,61,dublin,HARDWICKE PLACE,Hardwicke Place,False,False,OPEN,2024-12-31 10:29:14,True,False,,,53.357043,-6.263232,25,0,25,0,0,0,0,25,0,25,0,0,0,0
12826,77,dublin,WOLFE TONE STREET,Wolfe Tone Street,False,False,OPEN,2024-12-31 10:33:47,True,False,,,53.348875,-6.267459,29,27,2,11,16,0,16,29,27,2,11,16,0,16
12827,73,dublin,FRANCIS STREET,Francis Street,False,False,OPEN,2024-12-31 10:31:46,True,False,,,53.342081,-6.275233,30,0,30,0,0,0,0,30,0,30,0,0,0,0
12828,4,dublin,GREEK STREET,Greek Street,False,False,OPEN,2024-12-31 10:32:29,True,False,,,53.346874,-6.272976,20,14,6,3,11,0,11,20,14,6,3,11,0,11
12829,49,dublin,GUILD STREET,Guild Street,False,False,OPEN,2024-12-31 10:32:13,True,False,,,53.347932,-6.240928,40,18,22,11,7,0,7,40,18,22,11,7,0,7
12830,19,dublin,HERBERT PLACE,Herbert Place,False,False,OPEN,2024-12-31 10:35:59,True,False,,,53.334432,-6.245575,30,6,24,5,1,0,1,30,6,24,5,1,0,1
12831,7,dublin,HIGH STREET,High Street,False,False,OPEN,2024-12-31 10:30:29,True,False,,,53.343565,-6.275071,29,5,24,3,2,0,2,29,5,24,3,2,0,2
12832,60,dublin,NORTH CIRCULAR ROAD,North Circular Road,False,False,OPEN,2024-12-31 10:32:58,True,False,,,53.359624,-6.260348,30,4,26,4,0,0,0,30,4,26,4,0,0,0
12833,102,dublin,WESTERN WAY,Western Way,False,False,OPEN,2024-12-31 10:29:33,True,False,,,53.354929,-6.269425,40,14,26,12,2,0,2,40,14,26,12,2,0,2
12834,38,dublin,TALBOT STREET,Talbot Street,False,False,OPEN,2024-12-31 10:35:28,True,False,,,53.350974,-6.25294,40,34,6,23,11,0,11,40,34,6,23,11,0,11
12835,53,dublin,NEWMAN HOUSE,Newman House,False,False,OPEN,2024-12-31 10:31:15,True,False,,,53.337132,-6.26059,40,15,25,13,2,0,2,40,15,25,13,2,0,2
12836,58,dublin,SIR PATRICK DUN'S,Sir Patrick's Dun,False,False,OPEN,2024-12-31 10:33:17,True,False,,,53.339218,-6.240642,40,5,35,4,1,0,1,40,5,35,4,1,0,1
12837,66,dublin,NEW CENTRAL BANK,New Central Bank,False,False,OPEN,2024-12-31 10:28:43,True,False,,,53.347122,-6.234749,40,15,25,10,5,0,5,40,15,25,10,5,0,5
12838,104,dublin,GRANGEGORMAN LOWER (CENTRAL),Grangegorman Lower (Central),False,False,OPEN,2024-12-31 10:33:20,True,False,,,53.355173,-6.278424,40,19,21,10,9,0,9,40,19,21,10,9,0,9
12839,101,dublin,KING STREET NORTH,King Street North,False,False,OPEN,2024-12-31 10:29:36,True,False,,,53.350291,-6.273507,30,3,27,0,3,0,3,30,3,27,0,3,0,3
12840,115,dublin,KILLARNEY STREET,Killarney Street,False,False,OPEN,2024-12-31 10:32:28,True,False,,,53.354845,-6.247579,30,24,6,13,11,0,11,30,24,6,13,11,0,11
12841,47,dublin,HERBERT STREET,Herbert Street,False,False,OPEN,2024-12-31 10:29:56,True,False,,,53.335742,-6.24551,40,1,39,0,1,0,1,40,1,39,0,1,0,1
12842,117,dublin,HANOVER QUAY EAST,Hanover Quay East,False,False,OPEN,2024-12-31 10:29:19,True,False,,,53.343653,-6.231755,40,9,31,6,3,0,3,40,9,31,6,3,0,3
12843,8,dublin,CUSTOM HOUSE QUAY,Custom House Quay,False,False,OPEN,2024-12-31 10:31:48,True,False,,,53.347884,-6.248048,30,16,14,12,4,0,4,30,16,14,12,4,0,4
12844,27,dublin,MOLESWORTH STREET,Molesworth Street,False,False,OPEN,2024-12-31 10:29:28,True,False,,,53.341288,-6.258117,20,14,6,3,11,0,11,20,14,6,3,11,0,11
12845,16,dublin,GEORGES QUAY,Georges Quay,False,False,OPEN,2024-12-31 10:29:51,True,False,,,53.347508,-6.252192,20,5,15,4,1,0,1,20,5,15,4,1,0,1
12846,96,dublin,KILMAINHAM LANE,Kilmainham Lane,False,False,OPEN,2024-12-31 10:31:22,True,False,,,53.341805,-6.305085,30,18,12,12,6,0,6,30,18,12,12,6,0,6
12847,82,dublin,MOUNT BROWN,Mount Brown,False,False,OPEN,2024-12-31 10:30:49,True,False,,,53.341645,-6.29719,22,8,14,2,6,0,6,22,8,14,2,6,0,6
12848,76,dublin,MARKET STREET SOUTH,Market Street South,False,False,OPEN,2024-12-31 10:30:05,True,False,,,53.342296,-6.287661,38,4,34,2,2,0,2,38,4,34,2,2,0,2
12849,71,dublin,KEVIN STREET,Kevin Street,False,False,OPEN,2024-12-31 10:30:18,True,False,,,53.337757,-6.267699,40,25,15,20,5,0,5,40,25,15,20,5,0,5
12850,79,dublin,ECCLES STREET EAST,Eccles Street East,False,False,OPEN,2024-12-31 10:32:19,True,False,,,53.358115,-6.265601,27,6,21,5,1,0,1,27,6,21,5,1,0,1
12851,69,dublin,GRAND CANAL DOCK,Grand Canal Dock,False,False,OPEN,2024-12-31 10:32:43,True,False,,,53.342638,-6.238695,40,40,0,29,11,0,11,40,40,0,29,11,0,11
12852,25,dublin,MERRION SQUARE EAST,Merrion Square East,False,False,OPEN,2024-12-31 10:33:31,True,False,,,53.339434,-6.246548,30,9,21,3,6,0,6,30,9,21,3,6,0,6
12853,51,dublin,YORK STREET WEST,York Street West,False,False,OPEN,2024-12-31 10:28:08,True,False,,,53.339334,-6.264699,40,0,0,0,0,0,0,40,0,0,0,0,0,0
12854,37,dublin,ST. STEPHEN'S GREEN SOUTH,St. Stephen's Green South,False,False,OPEN,2024-12-31 10:30:24,True,False,,,53.337494,-6.26199,30,24,6,13,11,0,11,30,24,6,13,11,0,11
12855,59,dublin,DENMARK STREET GREAT,Denmark Street Great,False,False,OPEN,2024-12-31 10:32:26,True,False,,,53.35561,-6.261397,20,3,17,2,1,0,1,20,3,17,2,1,0,1
12856,95,dublin,ROYAL HOSPITAL,Royal Hospital,False,False,OPEN,2024-12-31 10:34:27,True,False,,,53.343897,-6.29706,40,12,28,7,5,0,5,40,12,28,7,5,0,5
12857,94,dublin,HEUSTON STATION (CAR PARK),Heuston Station (Car Park),False,False,OPEN,2024-12-31 10:31:26,True,False,,,53.346985,-6.297804,40,9,31,9,0,0,0,40,9,31,9,0,0,0
12858,105,dublin,GRANGEGORMAN LOWER (NORTH),Grangegorman Lower (North),False,False,OPEN,2024-12-31 10:33:06,True,False,,,53.355954,-6.278378,36,13,23,7,6,0,6,36,13,23,7,6,0,6
12859,36,dublin,ST. STEPHEN'S GREEN EAST,St. Stephen's Green East,False,False,OPEN,2024-12-31 10:29:59,True,False,,,53.337824,-6.256035,40,24,16,19,5,0,5,40,24,16,19,5,0,5
12860,93,dublin,HEUSTON STATION (CENTRAL),Heuston Station (Central),False,False,OPEN,2024-12-31 10:31:16,True,False,,,53.346603,-6.296924,40,6,34,6,0,0,0,40,6,34,6,0,0,0
12861,22,dublin,TOWNSEND STREET,Townsend Street,False,False,OPEN,2024-12-31 10:30:58,True,False,,,53.345922,-6.254614,20,10,10,7,3,0,3,20,10,10,7,3,0,3
12862,50,dublin,GEORGES LANE,George's Lane,False,False,OPEN,2024-12-31 10:35:24,True,False,,,53.35023,-6.279696,40,12,28,9,3,0,3,40,12,28,9,3,0,3
12863,110,dublin,PHIBSBOROUGH ROAD,Phibsborough Road,False,False,OPEN,2024-12-31 10:32:45,True,False,,,53.356307,-6.273717,40,19,21,10,9,0,9,40,19,21,10,9,0,9
12864,12,dublin,ECCLES STREET,Eccles Street,False,False,OPEN,2024-12-31 10:30:16,True,False,,,53.359246,-6.269779,20,5,15,3,2,0,2,20,5,15,3,2,0,2
12865,34,dublin,PORTOBELLO HARBOUR,Portobello Harbour,False,False,OPEN,2024-12-31 10:30:59,True,False,,,53.330362,-6.265163,30,3,27,2,1,0,1,30,3,27,2,1,0,1
12866,78,dublin,MATER HOSPITAL,Mater Hospital,False,False,OPEN,2024-12-31 10:31:59,True,False,,,53.359967,-6.264828,40,15,24,11,4,0,4,40,15,24,11,4,0,4
12867,2,dublin,BLESSINGTON STREET,Blessington Street,False,False,OPEN,2024-12-31 10:29:52,True,False,,,53.356769,-6.26814,20,0,20,0,0,0,0,20,0,20,0,0,0,0
12868,75,dublin,JAMES STREET,James Street,False,False,OPEN,2024-12-31 10:33:24,True,False,,,53.343456,-6.287409,40,4,36,3,1,0,1,40,4,36,3,1,0,1
12869,111,dublin,MOUNTJOY SQUARE EAST,Mountjoy Square East,False,False,OPEN,2024-12-31 10:31:50,True,False,,,53.356717,-6.256359,40,3,37,0,3,0,3,40,3,37,0,3,0,3
12870,26,dublin,MERRION SQUARE WEST,Merrion Square West,False,False,OPEN,2024-12-31 10:29:33,True,False,,,53.339764,-6.251988,20,13,7,5,8,0,8,20,13,7,5,8,0,8
12871,65,dublin,CONVENTION CENTRE,Convention Centre,False,False,OPEN,2024-12-31 10:33:33,True,False,,,53.34744,-6.238523,40,0,40,0,0,0,0,40,0,40,0,0,0,0
12872,15,dublin,HARDWICKE STREET,Hardwicke Street,False,False,OPEN,2024-12-31 10:33:23,True,False,,,53.355473,-6.264423,16,0,16,0,0,0,0,16,0,16,0,0,0,0
12873,86,dublin,PARKGATE STREET,Parkgate Street,False,False,OPEN,2024-12-31 10:35:58,True,False,,,53.347972,-6.291804,38,16,22,3,13,0,13,38,16,22,3,13,0,13
12874,35,dublin,SMITHFIELD,Smithfield,False,False,OPEN,2024-12-31 10:33:55,True,False,,,53.347692,-6.278214,30,25,5,13,12,0,12,30,25,5,13,12,0,12
12875,10,dublin,DAME STREET,Dame Street,False,False,OPEN,2024-12-31 10:33:26,True,False,,,53.344007,-6.266802,16,4,12,3,1,0,1,16,4,12,3,1,0,1
12876,100,dublin,HEUSTON BRIDGE (SOUTH),Heuston Bridge (South),False,False,OPEN,2024-12-31 10:34:51,True,False,,,53.347106,-6.292041,25,16,9,6,10,0,10,25,16,9,6,10,0,10
12877,24,dublin,CATHAL BRUGHA STREET,Cathal Brugha Street,False,False,OPEN,2024-12-31 10:31:57,True,False,,,53.352149,-6.260533,20,12,8,7,5,0,5,20,12,8,7,5,0,5
12878,64,dublin,SANDWITH STREET,Sandwith Street,False,False,OPEN,2024-12-31 10:32:50,True,False,,,53.345203,-6.247163,40,19,21,14,5,0,5,40,19,21,14,5,0,5
12879,109,dublin,BUCKINGHAM STREET LOWER,Buckingham Street Lower,False,False,OPEN,2024-12-31 10:31:18,True,False,,,53.353331,-6.249319,29,8,21,4,4,0,4,29,8,21,4,4,0,4
12880,85,dublin,ROTHE ABBEY,Rothe Abbey,False,False,OPEN,2024-12-31 10:32:14,True,False,,,53.338776,-6.30395,35,33,2,17,16,0,16,35,33,2,17,16,0,16
12881,107,dublin,CHARLEVILLE ROAD,Charleville Road,False,False,OPEN,2024-12-31 10:31:28,True,False,,,53.359157,-6.281866,40,7,33,3,4,0,4,40,7,33,3,4,0,4
12882,33,dublin,PRINCES STREET / O'CONNELL STREET,Princes Street / O'Connell Street,False,False,OPEN,2024-12-31 10:31:34,True,False,,,53.349013,-6.260311,23,23,0,14,9,0,9,23,23,0,14,9,0,9
12883,44,dublin,UPPER SHERRARD STREET,Upper Sherrard Street,False,False,OPEN,2024-12-31 10:32:22,True,False,,,53.358437,-6.260641,30,7,23,4,3,0,3,30,7,23,4,3,0,3
12884,89,dublin,FITZWILLIAM SQUARE EAST,Fitzwilliam Square East,False,False,OPEN,2024-12-31 10:32:13,True,False,,,53.335211,-6.2509,40,18,22,10,8,0,8,40,18,22,10,8,0,8
12885,57,dublin,GRATTAN STREET,Grattan Street,False,False,OPEN,2024-12-31 10:31:21,True,False,,,53.339629,-6.243778,23,8,15,5,3,0,3,23,8,15,5,3,0,3
12886,80,dublin,ST JAMES HOSPITAL (LUAS),St James Hospital (Luas),False,False,OPEN,2024-12-31 10:32:41,True,False,,,53.341359,-6.292951,40,24,16,13,11,0,11,40,24,16,13,11,0,11
12887,41,dublin,HARCOURT TERRACE,Harcourt Terrace,False,False,OPEN,2024-12-31 10:30:18,True,False,,,53.332763,-6.257942,20,17,3,10,7,0,7,20,17,3,10,7,0,7
12888,3,dublin,BOLTON STREET,Bolton Street,False,False,OPEN,2024-12-31 10:37:41,True,False,,,53.351182,-6.269859,20,4,16,3,1,0,1,20,4,16,3,1,0,1
12889,40,dublin,JERVIS STREET,Jervis Street,False,False,OPEN,2024-12-31 10:32:35,True,False,,,53.3483,-6.266651,21,15,6,7,8,0,8,21,15,6,7,8,0,8
12890,29,dublin,ORMOND QUAY UPPER,Ormond Quay Upper,False,False,OPEN,2024-12-31 10:32:20,True,False,,,53.346057,-6.268001,29,8,21,3,5,0,5,29,8,21,3,5,0,5
12891,103,dublin,GRANGEGORMAN LOWER (SOUTH),Grangegorman Lower (South),False,False,OPEN,2024-12-31 10:33:45,True,False,,,53.354663,-6.278681,40,4,36,3,1,0,1,40,4,36,3,1,0,1
12892,28,dublin,MOUNTJOY SQUARE WEST,Mountjoy Square West,False,False,OPEN,2024-12-31 10:35:29,True,False,,,53.356299,-6.258586,30,11,19,3,8,0,8,30,11,19,3,8,0,8
12893,39,dublin,WILTON TERRACE,Wilton Terrace,False,False,OPEN,2024-12-31 10:33:28,True,False,,,53.332383,-6.252717,20,6,14,4,2,0,2,20,6,14,4,2,0,2
12894,83,dublin,EMMET ROAD,Emmet Road,False,False,OPEN,2024-12-31 10:32:55,True,False,,,53.340714,-6.308191,40,28,12,15,13,0,13,40,28,12,15,13,0,13
12895,92,dublin,HEUSTON BRIDGE (NORTH),Heuston Bridge (North),False,False,OPEN,2024-12-31 10:33:58,True,False,,,53.347802,-6.292432,40,29,11,18,11,0,11,40,29,11,18,11,0,11
12896,21,dublin,LEINSTER STREET SOUTH,Leinster Street South,False,False,OPEN,2024-12-31 10:29:25,True,False,,,53.34218,-6.254485,30,10,20,9,1,0,1,30,10,20,9,1,0,1
12897,88,dublin,BLACKHALL PLACE,Blackhall Place,False,False,OPEN,2024-12-31 10:30:56,True,False,,,53.3488,-6.281637,30,1,29,1,0,0,0,30,1,29,1,0,0,0
12898,42,dublin,SMITHFIELD NORTH,Smithfield North,False,False,OPEN,2024-12-31 11:03:25,True,False,,,53.349562,-6.278198,30,15,15,11,4,0,4,30,15,15,11,4,0,4
12899,30,dublin,PARNELL SQUARE NORTH,Parnell Square North,False,False,OPEN,2024-12-31 11:06:33,True,False,,,53.3537415547453,-6.26530144781526,20,0,20,0,0,0,0,20,0,20,0,0,0,0
12900,54,dublin,CLONMEL STREET,Clonmel Street,False,False,OPEN,2024-12-31 11:02:39,True,False,,,53.336021,-6.26298,33,16,17,8,8,0,8,33,16,17,8,8,0,8
12901,108,dublin,AVONDALE ROAD,Avondale Road,False,False,OPEN,2024-12-31 11:01:04,True,False,,,53.359405,-6.276142,35,14,21,9,5,0,5,35,14,21,9,5,0,5
12902,20,dublin,JAMES STREET EAST,James Street East,False,False,OPEN,2024-12-31 11:03:39,True,False,,,53.336597,-6.248109,30,3,27,1,2,0,2,30,3,27,1,2,0,2
12903,56,dublin,MOUNT STREET LOWER,Mount Street Lower,False,False,OPEN,2024-12-31 11:01:08,True,False,,,53.33796,-6.24153,40,22,18,14,8,0,8,40,22,18,14,8,0,8
12904,6,dublin,CHRISTCHURCH PLACE,Christchurch Place,False,False,OPEN,2024-12-31 11:00:43,True,False,,,53.343368,-6.27012,20,13,7,4,9,0,9,20,13,7,4,9,0,9
12905,18,dublin,GRANTHAM STREET,Grantham Street,False,False,OPEN,2024-12-31 11:05:29,True,False,,,53.334123,-6.265436,30,2,28,1,1,0,1,30,2,28,1,1,0,1
12906,32,dublin,PEARSE STREET,Pearse Street,False,False,OPEN,2024-12-31 11:06:22,True,False,,,53.344304,-6.250427,30,13,17,8,5,0,5,30,13,17,8,5,0,5
12907,52,dublin,YORK STREET EAST,York Street East,False,False,OPEN,2024-12-31 11:00:22,True,False,,,53.338755,-6.262003,32,20,12,11,9,0,9,32,20,12,11,9,0,9
12908,48,dublin,EXCISE WALK,Excise Walk,False,False,OPEN,2024-12-31 11:00:56,True,False,,,53.347777,-6.244239,40,7,33,7,0,0,0,40,7,33,7,0,0,0
12909,13,dublin,FITZWILLIAM SQUARE WEST,Fitzwilliam Square West,False,False,OPEN,2024-12-31 11:02:34,True,False,,,53.336074,-6.252825,30,25,5,11,14,0,14,30,25,5,11,14,0,14
12910,43,dublin,PORTOBELLO ROAD,Portobello Road,False,False,OPEN,2024-12-31 11:01:23,True,False,,,53.330091,-6.268044,30,19,11,11,8,0,8,30,19,11,11,8,0,8
12911,31,dublin,PARNELL STREET,Parnell Street,False,False,OPEN,2024-12-31 11:00:52,True,False,,,53.350929,-6.265125,20,14,6,7,7,0,7,20,14,6,7,7,0,7
12912,98,dublin,FREDERICK STREET SOUTH,Frederick Street South,False,False,OPEN,2024-12-31 11:02:01,True,False,,,53.341515,-6.256853,40,19,21,15,4,0,4,40,19,21,15,4,0,4
12913,14,dublin,FOWNES STREET UPPER,Fownes Street Upper,False,False,OPEN,2024-12-31 11:03:07,True,False,,,53.344603,-6.263371,30,2,28,2,0,0,0,30,2,28,2,0,0,0
12914,1,dublin,CLARENDON ROW,Clarendon Row,False,False,OPEN,2024-12-31 11:04:06,True,False,,,53.340927,-6.262501,31,5,26,3,2,0,2,31,5,26,3,2,0,2
12915,23,dublin,CUSTOM HOUSE,Custom House,False,False,OPEN,2024-12-31 11:01:47,True,False,,,53.348279,-6.254662,30,3,27,3,0,0,0,30,3,27,3,0,0,0
12916,106,dublin,RATHDOWN ROAD,Rathdown Road,False,False,OPEN,2024-12-31 10:59:07,True,False,,,53.35893,-6.280337,40,3,37,3,0,0,0,40,3,37,3,0,0,0
12917,112,dublin,NORTH CIRCULAR ROAD (O'CONNELL'S),North Circular Road (O'Connell's),False,False,OPEN,2024-12-31 11:00:29,True,False,,,53.357841,-6.251557,30,13,17,7,6,0,6,30,13,17,7,6,0,6
12918,68,dublin,HANOVER QUAY,Hanover Quay,False,False,OPEN,2024-12-31 11:00:55,True,False,,,53.344115,-6.237153,40,32,8,19,13,0,13,40,32,8,19,13,0,13
12919,74,dublin,OLIVER BOND STREET,Oliver Bond Street,False,False,OPEN,2024-12-31 11:02:14,True,False,,,53.343893,-6.280531,30,12,18,5,7,0,7,30,12,18,5,7,0,7
12920,87,dublin,COLLINS BARRACKS MUSEUM,Collins Barracks Museum,False,False,OPEN,2024-12-31 11:04:36,True,False,,,53.347477,-6.28525,38,19,19,11,8,0,8,38,19,19,11,8,0,8
12921,84,dublin,BROOKFIELD ROAD,Brookfield Road,False,False,OPEN,2024-12-31 11:05:25,True,False,,,53.339005,-6.300217,30,11,19,5,6,0,6,30,11,19,5,6,0,6
12922,90,dublin,BENSON STREET,Benson Street,False,False,OPEN,2024-12-31 11:07:32,True,False,,,53.344153,-6.233451,40,0,40,0,0,0,0,40,0,40,0,0,0,0
12923,11,dublin,EARLSFORT TERRACE,Earlsfort Terrace,False,False,OPEN,2024-12-31 11:04:00,True,False,,,53.334295,-6.258503,30,22,8,17,5,0,5,30,22,8,17,5,0,5
12924,17,dublin,GOLDEN LANE,Golden Lane,False,False,OPEN,2024-12-31 11:02:30,True,False,,,53.340803,-6.267732,20,6,14,4,2,0,2,20,6,14,4,2,0,2
12925,45,dublin,DEVERELL PLACE,Deverell Place,False,False,OPEN,2024-12-31 11:03:21,True,False,,,53.351464,-6.255265,30,4,26,2,2,0,2,30,4,26,2,2,0,2
12926,114,dublin,WILTON TERRACE (PARK),Wilton Terrace (Park),False,False,OPEN,2024-12-31 11:03:11,True,False,,,53.333653,-6.248345,40,8,32,7,1,0,1,40,8,32,7,1,0,1
12927,72,dublin,JOHN STREET WEST,John Street West,False,False,OPEN,2024-12-31 11:00:42,True,False,,,53.343105,-6.277167,31,4,27,3,1,0,1,31,4,27,3,1,0,1
12928,63,dublin,FENIAN STREET,Fenian Street,False,False,OPEN,2024-12-31 11:02:42,True,False,,,53.341428,-6.24672,35,15,20,5,10,0,10,35,15,20,5,10,0,10
12929,113,dublin,MERRION SQUARE SOUTH,Merrion Square South,False,False,OPEN,2024-12-31 11:05:55,True,False,,,53.338614,-6.248606,40,6,23,5,1,0,1,40,6,23,5,1,0,1
12930,91,dublin,SOUTH DOCK ROAD,South Dock Road,False,False,OPEN,2024-12-31 11:00:44,True,False,,,53.341833,-6.231291,30,17,13,10,7,0,7,30,17,13,10,7,0,7
12931,99,dublin,CITY QUAY,City Quay,False,False,OPEN,2024-12-31 11:04:13,True,False,,,53.346637,-6.246154,30,16,14,6,10,0,10,30,16,14,6,10,0,10
12932,9,dublin,EXCHEQUER STREET,Exchequer Street,False,False,OPEN,2024-12-31 11:02:41,True,False,,,53.343034,-6.263578,24,9,15,6,3,0,3,24,9,15,6,3,0,3
12933,67,dublin,THE POINT,The Point,False,False,OPEN,2024-12-31 11:00:51,True,False,,,53.346867,-6.230852,40,22,18,15,7,0,7,40,22,18,15,7,0,7
12934,116,dublin,BROADSTONE,Broadstone,False,False,OPEN,2024-12-31 11:00:41,True,False,,,53.3547,-6.272314,30,16,14,9,7,0,7,30,16,14,9,7,0,7
12935,55,dublin,HATCH STREET,Hatch Street,False,False,OPEN,2024-12-31 11:03:13,True,False,,,53.33403,-6.260714,36,8,28,6,2,0,2,36,8,28,6,2,0,2
12936,62,dublin,LIME STREET,Lime Street,False,False,OPEN,2024-12-31 10:59:34,True,False,,,53.346026,-6.243576,40,16,24,6,10,0,10,40,16,24,6,10,0,10
12937,5,dublin,CHARLEMONT PLACE,Charlemont Street,False,False,OPEN,2024-12-31 11:03:26,True,False,,,53.330662,-6.260177,40,12,28,10,2,0,2,40,12,28,10,2,0,2
12938,97,dublin,KILMAINHAM GAOL,Kilmainham Gaol,False,False,OPEN,2024-12-31 11:00:28,True,False,,,53.342113,-6.310015,40,25,15,14,11,0,11,40,25,15,14,11,0,11
12939,61,dublin,HARDWICKE PLACE,Hardwicke Place,False,False,OPEN,2024-12-31 10:59:27,True,False,,,53.357043,-6.263232,25,0,25,0,0,0,0,25,0,25,0,0,0,0
12940,77,dublin,WOLFE TONE STREET,Wolfe Tone Street,False,False,OPEN,2024-12-31 11:03:46,True,False,,,53.348875,-6.267459,29,9,20,5,4,0,4,29,9,20,5,4,0,4
12941,73,dublin,FRANCIS STREET,Francis Street,False,False,OPEN,2024-12-31 11:01:59,True,False,,,53.342081,-6.275233,30,0,30,0,0,0,0,30,0,30,0,0,0,0
12942,4,dublin,GREEK STREET,Greek Street,False,False,OPEN,2024-12-31 11:02:41,True,False,,,53.346874,-6.272976,20,14,6,3,11,0,11,20,14,6,3,11,0,11
12943,49,dublin,GUILD STREET,Guild Street,False,False,OPEN,2024-12-31 11:02:26,True,False,,,53.347932,-6.240928,40,18,22,11,7,0,7,40,18,22,11,7,0,7
12944,19,dublin,HERBERT PLACE,Herbert Place,False,False,OPEN,2024-12-31 11:02:44,True,False,,,53.334432,-6.245575,30,6,24,5,1,0,1,30,6,24,5,1,0,1
12945,7,dublin,HIGH STREET,High Street,False,False,OPEN,2024-12-31 11:05:59,True,False,,,53.343565,-6.275071,29,4,25,2,2,0,2,29,4,25,2,2,0,2
12946,60,dublin,NORTH CIRCULAR ROAD,North Circular Road,False,False,OPEN,2024-12-31 11:03:12,True,False,,,53.359624,-6.260348,30,2,28,2,0,0,0,30,2,28,2,0,0,0
12947,102,dublin,WESTERN WAY,Western Way,False,False,OPEN,2024-12-31 10:59:45,True,False,,,53.354929,-6.269425,40,14,26,12,2,0,2,40,14,26,12,2,0,2
12948,38,dublin,TALBOT STREET,Talbot Street,False,False,OPEN,2024-12-31 11:05:43,True,False,,,53.350974,-6.25294,40,34,6,23,11,0,11,40,34,6,23,11,0,11
12949,53,dublin,NEWMAN HOUSE,Newman House,False,False,OPEN,2024-12-31 11:01:30,True,False,,,53.337132,-6.26059,40,15,25,13,2,0,2,40,15,25,13,2,0,2
12950,58,dublin,SIR PATRICK DUN'S,Sir Patrick's Dun,False,False,OPEN,2024-12-31 11:03:30,True,False,,,53.339218,-6.240642,40,5,35,4,1,0,1,40,5,35,4,1,0,1
12951,66,dublin,NEW CENTRAL BANK,New Central Bank,False,False,OPEN,2024-12-31 10:58:56,True,False,,,53.347122,-6.234749,40,15,25,10,5,0,5,40,15,25,10,5,0,5
12952,104,dublin,GRANGEGORMAN LOWER (CENTRAL),Grangegorman Lower (Central),False,False,OPEN,2024-12-31 11:03:35,True,False,,,53.355173,-6.278424,40,19,21,10,9,0,9,40,19,21,10,9,0,9
12953,101,dublin,KING STREET NORTH,King Street North,False,False,OPEN,2024-12-31 10:59:51,True,False,,,53.350291,-6.273507,30,3,27,0,3,0,3,30,3,27,0,3,0,3
12954,115,dublin,KILLARNEY STREET,Killarney Street,False,False,OPEN,2024-12-31 11:02:42,True,False,,,53.354845,-6.247579,30,24,6,14,10,0,10,30,24,6,14,10,0,10
12955,47,dublin,HERBERT STREET,Herbert Street,False,False,OPEN,2024-12-31 11:00:09,True,False,,,53.335742,-6.24551,40,1,39,0,1,0,1,40,1,39,0,1,0,1
12956,117,dublin,HANOVER QUAY EAST,Hanover Quay East,False,False,OPEN,2024-12-31 10:59:27,True,False,,,53.343653,-6.231755,40,9,31,6,3,0,3,40,9,31,6,3,0,3
12957,8,dublin,CUSTOM HOUSE QUAY,Custom House Quay,False,False,OPEN,2024-12-31 11:02:05,True,False,,,53.347884,-6.248048,30,14,16,12,2,0,2,30,14,16,12,2,0,2
12958,27,dublin,MOLESWORTH STREET,Molesworth Street,False,False,OPEN,2024-12-31 11:06:11,True,False,,,53.341288,-6.258117,20,12,8,1,11,0,11,20,12,8,1,11,0,11
12959,16,dublin,GEORGES QUAY,Georges Quay,False,False,OPEN,2024-12-31 11:00:09,True,False,,,53.347508,-6.252192,20,6,14,5,1,0,1,20,6,14,5,1,0,1
12960,96,dublin,KILMAINHAM LANE,Kilmainham Lane,False,False,OPEN,2024-12-31 10:58:47,True,False,,,53.341805,-6.305085,30,19,11,12,7,0,7,30,19,11,12,7,0,7
12961,82,dublin,MOUNT BROWN,Mount Brown,False,False,OPEN,2024-12-31 11:06:26,True,False,,,53.341645,-6.29719,22,8,14,2,6,0,6,22,8,14,2,6,0,6
12962,76,dublin,MARKET STREET SOUTH,Market Street South,False,False,OPEN,2024-12-31 11:00:21,True,False,,,53.342296,-6.287661,38,4,34,2,2,0,2,38,4,34,2,2,0,2
12963,71,dublin,KEVIN STREET,Kevin Street,False,False,OPEN,2024-12-31 11:00:35,True,False,,,53.337757,-6.267699,40,26,14,20,6,0,6,40,26,14,20,6,0,6
12964,79,dublin,ECCLES STREET EAST,Eccles Street East,False,False,OPEN,2024-12-31 11:02:35,True,False,,,53.358115,-6.265601,27,6,21,5,1,0,1,27,6,21,5,1,0,1
12965,69,dublin,GRAND CANAL DOCK,Grand Canal Dock,False,False,OPEN,2024-12-31 11:06:52,True,False,,,53.342638,-6.238695,40,40,0,29,11,0,11,40,40,0,29,11,0,11
12966,25,dublin,MERRION SQUARE EAST,Merrion Square East,False,False,OPEN,2024-12-31 11:03:43,True,False,,,53.339434,-6.246548,30,9,21,3,6,0,6,30,9,21,3,6,0,6
12967,51,dublin,YORK STREET WEST,York Street West,False,False,OPEN,2024-12-31 10:58:18,True,False,,,53.339334,-6.264699,40,0,0,0,0,0,0,40,0,0,0,0,0,0
12968,37,dublin,ST. STEPHEN'S GREEN SOUTH,St. Stephen's Green South,False,False,OPEN,2024-12-31 11:01:09,True,False,,,53.337494,-6.26199,30,24,6,13,11,0,11,30,24,6,13,11,0,11
12969,59,dublin,DENMARK STREET GREAT,Denmark Street Great,False,False,OPEN,2024-12-31 11:02:40,True,False,,,53.35561,-6.261397,20,2,18,1,1,0,1,20,2,18,1,1,0,1
12970,95,dublin,ROYAL HOSPITAL,Royal Hospital,False,False,OPEN,2024-12-31 11:04:44,True,False,,,53.343897,-6.29706,40,10,30,6,4,0,4,40,10,30,6,4,0,4
12971,94,dublin,HEUSTON STATION (CAR PARK),Heuston Station (Car Park),False,False,OPEN,2024-12-31 11:01:38,True,False,,,53.346985,-6.297804,40,9,31,9,0,0,0,40,9,31,9,0,0,0
12972,105,dublin,GRANGEGORMAN LOWER (NORTH),Grangegorman Lower (North),False,False,OPEN,2024-12-31 11:06:29,True,False,,,53.355954,-6.278378,36,13,23,7,6,0,6,36,13,23,7,6,0,6
12973,36,dublin,ST. STEPHEN'S GREEN EAST,St. Stephen's Green East,False,False,OPEN,2024-12-31 11:00:15,True,False,,,53.337824,-6.256035,40,24,16,19,5,0,5,40,24,16,19,5,0,5
12974,93,dublin,HEUSTON STATION (CENTRAL),Heuston Station (Central),False,False,OPEN,2024-12-31 11:01:29,True,False,,,53.346603,-6.296924,40,6,34,6,0,0,0,40,6,34,6,0,0,0
12975,22,dublin,TOWNSEND STREET,Townsend Street,False,False,OPEN,2024-12-31 11:01:13,True,False,,,53.345922,-6.254614,20,10,10,7,3,0,3,20,10,10,7,3,0,3
12976,50,dublin,GEORGES LANE,George's Lane,False,False,OPEN,2024-12-31 11:05:37,True,False,,,53.35023,-6.279696,40,12,28,9,3,0,3,40,12,28,9,3,0,3
12977,110,dublin,PHIBSBOROUGH ROAD,Phibsborough Road,False,False,OPEN,2024-12-31 11:02:57,True,False,,,53.356307,-6.273717,40,19,21,10,9,0,9,40,19,21,10,9,0,9
12978,12,dublin,ECCLES STREET,Eccles Street,False,False,OPEN,2024-12-31 11:00:30,True,False,,,53.359246,-6.269779,20,4,16,3,1,0,1,20,4,16,3,1,0,1
12979,34,dublin,PORTOBELLO HARBOUR,Portobello Harbour,False,False,OPEN,2024-12-31 11:01:12,True,False,,,53.330362,-6.265163,30,3,27,2,1,0,1,30,3,27,2,1,0,1
12980,78,dublin,MATER HOSPITAL,Mater Hospital,False,False,OPEN,2024-12-31 11:02:15,True,False,,,53.359967,-6.264828,40,15,24,11,4,0,4,40,15,24,11,4,0,4
12981,2,dublin,BLESSINGTON STREET,Blessington Street,False,False,OPEN,2024-12-31 11:00:04,True,False,,,53.356769,-6.26814,20,0,20,0,0,0,0,20,0,20,0,0,0,0
12982,75,dublin,JAMES STREET,James Street,False,False,OPEN,2024-12-31 11:03:40,True,False,,,53.343456,-6.287409,40,4,36,3,1,0,1,40,4,36,3,1,0,1
12983,111,dublin,MOUNTJOY SQUARE EAST,Mountjoy Square East,False,False,OPEN,2024-12-31 10:59:42,True,False,,,53.356717,-6.256359,40,4,36,0,4,0,4,40,4,36,0,4,0,4
12984,26,dublin,MERRION SQUARE WEST,Merrion Square West,False,False,OPEN,2024-12-31 10:59:46,True,False,,,53.339764,-6.251988,20,14,6,6,8,0,8,20,14,6,6,8,0,8
12985,65,dublin,CONVENTION CENTRE,Convention Centre,False,False,OPEN,2024-12-31 11:03:48,True,False,,,53.34744,-6.238523,40,0,40,0,0,0,0,40,0,40,0,0,0,0
12986,15,dublin,HARDWICKE STREET,Hardwicke Street,False,False,OPEN,2024-12-31 11:03:39,True,False,,,53.355473,-6.264423,16,0,16,0,0,0,0,16,0,16,0,0,0,0
12987,86,dublin,PARKGATE STREET,Parkgate Street,False,False,OPEN,2024-12-31 11:05:57,True,False,,,53.347972,-6.291804,38,16,22,3,13,0,13,38,16,22,3,13,0,13
12988,35,dublin,SMITHFIELD,Smithfield,False,False,OPEN,2024-12-31 11:04:09,True,False,,,53.347692,-6.278214,30,25,5,13,12,0,12,30,25,5,13,12,0,12
12989,10,dublin,DAME STREET,Dame Street,False,False,OPEN,2024-12-31 11:03:37,True,False,,,53.344007,-6.266802,16,4,12,3,1,0,1,16,4,12,3,1,0,1
12990,100,dublin,HEUSTON BRIDGE (SOUTH),Heuston Bridge (South),False,False,OPEN,2024-12-31 11:07:42,True,False,,,53.347106,-6.292041,25,17,8,7,10,0,10,25,17,8,7,10,0,10
12991,24,dublin,CATHAL BRUGHA STREET,Cathal Brugha Street,False,False,OPEN,2024-12-31 11:02:53,True,False,,,53.352149,-6.260533,20,14,6,9,5,0,5,20,14,6,9,5,0,5
12992,64,dublin,SANDWITH STREET,Sandwith Street,False,False,OPEN,2024-12-31 11:03:06,True,False,,,53.345203,-6.247163,40,19,21,14,5,0,5,40,19,21,14,5,0,5
12993,109,dublin,BUCKINGHAM STREET LOWER,Buckingham Street Lower,False,False,OPEN,2024-12-31 11:01:29,True,False,,,53.353331,-6.249319,29,8,21,4,4,0,4,29,8,21,4,4,0,4
12994,85,dublin,ROTHE ABBEY,Rothe Abbey,False,False,OPEN,2024-12-31 11:02:27,True,False,,,53.338776,-6.30395,35,33,2,17,16,0,16,35,33,2,17,16,0,16
12995,107,dublin,CHARLEVILLE ROAD,Charleville Road,False,False,OPEN,2024-12-31 11:01:44,True,False,,,53.359157,-6.281866,40,7,33,3,4,0,4,40,7,33,3,4,0,4
12996,33,dublin,PRINCES STREET / O'CONNELL STREET,Princes Street / O'Connell Street,False,False,OPEN,2024-12-31 11:01:50,True,False,,,53.349013,-6.260311,23,23,0,15,8,0,8,23,23,0,15,8,0,8
12997,44,dublin,UPPER SHERRARD STREET,Upper Sherrard Street,False,False,OPEN,2024-12-31 11:02:37,True,False,,,53.358437,-6.260641,30,7,23,3,4,0,4,30,7,23,3,4,0,4
12998,89,dublin,FITZWILLIAM SQUARE EAST,Fitzwilliam Square East,False,False,OPEN,2024-12-31 11:02:30,True,False,,,53.335211,-6.2509,40,18,22,10,8,0,8,40,18,22,10,8,0,8
12999,57,dublin,GRATTAN STREET,Grattan Street,False,False,OPEN,2024-12-31 11:01:36,True,False,,,53.339629,-6.243778,23,8,15,5,3,0,3,23,8,15,5,3,0,3
13000,80,dublin,ST JAMES HOSPITAL (LUAS),St James Hospital (Luas),False,False,OPEN,2024-12-31 11:02:53,True,False,,,53.341359,-6.292951,40,24,16,13,11,0,11,40,24,16,13,11,0,11
13001,41,dublin,HARCOURT TERRACE,Harcourt Terrace,False,False,OPEN,2024-12-31 11:00:34,True,False,,,53.332763,-6.257942,20,17,3,10,7,0,7,20,17,3,10,7,0,7
13002,3,dublin,BOLTON STREET,Bolton Street,False,False,OPEN,2024-12-31 11:02:10,True,False,,,53.351182,-6.269859,20,2,18,1,1,0,1,20,2,18,1,1,0,1
13003,40,dublin,JERVIS STREET,Jervis Street,False,False,OPEN,2024-12-31 11:02:47,True,False,,,53.3483,-6.266651,21,15,6,7,8,0,8,21,15,6,7,8,0,8
13004,29,dublin,ORMOND QUAY UPPER,Ormond Quay Upper,False,False,OPEN,2024-12-31 11:02:33,True,False,,,53.346057,-6.268001,29,9,20,3,6,0,6,29,9,20,3,6,0,6
13005,103,dublin,GRANGEGORMAN LOWER (SOUTH),Grangegorman Lower (South),False,False,OPEN,2024-12-31 11:01:35,True,False,,,53.354663,-6.278681,40,4,36,3,1,0,1,40,4,36,3,1,0,1
13006,28,dublin,MOUNTJOY SQUARE WEST,Mountjoy Square West,False,False,OPEN,2024-12-31 11:02:53,True,False,,,53.356299,-6.258586,30,11,19,3,8,0,8,30,11,19,3,8,0,8
13007,39,dublin,WILTON TERRACE,Wilton Terrace,False,False,OPEN,2024-12-31 11:03:43,True,False,,,53.332383,-6.252717,20,6,14,4,2,0,2,20,6,14,4,2,0,2
13008,83,dublin,EMMET ROAD,Emmet Road,False,False,OPEN,2024-12-31 11:03:11,True,False,,,53.340714,-6.308191,40,28,12,15,13,0,13,40,28,12,15,13,0,13
13009,92,dublin,HEUSTON BRIDGE (NORTH),Heuston Bridge (North),False,False,OPEN,2024-12-31 11:01:08,True,False,,,53.347802,-6.292432,40,29,11,18,11,0,11,40,29,11,18,11,0,11
13010,21,dublin,LEINSTER STREET SOUTH,Leinster Street South,False,False,OPEN,2024-12-31 10:59:41,True,False,,,53.34218,-6.254485,30,10,20,9,1,0,1,30,10,20,9,1,0,1
13011,88,dublin,BLACKHALL PLACE,Blackhall Place,False,False,OPEN,2024-12-31 11:01:09,True,False,,,53.3488,-6.281637,30,1,29,1,0,0,0,30,1,29,1,0,0,0
13012,42,dublin,SMITHFIELD NORTH,Smithfield North,False,False,OPEN,2024-12-31 11:33:37,True,False,,,53.349562,-6.278198,30,15,15,11,4,0,4,30,15,15,11,4,0,4
13013,30,dublin,PARNELL SQUARE NORTH,Parnell Square North,False,False,OPEN,2024-12-31 11:36:48,True,False,,,53.3537415547453,-6.26530144781526,20,0,20,0,0,0,0,20,0,20,0,0,0,0
13014,54,dublin,CLONMEL STREET,Clonmel Street,False,False,OPEN,2024-12-31 11:32:51,True,False,,,53.336021,-6.26298,33,16,17,8,8,0,8,33,16,17,8,8,0,8
13015,108,dublin,AVONDALE ROAD,Avondale Road,False,False,OPEN,2024-12-31 11:31:15,True,False,,,53.359405,-6.276142,35,14,21,9,5,0,5,35,14,21,9,5,0,5
13016,20,dublin,JAMES STREET EAST,James Street East,False,False,OPEN,2024-12-31 11:33:51,True,False,,,53.336597,-6.248109,30,3,27,1,2,0,2,30,3,27,1,2,0,2
13017,56,dublin,MOUNT STREET LOWER,Mount Street Lower,False,False,OPEN,2024-12-31 11:29:24,True,False,,,53.33796,-6.24153,40,22,18,14,8,0,8,40,22,18,14,8,0,8
13018,6,dublin,CHRISTCHURCH PLACE,Christchurch Place,False,False,OPEN,2024-12-31 11:30:59,True,False,,,53.343368,-6.27012,20,13,7,4,9,0,9,20,13,7,4,9,0,9
13019,18,dublin,GRANTHAM STREET,Grantham Street,False,False,OPEN,2024-12-31 11:32:16,True,False,,,53.334123,-6.265436,30,1,29,0,1,0,1,30,1,29,0,1,0,1
13020,32,dublin,PEARSE STREET,Pearse Street,False,False,OPEN,2024-12-31 11:29:57,True,False,,,53.344304,-6.250427,30,12,18,7,5,0,5,30,12,18,7,5,0,5
13021,52,dublin,YORK STREET EAST,York Street East,False,False,OPEN,2024-12-31 11:30:33,True,False,,,53.338755,-6.262003,32,20,12,11,9,0,9,32,20,12,11,9,0,9
13022,48,dublin,EXCISE WALK,Excise Walk,False,False,OPEN,2024-12-31 11:31:01,True,False,,,53.347777,-6.244239,40,7,33,7,0,0,0,40,7,33,7,0,0,0
13023,13,dublin,FITZWILLIAM SQUARE WEST,Fitzwilliam Square West,False,False,OPEN,2024-12-31 11:32:52,True,False,,,53.336074,-6.252825,30,25,5,11,14,0,14,30,25,5,11,14,0,14
13024,43,dublin,PORTOBELLO ROAD,Portobello Road,False,False,OPEN,2024-12-31 11:31:40,True,False,,,53.330091,-6.268044,30,20,10,12,8,0,8,30,20,10,12,8,0,8
13025,31,dublin,PARNELL STREET,Parnell Street,False,False,OPEN,2024-12-31 11:36:31,True,False,,,53.350929,-6.265125,20,12,8,6,6,0,6,20,12,8,6,6,0,6
13026,98,dublin,FREDERICK STREET SOUTH,Frederick Street South,False,False,OPEN,2024-12-31 11:31:12,True,False,,,53.341515,-6.256853,40,20,20,16,4,0,4,40,20,20,16,4,0,4
13027,14,dublin,FOWNES STREET UPPER,Fownes Street Upper,False,False,OPEN,2024-12-31 11:33:19,True,False,,,53.344603,-6.263371,30,2,28,2,0,0,0,30,2,28,2,0,0,0
13028,1,dublin,CLARENDON ROW,Clarendon Row,False,False,OPEN,2024-12-31 11:30:18,True,False,,,53.340927,-6.262501,31,5,26,3,2,0,2,31,5,26,3,2,0,2
13029,23,dublin,CUSTOM HOUSE,Custom House,False,False,OPEN,2024-12-31 11:32:03,True,False,,,53.348279,-6.254662,30,2,28,2,0,0,0,30,2,28,2,0,0,0
13030,106,dublin,RATHDOWN ROAD,Rathdown Road,False,False,OPEN,2024-12-31 11:29:21,True,False,,,53.35893,-6.280337,40,3,37,3,0,0,0,40,3,37,3,0,0,0
13031,112,dublin,NORTH CIRCULAR ROAD (O'CONNELL'S),North Circular Road (O'Connell's),False,False,OPEN,2024-12-31 11:30:43,True,False,,,53.357841,-6.251557,30,14,16,8,6,0,6,30,14,16,8,6,0,6
13032,68,dublin,HANOVER QUAY,Hanover Quay,False,False,OPEN,2024-12-31 11:36:27,True,False,,,53.344115,-6.237153,40,33,7,20,13,0,13,40,33,7,20,13,0,13
13033,74,dublin,OLIVER BOND STREET,Oliver Bond Street,False,False,OPEN,2024-12-31 11:32:28,True,False,,,53.343893,-6.280531,30,12,18,5,7,0,7,30,12,18,5,7,0,7
13034,87,dublin,COLLINS BARRACKS MUSEUM,Collins Barracks Museum,False,False,OPEN,2024-12-31 11:34:50,True,False,,,53.347477,-6.28525,38,19,19,11,8,0,8,38,19,19,11,8,0,8
13035,84,dublin,BROOKFIELD ROAD,Brookfield Road,False,False,OPEN,2024-12-31 11:35:38,True,False,,,53.339005,-6.300217,30,11,19,5,6,0,6,30,11,19,5,6,0,6
13036,90,dublin,BENSON STREET,Benson Street,False,False,OPEN,2024-12-31 11:27:43,True,False,,,53.344153,-6.233451,40,0,40,0,0,0,0,40,0,40,0,0,0,0
13037,11,dublin,EARLSFORT TERRACE,Earlsfort Terrace,False,False,OPEN,2024-12-31 11:29:56,True,False,,,53.334295,-6.258503,30,22,8,17,5,0,5,30,22,8,17,5,0,5
13038,17,dublin,GOLDEN LANE,Golden Lane,False,False,OPEN,2024-12-31 11:32:43,True,False,,,53.340803,-6.267732,20,6,14,4,2,0,2,20,6,14,4,2,0,2
13039,45,dublin,DEVERELL PLACE,Deverell Place,False,False,OPEN,2024-12-31 11:32:50,True,False,,,53.351464,-6.255265,30,4,26,2,2,0,2,30,4,26,2,2,0,2
13040,114,dublin,WILTON TERRACE (PARK),Wilton Terrace (Park),False,False,OPEN,2024-12-31 11:33:28,True,False,,,53.333653,-6.248345,40,8,32,7,1,0,1,40,8,32,7,1,0,1
13041,72,dublin,JOHN STREET WEST,John Street West,False,False,OPEN,2024-12-31 11:30:54,True,False,,,53.343105,-6.277167,31,5,26,3,2,0,2,31,5,26,3,2,0,2
13042,63,dublin,FENIAN STREET,Fenian Street,False,False,OPEN,2024-12-31 11:32:59,True,False,,,53.341428,-6.24672,35,15,20,5,10,0,10,35,15,20,5,10,0,10
13043,113,dublin,MERRION SQUARE SOUTH,Merrion Square South,False,False,OPEN,2024-12-31 11:36:07,True,False,,,53.338614,-6.248606,40,6,23,5,1,0,1,40,6,23,5,1,0,1
13044,91,dublin,SOUTH DOCK ROAD,South Dock Road,False,False,OPEN,2024-12-31 11:35:44,True,False,,,53.341833,-6.231291,30,17,13,10,7,0,7,30,17,13,10,7,0,7
13045,99,dublin,CITY QUAY,City Quay,False,False,OPEN,2024-12-31 11:32:27,True,False,,,53.346637,-6.246154,30,16,14,6,10,0,10,30,16,14,6,10,0,10
13046,9,dublin,EXCHEQUER STREET,Exchequer Street,False,False,OPEN,2024-12-31 11:32:55,True,False,,,53.343034,-6.263578,24,11,13,6,5,0,5,24,11,13,6,5,0,5
13047,67,dublin,THE POINT,The Point,False,False,OPEN,2024-12-31 11:31:03,True,False,,,53.346867,-6.230852,40,22,18,15,7,0,7,40,22,18,15,7,0,7
13048,116,dublin,BROADSTONE,Broadstone,False,False,OPEN,2024-12-31 11:30:57,True,False,,,53.3547,-6.272314,30,16,14,9,7,0,7,30,16,14,9,7,0,7
13049,55,dublin,HATCH STREET,Hatch Street,False,False,OPEN,2024-12-31 11:33:25,True,False,,,53.33403,-6.260714,36,8,28,6,2,0,2,36,8,28,6,2,0,2
13050,62,dublin,LIME STREET,Lime Street,False,False,OPEN,2024-12-31 11:35:56,True,False,,,53.346026,-6.243576,40,17,23,7,10,0,10,40,17,23,7,10,0,10
13051,5,dublin,CHARLEMONT PLACE,Charlemont Street,False,False,OPEN,2024-12-31 11:33:38,True,False,,,53.330662,-6.260177,40,12,28,10,2,0,2,40,12,28,10,2,0,2
13052,97,dublin,KILMAINHAM GAOL,Kilmainham Gaol,False,False,OPEN,2024-12-31 11:30:41,True,False,,,53.342113,-6.310015,40,25,15,14,11,0,11,40,25,15,14,11,0,11
13053,61,dublin,HARDWICKE PLACE,Hardwicke Place,False,False,OPEN,2024-12-31 11:29:40,True,False,,,53.357043,-6.263232,25,0,25,0,0,0,0,25,0,25,0,0,0,0
13054,77,dublin,WOLFE TONE STREET,Wolfe Tone Street,False,False,OPEN,2024-12-31 11:35:55,True,False,,,53.348875,-6.267459,29,8,21,4,4,0,4,29,8,21,4,4,0,4
13055,73,dublin,FRANCIS STREET,Francis Street,False,False,OPEN,2024-12-31 11:32:11,True,False,,,53.342081,-6.275233,30,0,30,0,0,0,0,30,0,30,0,0,0,0
13056,4,dublin,GREEK STREET,Greek Street,False,False,OPEN,2024-12-31 11:32:53,True,False,,,53.346874,-6.272976,20,15,5,3,12,0,12,20,15,5,3,12,0,12
13057,49,dublin,GUILD STREET,Guild Street,False,False,OPEN,2024-12-31 11:32:39,True,False,,,53.347932,-6.240928,40,18,22,11,7,0,7,40,18,22,11,7,0,7
13058,19,dublin,HERBERT PLACE,Herbert Place,False,False,OPEN,2024-12-31 11:33:01,True,False,,,53.334432,-6.245575,30,6,24,5,1,0,1,30,6,24,5,1,0,1
13059,7,dublin,HIGH STREET,High Street,False,False,OPEN,2024-12-31 11:31:05,True,False,,,53.343565,-6.275071,29,4,24,2,2,0,2,29,4,24,2,2,0,2
13060,60,dublin,NORTH CIRCULAR ROAD,North Circular Road,False,False,OPEN,2024-12-31 11:33:22,True,False,,,53.359624,-6.260348,30,2,28,2,0,0,0,30,2,28,2,0,0,0
13061,102,dublin,WESTERN WAY,Western Way,False,False,OPEN,2024-12-31 11:34:09,True,False,,,53.354929,-6.269425,40,12,28,11,1,0,1,40,12,28,11,1,0,1
13062,38,dublin,TALBOT STREET,Talbot Street,False,False,OPEN,2024-12-31 11:35:59,True,False,,,53.350974,-6.25294,40,34,6,23,11,0,11,40,34,6,23,11,0,11
13063,53,dublin,NEWMAN HOUSE,Newman House,False,False,OPEN,2024-12-31 11:31:45,True,False,,,53.337132,-6.26059,40,15,25,13,2,0,2,40,15,25,13,2,0,2
13064,58,dublin,SIR PATRICK DUN'S,Sir Patrick's Dun,False,False,OPEN,2024-12-31 11:33:43,True,False,,,53.339218,-6.240642,40,5,35,4,1,0,1,40,5,35,4,1,0,1
13065,66,dublin,NEW CENTRAL BANK,New Central Bank,False,False,OPEN,2024-12-31 11:29:09,True,False,,,53.347122,-6.234749,40,15,25,10,5,0,5,40,15,25,10,5,0,5
13066,104,dublin,GRANGEGORMAN LOWER (CENTRAL),Grangegorman Lower (Central),False,False,OPEN,2024-12-31 11:33:53,True,False,,,53.355173,-6.278424,40,19,21,10,9,0,9,40,19,21,10,9,0,9
13067,101,dublin,KING STREET NORTH,King Street North,False,False,OPEN,2024-12-31 11:30:06,True,False,,,53.350291,-6.273507,30,3,27,0,3,0,3,30,3,27,0,3,0,3
13068,115,dublin,KILLARNEY STREET,Killarney Street,False,False,OPEN,2024-12-31 11:32:55,True,False,,,53.354845,-6.247579,30,23,7,13,10,0,10,30,23,7,13,10,0,10
13069,47,dublin,HERBERT STREET,Herbert Street,False,False,OPEN,2024-12-31 11:30:21,True,False,,,53.335742,-6.24551,40,1,39,0,1,0,1,40,1,39,0,1,0,1
13070,117,dublin,HANOVER QUAY EAST,Hanover Quay East,False,False,OPEN,2024-12-31 11:29:38,True,False,,,53.343653,-6.231755,40,9,31,6,3,0,3,40,9,31,6,3,0,3
13071,8,dublin,CUSTOM HOUSE QUAY,Custom House Quay,False,False,OPEN,2024-12-31 11:37:00,True,False,,,53.347884,-6.248048,30,13,17,11,2,0,2,30,13,17,11,2,0,2
13072,27,dublin,MOLESWORTH STREET,Molesworth Street,False,False,OPEN,2024-12-31 11:29:57,True,False,,,53.341288,-6.258117,20,13,7,2,11,0,11,20,13,7,2,11,0,11
13073,16,dublin,GEORGES QUAY,Georges Quay,False,False,OPEN,2024-12-31 11:30:26,True,False,,,53.347508,-6.252192,20,6,14,5,1,0,1,20,6,14,5,1,0,1
13074,96,dublin,KILMAINHAM LANE,Kilmainham Lane,False,False,OPEN,2024-12-31 11:29:00,True,False,,,53.341805,-6.305085,30,19,11,12,7,0,7,30,19,11,12,7,0,7
13075,82,dublin,MOUNT BROWN,Mount Brown,False,False,OPEN,2024-12-31 11:31:22,True,False,,,53.341645,-6.29719,22,8,14,2,6,0,6,22,8,14,2,6,0,6
13076,76,dublin,MARKET STREET SOUTH,Market Street South,False,False,OPEN,2024-12-31 11:37:41,True,False,,,53.342296,-6.287661,38,4,34,2,2,0,2,38,4,34,2,2,0,2
13077,71,dublin,KEVIN STREET,Kevin Street,False,False,OPEN,2024-12-31 11:31:10,True,False,,,53.337757,-6.267699,40,27,13,21,6,0,6,40,27,13,21,6,0,6
13078,79,dublin,ECCLES STREET EAST,Eccles Street East,False,False,OPEN,2024-12-31 11:32:52,True,False,,,53.358115,-6.265601,27,6,21,5,1,0,1,27,6,21,5,1,0,1
13079,69,dublin,GRAND CANAL DOCK,Grand Canal Dock,False,False,OPEN,2024-12-31 11:33:17,True,False,,,53.342638,-6.238695,40,40,0,29,11,0,11,40,40,0,29,11,0,11
13080,25,dublin,MERRION SQUARE EAST,Merrion Square East,False,False,OPEN,2024-12-31 11:33:55,True,False,,,53.339434,-6.246548,30,9,21,3,6,0,6,30,9,21,3,6,0,6
13081,51,dublin,YORK STREET WEST,York Street West,False,False,OPEN,2024-12-31 11:28:29,True,False,,,53.339334,-6.264699,40,0,0,0,0,0,0,40,0,0,0,0,0,0
13082,37,dublin,ST. STEPHEN'S GREEN SOUTH,St. Stephen's Green South,False,False,OPEN,2024-12-31 11:30:59,True,False,,,53.337494,-6.26199,30,24,6,13,11,0,11,30,24,6,13,11,0,11
13083,59,dublin,DENMARK STREET GREAT,Denmark Street Great,False,False,OPEN,2024-12-31 11:32:52,True,False,,,53.35561,-6.261397,20,2,18,1,1,0,1,20,2,18,1,1,0,1
13084,95,dublin,ROYAL HOSPITAL,Royal Hospital,False,False,OPEN,2024-12-31 11:35:06,True,False,,,53.343897,-6.29706,40,27,13,11,16,0,16,40,27,13,11,16,0,16
13085,94,dublin,HEUSTON STATION (CAR PARK),Heuston Station (Car Park),False,False,OPEN,2024-12-31 11:31:51,True,False,,,53.346985,-6.297804,40,9,31,9,0,0,0,40,9,31,9,0,0,0
13086,105,dublin,GRANGEGORMAN LOWER (NORTH),Grangegorman Lower (North),False,False,OPEN,2024-12-31 11:33:31,True,False,,,53.355954,-6.278378,36,13,23,7,6,0,6,36,13,23,7,6,0,6
13087,36,dublin,ST. STEPHEN'S GREEN EAST,St. Stephen's Green East,False,False,OPEN,2024-12-31 11:30:31,True,False,,,53.337824,-6.256035,40,24,16,19,5,0,5,40,24,16,19,5,0,5
13088,93,dublin,HEUSTON STATION (CENTRAL),Heuston Station (Central),False,False,OPEN,2024-12-31 11:31:43,True,False,,,53.346603,-6.296924,40,6,34,6,0,0,0,40,6,34,6,0,0,0
13089,22,dublin,TOWNSEND STREET,Townsend Street,False,False,OPEN,2024-12-31 11:31:31,True,False,,,53.345922,-6.254614,20,12,8,9,3,0,3,20,12,8,9,3,0,3
13090,50,dublin,GEORGES LANE,George's Lane,False,False,OPEN,2024-12-31 11:35:50,True,False,,,53.35023,-6.279696,40,12,28,9,3,0,3,40,12,28,9,3,0,3
13091,110,dublin,PHIBSBOROUGH ROAD,Phibsborough Road,False,False,OPEN,2024-12-31 11:33:08,True,False,,,53.356307,-6.273717,40,19,21,10,9,0,9,40,19,21,10,9,0,9
13092,12,dublin,ECCLES STREET,Eccles Street,False,False,OPEN,2024-12-31 11:30:41,True,False,,,53.359246,-6.269779,20,4,16,3,1,0,1,20,4,16,3,1,0,1
13093,34,dublin,PORTOBELLO HARBOUR,Portobello Harbour,False,False,OPEN,2024-12-31 11:31:25,True,False,,,53.330362,-6.265163,30,3,27,2,1,0,1,30,3,27,2,1,0,1
13094,78,dublin,MATER HOSPITAL,Mater Hospital,False,False,OPEN,2024-12-31 11:32:32,True,False,,,53.359967,-6.264828,40,15,24,11,4,0,4,40,15,24,11,4,0,4
13095,2,dublin,BLESSINGTON STREET,Blessington Street,False,False,OPEN,2024-12-31 11:30:14,True,False,,,53.356769,-6.26814,20,0,20,0,0,0,0,20,0,20,0,0,0,0
13096,75,dublin,JAMES STREET,James Street,False,False,OPEN,2024-12-31 11:33:56,True,False,,,53.343456,-6.287409,40,4,36,3,1,0,1,40,4,36,3,1,0,1
13097,111,dublin,MOUNTJOY SQUARE EAST,Mountjoy Square East,False,False,OPEN,2024-12-31 11:29:56,True,False,,,53.356717,-6.256359,40,4,36,0,4,0,4,40,4,36,0,4,0,4
13098,26,dublin,MERRION SQUARE WEST,Merrion Square West,False,False,OPEN,2024-12-31 11:29:59,True,False,,,53.339764,-6.251988,20,14,6,6,8,0,8,20,14,6,6,8,0,8
13099,65,dublin,CONVENTION CENTRE,Convention Centre,False,False,OPEN,2024-12-31 11:34:05,True,False,,,53.34744,-6.238523,40,0,40,0,0,0,0,40,0,40,0,0,0,0
13100,15,dublin,HARDWICKE STREET,Hardwicke Street,False,False,OPEN,2024-12-31 11:33:54,True,False,,,53.355473,-6.264423,16,0,16,0,0,0,0,16,0,16,0,0,0,0
13101,86,dublin,PARKGATE STREET,Parkgate Street,False,False,OPEN,2024-12-31 11:37:26,True,False,,,53.347972,-6.291804,38,15,23,2,13,0,13,38,15,23,2,13,0,13
13102,35,dublin,SMITHFIELD,Smithfield,False,False,OPEN,2024-12-31 11:34:21,True,False,,,53.347692,-6.278214,30,25,5,13,12,0,12,30,25,5,13,12,0,12
13103,10,dublin,DAME STREET,Dame Street,False,False,OPEN,2024-12-31 11:34:00,True,False,,,53.344007,-6.266802,16,5,11,4,1,0,1,16,5,11,4,1,0,1
13104,100,dublin,HEUSTON BRIDGE (SOUTH),Heuston Bridge (South),False,False,OPEN,2024-12-31 11:29:38,True,False,,,53.347106,-6.292041,25,17,8,7,10,0,10,25,17,8,7,10,0,10
13105,24,dublin,CATHAL BRUGHA STREET,Cathal Brugha Street,False,False,OPEN,2024-12-31 11:32:26,True,False,,,53.352149,-6.260533,20,14,6,9,5,0,5,20,14,6,9,5,0,5
13106,64,dublin,SANDWITH STREET,Sandwith Street,False,False,OPEN,2024-12-31 11:33:22,True,False,,,53.345203,-6.247163,40,19,21,14,5,0,5,40,19,21,14,5,0,5
13107,109,dublin,BUCKINGHAM STREET LOWER,Buckingham Street Lower,False,False,OPEN,2024-12-31 11:31:40,True,False,,,53.353331,-6.249319,29,8,21,4,4,0,4,29,8,21,4,4,0,4
13108,85,dublin,ROTHE ABBEY,Rothe Abbey,False,False,OPEN,2024-12-31 11:32:39,True,False,,,53.338776,-6.30395,35,33,2,17,16,0,16,35,33,2,17,16,0,16
13109,107,dublin,CHARLEVILLE ROAD,Charleville Road,False,False,OPEN,2024-12-31 11:32:00,True,False,,,53.359157,-6.281866,40,7,33,3,4,0,4,40,7,33,3,4,0,4
13110,33,dublin,PRINCES STREET / O'CONNELL STREET,Princes Street / O'Connell Street,False,False,OPEN,2024-12-31 11:32:19,True,False,,,53.349013,-6.260311,23,11,12,8,3,0,3,23,11,12,8,3,0,3
13111,44,dublin,UPPER SHERRARD STREET,Upper Sherrard Street,False,False,OPEN,2024-12-31 11:32:48,True,False,,,53.358437,-6.260641,30,7,23,3,4,0,4,30,7,23,3,4,0,4
13112,89,dublin,FITZWILLIAM SQUARE EAST,Fitzwilliam Square East,False,False,OPEN,2024-12-31 11:32:46,True,False,,,53.335211,-6.2509,40,18,22,10,8,0,8,40,18,22,10,8,0,8
13113,57,dublin,GRATTAN STREET,Grattan Street,False,False,OPEN,2024-12-31 11:31:52,True,False,,,53.339629,-6.243778,23,8,15,5,3,0,3,23,8,15,5,3,0,3
13114,80,dublin,ST JAMES HOSPITAL (LUAS),St James Hospital (Luas),False,False,OPEN,2024-12-31 11:33:06,True,False,,,53.341359,-6.292951,40,24,16,13,11,0,11,40,24,16,13,11,0,11
13115,41,dublin,HARCOURT TERRACE,Harcourt Terrace,False,False,OPEN,2024-12-31 11:30:51,True,False,,,53.332763,-6.257942,20,17,3,10,7,0,7,20,17,3,10,7,0,7
13116,3,dublin,BOLTON STREET,Bolton Street,False,False,OPEN,2024-12-31 11:32:24,True,False,,,53.351182,-6.269859,20,2,18,1,1,0,1,20,2,18,1,1,0,1
13117,40,dublin,JERVIS STREET,Jervis Street,False,False,OPEN,2024-12-31 11:33:02,True,False,,,53.3483,-6.266651,21,15,6,7,8,0,8,21,15,6,7,8,0,8
13118,29,dublin,ORMOND QUAY UPPER,Ormond Quay Upper,False,False,OPEN,2024-12-31 11:32:49,True,False,,,53.346057,-6.268001,29,9,20,4,5,0,5,29,9,20,4,5,0,5
13119,103,dublin,GRANGEGORMAN LOWER (SOUTH),Grangegorman Lower (South),False,False,OPEN,2024-12-31 11:31:48,True,False,,,53.354663,-6.278681,40,4,36,3,1,0,1,40,4,36,3,1,0,1
13120,28,dublin,MOUNTJOY SQUARE WEST,Mountjoy Square West,False,False,OPEN,2024-12-31 11:33:14,True,False,,,53.356299,-6.258586,30,11,19,2,9,0,9,30,11,19,2,9,0,9
13121,39,dublin,WILTON TERRACE,Wilton Terrace,False,False,OPEN,2024-12-31 11:34:02,True,False,,,53.332383,-6.252717,20,5,15,3,2,0,2,20,5,15,3,2,0,2
13122,83,dublin,EMMET ROAD,Emmet Road,False,False,OPEN,2024-12-31 11:33:27,True,False,,,53.340714,-6.308191,40,28,12,15,13,0,13,40,28,12,15,13,0,13
13123,92,dublin,HEUSTON BRIDGE (NORTH),Heuston Bridge (North),False,False,OPEN,2024-12-31 11:31:25,True,False,,,53.347802,-6.292432,40,29,11,18,11,0,11,40,29,11,18,11,0,11
13124,21,dublin,LEINSTER STREET SOUTH,Leinster Street South,False,False,OPEN,2024-12-31 11:29:56,True,False,,,53.34218,-6.254485,30,10,20,9,1,0,1,30,10,20,9,1,0,1
13125,88,dublin,BLACKHALL PLACE,Blackhall Place,False,False,OPEN,2024-12-31 11:31:23,True,False,,,53.3488,-6.281637,30,0,30,0,0,0,0,30,0,30,0,0,0,0
13126,42,dublin,SMITHFIELD NORTH,Smithfield North,False,False,OPEN,2024-12-31 12:03:50,True,False,,,53.349562,-6.278198,30,16,14,12,4,0,4,30,16,14,12,4,0,4
13127,30,dublin,PARNELL SQUARE NORTH,Parnell Square North,False,False,OPEN,2024-12-31 12:07:05,True,False,,,53.3537415547453,-6.26530144781526,20,0,20,0,0,0,0,20,0,20,0,0,0,0
13128,54,dublin,CLONMEL STREET,Clonmel Street,False,False,OPEN,2024-12-31 12:03:13,True,False,,,53.336021,-6.26298,33,16,17,8,8,0,8,33,16,17,8,8,0,8
13129,108,dublin,AVONDALE ROAD,Avondale Road,False,False,OPEN,2024-12-31 12:01:25,True,False,,,53.359405,-6.276142,35,14,21,9,5,0,5,35,14,21,9,5,0,5
13130,20,dublin,JAMES STREET EAST,James Street East,False,False,OPEN,2024-12-31 12:04:04,True,False,,,53.336597,-6.248109,30,3,27,1,2,0,2,30,3,27,1,2,0,2
13131,56,dublin,MOUNT STREET LOWER,Mount Street Lower,False,False,OPEN,2024-12-31 11:59:35,True,False,,,53.33796,-6.24153,40,22,18,14,8,0,8,40,22,18,14,8,0,8
13132,6,dublin,CHRISTCHURCH PLACE,Christchurch Place,False,False,OPEN,2024-12-31 12:06:10,True,False,,,53.343368,-6.27012,20,14,6,4,10,0,10,20,14,6,4,10,0,10
13133,18,dublin,GRANTHAM STREET,Grantham Street,False,False,OPEN,2024-12-31 12:02:28,True,False,,,53.334123,-6.265436,30,1,29,0,1,0,1,30,1,29,0,1,0,1
13134,32,dublin,PEARSE STREET,Pearse Street,False,False,OPEN,2024-12-31 12:00:09,True,False,,,53.344304,-6.250427,30,12,18,7,5,0,5,30,12,18,7,5,0,5
13135,52,dublin,YORK STREET EAST,York Street East,False,False,OPEN,2024-12-31 12:00:45,True,False,,,53.338755,-6.262003,32,20,12,11,9,0,9,32,20,12,11,9,0,9
13136,48,dublin,EXCISE WALK,Excise Walk,False,False,OPEN,2024-12-31 12:01:14,True,False,,,53.347777,-6.244239,40,7,33,7,0,0,0,40,7,33,7,0,0,0
13137,13,dublin,FITZWILLIAM SQUARE WEST,Fitzwilliam Square West,False,False,OPEN,2024-12-31 12:03:08,True,False,,,53.336074,-6.252825,30,25,5,11,14,0,14,30,25,5,11,14,0,14
13138,43,dublin,PORTOBELLO ROAD,Portobello Road,False,False,OPEN,2024-12-31 12:03:33,True,False,,,53.330091,-6.268044,30,20,10,12,8,0,8,30,20,10,12,8,0,8
13139,31,dublin,PARNELL STREET,Parnell Street,False,False,OPEN,2024-12-31 12:07:30,True,False,,,53.350929,-6.265125,20,13,7,7,6,0,6,20,13,7,7,6,0,6
13140,98,dublin,FREDERICK STREET SOUTH,Frederick Street South,False,False,OPEN,2024-12-31 12:01:22,True,False,,,53.341515,-6.256853,40,20,20,16,4,0,4,40,20,20,16,4,0,4
13141,14,dublin,FOWNES STREET UPPER,Fownes Street Upper,False,False,OPEN,2024-12-31 12:03:33,True,False,,,53.344603,-6.263371,30,4,26,4,0,0,0,30,4,26,4,0,0,0
13142,1,dublin,CLARENDON ROW,Clarendon Row,False,False,OPEN,2024-12-31 12:00:33,True,False,,,53.340927,-6.262501,31,8,23,3,5,0,5,31,8,23,3,5,0,5
13143,23,dublin,CUSTOM HOUSE,Custom House,False,False,OPEN,2024-12-31 12:02:15,True,False,,,53.348279,-6.254662,30,2,28,2,0,0,0,30,2,28,2,0,0,0
13144,106,dublin,RATHDOWN ROAD,Rathdown Road,False,False,OPEN,2024-12-31 11:59:35,True,False,,,53.35893,-6.280337,40,3,37,3,0,0,0,40,3,37,3,0,0,0
13145,112,dublin,NORTH CIRCULAR ROAD (O'CONNELL'S),North Circular Road (O'Connell's),False,False,OPEN,2024-12-31 12:00:57,True,False,,,53.357841,-6.251557,30,14,16,8,6,0,6,30,14,16,8,6,0,6
13146,68,dublin,HANOVER QUAY,Hanover Quay,False,False,OPEN,2024-12-31 12:01:22,True,False,,,53.344115,-6.237153,40,36,4,22,14,0,14,40,36,4,22,14,0,14
13147,74,dublin,OLIVER BOND STREET,Oliver Bond Street,False,False,OPEN,2024-12-31 12:02:41,True,False,,,53.343893,-6.280531,30,12,18,5,7,0,7,30,12,18,5,7,0,7
13148,87,dublin,COLLINS BARRACKS MUSEUM,Collins Barracks Museum,False,False,OPEN,2024-12-31 12:05:04,True,False,,,53.347477,-6.28525,38,19,19,11,8,0,8,38,19,19,11,8,0,8
13149,84,dublin,BROOKFIELD ROAD,Brookfield Road,False,False,OPEN,2024-12-31 12:05:51,True,False,,,53.339005,-6.300217,30,11,19,5,6,0,6,30,11,19,5,6,0,6
13150,90,dublin,BENSON STREET,Benson Street,False,False,OPEN,2024-12-31 11:57:59,True,False,,,53.344153,-6.233451,40,0,40,0,0,0,0,40,0,40,0,0,0,0
13151,11,dublin,EARLSFORT TERRACE,Earlsfort Terrace,False,False,OPEN,2024-12-31 12:00:12,True,False,,,53.334295,-6.258503,30,22,8,17,5,0,5,30,22,8,17,5,0,5
13152,17,dublin,GOLDEN LANE,Golden Lane,False,False,OPEN,2024-12-31 12:02:57,True,False,,,53.340803,-6.267732,20,6,14,4,2,0,2,20,6,14,4,2,0,2
13153,45,dublin,DEVERELL PLACE,Deverell Place,False,False,OPEN,2024-12-31 12:03:01,True,False,,,53.351464,-6.255265,30,4,26,2,2,0,2,30,4,26,2,2,0,2
13154,114,dublin,WILTON TERRACE (PARK),Wilton Terrace (Park),False,False,OPEN,2024-12-31 12:03:44,True,False,,,53.333653,-6.248345,40,8,32,7,1,0,1,40,8,32,7,1,0,1
13155,72,dublin,JOHN STREET WEST,John Street West,False,False,OPEN,2024-12-31 12:01:07,True,False,,,53.343105,-6.277167,31,5,26,3,2,0,2,31,5,26,3,2,0,2
13156,63,dublin,FENIAN STREET,Fenian Street,False,False,OPEN,2024-12-31 12:03:16,True,False,,,53.341428,-6.24672,35,15,20,5,10,0,10,35,15,20,5,10,0,10
13157,113,dublin,MERRION SQUARE SOUTH,Merrion Square South,False,False,OPEN,2024-12-31 12:06:20,True,False,,,53.338614,-6.248606,40,6,23,5,1,0,1,40,6,23,5,1,0,1
13158,91,dublin,SOUTH DOCK ROAD,South Dock Road,False,False,OPEN,2024-12-31 12:01:16,True,False,,,53.341833,-6.231291,30,17,13,10,7,0,7,30,17,13,10,7,0,7
13159,99,dublin,CITY QUAY,City Quay,False,False,OPEN,2024-12-31 12:02:40,True,False,,,53.346637,-6.246154,30,16,14,6,10,0,10,30,16,14,6,10,0,10
13160,9,dublin,EXCHEQUER STREET,Exchequer Street,False,False,OPEN,2024-12-31 12:03:07,True,False,,,53.343034,-6.263578,24,11,13,6,5,0,5,24,11,13,6,5,0,5
13161,67,dublin,THE POINT,The Point,False,False,OPEN,2024-12-31 12:01:18,True,False,,,53.346867,-6.230852,40,21,19,15,6,0,6,40,21,19,15,6,0,6
13162,116,dublin,BROADSTONE,Broadstone,False,False,OPEN,2024-12-31 12:01:13,True,False,,,53.3547,-6.272314,30,16,14,9,7,0,7,30,16,14,9,7,0,7
13163,55,dublin,HATCH STREET,Hatch Street,False,False,OPEN,2024-12-31 12:03:37,True,False,,,53.33403,-6.260714,36,8,28,6,2,0,2,36,8,28,6,2,0,2
13164,62,dublin,LIME STREET,Lime Street,False,False,OPEN,2024-12-31 12:00:01,True,False,,,53.346026,-6.243576,40,17,23,7,10,0,10,40,17,23,7,10,0,10
13165,5,dublin,CHARLEMONT PLACE,Charlemont Street,False,False,OPEN,2024-12-31 12:03:50,True,False,,,53.330662,-6.260177,40,12,28,10,2,0,2,40,12,28,10,2,0,2
13166,97,dublin,KILMAINHAM GAOL,Kilmainham Gaol,False,False,OPEN,2024-12-31 12:00:55,True,False,,,53.342113,-6.310015,40,24,16,13,11,0,11,40,24,16,13,11,0,11
13167,61,dublin,HARDWICKE PLACE,Hardwicke Place,False,False,OPEN,2024-12-31 11:59:54,True,False,,,53.357043,-6.263232,25,0,25,0,0,0,0,25,0,25,0,0,0,0
13168,77,dublin,WOLFE TONE STREET,Wolfe Tone Street,False,False,OPEN,2024-12-31 12:01:00,True,False,,,53.348875,-6.267459,29,10,19,6,4,0,4,29,10,19,6,4,0,4
13169,73,dublin,FRANCIS STREET,Francis Street,False,False,OPEN,2024-12-31 12:02:23,True,False,,,53.342081,-6.275233,30,0,30,0,0,0,0,30,0,30,0,0,0,0
13170,4,dublin,GREEK STREET,Greek Street,False,False,OPEN,2024-12-31 12:03:05,True,False,,,53.346874,-6.272976,20,15,5,3,12,0,12,20,15,5,3,12,0,12
13171,49,dublin,GUILD STREET,Guild Street,False,False,OPEN,2024-12-31 12:02:54,True,False,,,53.347932,-6.240928,40,18,22,11,7,0,7,40,18,22,11,7,0,7
13172,19,dublin,HERBERT PLACE,Herbert Place,False,False,OPEN,2024-12-31 12:07:40,True,False,,,53.334432,-6.245575,30,5,25,4,1,0,1,30,5,25,4,1,0,1
13173,7,dublin,HIGH STREET,High Street,False,False,OPEN,2024-12-31 12:01:23,True,False,,,53.343565,-6.275071,29,4,25,2,2,0,2,29,4,25,2,2,0,2
13174,60,dublin,NORTH CIRCULAR ROAD,North Circular Road,False,False,OPEN,2024-12-31 12:07:04,True,False,,,53.359624,-6.260348,30,17,13,10,7,0,7,30,17,13,10,7,0,7
13175,102,dublin,WESTERN WAY,Western Way,False,False,OPEN,2024-12-31 12:00:15,True,False,,,53.354929,-6.269425,40,11,29,10,1,0,1,40,11,29,10,1,0,1
13176,38,dublin,TALBOT STREET,Talbot Street,False,False,OPEN,2024-12-31 12:06:17,True,False,,,53.350974,-6.25294,40,35,5,24,11,0,11,40,35,5,24,11,0,11
13177,53,dublin,NEWMAN HOUSE,Newman House,False,False,OPEN,2024-12-31 12:02:02,True,False,,,53.337132,-6.26059,40,15,25,13,2,0,2,40,15,25,13,2,0,2
13178,58,dublin,SIR PATRICK DUN'S,Sir Patrick's Dun,False,False,OPEN,2024-12-31 12:03:56,True,False,,,53.339218,-6.240642,40,5,35,4,1,0,1,40,5,35,4,1,0,1
13179,66,dublin,NEW CENTRAL BANK,New Central Bank,False,False,OPEN,2024-12-31 11:59:21,True,False,,,53.347122,-6.234749,40,15,25,10,5,0,5,40,15,25,10,5,0,5
13180,104,dublin,GRANGEGORMAN LOWER (CENTRAL),Grangegorman Lower (Central),False,False,OPEN,2024-12-31 12:04:09,True,False,,,53.355173,-6.278424,40,19,21,10,9,0,9,40,19,21,10,9,0,9
13181,101,dublin,KING STREET NORTH,King Street North,False,False,OPEN,2024-12-31 12:00:26,True,False,,,53.350291,-6.273507,30,1,29,0,1,0,1,30,1,29,0,1,0,1
13182,115,dublin,KILLARNEY STREET,Killarney Street,False,False,OPEN,2024-12-31 12:03:10,True,False,,,53.354845,-6.247579,30,23,7,12,11,0,11,30,23,7,12,11,0,11
13183,47,dublin,HERBERT STREET,Herbert Street,False,False,OPEN,2024-12-31 12:00:33,True,False,,,53.335742,-6.24551,40,1,39,0,1,0,1,40,1,39,0,1,0,1
13184,117,dublin,HANOVER QUAY EAST,Hanover Quay East,False,False,OPEN,2024-12-31 12:02:05,True,False,,,53.343653,-6.231755,40,8,32,5,3,0,3,40,8,32,5,3,0,3
13185,8,dublin,CUSTOM HOUSE QUAY,Custom House Quay,False,False,OPEN,2024-12-31 12:02:34,True,False,,,53.347884,-6.248048,30,14,16,12,2,0,2,30,14,16,12,2,0,2
13186,27,dublin,MOLESWORTH STREET,Molesworth Street,False,False,OPEN,2024-12-31 12:03:56,True,False,,,53.341288,-6.258117,20,15,5,2,13,0,13,20,15,5,2,13,0,13
13187,16,dublin,GEORGES QUAY,Georges Quay,False,False,OPEN,2024-12-31 12:00:44,True,False,,,53.347508,-6.252192,20,5,15,4,1,0,1,20,5,15,4,1,0,1
13188,96,dublin,KILMAINHAM LANE,Kilmainham Lane,False,False,OPEN,2024-12-31 11:59:13,True,False,,,53.341805,-6.305085,30,18,12,11,7,0,7,30,18,12,11,7,0,7
13189,82,dublin,MOUNT BROWN,Mount Brown,False,False,OPEN,2024-12-31 12:01:38,True,False,,,53.341645,-6.29719,22,8,14,2,6,0,6,22,8,14,2,6,0,6
13190,76,dublin,MARKET STREET SOUTH,Market Street South,False,False,OPEN,2024-12-31 12:00:52,True,False,,,53.342296,-6.287661,38,4,34,2,2,0,2,38,4,34,2,2,0,2
13191,71,dublin,KEVIN STREET,Kevin Street,False,False,OPEN,2024-12-31 12:01:07,True,False,,,53.337757,-6.267699,40,27,13,21,6,0,6,40,27,13,21,6,0,6
13192,79,dublin,ECCLES STREET EAST,Eccles Street East,False,False,OPEN,2024-12-31 12:03:08,True,False,,,53.358115,-6.265601,27,6,21,5,1,0,1,27,6,21,5,1,0,1
13193,69,dublin,GRAND CANAL DOCK,Grand Canal Dock,False,False,OPEN,2024-12-31 12:03:34,True,False,,,53.342638,-6.238695,40,40,0,29,11,0,11,40,40,0,29,11,0,11
13194,25,dublin,MERRION SQUARE EAST,Merrion Square East,False,False,OPEN,2024-12-31 12:04:10,True,False,,,53.339434,-6.246548,30,8,22,2,6,0,6,30,8,22,2,6,0,6
13195,51,dublin,YORK STREET WEST,York Street West,False,False,OPEN,2024-12-31 11:58:39,True,False,,,53.339334,-6.264699,40,0,0,0,0,0,0,40,0,0,0,0,0,0
13196,37,dublin,ST. STEPHEN'S GREEN SOUTH,St. Stephen's Green South,False,False,OPEN,2024-12-31 12:01:19,True,False,,,53.337494,-6.26199,30,6,24,2,4,0,4,30,6,24,2,4,0,4
13197,59,dublin,DENMARK STREET GREAT,Denmark Street Great,False,False,OPEN,2024-12-31 12:03:03,True,False,,,53.35561,-6.261397,20,2,18,1,1,0,1,20,2,18,1,1,0,1
13198,95,dublin,ROYAL HOSPITAL,Royal Hospital,False,False,OPEN,2024-12-31 12:05:23,True,False,,,53.343897,-6.29706,40,26,14,10,16,0,16,40,26,14,10,16,0,16
13199,94,dublin,HEUSTON STATION (CAR PARK),Heuston Station (Car Park),False,False,OPEN,2024-12-31 12:02:03,True,False,,,53.346985,-6.297804,40,9,31,9,0,0,0,40,9,31,9,0,0,0
13200,105,dublin,GRANGEGORMAN LOWER (NORTH),Grangegorman Lower (North),False,False,OPEN,2024-12-31 12:03:44,True,False,,,53.355954,-6.278378,36,13,23,7,6,0,6,36,13,23,7,6,0,6
13201,36,dublin,ST. STEPHEN'S GREEN EAST,St. Stephen's Green East,False,False,OPEN,2024-12-31 12:00:47,True,False,,,53.337824,-6.256035,40,24,16,19,5,0,5,40,24,16,19,5,0,5
13202,93,dublin,HEUSTON STATION (CENTRAL),Heuston Station (Central),False,False,OPEN,2024-12-31 12:01:57,True,False,,,53.346603,-6.296924,40,6,34,6,0,0,0,40,6,34,6,0,0,0
13203,22,dublin,TOWNSEND STREET,Townsend Street,False,False,OPEN,2024-12-31 12:01:48,True,False,,,53.345922,-6.254614,20,12,8,9,3,0,3,20,12,8,9,3,0,3
13204,50,dublin,GEORGES LANE,George's Lane,False,False,OPEN,2024-12-31 12:06:04,True,False,,,53.35023,-6.279696,40,12,28,9,3,0,3,40,12,28,9,3,0,3
13205,110,dublin,PHIBSBOROUGH ROAD,Phibsborough Road,False,False,OPEN,2024-12-31 12:03:18,True,False,,,53.356307,-6.273717,40,19,21,10,9,0,9,40,19,21,10,9,0,9
13206,12,dublin,ECCLES STREET,Eccles Street,False,False,OPEN,2024-12-31 12:00:58,True,False,,,53.359246,-6.269779,20,1,19,1,0,0,0,20,1,19,1,0,0,0
13207,34,dublin,PORTOBELLO HARBOUR,Portobello Harbour,False,False,OPEN,2024-12-31 12:01:37,True,False,,,53.330362,-6.265163,30,3,27,2,1,0,1,30,3,27,2,1,0,1
13208,78,dublin,MATER HOSPITAL,Mater Hospital,False,False,OPEN,2024-12-31 12:02:47,True,False,,,53.359967,-6.264828,40,15,24,11,4,0,4,40,15,24,11,4,0,4
13209,2,dublin,BLESSINGTON STREET,Blessington Street,False,False,OPEN,2024-12-31 12:00:24,True,False,,,53.356769,-6.26814,20,0,20,0,0,0,0,20,0,20,0,0,0,0
13210,75,dublin,JAMES STREET,James Street,False,False,OPEN,2024-12-31 12:04:11,True,False,,,53.343456,-6.287409,40,4,36,3,1,0,1,40,4,36,3,1,0,1
13211,111,dublin,MOUNTJOY SQUARE EAST,Mountjoy Square East,False,False,OPEN,2024-12-31 12:00:10,True,False,,,53.356717,-6.256359,40,4,36,0,4,0,4,40,4,36,0,4,0,4
13212,26,dublin,MERRION SQUARE WEST,Merrion Square West,False,False,OPEN,2024-12-31 12:00:11,True,False,,,53.339764,-6.251988,20,14,6,6,8,0,8,20,14,6,6,8,0,8
13213,65,dublin,CONVENTION CENTRE,Convention Centre,False,False,OPEN,2024-12-31 12:04:22,True,False,,,53.34744,-6.238523,40,1,39,1,0,0,0,40,1,39,1,0,0,0
13214,15,dublin,HARDWICKE STREET,Hardwicke Street,False,False,OPEN,2024-12-31 12:04:11,True,False,,,53.355473,-6.264423,16,0,16,0,0,0,0,16,0,16,0,0,0,0
13215,86,dublin,PARKGATE STREET,Parkgate Street,False,False,OPEN,2024-12-31 12:07:39,True,False,,,53.347972,-6.291804,38,16,22,3,13,0,13,38,16,22,3,13,0,13
13216,35,dublin,SMITHFIELD,Smithfield,False,False,OPEN,2024-12-31 12:04:33,True,False,,,53.347692,-6.278214,30,25,5,13,12,0,12,30,25,5,13,12,0,12
13217,10,dublin,DAME STREET,Dame Street,False,False,OPEN,2024-12-31 12:04:00,True,False,,,53.344007,-6.266802,16,5,11,4,1,0,1,16,5,11,4,1,0,1
13218,100,dublin,HEUSTON BRIDGE (SOUTH),Heuston Bridge (South),False,False,OPEN,2024-12-31 12:04:23,True,False,,,53.347106,-6.292041,25,19,6,8,11,0,11,25,19,6,8,11,0,11
13219,24,dublin,CATHAL BRUGHA STREET,Cathal Brugha Street,False,False,OPEN,2024-12-31 12:02:40,True,False,,,53.352149,-6.260533,20,13,7,8,5,0,5,20,13,7,8,5,0,5
13220,64,dublin,SANDWITH STREET,Sandwith Street,False,False,OPEN,2024-12-31 12:03:38,True,False,,,53.345203,-6.247163,40,19,21,14,5,0,5,40,19,21,14,5,0,5
13221,109,dublin,BUCKINGHAM STREET LOWER,Buckingham Street Lower,False,False,OPEN,2024-12-31 12:03:45,True,False,,,53.353331,-6.249319,29,8,21,4,4,0,4,29,8,21,4,4,0,4
13222,85,dublin,ROTHE ABBEY,Rothe Abbey,False,False,OPEN,2024-12-31 12:02:51,True,False,,,53.338776,-6.30395,35,33,2,17,16,0,16,35,33,2,17,16,0,16
13223,107,dublin,CHARLEVILLE ROAD,Charleville Road,False,False,OPEN,2024-12-31 12:02:16,True,False,,,53.359157,-6.281866,40,7,33,3,4,0,4,40,7,33,3,4,0,4
13224,33,dublin,PRINCES STREET / O'CONNELL STREET,Princes Street / O'Connell Street,False,False,OPEN,2024-12-31 12:02:38,True,False,,,53.349013,-6.260311,23,8,15,5,3,0,3,23,8,15,5,3,0,3
13225,44,dublin,UPPER SHERRARD STREET,Upper Sherrard Street,False,False,OPEN,2024-12-31 12:03:00,True,False,,,53.358437,-6.260641,30,6,24,2,4,0,4,30,6,24,2,4,0,4
13226,89,dublin,FITZWILLIAM SQUARE EAST,Fitzwilliam Square East,False,False,OPEN,2024-12-31 12:03:02,True,False,,,53.335211,-6.2509,40,18,22,10,8,0,8,40,18,22,10,8,0,8
13227,57,dublin,GRATTAN STREET,Grattan Street,False,False,OPEN,2024-12-31 12:02:08,True,False,,,53.339629,-6.243778,23,8,15,5,3,0,3,23,8,15,5,3,0,3
13228,80,dublin,ST JAMES HOSPITAL (LUAS),St James Hospital (Luas),False,False,OPEN,2024-12-31 12:03:20,True,False,,,53.341359,-6.292951,40,23,17,12,11,0,11,40,23,17,12,11,0,11
13229,41,dublin,HARCOURT TERRACE,Harcourt Terrace,False,False,OPEN,2024-12-31 12:01:07,True,False,,,53.332763,-6.257942,20,17,3,10,7,0,7,20,17,3,10,7,0,7
13230,3,dublin,BOLTON STREET,Bolton Street,False,False,OPEN,2024-12-31 12:02:39,True,False,,,53.351182,-6.269859,20,1,19,1,0,0,0,20,1,19,1,0,0,0
13231,40,dublin,JERVIS STREET,Jervis Street,False,False,OPEN,2024-12-31 12:03:16,True,False,,,53.3483,-6.266651,21,14,7,7,7,0,7,21,14,7,7,7,0,7
13232,29,dublin,ORMOND QUAY UPPER,Ormond Quay Upper,False,False,OPEN,2024-12-31 12:03:02,True,False,,,53.346057,-6.268001,29,10,19,5,5,0,5,29,10,19,5,5,0,5
13233,103,dublin,GRANGEGORMAN LOWER (SOUTH),Grangegorman Lower (South),False,False,OPEN,2024-12-31 12:02:02,True,False,,,53.354663,-6.278681,40,4,36,3,1,0,1,40,4,36,3,1,0,1
13234,28,dublin,MOUNTJOY SQUARE WEST,Mountjoy Square West,False,False,OPEN,2024-12-31 12:03:33,True,False,,,53.356299,-6.258586,30,11,19,3,8,0,8,30,11,19,3,8,0,8
13235,39,dublin,WILTON TERRACE,Wilton Terrace,False,False,OPEN,2024-12-31 12:04:18,True,False,,,53.332383,-6.252717,20,5,15,3,2,0,2,20,5,15,3,2,0,2
13236,83,dublin,EMMET ROAD,Emmet Road,False,False,OPEN,2024-12-31 12:03:42,True,False,,,53.340714,-6.308191,40,28,12,15,13,0,13,40,28,12,15,13,0,13
13237,92,dublin,HEUSTON BRIDGE (NORTH),Heuston Bridge (North),False,False,OPEN,2024-12-31 12:01:42,True,False,,,53.347802,-6.292432,40,30,10,19,11,0,11,40,30,10,19,11,0,11
13238,21,dublin,LEINSTER STREET SOUTH,Leinster Street South,False,False,OPEN,2024-12-31 12:00:11,True,False,,,53.34218,-6.254485,30,10,20,9,1,0,1,30,10,20,9,1,0,1
13239,88,dublin,BLACKHALL PLACE,Blackhall Place,False,False,OPEN,2024-12-31 12:01:36,True,False,,,53.3488,-6.281637,30,0,30,0,0,0,0,30,0,30,0,0,0,0
13240,42,dublin,SMITHFIELD NORTH,Smithfield North,False,False,OPEN,2024-12-31 12:34:04,True,False,,,53.349562,-6.278198,30,17,13,12,5,0,5,30,17,13,12,5,0,5
13241,30,dublin,PARNELL SQUARE NORTH,Parnell Square North,False,False,OPEN,2024-12-31 12:37:20,True,False,,,53.3537415547453,-6.26530144781526,20,0,20,0,0,0,0,20,0,20,0,0,0,0
13242,54,dublin,CLONMEL STREET,Clonmel Street,False,False,OPEN,2024-12-31 12:33:18,True,False,,,53.336021,-6.26298,33,16,17,8,8,0,8,33,16,17,8,8,0,8
13243,108,dublin,AVONDALE ROAD,Avondale Road,False,False,OPEN,2024-12-31 12:31:36,True,False,,,53.359405,-6.276142,35,14,21,9,5,0,5,35,14,21,9,5,0,5
13244,20,dublin,JAMES STREET EAST,James Street East,False,False,OPEN,2024-12-31 12:34:16,True,False,,,53.336597,-6.248109,30,3,27,1,2,0,2,30,3,27,1,2,0,2
13245,56,dublin,MOUNT STREET LOWER,Mount Street Lower,False,False,OPEN,2024-12-31 12:29:46,True,False,,,53.33796,-6.24153,40,22,18,14,8,0,8,40,22,18,14,8,0,8
13246,6,dublin,CHRISTCHURCH PLACE,Christchurch Place,False,False,OPEN,2024-12-31 12:31:32,True,False,,,53.343368,-6.27012,20,14,6,4,10,0,10,20,14,6,4,10,0,10
13247,18,dublin,GRANTHAM STREET,Grantham Street,False,False,OPEN,2024-12-31 12:32:41,True,False,,,53.334123,-6.265436,30,1,29,0,1,0,1,30,1,29,0,1,0,1
13248,32,dublin,PEARSE STREET,Pearse Street,False,False,OPEN,2024-12-31 12:30:21,True,False,,,53.344304,-6.250427,30,12,18,7,5,0,5,30,12,18,7,5,0,5
13249,52,dublin,YORK STREET EAST,York Street East,False,False,OPEN,2024-12-31 12:30:56,True,False,,,53.338755,-6.262003,32,20,12,11,9,0,9,32,20,12,11,9,0,9
13250,48,dublin,EXCISE WALK,Excise Walk,False,False,OPEN,2024-12-31 12:31:26,True,False,,,53.347777,-6.244239,40,7,33,7,0,0,0,40,7,33,7,0,0,0
13251,13,dublin,FITZWILLIAM SQUARE WEST,Fitzwilliam Square West,False,False,OPEN,2024-12-31 12:33:26,True,False,,,53.336074,-6.252825,30,25,5,11,14,0,14,30,25,5,11,14,0,14
13252,43,dublin,PORTOBELLO ROAD,Portobello Road,False,False,OPEN,2024-12-31 12:32:09,True,False,,,53.330091,-6.268044,30,20,10,12,8,0,8,30,20,10,12,8,0,8
13253,31,dublin,PARNELL STREET,Parnell Street,False,False,OPEN,2024-12-31 12:30:10,True,False,,,53.350929,-6.265125,20,13,7,7,6,0,6,20,13,7,7,6,0,6
13254,98,dublin,FREDERICK STREET SOUTH,Frederick Street South,False,False,OPEN,2024-12-31 12:31:33,True,False,,,53.341515,-6.256853,40,20,20,16,4,0,4,40,20,20,16,4,0,4
13255,14,dublin,FOWNES STREET UPPER,Fownes Street Upper,False,False,OPEN,2024-12-31 12:33:45,True,False,,,53.344603,-6.263371,30,4,26,4,0,0,0,30,4,26,4,0,0,0
13256,1,dublin,CLARENDON ROW,Clarendon Row,False,False,OPEN,2024-12-31 12:30:45,True,False,,,53.340927,-6.262501,31,8,23,3,5,0,5,31,8,23,3,5,0,5
13257,23,dublin,CUSTOM HOUSE,Custom House,False,False,OPEN,2024-12-31 12:32:27,True,False,,,53.348279,-6.254662,30,3,27,3,0,0,0,30,3,27,3,0,0,0
13258,106,dublin,RATHDOWN ROAD,Rathdown Road,False,False,OPEN,2024-12-31 12:29:48,True,False,,,53.35893,-6.280337,40,3,37,3,0,0,0,40,3,37,3,0,0,0
13259,112,dublin,NORTH CIRCULAR ROAD (O'CONNELL'S),North Circular Road (O'Connell's),False,False,OPEN,2024-12-31 12:37:06,True,False,,,53.357841,-6.251557,30,13,17,7,6,0,6,30,13,17,7,6,0,6
13260,68,dublin,HANOVER QUAY,Hanover Quay,False,False,OPEN,2024-12-31 12:31:34,True,False,,,53.344115,-6.237153,40,36,4,22,14,0,14,40,36,4,22,14,0,14
13261,74,dublin,OLIVER BOND STREET,Oliver Bond Street,False,False,OPEN,2024-12-31 12:32:54,True,False,,,53.343893,-6.280531,30,12,18,5,7,0,7,30,12,18,5,7,0,7
13262,87,dublin,COLLINS BARRACKS MUSEUM,Collins Barracks Museum,False,False,OPEN,2024-12-31 12:35:17,True,False,,,53.347477,-6.28525,38,19,19,11,8,0,8,38,19,19,11,8,0,8
13263,84,dublin,BROOKFIELD ROAD,Brookfield Road,False,False,OPEN,2024-12-31 12:36:05,True,False,,,53.339005,-6.300217,30,11,19,5,6,0,6,30,11,19,5,6,0,6
13264,90,dublin,BENSON STREET,Benson Street,False,False,OPEN,2024-12-31 12:28:15,True,False,,,53.344153,-6.233451,40,0,40,0,0,0,0,40,0,40,0,0,0,0
13265,11,dublin,EARLSFORT TERRACE,Earlsfort Terrace,False,False,OPEN,2024-12-31 12:30:28,True,False,,,53.334295,-6.258503,30,23,7,18,5,0,5,30,23,7,18,5,0,5
13266,17,dublin,GOLDEN LANE,Golden Lane,False,False,OPEN,2024-12-31 12:33:10,True,False,,,53.340803,-6.267732,20,6,14,4,2,0,2,20,6,14,4,2,0,2
13267,45,dublin,DEVERELL PLACE,Deverell Place,False,False,OPEN,2024-12-31 12:33:13,True,False,,,53.351464,-6.255265,30,4,26,2,2,0,2,30,4,26,2,2,0,2
13268,114,dublin,WILTON TERRACE (PARK),Wilton Terrace (Park),False,False,OPEN,2024-12-31 12:34:00,True,False,,,53.333653,-6.248345,40,8,32,7,1,0,1,40,8,32,7,1,0,1
13269,72,dublin,JOHN STREET WEST,John Street West,False,False,OPEN,2024-12-31 12:31:21,True,False,,,53.343105,-6.277167,31,4,27,2,2,0,2,31,4,27,2,2,0,2
13270,63,dublin,FENIAN STREET,Fenian Street,False,False,OPEN,2024-12-31 12:33:31,True,False,,,53.341428,-6.24672,35,15,20,5,10,0,10,35,15,20,5,10,0,10
13271,113,dublin,MERRION SQUARE SOUTH,Merrion Square South,False,False,OPEN,2024-12-31 12:36:32,True,False,,,53.338614,-6.248606,40,6,23,5,1,0,1,40,6,23,5,1,0,1
13272,91,dublin,SOUTH DOCK ROAD,South Dock Road,False,False,OPEN,2024-12-31 12:31:33,True,False,,,53.341833,-6.231291,30,17,13,10,7,0,7,30,17,13,10,7,0,7
13273,99,dublin,CITY QUAY,City Quay,False,False,OPEN,2024-12-31 12:32:52,True,False,,,53.346637,-6.246154,30,16,14,6,10,0,10,30,16,14,6,10,0,10
13274,9,dublin,EXCHEQUER STREET,Exchequer Street,False,False,OPEN,2024-12-31 12:33:20,True,False,,,53.343034,-6.263578,24,11,13,6,5,0,5,24,11,13,6,5,0,5
13275,67,dublin,THE POINT,The Point,False,False,OPEN,2024-12-31 12:31:30,True,False,,,53.346867,-6.230852,40,21,19,15,6,0,6,40,21,19,15,6,0,6
13276,116,dublin,BROADSTONE,Broadstone,False,False,OPEN,2024-12-31 12:37:02,True,False,,,53.3547,-6.272314,30,16,14,9,7,0,7,30,16,14,9,7,0,7
13277,55,dublin,HATCH STREET,Hatch Street,False,False,OPEN,2024-12-31 12:33:50,True,False,,,53.33403,-6.260714,36,8,28,6,2,0,2,36,8,28,6,2,0,2
13278,62,dublin,LIME STREET,Lime Street,False,False,OPEN,2024-12-31 12:30:13,True,False,,,53.346026,-6.243576,40,16,24,6,10,0,10,40,16,24,6,10,0,10
13279,5,dublin,CHARLEMONT PLACE,Charlemont Street,False,False,OPEN,2024-12-31 12:34:08,True,False,,,53.330662,-6.260177,40,13,27,10,3,0,3,40,13,27,10,3,0,3
13280,97,dublin,KILMAINHAM GAOL,Kilmainham Gaol,False,False,OPEN,2024-12-31 12:31:08,True,False,,,53.342113,-6.310015,40,24,16,13,11,0,11,40,24,16,13,11,0,11
13281,61,dublin,HARDWICKE PLACE,Hardwicke Place,False,False,OPEN,2024-12-31 12:30:07,True,False,,,53.357043,-6.263232,25,0,25,0,0,0,0,25,0,25,0,0,0,0
13282,77,dublin,WOLFE TONE STREET,Wolfe Tone Street,False,False,OPEN,2024-12-31 12:31:12,True,False,,,53.348875,-6.267459,29,10,19,6,4,0,4,29,10,19,6,4,0,4
13283,73,dublin,FRANCIS STREET,Francis Street,False,False,OPEN,2024-12-31 12:32:36,True,False,,,53.342081,-6.275233,30,1,29,1,0,0,0,30,1,29,1,0,0,0
13284,4,dublin,GREEK STREET,Greek Street,False,False,OPEN,2024-12-31 12:33:17,True,False,,,53.346874,-6.272976,20,15,5,3,12,0,12,20,15,5,3,12,0,12
13285,49,dublin,GUILD STREET,Guild Street,False,False,OPEN,2024-12-31 12:33:09,True,False,,,53.347932,-6.240928,40,17,23,10,7,0,7,40,17,23,10,7,0,7
13286,19,dublin,HERBERT PLACE,Herbert Place,False,False,OPEN,2024-12-31 12:33:34,True,False,,,53.334432,-6.245575,30,5,25,4,1,0,1,30,5,25,4,1,0,1
13287,7,dublin,HIGH STREET,High Street,False,False,OPEN,2024-12-31 12:31:40,True,False,,,53.343565,-6.275071,29,4,25,2,2,0,2,29,4,25,2,2,0,2
13288,60,dublin,NORTH CIRCULAR ROAD,North Circular Road,False,False,OPEN,2024-12-31 12:33:52,True,False,,,53.359624,-6.260348,30,20,10,13,7,0,7,30,20,10,13,7,0,7
13289,102,dublin,WESTERN WAY,Western Way,False,False,OPEN,2024-12-31 12:30:28,True,False,,,53.354929,-6.269425,40,11,29,10,1,0,1,40,11,29,10,1,0,1
13290,38,dublin,TALBOT STREET,Talbot Street,False,False,OPEN,2024-12-31 12:36:35,True,False,,,53.350974,-6.25294,40,37,3,26,11,0,11,40,37,3,26,11,0,11
13291,53,dublin,NEWMAN HOUSE,Newman House,False,False,OPEN,2024-12-31 12:32:18,True,False,,,53.337132,-6.26059,40,14,26,12,2,0,2,40,14,26,12,2,0,2
13292,58,dublin,SIR PATRICK DUN'S,Sir Patrick's Dun,False,False,OPEN,2024-12-31 12:34:10,True,False,,,53.339218,-6.240642,40,4,36,3,1,0,1,40,4,36,3,1,0,1
13293,66,dublin,NEW CENTRAL BANK,New Central Bank,False,False,OPEN,2024-12-31 12:29:33,True,False,,,53.347122,-6.234749,40,15,25,10,5,0,5,40,15,25,10,5,0,5
13294,104,dublin,GRANGEGORMAN LOWER (CENTRAL),Grangegorman Lower (Central),False,False,OPEN,2024-12-31 12:34:25,True,False,,,53.355173,-6.278424,40,19,21,10,9,0,9,40,19,21,10,9,0,9
13295,101,dublin,KING STREET NORTH,King Street North,False,False,OPEN,2024-12-31 12:30:41,True,False,,,53.350291,-6.273507,30,1,29,0,1,0,1,30,1,29,0,1,0,1
13296,115,dublin,KILLARNEY STREET,Killarney Street,False,False,OPEN,2024-12-31 12:33:23,True,False,,,53.354845,-6.247579,30,22,8,11,11,0,11,30,22,8,11,11,0,11
13297,47,dublin,HERBERT STREET,Herbert Street,False,False,OPEN,2024-12-31 12:30:45,True,False,,,53.335742,-6.24551,40,1,39,0,1,0,1,40,1,39,0,1,0,1
13298,117,dublin,HANOVER QUAY EAST,Hanover Quay East,False,False,OPEN,2024-12-31 12:30:01,True,False,,,53.343653,-6.231755,40,8,32,5,3,0,3,40,8,32,5,3,0,3
13299,8,dublin,CUSTOM HOUSE QUAY,Custom House Quay,False,False,OPEN,2024-12-31 12:36:22,True,False,,,53.347884,-6.248048,30,12,18,10,2,0,2,30,12,18,10,2,0,2
13300,27,dublin,MOLESWORTH STREET,Molesworth Street,False,False,OPEN,2024-12-31 12:30:23,True,False,,,53.341288,-6.258117,20,15,5,2,13,0,13,20,15,5,2,13,0,13
13301,16,dublin,GEORGES QUAY,Georges Quay,False,False,OPEN,2024-12-31 12:31:02,True,False,,,53.347508,-6.252192,20,4,16,3,1,0,1,20,4,16,3,1,0,1
13302,96,dublin,KILMAINHAM LANE,Kilmainham Lane,False,False,OPEN,2024-12-31 12:29:25,True,False,,,53.341805,-6.305085,30,18,12,11,7,0,7,30,18,12,11,7,0,7
13303,82,dublin,MOUNT BROWN,Mount Brown,False,False,OPEN,2024-12-31 12:31:54,True,False,,,53.341645,-6.29719,22,8,14,2,6,0,6,22,8,14,2,6,0,6
13304,76,dublin,MARKET STREET SOUTH,Market Street South,False,False,OPEN,2024-12-31 12:31:08,True,False,,,53.342296,-6.287661,38,5,33,3,2,0,2,38,5,33,3,2,0,2
13305,71,dublin,KEVIN STREET,Kevin Street,False,False,OPEN,2024-12-31 12:31:25,True,False,,,53.337757,-6.267699,40,27,13,21,6,0,6,40,27,13,21,6,0,6
13306,79,dublin,ECCLES STREET EAST,Eccles Street East,False,False,OPEN,2024-12-31 12:34:13,True,False,,,53.358115,-6.265601,27,6,21,5,1,0,1,27,6,21,5,1,0,1
13307,69,dublin,GRAND CANAL DOCK,Grand Canal Dock,False,False,OPEN,2024-12-31 12:33:53,True,False,,,53.342638,-6.238695,40,38,2,28,10,0,10,40,38,2,28,10,0,10
13308,25,dublin,MERRION SQUARE EAST,Merrion Square East,False,False,OPEN,2024-12-31 12:34:23,True,False,,,53.339434,-6.246548,30,8,22,2,6,0,6,30,8,22,2,6,0,6
13309,51,dublin,YORK STREET WEST,York Street West,False,False,OPEN,2024-12-31 12:28:49,True,False,,,53.339334,-6.264699,40,0,0,0,0,0,0,40,0,0,0,0,0,0
13310,37,dublin,ST. STEPHEN'S GREEN SOUTH,St. Stephen's Green South,False,False,OPEN,2024-12-31 12:31:36,True,False,,,53.337494,-6.26199,30,6,24,2,4,0,4,30,6,24,2,4,0,4
13311,59,dublin,DENMARK STREET GREAT,Denmark Street Great,False,False,OPEN,2024-12-31 12:33:17,True,False,,,53.35561,-6.261397,20,1,19,1,0,0,0,20,1,19,1,0,0,0
13312,95,dublin,ROYAL HOSPITAL,Royal Hospital,False,False,OPEN,2024-12-31 12:35:39,True,False,,,53.343897,-6.29706,40,26,14,10,16,0,16,40,26,14,10,16,0,16
13313,94,dublin,HEUSTON STATION (CAR PARK),Heuston Station (Car Park),False,False,OPEN,2024-12-31 12:32:16,True,False,,,53.346985,-6.297804,40,9,31,9,0,0,0,40,9,31,9,0,0,0
13314,105,dublin,GRANGEGORMAN LOWER (NORTH),Grangegorman Lower (North),False,False,OPEN,2024-12-31 12:33:56,True,False,,,53.355954,-6.278378,36,13,23,7,6,0,6,36,13,23,7,6,0,6
13315,36,dublin,ST. STEPHEN'S GREEN EAST,St. Stephen's Green East,False,False,OPEN,2024-12-31 12:31:07,True,False,,,53.337824,-6.256035,40,23,17,18,5,0,5,40,23,17,18,5,0,5
13316,93,dublin,HEUSTON STATION (CENTRAL),Heuston Station (Central),False,False,OPEN,2024-12-31 12:32:10,True,False,,,53.346603,-6.296924,40,6,34,6,0,0,0,40,6,34,6,0,0,0
13317,22,dublin,TOWNSEND STREET,Townsend Street,False,False,OPEN,2024-12-31 12:32:05,True,False,,,53.345922,-6.254614,20,13,7,10,3,0,3,20,13,7,10,3,0,3
13318,50,dublin,GEORGES LANE,George's Lane,False,False,OPEN,2024-12-31 12:36:18,True,False,,,53.35023,-6.279696,40,12,28,9,3,0,3,40,12,28,9,3,0,3
13319,110,dublin,PHIBSBOROUGH ROAD,Phibsborough Road,False,False,OPEN,2024-12-31 12:33:29,True,False,,,53.356307,-6.273717,40,19,21,10,9,0,9,40,19,21,10,9,0,9
13320,12,dublin,ECCLES STREET,Eccles Street,False,False,OPEN,2024-12-31 12:31:10,True,False,,,53.359246,-6.269779,20,1,19,1,0,0,0,20,1,19,1,0,0,0
13321,34,dublin,PORTOBELLO HARBOUR,Portobello Harbour,False,False,OPEN,2024-12-31 12:31:49,True,False,,,53.330362,-6.265163,30,3,27,2,1,0,1,30,3,27,2,1,0,1
13322,78,dublin,MATER HOSPITAL,Mater Hospital,False,False,OPEN,2024-12-31 12:33:03,True,False,,,53.359967,-6.264828,40,15,24,11,4,0,4,40,15,24,11,4,0,4
13323,2,dublin,BLESSINGTON STREET,Blessington Street,False,False,OPEN,2024-12-31 12:30:35,True,False,,,53.356769,-6.26814,20,0,20,0,0,0,0,20,0,20,0,0,0,0
13324,75,dublin,JAMES STREET,James Street,False,False,OPEN,2024-12-31 12:34:35,True,False,,,53.343456,-6.287409,40,22,18,14,8,0,8,40,22,18,14,8,0,8
13325,111,dublin,MOUNTJOY SQUARE EAST,Mountjoy Square East,False,False,OPEN,2024-12-31 12:30:26,True,False,,,53.356717,-6.256359,40,3,37,0,3,0,3,40,3,37,0,3,0,3
13326,26,dublin,MERRION SQUARE WEST,Merrion Square West,False,False,OPEN,2024-12-31 12:30:23,True,False,,,53.339764,-6.251988,20,14,6,6,8,0,8,20,14,6,6,8,0,8
13327,65,dublin,CONVENTION CENTRE,Convention Centre,False,False,OPEN,2024-12-31 12:34:38,True,False,,,53.34744,-6.238523,40,1,39,1,0,0,0,40,1,39,1,0,0,0
13328,15,dublin,HARDWICKE STREET,Hardwicke Street,False,False,OPEN,2024-12-31 12:34:27,True,False,,,53.355473,-6.264423,16,0,16,0,0,0,0,16,0,16,0,0,0,0
13329,86,dublin,PARKGATE STREET,Parkgate Street,False,False,OPEN,2024-12-31 12:36:47,True,False,,,53.347972,-6.291804,38,16,22,3,13,0,13,38,16,22,3,13,0,13
13330,35,dublin,SMITHFIELD,Smithfield,False,False,OPEN,2024-12-31 12:34:45,True,False,,,53.347692,-6.278214,30,25,5,13,12,0,12,30,25,5,13,12,0,12
13331,10,dublin,DAME STREET,Dame Street,False,False,OPEN,2024-12-31 12:34:10,True,False,,,53.344007,-6.266802,16,5,11,4,1,0,1,16,5,11,4,1,0,1
13332,100,dublin,HEUSTON BRIDGE (SOUTH),Heuston Bridge (South),False,False,OPEN,2024-12-31 12:36:54,True,False,,,53.347106,-6.292041,25,19,6,8,11,0,11,25,19,6,8,11,0,11
13333,24,dublin,CATHAL BRUGHA STREET,Cathal Brugha Street,False,False,OPEN,2024-12-31 12:32:53,True,False,,,53.352149,-6.260533,20,14,6,9,5,0,5,20,14,6,9,5,0,5
13334,64,dublin,SANDWITH STREET,Sandwith Street,False,False,OPEN,2024-12-31 12:33:55,True,False,,,53.345203,-6.247163,40,20,20,14,6,0,6,40,20,20,14,6,0,6
13335,109,dublin,BUCKINGHAM STREET LOWER,Buckingham Street Lower,False,False,OPEN,2024-12-31 12:32:04,True,False,,,53.353331,-6.249319,29,7,22,3,4,0,4,29,7,22,3,4,0,4
13336,85,dublin,ROTHE ABBEY,Rothe Abbey,False,False,OPEN,2024-12-31 12:33:02,True,False,,,53.338776,-6.30395,35,33,2,17,16,0,16,35,33,2,17,16,0,16
13337,107,dublin,CHARLEVILLE ROAD,Charleville Road,False,False,OPEN,2024-12-31 12:32:33,True,False,,,53.359157,-6.281866,40,6,34,3,3,0,3,40,6,34,3,3,0,3
13338,33,dublin,PRINCES STREET / O'CONNELL STREET,Princes Street / O'Connell Street,False,False,OPEN,2024-12-31 12:32:54,True,False,,,53.349013,-6.260311,23,8,15,5,3,0,3,23,8,15,5,3,0,3
13339,44,dublin,UPPER SHERRARD STREET,Upper Sherrard Street,False,False,OPEN,2024-12-31 12:36:09,True,False,,,53.358437,-6.260641,30,6,24,2,4,0,4,30,6,24,2,4,0,4
13340,89,dublin,FITZWILLIAM SQUARE EAST,Fitzwilliam Square East,False,False,OPEN,2024-12-31 12:33:17,True,False,,,53.335211,-6.2509,40,18,22,10,8,0,8,40,18,22,10,8,0,8
13341,57,dublin,GRATTAN STREET,Grattan Street,False,False,OPEN,2024-12-31 12:32:24,True,False,,,53.339629,-6.243778,23,8,15,5,3,0,3,23,8,15,5,3,0,3
13342,80,dublin,ST JAMES HOSPITAL (LUAS),St James Hospital (Luas),False,False,OPEN,2024-12-31 12:33:33,True,False,,,53.341359,-6.292951,40,23,17,12,11,0,11,40,23,17,12,11,0,11
13343,41,dublin,HARCOURT TERRACE,Harcourt Terrace,False,False,OPEN,2024-12-31 12:31:23,True,False,,,53.332763,-6.257942,20,17,3,10,7,0,7,20,17,3,10,7,0,7
13344,3,dublin,BOLTON STREET,Bolton Street,False,False,OPEN,2024-12-31 12:32:51,True,False,,,53.351182,-6.269859,20,1,19,1,0,0,0,20,1,19,1,0,0,0
13345,40,dublin,JERVIS STREET,Jervis Street,False,False,OPEN,2024-12-31 12:34:37,True,False,,,53.3483,-6.266651,21,15,6,8,7,0,7,21,15,6,8,7,0,7
13346,29,dublin,ORMOND QUAY UPPER,Ormond Quay Upper,False,False,OPEN,2024-12-31 12:33:14,True,False,,,53.346057,-6.268001,29,10,19,5,5,0,5,29,10,19,5,5,0,5
13347,103,dublin,GRANGEGORMAN LOWER (SOUTH),Grangegorman Lower (South),False,False,OPEN,2024-12-31 12:32:15,True,False,,,53.354663,-6.278681,40,4,36,3,1,0,1,40,4,36,3,1,0,1
13348,28,dublin,MOUNTJOY SQUARE WEST,Mountjoy Square West,False,False,OPEN,2024-12-31 12:33:50,True,False,,,53.356299,-6.258586,30,10,20,2,8,0,8,30,10,20,2,8,0,8
13349,39,dublin,WILTON TERRACE,Wilton Terrace,False,False,OPEN,2024-12-31 12:34:34,True,False,,,53.332383,-6.252717,20,5,15,3,2,0,2,20,5,15,3,2,0,2
13350,83,dublin,EMMET ROAD,Emmet Road,False,False,OPEN,2024-12-31 12:33:59,True,False,,,53.340714,-6.308191,40,28,12,15,13,0,13,40,28,12,15,13,0,13
13351,92,dublin,HEUSTON BRIDGE (NORTH),Heuston Bridge (North),False,False,OPEN,2024-12-31 12:31:59,True,False,,,53.347802,-6.292432,40,31,9,19,12,0,12,40,31,9,19,12,0,12
13352,21,dublin,LEINSTER STREET SOUTH,Leinster Street South,False,False,OPEN,2024-12-31 12:30:27,True,False,,,53.34218,-6.254485,30,10,20,9,1,0,1,30,10,20,9,1,0,1
13353,88,dublin,BLACKHALL PLACE,Blackhall Place,False,False,OPEN,2024-12-31 12:31:50,True,False,,,53.3488,-6.281637,30,0,30,0,0,0,0,30,0,30,0,0,0,0
13354,42,dublin,SMITHFIELD NORTH,Smithfield North,False,False,OPEN,2024-12-31 13:04:17,True,False,,,53.349562,-6.278198,30,18,12,13,5,0,5,30,18,12,13,5,0,5
13355,30,dublin,PARNELL SQUARE NORTH,Parnell Square North,False,False,OPEN,2024-12-31 13:07:35,True,False,,,53.3537415547453,-6.26530144781526,20,0,20,0,0,0,0,20,0,20,0,0,0,0
13356,54,dublin,CLONMEL STREET,Clonmel Street,False,False,OPEN,2024-12-31 13:03:30,True,False,,,53.336021,-6.26298,33,16,17,8,8,0,8,33,16,17,8,8,0,8
13357,108,dublin,AVONDALE ROAD,Avondale Road,False,False,OPEN,2024-12-31 13:01:47,True,False,,,53.359405,-6.276142,35,14,21,9,5,0,5,35,14,21,9,5,0,5
13358,20,dublin,JAMES STREET EAST,James Street East,False,False,OPEN,2024-12-31 13:04:28,True,False,,,53.336597,-6.248109,30,3,27,1,2,0,2,30,3,27,1,2,0,2
13359,56,dublin,MOUNT STREET LOWER,Mount Street Lower,False,False,OPEN,2024-12-31 12:59:57,True,False,,,53.33796,-6.24153,40,22,18,14,8,0,8,40,22,18,14,8,0,8
13360,6,dublin,CHRISTCHURCH PLACE,Christchurch Place,False,False,OPEN,2024-12-31 13:01:55,True,False,,,53.343368,-6.27012,20,10,10,4,6,0,6,20,10,10,4,6,0,6
13361,18,dublin,GRANTHAM STREET,Grantham Street,False,False,OPEN,2024-12-31 13:02:53,True,False,,,53.334123,-6.265436,30,1,29,0,1,0,1,30,1,29,0,1,0,1
13362,32,dublin,PEARSE STREET,Pearse Street,False,False,OPEN,2024-12-31 13:00:34,True,False,,,53.344304,-6.250427,30,12,18,7,5,0,5,30,12,18,7,5,0,5
13363,52,dublin,YORK STREET EAST,York Street East,False,False,OPEN,2024-12-31 13:01:17,True,False,,,53.338755,-6.262003,32,16,16,8,8,0,8,32,16,16,8,8,0,8
13364,48,dublin,EXCISE WALK,Excise Walk,False,False,OPEN,2024-12-31 13:01:38,True,False,,,53.347777,-6.244239,40,7,33,7,0,0,0,40,7,33,7,0,0,0
13365,13,dublin,FITZWILLIAM SQUARE WEST,Fitzwilliam Square West,False,False,OPEN,2024-12-31 13:06:12,True,False,,,53.336074,-6.252825,30,25,5,11,14,0,14,30,25,5,11,14,0,14
13366,43,dublin,PORTOBELLO ROAD,Portobello Road,False,False,OPEN,2024-12-31 13:02:22,True,False,,,53.330091,-6.268044,30,19,11,11,8,0,8,30,19,11,11,8,0,8
13367,31,dublin,PARNELL STREET,Parnell Street,False,False,OPEN,2024-12-31 13:00:25,True,False,,,53.350929,-6.265125,20,16,4,7,9,0,9,20,16,4,7,9,0,9
13368,98,dublin,FREDERICK STREET SOUTH,Frederick Street South,False,False,OPEN,2024-12-31 13:01:44,True,False,,,53.341515,-6.256853,40,20,20,16,4,0,4,40,20,20,16,4,0,4
13369,14,dublin,FOWNES STREET UPPER,Fownes Street Upper,False,False,OPEN,2024-12-31 13:03:58,True,False,,,53.344603,-6.263371,30,5,25,5,0,0,0,30,5,25,5,0,0,0
13370,1,dublin,CLARENDON ROW,Clarendon Row,False,False,OPEN,2024-12-31 13:00:57,True,False,,,53.340927,-6.262501,31,8,23,3,5,0,5,31,8,23,3,5,0,5
13371,23,dublin,CUSTOM HOUSE,Custom House,False,False,OPEN,2024-12-31 13:02:39,True,False,,,53.348279,-6.254662,30,3,27,3,0,0,0,30,3,27,3,0,0,0
13372,106,dublin,RATHDOWN ROAD,Rathdown Road,False,False,OPEN,2024-12-31 13:00:02,True,False,,,53.35893,-6.280337,40,3,37,3,0,0,0,40,3,37,3,0,0,0
13373,112,dublin,NORTH CIRCULAR ROAD (O'CONNELL'S),North Circular Road (O'Connell's),False,False,OPEN,2024-12-31 13:01:27,True,False,,,53.357841,-6.251557,30,14,16,8,6,0,6,30,14,16,8,6,0,6
13374,68,dublin,HANOVER QUAY,Hanover Quay,False,False,OPEN,2024-12-31 13:01:50,True,False,,,53.344115,-6.237153,40,36,4,22,14,0,14,40,36,4,22,14,0,14
13375,74,dublin,OLIVER BOND STREET,Oliver Bond Street,False,False,OPEN,2024-12-31 13:03:07,True,False,,,53.343893,-6.280531,30,12,18,5,7,0,7,30,12,18,5,7,0,7
13376,87,dublin,COLLINS BARRACKS MUSEUM,Collins Barracks Museum,False,False,OPEN,2024-12-31 13:05:33,True,False,,,53.347477,-6.28525,38,19,19,11,8,0,8,38,19,19,11,8,0,8
13377,84,dublin,BROOKFIELD ROAD,Brookfield Road,False,False,OPEN,2024-12-31 13:06:18,True,False,,,53.339005,-6.300217,30,10,20,5,5,0,5,30,10,20,5,5,0,5
13378,90,dublin,BENSON STREET,Benson Street,False,False,OPEN,2024-12-31 12:58:31,True,False,,,53.344153,-6.233451,40,0,40,0,0,0,0,40,0,40,0,0,0,0
13379,11,dublin,EARLSFORT TERRACE,Earlsfort Terrace,False,False,OPEN,2024-12-31 13:00:44,True,False,,,53.334295,-6.258503,30,23,7,18,5,0,5,30,23,7,18,5,0,5
13380,17,dublin,GOLDEN LANE,Golden Lane,False,False,OPEN,2024-12-31 13:03:23,True,False,,,53.340803,-6.267732,20,6,14,4,2,0,2,20,6,14,4,2,0,2
13381,45,dublin,DEVERELL PLACE,Deverell Place,False,False,OPEN,2024-12-31 13:03:27,True,False,,,53.351464,-6.255265,30,3,27,2,1,0,1,30,3,27,2,1,0,1
13382,114,dublin,WILTON TERRACE (PARK),Wilton Terrace (Park),False,False,OPEN,2024-12-31 13:04:17,True,False,,,53.333653,-6.248345,40,8,32,7,1,0,1,40,8,32,7,1,0,1
13383,72,dublin,JOHN STREET WEST,John Street West,False,False,OPEN,2024-12-31 13:01:33,True,False,,,53.343105,-6.277167,31,4,27,2,2,0,2,31,4,27,2,2,0,2
13384,63,dublin,FENIAN STREET,Fenian Street,False,False,OPEN,2024-12-31 13:03:46,True,False,,,53.341428,-6.24672,35,15,20,5,10,0,10,35,15,20,5,10,0,10
13385,113,dublin,MERRION SQUARE SOUTH,Merrion Square South,False,False,OPEN,2024-12-31 13:06:44,True,False,,,53.338614,-6.248606,40,6,23,5,1,0,1,40,6,23,5,1,0,1
13386,91,dublin,SOUTH DOCK ROAD,South Dock Road,False,False,OPEN,2024-12-31 13:01:48,True,False,,,53.341833,-6.231291,30,17,13,10,7,0,7,30,17,13,10,7,0,7
13387,99,dublin,CITY QUAY,City Quay,False,False,OPEN,2024-12-31 13:03:04,True,False,,,53.346637,-6.246154,30,16,14,6,10,0,10,30,16,14,6,10,0,10
13388,9,dublin,EXCHEQUER STREET,Exchequer Street,False,False,OPEN,2024-12-31 13:05:54,True,False,,,53.343034,-6.263578,24,11,13,6,5,0,5,24,11,13,6,5,0,5
13389,67,dublin,THE POINT,The Point,False,False,OPEN,2024-12-31 13:01:44,True,False,,,53.346867,-6.230852,40,23,17,17,6,0,6,40,23,17,17,6,0,6
13390,116,dublin,BROADSTONE,Broadstone,False,False,OPEN,2024-12-31 13:01:46,True,False,,,53.3547,-6.272314,30,16,14,9,7,0,7,30,16,14,9,7,0,7
13391,55,dublin,HATCH STREET,Hatch Street,False,False,OPEN,2024-12-31 13:04:02,True,False,,,53.33403,-6.260714,36,8,28,6,2,0,2,36,8,28,6,2,0,2
13392,62,dublin,LIME STREET,Lime Street,False,False,OPEN,2024-12-31 13:00:25,True,False,,,53.346026,-6.243576,40,17,23,6,11,0,11,40,17,23,6,11,0,11
13393,5,dublin,CHARLEMONT PLACE,Charlemont Street,False,False,OPEN,2024-12-31 13:04:20,True,False,,,53.330662,-6.260177,40,13,27,10,3,0,3,40,13,27,10,3,0,3
13394,97,dublin,KILMAINHAM GAOL,Kilmainham Gaol,False,False,OPEN,2024-12-31 13:01:20,True,False,,,53.342113,-6.310015,40,24,16,13,11,0,11,40,24,16,13,11,0,11
13395,61,dublin,HARDWICKE PLACE,Hardwicke Place,False,False,OPEN,2024-12-31 13:00:20,True,False,,,53.357043,-6.263232,25,0,25,0,0,0,0,25,0,25,0,0,0,0
13396,77,dublin,WOLFE TONE STREET,Wolfe Tone Street,False,False,OPEN,2024-12-31 13:06:01,True,False,,,53.348875,-6.267459,29,11,18,6,5,0,5,29,11,18,6,5,0,5
13397,73,dublin,FRANCIS STREET,Francis Street,False,False,OPEN,2024-12-31 13:02:49,True,False,,,53.342081,-6.275233,30,1,29,1,0,0,0,30,1,29,1,0,0,0
13398,4,dublin,GREEK STREET,Greek Street,False,False,OPEN,2024-12-31 13:03:29,True,False,,,53.346874,-6.272976,20,15,5,3,12,0,12,20,15,5,3,12,0,12
13399,49,dublin,GUILD STREET,Guild Street,False,False,OPEN,2024-12-31 13:03:22,True,False,,,53.347932,-6.240928,40,17,23,10,7,0,7,40,17,23,10,7,0,7
13400,19,dublin,HERBERT PLACE,Herbert Place,False,False,OPEN,2024-12-31 13:03:54,True,False,,,53.334432,-6.245575,30,3,27,2,1,0,1,30,3,27,2,1,0,1
13401,7,dublin,HIGH STREET,High Street,False,False,OPEN,2024-12-31 13:01:55,True,False,,,53.343565,-6.275071,29,4,25,2,2,0,2,29,4,25,2,2,0,2
13402,60,dublin,NORTH CIRCULAR ROAD,North Circular Road,False,False,OPEN,2024-12-31 13:04:08,True,False,,,53.359624,-6.260348,30,20,10,13,7,0,7,30,20,10,13,7,0,7
13403,102,dublin,WESTERN WAY,Western Way,False,False,OPEN,2024-12-31 13:00:40,True,False,,,53.354929,-6.269425,40,11,29,10,1,0,1,40,11,29,10,1,0,1
13404,38,dublin,TALBOT STREET,Talbot Street,False,False,OPEN,2024-12-31 13:06:52,True,False,,,53.350974,-6.25294,40,37,3,26,11,0,11,40,37,3,26,11,0,11
13405,53,dublin,NEWMAN HOUSE,Newman House,False,False,OPEN,2024-12-31 13:02:34,True,False,,,53.337132,-6.26059,40,14,26,12,2,0,2,40,14,26,12,2,0,2
13406,58,dublin,SIR PATRICK DUN'S,Sir Patrick's Dun,False,False,OPEN,2024-12-31 13:04:25,True,False,,,53.339218,-6.240642,40,3,37,3,0,0,0,40,3,37,3,0,0,0
13407,66,dublin,NEW CENTRAL BANK,New Central Bank,False,False,OPEN,2024-12-31 12:59:46,True,False,,,53.347122,-6.234749,40,15,25,10,5,0,5,40,15,25,10,5,0,5
13408,104,dublin,GRANGEGORMAN LOWER (CENTRAL),Grangegorman Lower (Central),False,False,OPEN,2024-12-31 13:04:40,True,False,,,53.355173,-6.278424,40,19,21,10,9,0,9,40,19,21,10,9,0,9
13409,101,dublin,KING STREET NORTH,King Street North,False,False,OPEN,2024-12-31 13:00:57,True,False,,,53.350291,-6.273507,30,1,29,0,1,0,1,30,1,29,0,1,0,1
13410,115,dublin,KILLARNEY STREET,Killarney Street,False,False,OPEN,2024-12-31 13:03:34,True,False,,,53.354845,-6.247579,30,23,7,12,11,0,11,30,23,7,12,11,0,11
13411,47,dublin,HERBERT STREET,Herbert Street,False,False,OPEN,2024-12-31 13:00:57,True,False,,,53.335742,-6.24551,40,1,39,0,1,0,1,40,1,39,0,1,0,1
13412,117,dublin,HANOVER QUAY EAST,Hanover Quay East,False,False,OPEN,2024-12-31 13:06:02,True,False,,,53.343653,-6.231755,40,6,34,3,3,0,3,40,6,34,3,3,0,3
13413,8,dublin,CUSTOM HOUSE QUAY,Custom House Quay,False,False,OPEN,2024-12-31 13:03:05,True,False,,,53.347884,-6.248048,30,11,19,9,2,0,2,30,11,19,9,2,0,2
13414,27,dublin,MOLESWORTH STREET,Molesworth Street,False,False,OPEN,2024-12-31 13:00:34,True,False,,,53.341288,-6.258117,20,15,5,2,13,0,13,20,15,5,2,13,0,13
13415,16,dublin,GEORGES QUAY,Georges Quay,False,False,OPEN,2024-12-31 13:01:19,True,False,,,53.347508,-6.252192,20,4,16,3,1,0,1,20,4,16,3,1,0,1
13416,96,dublin,KILMAINHAM LANE,Kilmainham Lane,False,False,OPEN,2024-12-31 12:59:38,True,False,,,53.341805,-6.305085,30,18,12,11,7,0,7,30,18,12,11,7,0,7
13417,82,dublin,MOUNT BROWN,Mount Brown,False,False,OPEN,2024-12-31 13:02:09,True,False,,,53.341645,-6.29719,22,8,14,2,6,0,6,22,8,14,2,6,0,6
13418,76,dublin,MARKET STREET SOUTH,Market Street South,False,False,OPEN,2024-12-31 13:01:26,True,False,,,53.342296,-6.287661,38,5,33,3,2,0,2,38,5,33,3,2,0,2
13419,71,dublin,KEVIN STREET,Kevin Street,False,False,OPEN,2024-12-31 13:01:40,True,False,,,53.337757,-6.267699,40,27,13,21,6,0,6,40,27,13,21,6,0,6
13420,79,dublin,ECCLES STREET EAST,Eccles Street East,False,False,OPEN,2024-12-31 13:05:15,True,False,,,53.358115,-6.265601,27,5,22,4,1,0,1,27,5,22,4,1,0,1
13421,69,dublin,GRAND CANAL DOCK,Grand Canal Dock,False,False,OPEN,2024-12-31 13:04:12,True,False,,,53.342638,-6.238695,40,37,3,27,10,0,10,40,37,3,27,10,0,10
13422,25,dublin,MERRION SQUARE EAST,Merrion Square East,False,False,OPEN,2024-12-31 13:04:36,True,False,,,53.339434,-6.246548,30,8,22,2,6,0,6,30,8,22,2,6,0,6
13423,51,dublin,YORK STREET WEST,York Street West,False,False,OPEN,2024-12-31 12:59:00,True,False,,,53.339334,-6.264699,40,0,0,0,0,0,0,40,0,0,0,0,0,0
13424,37,dublin,ST. STEPHEN'S GREEN SOUTH,St. Stephen's Green South,False,False,OPEN,2024-12-31 13:01:52,True,False,,,53.337494,-6.26199,30,6,24,2,4,0,4,30,6,24,2,4,0,4
13425,59,dublin,DENMARK STREET GREAT,Denmark Street Great,False,False,OPEN,2024-12-31 13:03:29,True,False,,,53.35561,-6.261397,20,1,19,1,0,0,0,20,1,19,1,0,0,0
13426,95,dublin,ROYAL HOSPITAL,Royal Hospital,False,False,OPEN,2024-12-31 13:05:55,True,False,,,53.343897,-6.29706,40,26,14,10,16,0,16,40,26,14,10,16,0,16
13427,94,dublin,HEUSTON STATION (CAR PARK),Heuston Station (Car Park),False,False,OPEN,2024-12-31 13:02:27,True,False,,,53.346985,-6.297804,40,9,31,9,0,0,0,40,9,31,9,0,0,0
13428,105,dublin,GRANGEGORMAN LOWER (NORTH),Grangegorman Lower (North),False,False,OPEN,2024-12-31 13:04:09,True,False,,,53.355954,-6.278378,36,13,23,7,6,0,6,36,13,23,7,6,0,6
13429,36,dublin,ST. STEPHEN'S GREEN EAST,St. Stephen's Green East,False,False,OPEN,2024-12-31 13:01:22,True,False,,,53.337824,-6.256035,40,23,17,18,5,0,5,40,23,17,18,5,0,5
13430,93,dublin,HEUSTON STATION (CENTRAL),Heuston Station (Central),False,False,OPEN,2024-12-31 13:02:23,True,False,,,53.346603,-6.296924,40,6,34,6,0,0,0,40,6,34,6,0,0,0
13431,22,dublin,TOWNSEND STREET,Townsend Street,False,False,OPEN,2024-12-31 13:02:21,True,False,,,53.345922,-6.254614,20,13,7,10,3,0,3,20,13,7,10,3,0,3
13432,50,dublin,GEORGES LANE,George's Lane,False,False,OPEN,2024-12-31 13:06:37,True,False,,,53.35023,-6.279696,40,9,31,6,3,0,3,40,9,31,6,3,0,3
13433,110,dublin,PHIBSBOROUGH ROAD,Phibsborough Road,False,False,OPEN,2024-12-31 13:04:13,True,False,,,53.356307,-6.273717,40,19,21,11,8,0,8,40,19,21,11,8,0,8
13434,12,dublin,ECCLES STREET,Eccles Street,False,False,OPEN,2024-12-31 13:01:22,True,False,,,53.359246,-6.269779,20,1,19,1,0,0,0,20,1,19,1,0,0,0
13435,34,dublin,PORTOBELLO HARBOUR,Portobello Harbour,False,False,OPEN,2024-12-31 13:02:01,True,False,,,53.330362,-6.265163,30,3,27,2,1,0,1,30,3,27,2,1,0,1
13436,78,dublin,MATER HOSPITAL,Mater Hospital,False,False,OPEN,2024-12-31 13:03:19,True,False,,,53.359967,-6.264828,40,15,24,11,4,0,4,40,15,24,11,4,0,4
13437,2,dublin,BLESSINGTON STREET,Blessington Street,False,False,OPEN,2024-12-31 13:00:45,True,False,,,53.356769,-6.26814,20,0,20,0,0,0,0,20,0,20,0,0,0,0
13438,75,dublin,JAMES STREET,James Street,False,False,OPEN,2024-12-31 13:04:52,True,False,,,53.343456,-6.287409,40,23,17,14,9,0,9,40,23,17,14,9,0,9
13439,111,dublin,MOUNTJOY SQUARE EAST,Mountjoy Square East,False,False,OPEN,2024-12-31 13:00:40,True,False,,,53.356717,-6.256359,40,3,37,0,3,0,3,40,3,37,0,3,0,3
13440,26,dublin,MERRION SQUARE WEST,Merrion Square West,False,False,OPEN,2024-12-31 13:02:54,True,False,,,53.339764,-6.251988,20,9,11,4,5,0,5,20,9,11,4,5,0,5
13441,65,dublin,CONVENTION CENTRE,Convention Centre,False,False,OPEN,2024-12-31 13:04:55,True,False,,,53.34744,-6.238523,40,0,40,0,0,0,0,40,0,40,0,0,0,0
13442,15,dublin,HARDWICKE STREET,Hardwicke Street,False,False,OPEN,2024-12-31 13:04:41,True,False,,,53.355473,-6.264423,16,0,16,0,0,0,0,16,0,16,0,0,0,0
13443,86,dublin,PARKGATE STREET,Parkgate Street,False,False,OPEN,2024-12-31 13:02:18,True,False,,,53.347972,-6.291804,38,16,22,3,13,0,13,38,16,22,3,13,0,13
13444,35,dublin,SMITHFIELD,Smithfield,False,False,OPEN,2024-12-31 13:04:57,True,False,,,53.347692,-6.278214,30,25,5,13,12,0,12,30,25,5,13,12,0,12
13445,10,dublin,DAME STREET,Dame Street,False,False,OPEN,2024-12-31 13:04:21,True,False,,,53.344007,-6.266802,16,5,11,4,1,0,1,16,5,11,4,1,0,1
13446,100,dublin,HEUSTON BRIDGE (SOUTH),Heuston Bridge (South),False,False,OPEN,2024-12-31 13:00:41,True,False,,,53.347106,-6.292041,25,20,5,9,11,0,11,25,20,5,9,11,0,11
13447,24,dublin,CATHAL BRUGHA STREET,Cathal Brugha Street,False,False,OPEN,2024-12-31 13:06:52,True,False,,,53.352149,-6.260533,20,14,6,9,5,0,5,20,14,6,9,5,0,5
13448,64,dublin,SANDWITH STREET,Sandwith Street,False,False,OPEN,2024-12-31 13:04:20,True,False,,,53.345203,-6.247163,40,11,29,9,2,0,2,40,11,29,9,2,0,2
13449,109,dublin,BUCKINGHAM STREET LOWER,Buckingham Street Lower,False,False,OPEN,2024-12-31 13:02:15,True,False,,,53.353331,-6.249319,29,8,21,4,4,0,4,29,8,21,4,4,0,4
13450,85,dublin,ROTHE ABBEY,Rothe Abbey,False,False,OPEN,2024-12-31 13:03:13,True,False,,,53.338776,-6.30395,35,33,2,17,16,0,16,35,33,2,17,16,0,16
13451,107,dublin,CHARLEVILLE ROAD,Charleville Road,False,False,OPEN,2024-12-31 13:02:50,True,False,,,53.359157,-6.281866,40,6,34,3,3,0,3,40,6,34,3,3,0,3
13452,33,dublin,PRINCES STREET / O'CONNELL STREET,Princes Street / O'Connell Street,False,False,OPEN,2024-12-31 13:05:33,True,False,,,53.349013,-6.260311,23,8,15,5,3,0,3,23,8,15,5,3,0,3
13453,44,dublin,UPPER SHERRARD STREET,Upper Sherrard Street,False,False,OPEN,2024-12-31 13:03:25,True,False,,,53.358437,-6.260641,30,6,24,2,4,0,4,30,6,24,2,4,0,4
13454,89,dublin,FITZWILLIAM SQUARE EAST,Fitzwilliam Square East,False,False,OPEN,2024-12-31 13:03:33,True,False,,,53.335211,-6.2509,40,18,22,10,8,0,8,40,18,22,10,8,0,8
13455,57,dublin,GRATTAN STREET,Grattan Street,False,False,OPEN,2024-12-31 13:02:39,True,False,,,53.339629,-6.243778,23,8,15,5,3,0,3,23,8,15,5,3,0,3
13456,80,dublin,ST JAMES HOSPITAL (LUAS),St James Hospital (Luas),False,False,OPEN,2024-12-31 13:03:45,True,False,,,53.341359,-6.292951,40,23,17,12,11,0,11,40,23,17,12,11,0,11
13457,41,dublin,HARCOURT TERRACE,Harcourt Terrace,False,False,OPEN,2024-12-31 13:01:39,True,False,,,53.332763,-6.257942,20,17,3,10,7,0,7,20,17,3,10,7,0,7
13458,3,dublin,BOLTON STREET,Bolton Street,False,False,OPEN,2024-12-31 13:03:05,True,False,,,53.351182,-6.269859,20,1,19,1,0,0,0,20,1,19,1,0,0,0
13459,40,dublin,JERVIS STREET,Jervis Street,False,False,OPEN,2024-12-31 13:04:07,True,False,,,53.3483,-6.266651,21,16,5,9,7,0,7,21,16,5,9,7,0,7
13460,29,dublin,ORMOND QUAY UPPER,Ormond Quay Upper,False,False,OPEN,2024-12-31 13:03:26,True,False,,,53.346057,-6.268001,29,10,19,5,5,0,5,29,10,19,5,5,0,5
13461,103,dublin,GRANGEGORMAN LOWER (SOUTH),Grangegorman Lower (South),False,False,OPEN,2024-12-31 13:02:29,True,False,,,53.354663,-6.278681,40,4,36,3,1,0,1,40,4,36,3,1,0,1
13462,28,dublin,MOUNTJOY SQUARE WEST,Mountjoy Square West,False,False,OPEN,2024-12-31 13:04:07,True,False,,,53.356299,-6.258586,30,11,19,2,9,0,9,30,11,19,2,9,0,9
13463,39,dublin,WILTON TERRACE,Wilton Terrace,False,False,OPEN,2024-12-31 13:04:51,True,False,,,53.332383,-6.252717,20,6,14,4,2,0,2,20,6,14,4,2,0,2
13464,83,dublin,EMMET ROAD,Emmet Road,False,False,OPEN,2024-12-31 13:04:17,True,False,,,53.340714,-6.308191,40,28,12,15,13,0,13,40,28,12,15,13,0,13
13465,92,dublin,HEUSTON BRIDGE (NORTH),Heuston Bridge (North),False,False,OPEN,2024-12-31 13:02:17,True,False,,,53.347802,-6.292432,40,30,10,18,12,0,12,40,30,10,18,12,0,12
13466,21,dublin,LEINSTER STREET SOUTH,Leinster Street South,False,False,OPEN,2024-12-31 13:00:45,True,False,,,53.34218,-6.254485,30,11,19,10,1,0,1,30,11,19,10,1,0,1
13467,88,dublin,BLACKHALL PLACE,Blackhall Place,False,False,OPEN,2024-12-31 13:02:03,True,False,,,53.3488,-6.281637,30,0,30,0,0,0,0,30,0,30,0,0,0,0
13468,42,dublin,SMITHFIELD NORTH,Smithfield North,False,False,OPEN,2024-12-31 13:34:30,True,False,,,53.349562,-6.278198,30,18,12,13,5,0,5,30,18,12,13,5,0,5
13469,30,dublin,PARNELL SQUARE NORTH,Parnell Square North,False,False,OPEN,2024-12-31 13:28:11,True,False,,,53.3537415547453,-6.26530144781526,20,0,20,0,0,0,0,20,0,20,0,0,0,0
13470,54,dublin,CLONMEL STREET,Clonmel Street,False,False,OPEN,2024-12-31 13:33:43,True,False,,,53.336021,-6.26298,33,16,17,8,8,0,8,33,16,17,8,8,0,8
13471,108,dublin,AVONDALE ROAD,Avondale Road,False,False,OPEN,2024-12-31 13:32:00,True,False,,,53.359405,-6.276142,35,13,22,8,5,0,5,35,13,22,8,5,0,5
13472,20,dublin,JAMES STREET EAST,James Street East,False,False,OPEN,2024-12-31 13:34:41,True,False,,,53.336597,-6.248109,30,3,27,1,2,0,2,30,3,27,1,2,0,2
13473,56,dublin,MOUNT STREET LOWER,Mount Street Lower,False,False,OPEN,2024-12-31 13:34:30,True,False,,,53.33796,-6.24153,40,20,20,12,8,0,8,40,20,20,12,8,0,8
13474,6,dublin,CHRISTCHURCH PLACE,Christchurch Place,False,False,OPEN,2024-12-31 13:32:11,True,False,,,53.343368,-6.27012,20,10,10,4,6,0,6,20,10,10,4,6,0,6
13475,18,dublin,GRANTHAM STREET,Grantham Street,False,False,OPEN,2024-12-31 13:33:05,True,False,,,53.334123,-6.265436,30,1,29,0,1,0,1,30,1,29,0,1,0,1
13476,32,dublin,PEARSE STREET,Pearse Street,False,False,OPEN,2024-12-31 13:33:57,True,False,,,53.344304,-6.250427,30,13,17,8,5,0,5,30,13,17,8,5,0,5
13477,52,dublin,YORK STREET EAST,York Street East,False,False,OPEN,2024-12-31 13:37:01,True,False,,,53.338755,-6.262003,32,15,17,8,7,0,7,32,15,17,8,7,0,7
13478,48,dublin,EXCISE WALK,Excise Walk,False,False,OPEN,2024-12-31 13:31:50,True,False,,,53.347777,-6.244239,40,7,33,7,0,0,0,40,7,33,7,0,0,0
13479,13,dublin,FITZWILLIAM SQUARE WEST,Fitzwilliam Square West,False,False,OPEN,2024-12-31 13:33:57,True,False,,,53.336074,-6.252825,30,25,5,11,14,0,14,30,25,5,11,14,0,14
13480,43,dublin,PORTOBELLO ROAD,Portobello Road,False,False,OPEN,2024-12-31 13:32:36,True,False,,,53.330091,-6.268044,30,19,11,11,8,0,8,30,19,11,11,8,0,8
13481,31,dublin,PARNELL STREET,Parnell Street,False,False,OPEN,2024-12-31 13:35:56,True,False,,,53.350929,-6.265125,20,14,6,5,9,0,9,20,14,6,5,9,0,9
13482,98,dublin,FREDERICK STREET SOUTH,Frederick Street South,False,False,OPEN,2024-12-31 13:31:55,True,False,,,53.341515,-6.256853,40,20,20,16,4,0,4,40,20,20,16,4,0,4
13483,14,dublin,FOWNES STREET UPPER,Fownes Street Upper,False,False,OPEN,2024-12-31 13:34:11,True,False,,,53.344603,-6.263371,30,5,25,5,0,0,0,30,5,25,5,0,0,0
13484,1,dublin,CLARENDON ROW,Clarendon Row,False,False,OPEN,2024-12-31 13:31:09,True,False,,,53.340927,-6.262501,31,8,23,3,5,0,5,31,8,23,3,5,0,5
13485,23,dublin,CUSTOM HOUSE,Custom House,False,False,OPEN,2024-12-31 13:32:52,True,False,,,53.348279,-6.254662,30,3,27,3,0,0,0,30,3,27,3,0,0,0
13486,106,dublin,RATHDOWN ROAD,Rathdown Road,False,False,OPEN,2024-12-31 13:30:15,True,False,,,53.35893,-6.280337,40,3,37,3,0,0,0,40,3,37,3,0,0,0
13487,112,dublin,NORTH CIRCULAR ROAD (O'CONNELL'S),North Circular Road (O'Connell's),False,False,OPEN,2024-12-31 13:33:29,True,False,,,53.357841,-6.251557,30,16,14,10,6,0,6,30,16,14,10,6,0,6
13488,68,dublin,HANOVER QUAY,Hanover Quay,False,False,OPEN,2024-12-31 13:32:06,True,False,,,53.344115,-6.237153,40,35,5,21,14,0,14,40,35,5,21,14,0,14
13489,74,dublin,OLIVER BOND STREET,Oliver Bond Street,False,False,OPEN,2024-12-31 13:33:21,True,False,,,53.343893,-6.280531,30,12,18,5,7,0,7,30,12,18,5,7,0,7
13490,87,dublin,COLLINS BARRACKS MUSEUM,Collins Barracks Museum,False,False,OPEN,2024-12-31 13:35:48,True,False,,,53.347477,-6.28525,38,18,20,10,8,0,8,38,18,20,10,8,0,8
13491,84,dublin,BROOKFIELD ROAD,Brookfield Road,False,False,OPEN,2024-12-31 13:36:31,True,False,,,53.339005,-6.300217,30,10,20,5,5,0,5,30,10,20,5,5,0,5
13492,90,dublin,BENSON STREET,Benson Street,False,False,OPEN,2024-12-31 13:28:47,True,False,,,53.344153,-6.233451,40,0,40,0,0,0,0,40,0,40,0,0,0,0
13493,11,dublin,EARLSFORT TERRACE,Earlsfort Terrace,False,False,OPEN,2024-12-31 13:31:01,True,False,,,53.334295,-6.258503,30,23,7,18,5,0,5,30,23,7,18,5,0,5
13494,17,dublin,GOLDEN LANE,Golden Lane,False,False,OPEN,2024-12-31 13:33:37,True,False,,,53.340803,-6.267732,20,6,14,4,2,0,2,20,6,14,4,2,0,2
13495,45,dublin,DEVERELL PLACE,Deverell Place,False,False,OPEN,2024-12-31 13:33:38,True,False,,,53.351464,-6.255265,30,3,27,2,1,0,1,30,3,27,2,1,0,1
13496,114,dublin,WILTON TERRACE (PARK),Wilton Terrace (Park),False,False,OPEN,2024-12-31 13:34:33,True,False,,,53.333653,-6.248345,40,8,32,7,1,0,1,40,8,32,7,1,0,1
13497,72,dublin,JOHN STREET WEST,John Street West,False,False,OPEN,2024-12-31 13:34:28,True,False,,,53.343105,-6.277167,31,4,27,2,2,0,2,31,4,27,2,2,0,2
13498,63,dublin,FENIAN STREET,Fenian Street,False,False,OPEN,2024-12-31 13:34:03,True,False,,,53.341428,-6.24672,35,15,20,5,10,0,10,35,15,20,5,10,0,10
13499,113,dublin,MERRION SQUARE SOUTH,Merrion Square South,False,False,OPEN,2024-12-31 13:36:57,True,False,,,53.338614,-6.248606,40,6,23,5,1,0,1,40,6,23,5,1,0,1
13500,91,dublin,SOUTH DOCK ROAD,South Dock Road,False,False,OPEN,2024-12-31 13:32:10,True,False,,,53.341833,-6.231291,30,17,13,9,8,0,8,30,17,13,9,8,0,8
13501,99,dublin,CITY QUAY,City Quay,False,False,OPEN,2024-12-31 13:33:17,True,False,,,53.346637,-6.246154,30,16,14,6,10,0,10,30,16,14,6,10,0,10
13502,9,dublin,EXCHEQUER STREET,Exchequer Street,False,False,OPEN,2024-12-31 13:36:06,True,False,,,53.343034,-6.263578,24,10,14,5,5,0,5,24,10,14,5,5,0,5
13503,67,dublin,THE POINT,The Point,False,False,OPEN,2024-12-31 13:33:12,True,False,,,53.346867,-6.230852,40,21,19,15,6,0,6,40,21,19,15,6,0,6
13504,116,dublin,BROADSTONE,Broadstone,False,False,OPEN,2024-12-31 13:32:02,True,False,,,53.3547,-6.272314,30,16,14,9,7,0,7,30,16,14,9,7,0,7
13505,55,dublin,HATCH STREET,Hatch Street,False,False,OPEN,2024-12-31 13:34:14,True,False,,,53.33403,-6.260714,36,8,28,6,2,0,2,36,8,28,6,2,0,2
13506,62,dublin,LIME STREET,Lime Street,False,False,OPEN,2024-12-31 13:30:36,True,False,,,53.346026,-6.243576,40,17,23,6,11,0,11,40,17,23,6,11,0,11
13507,5,dublin,CHARLEMONT PLACE,Charlemont Street,False,False,OPEN,2024-12-31 13:34:32,True,False,,,53.330662,-6.260177,40,13,27,10,3,0,3,40,13,27,10,3,0,3
13508,97,dublin,KILMAINHAM GAOL,Kilmainham Gaol,False,False,OPEN,2024-12-31 13:31:33,True,False,,,53.342113,-6.310015,40,24,16,13,11,0,11,40,24,16,13,11,0,11
13509,61,dublin,HARDWICKE PLACE,Hardwicke Place,False,False,OPEN,2024-12-31 13:30:34,True,False,,,53.357043,-6.263232,25,0,25,0,0,0,0,25,0,25,0,0,0,0
13510,77,dublin,WOLFE TONE STREET,Wolfe Tone Street,False,False,OPEN,2024-12-31 13:31:37,True,False,,,53.348875,-6.267459,29,12,17,7,5,0,5,29,12,17,7,5,0,5
13511,73,dublin,FRANCIS STREET,Francis Street,False,False,OPEN,2024-12-31 13:33:04,True,False,,,53.342081,-6.275233,30,0,30,0,0,0,0,30,0,30,0,0,0,0
13512,4,dublin,GREEK STREET,Greek Street,False,False,OPEN,2024-12-31 13:33:42,True,False,,,53.346874,-6.272976,20,16,4,4,12,0,12,20,16,4,4,12,0,12
13513,49,dublin,GUILD STREET,Guild Street,False,False,OPEN,2024-12-31 13:36:04,True,False,,,53.347932,-6.240928,40,18,22,11,7,0,7,40,18,22,11,7,0,7
13514,19,dublin,HERBERT PLACE,Herbert Place,False,False,OPEN,2024-12-31 13:34:12,True,False,,,53.334432,-6.245575,30,2,28,1,1,0,1,30,2,28,1,1,0,1
13515,7,dublin,HIGH STREET,High Street,False,False,OPEN,2024-12-31 13:32:13,True,False,,,53.343565,-6.275071,29,3,26,1,2,0,2,29,3,26,1,2,0,2
13516,60,dublin,NORTH CIRCULAR ROAD,North Circular Road,False,False,OPEN,2024-12-31 13:34:21,True,False,,,53.359624,-6.260348,30,21,9,14,7,0,7,30,21,9,14,7,0,7
13517,102,dublin,WESTERN WAY,Western Way,False,False,OPEN,2024-12-31 13:30:55,True,False,,,53.354929,-6.269425,40,10,30,9,1,0,1,40,10,30,9,1,0,1
13518,38,dublin,TALBOT STREET,Talbot Street,False,False,OPEN,2024-12-31 13:37:24,True,False,,,53.350974,-6.25294,40,37,3,27,10,0,10,40,37,3,27,10,0,10
13519,53,dublin,NEWMAN HOUSE,Newman House,False,False,OPEN,2024-12-31 13:32:49,True,False,,,53.337132,-6.26059,40,14,26,12,2,0,2,40,14,26,12,2,0,2
13520,58,dublin,SIR PATRICK DUN'S,Sir Patrick's Dun,False,False,OPEN,2024-12-31 13:34:42,True,False,,,53.339218,-6.240642,40,2,38,2,0,0,0,40,2,38,2,0,0,0
13521,66,dublin,NEW CENTRAL BANK,New Central Bank,False,False,OPEN,2024-12-31 13:29:58,True,False,,,53.347122,-6.234749,40,15,25,10,5,0,5,40,15,25,10,5,0,5
13522,104,dublin,GRANGEGORMAN LOWER (CENTRAL),Grangegorman Lower (Central),False,False,OPEN,2024-12-31 13:34:56,True,False,,,53.355173,-6.278424,40,19,21,10,9,0,9,40,19,21,10,9,0,9
13523,101,dublin,KING STREET NORTH,King Street North,False,False,OPEN,2024-12-31 13:31:13,True,False,,,53.350291,-6.273507,30,1,29,0,1,0,1,30,1,29,0,1,0,1
13524,115,dublin,KILLARNEY STREET,Killarney Street,False,False,OPEN,2024-12-31 13:33:45,True,False,,,53.354845,-6.247579,30,23,7,12,11,0,11,30,23,7,12,11,0,11
13525,47,dublin,HERBERT STREET,Herbert Street,False,False,OPEN,2024-12-31 13:31:10,True,False,,,53.335742,-6.24551,40,2,38,1,1,0,1,40,2,38,1,1,0,1
13526,117,dublin,HANOVER QUAY EAST,Hanover Quay East,False,False,OPEN,2024-12-31 13:30:26,True,False,,,53.343653,-6.231755,40,6,34,3,3,0,3,40,6,34,3,3,0,3
13527,8,dublin,CUSTOM HOUSE QUAY,Custom House Quay,False,False,OPEN,2024-12-31 13:33:21,True,False,,,53.347884,-6.248048,30,8,22,6,2,0,2,30,8,22,6,2,0,2
13528,27,dublin,MOLESWORTH STREET,Molesworth Street,False,False,OPEN,2024-12-31 13:30:47,True,False,,,53.341288,-6.258117,20,14,6,1,13,0,13,20,14,6,1,13,0,13
13529,16,dublin,GEORGES QUAY,Georges Quay,False,False,OPEN,2024-12-31 13:31:34,True,False,,,53.347508,-6.252192,20,4,16,3,1,0,1,20,4,16,3,1,0,1
13530,96,dublin,KILMAINHAM LANE,Kilmainham Lane,False,False,OPEN,2024-12-31 13:29:50,True,False,,,53.341805,-6.305085,30,18,12,11,7,0,7,30,18,12,11,7,0,7
13531,82,dublin,MOUNT BROWN,Mount Brown,False,False,OPEN,2024-12-31 13:32:25,True,False,,,53.341645,-6.29719,22,8,14,2,6,0,6,22,8,14,2,6,0,6
13532,76,dublin,MARKET STREET SOUTH,Market Street South,False,False,OPEN,2024-12-31 13:31:42,True,False,,,53.342296,-6.287661,38,5,33,3,2,0,2,38,5,33,3,2,0,2
13533,71,dublin,KEVIN STREET,Kevin Street,False,False,OPEN,2024-12-31 13:31:57,True,False,,,53.337757,-6.267699,40,27,13,21,6,0,6,40,27,13,21,6,0,6
13534,79,dublin,ECCLES STREET EAST,Eccles Street East,False,False,OPEN,2024-12-31 13:35:28,True,False,,,53.358115,-6.265601,27,4,23,3,1,0,1,27,4,23,3,1,0,1
13535,69,dublin,GRAND CANAL DOCK,Grand Canal Dock,False,False,OPEN,2024-12-31 13:34:30,True,False,,,53.342638,-6.238695,40,36,4,27,9,0,9,40,36,4,27,9,0,9
13536,25,dublin,MERRION SQUARE EAST,Merrion Square East,False,False,OPEN,2024-12-31 13:34:49,True,False,,,53.339434,-6.246548,30,8,22,2,6,0,6,30,8,22,2,6,0,6
13537,51,dublin,YORK STREET WEST,York Street West,False,False,OPEN,2024-12-31 13:29:11,True,False,,,53.339334,-6.264699,40,0,0,0,0,0,0,40,0,0,0,0,0,0
13538,37,dublin,ST. STEPHEN'S GREEN SOUTH,St. Stephen's Green South,False,False,OPEN,2024-12-31 13:32:08,True,False,,,53.337494,-6.26199,30,6,24,2,4,0,4,30,6,24,2,4,0,4
13539,59,dublin,DENMARK STREET GREAT,Denmark Street Great,False,False,OPEN,2024-12-31 13:33:41,True,False,,,53.35561,-6.261397,20,1,19,1,0,0,0,20,1,19,1,0,0,0
13540,95,dublin,ROYAL HOSPITAL,Royal Hospital,False,False,OPEN,2024-12-31 13:36:11,True,False,,,53.343897,-6.29706,40,26,14,10,16,0,16,40,26,14,10,16,0,16
13541,94,dublin,HEUSTON STATION (CAR PARK),Heuston Station (Car Park),False,False,OPEN,2024-12-31 13:32:40,True,False,,,53.346985,-6.297804,40,9,31,9,0,0,0,40,9,31,9,0,0,0
13542,105,dublin,GRANGEGORMAN LOWER (NORTH),Grangegorman Lower (North),False,False,OPEN,2024-12-31 13:34:23,True,False,,,53.355954,-6.278378,36,13,23,7,6,0,6,36,13,23,7,6,0,6
13543,36,dublin,ST. STEPHEN'S GREEN EAST,St. Stephen's Green East,False,False,OPEN,2024-12-31 13:36:01,True,False,,,53.337824,-6.256035,40,27,13,21,6,0,6,40,27,13,21,6,0,6
13544,93,dublin,HEUSTON STATION (CENTRAL),Heuston Station (Central),False,False,OPEN,2024-12-31 13:32:36,True,False,,,53.346603,-6.296924,40,6,34,6,0,0,0,40,6,34,6,0,0,0
13545,22,dublin,TOWNSEND STREET,Townsend Street,False,False,OPEN,2024-12-31 13:32:38,True,False,,,53.345922,-6.254614,20,14,6,11,3,0,3,20,14,6,11,3,0,3
13546,50,dublin,GEORGES LANE,George's Lane,False,False,OPEN,2024-12-31 13:36:52,True,False,,,53.35023,-6.279696,40,8,32,6,2,0,2,40,8,32,6,2,0,2
13547,110,dublin,PHIBSBOROUGH ROAD,Phibsborough Road,False,False,OPEN,2024-12-31 13:33:53,True,False,,,53.356307,-6.273717,40,19,21,11,8,0,8,40,19,21,11,8,0,8
13548,12,dublin,ECCLES STREET,Eccles Street,False,False,OPEN,2024-12-31 13:31:38,True,False,,,53.359246,-6.269779,20,0,20,0,0,0,0,20,0,20,0,0,0,0
13549,34,dublin,PORTOBELLO HARBOUR,Portobello Harbour,False,False,OPEN,2024-12-31 13:37:21,True,False,,,53.330362,-6.265163,30,8,22,4,4,0,4,30,8,22,4,4,0,4
13550,78,dublin,MATER HOSPITAL,Mater Hospital,False,False,OPEN,2024-12-31 13:33:35,True,False,,,53.359967,-6.264828,40,15,24,11,4,0,4,40,15,24,11,4,0,4
13551,2,dublin,BLESSINGTON STREET,Blessington Street,False,False,OPEN,2024-12-31 13:30:56,True,False,,,53.356769,-6.26814,20,0,20,0,0,0,0,20,0,20,0,0,0,0
13552,75,dublin,JAMES STREET,James Street,False,False,OPEN,2024-12-31 13:35:10,True,False,,,53.343456,-6.287409,40,23,17,14,9,0,9,40,23,17,14,9,0,9
13553,111,dublin,MOUNTJOY SQUARE EAST,Mountjoy Square East,False,False,OPEN,2024-12-31 13:30:53,True,False,,,53.356717,-6.256359,40,3,37,0,3,0,3,40,3,37,0,3,0,3
13554,26,dublin,MERRION SQUARE WEST,Merrion Square West,False,False,OPEN,2024-12-31 13:33:40,True,False,,,53.339764,-6.251988,20,6,14,3,3,0,3,20,6,14,3,3,0,3
13555,65,dublin,CONVENTION CENTRE,Convention Centre,False,False,OPEN,2024-12-31 13:35:11,True,False,,,53.34744,-6.238523,40,0,40,0,0,0,0,40,0,40,0,0,0,0
13556,15,dublin,HARDWICKE STREET,Hardwicke Street,False,False,OPEN,2024-12-31 13:34:57,True,False,,,53.355473,-6.264423,16,0,16,0,0,0,0,16,0,16,0,0,0,0
13557,86,dublin,PARKGATE STREET,Parkgate Street,False,False,OPEN,2024-12-31 13:32:34,True,False,,,53.347972,-6.291804,38,16,22,3,13,0,13,38,16,22,3,13,0,13
13558,35,dublin,SMITHFIELD,Smithfield,False,False,OPEN,2024-12-31 13:35:10,True,False,,,53.347692,-6.278214,30,26,4,14,12,0,12,30,26,4,14,12,0,12
13559,10,dublin,DAME STREET,Dame Street,False,False,OPEN,2024-12-31 13:34:32,True,False,,,53.344007,-6.266802,16,5,11,4,1,0,1,16,5,11,4,1,0,1
13560,100,dublin,HEUSTON BRIDGE (SOUTH),Heuston Bridge (South),False,False,OPEN,2024-12-31 13:33:34,True,False,,,53.347106,-6.292041,25,21,4,10,11,0,11,25,21,4,10,11,0,11
13561,24,dublin,CATHAL BRUGHA STREET,Cathal Brugha Street,False,False,OPEN,2024-12-31 13:33:25,True,False,,,53.352149,-6.260533,20,13,7,8,5,0,5,20,13,7,8,5,0,5
13562,64,dublin,SANDWITH STREET,Sandwith Street,False,False,OPEN,2024-12-31 13:34:35,True,False,,,53.345203,-6.247163,40,11,29,9,2,0,2,40,11,29,9,2,0,2
13563,109,dublin,BUCKINGHAM STREET LOWER,Buckingham Street Lower,False,False,OPEN,2024-12-31 13:32:26,True,False,,,53.353331,-6.249319,29,8,21,4,4,0,4,29,8,21,4,4,0,4
13564,85,dublin,ROTHE ABBEY,Rothe Abbey,False,False,OPEN,2024-12-31 13:34:25,True,False,,,53.338776,-6.30395,35,33,2,17,16,0,16,35,33,2,17,16,0,16
13565,107,dublin,CHARLEVILLE ROAD,Charleville Road,False,False,OPEN,2024-12-31 13:33:06,True,False,,,53.359157,-6.281866,40,6,34,3,3,0,3,40,6,34,3,3,0,3
13566,33,dublin,PRINCES STREET / O'CONNELL STREET,Princes Street / O'Connell Street,False,False,OPEN,2024-12-31 13:33:51,True,False,,,53.349013,-6.260311,23,4,19,2,2,0,2,23,4,19,2,2,0,2
13567,44,dublin,UPPER SHERRARD STREET,Upper Sherrard Street,False,False,OPEN,2024-12-31 13:33:37,True,False,,,53.358437,-6.260641,30,6,24,2,4,0,4,30,6,24,2,4,0,4
13568,89,dublin,FITZWILLIAM SQUARE EAST,Fitzwilliam Square East,False,False,OPEN,2024-12-31 13:33:49,True,False,,,53.335211,-6.2509,40,18,22,10,8,0,8,40,18,22,10,8,0,8
13569,57,dublin,GRATTAN STREET,Grattan Street,False,False,OPEN,2024-12-31 13:32:55,True,False,,,53.339629,-6.243778,23,9,14,6,3,0,3,23,9,14,6,3,0,3
13570,80,dublin,ST JAMES HOSPITAL (LUAS),St James Hospital (Luas),False,False,OPEN,2024-12-31 13:33:57,True,False,,,53.341359,-6.292951,40,23,17,12,11,0,11,40,23,17,12,11,0,11
13571,41,dublin,HARCOURT TERRACE,Harcourt Terrace,False,False,OPEN,2024-12-31 13:31:56,True,False,,,53.332763,-6.257942,20,17,3,10,7,0,7,20,17,3,10,7,0,7
13572,3,dublin,BOLTON STREET,Bolton Street,False,False,OPEN,2024-12-31 13:33:17,True,False,,,53.351182,-6.269859,20,1,19,1,0,0,0,20,1,19,1,0,0,0
13573,40,dublin,JERVIS STREET,Jervis Street,False,False,OPEN,2024-12-31 13:34:23,True,False,,,53.3483,-6.266651,21,18,3,11,7,0,7,21,18,3,11,7,0,7
13574,29,dublin,ORMOND QUAY UPPER,Ormond Quay Upper,False,False,OPEN,2024-12-31 13:33:39,True,False,,,53.346057,-6.268001,29,10,19,5,5,0,5,29,10,19,5,5,0,5
13575,103,dublin,GRANGEGORMAN LOWER (SOUTH),Grangegorman Lower (South),False,False,OPEN,2024-12-31 13:32:42,True,False,,,53.354663,-6.278681,40,4,36,3,1,0,1,40,4,36,3,1,0,1
13576,28,dublin,MOUNTJOY SQUARE WEST,Mountjoy Square West,False,False,OPEN,2024-12-31 13:34:24,True,False,,,53.356299,-6.258586,30,11,19,2,9,0,9,30,11,19,2,9,0,9
13577,39,dublin,WILTON TERRACE,Wilton Terrace,False,False,OPEN,2024-12-31 13:35:07,True,False,,,53.332383,-6.252717,20,6,14,4,2,0,2,20,6,14,4,2,0,2
13578,83,dublin,EMMET ROAD,Emmet Road,False,False,OPEN,2024-12-31 13:34:36,True,False,,,53.340714,-6.308191,40,28,12,15,13,0,13,40,28,12,15,13,0,13
13579,92,dublin,HEUSTON BRIDGE (NORTH),Heuston Bridge (North),False,False,OPEN,2024-12-31 13:32:33,True,False,,,53.347802,-6.292432,40,30,10,18,12,0,12,40,30,10,18,12,0,12
13580,21,dublin,LEINSTER STREET SOUTH,Leinster Street South,False,False,OPEN,2024-12-31 13:31:01,True,False,,,53.34218,-6.254485,30,12,18,11,1,0,1,30,12,18,11,1,0,1
13581,88,dublin,BLACKHALL PLACE,Blackhall Place,False,False,OPEN,2024-12-31 13:32:17,True,False,,,53.3488,-6.281637,30,0,30,0,0,0,0,30,0,30,0,0,0,0
13582,42,dublin,SMITHFIELD NORTH,Smithfield North,False,False,OPEN,2024-12-31 14:07:38,True,False,,,53.349562,-6.278198,30,18,12,13,5,0,5,30,18,12,13,5,0,5
13583,30,dublin,PARNELL SQUARE NORTH,Parnell Square North,False,False,OPEN,2024-12-31 13:58:51,True,False,,,53.3537415547453,-6.26530144781526,20,0,20,0,0,0,0,20,0,20,0,0,0,0
13584,54,dublin,CLONMEL STREET,Clonmel Street,False,False,OPEN,2024-12-31 14:03:57,True,False,,,53.336021,-6.26298,33,16,17,8,8,0,8,33,16,17,8,8,0,8
13585,108,dublin,AVONDALE ROAD,Avondale Road,False,False,OPEN,2024-12-31 14:02:11,True,False,,,53.359405,-6.276142,35,13,22,8,5,0,5,35,13,22,8,5,0,5
13586,20,dublin,JAMES STREET EAST,James Street East,False,False,OPEN,2024-12-31 14:04:54,True,False,,,53.336597,-6.248109,30,3,27,1,2,0,2,30,3,27,1,2,0,2
13587,56,dublin,MOUNT STREET LOWER,Mount Street Lower,False,False,OPEN,2024-12-31 14:00:25,True,False,,,53.33796,-6.24153,40,19,21,11,8,0,8,40,19,21,11,8,0,8
13588,6,dublin,CHRISTCHURCH PLACE,Christchurch Place,False,False,OPEN,2024-12-31 14:02:29,True,False,,,53.343368,-6.27012,20,10,10,4,6,0,6,20,10,10,4,6,0,6
13589,18,dublin,GRANTHAM STREET,Grantham Street,False,False,OPEN,2024-12-31 14:03:19,True,False,,,53.334123,-6.265436,30,1,29,0,1,0,1,30,1,29,0,1,0,1
13590,32,dublin,PEARSE STREET,Pearse Street,False,False,OPEN,2024-12-31 14:00:59,True,False,,,53.344304,-6.250427,30,13,17,8,5,0,5,30,13,17,8,5,0,5
13591,52,dublin,YORK STREET EAST,York Street East,False,False,OPEN,2024-12-31 14:01:41,True,False,,,53.338755,-6.262003,32,14,18,8,6,0,6,32,14,18,8,6,0,6
13592,48,dublin,EXCISE WALK,Excise Walk,False,False,OPEN,2024-12-31 14:02:03,True,False,,,53.347777,-6.244239,40,7,33,7,0,0,0,40,7,33,7,0,0,0
13593,13,dublin,FITZWILLIAM SQUARE WEST,Fitzwilliam Square West,False,False,OPEN,2024-12-31 14:04:14,True,False,,,53.336074,-6.252825,30,27,3,13,14,0,14,30,27,3,13,14,0,14
13594,43,dublin,PORTOBELLO ROAD,Portobello Road,False,False,OPEN,2024-12-31 14:02:49,True,False,,,53.330091,-6.268044,30,19,11,11,8,0,8,30,19,11,11,8,0,8
13595,31,dublin,PARNELL STREET,Parnell Street,False,False,OPEN,2024-12-31 14:00:52,True,False,,,53.350929,-6.265125,20,13,7,4,9,0,9,20,13,7,4,9,0,9
13596,98,dublin,FREDERICK STREET SOUTH,Frederick Street South,False,False,OPEN,2024-12-31 14:02:08,True,False,,,53.341515,-6.256853,40,19,21,15,4,0,4,40,19,21,15,4,0,4
13597,14,dublin,FOWNES STREET UPPER,Fownes Street Upper,False,False,OPEN,2024-12-31 14:04:24,True,False,,,53.344603,-6.263371,30,5,25,5,0,0,0,30,5,25,5,0,0,0
13598,1,dublin,CLARENDON ROW,Clarendon Row,False,False,OPEN,2024-12-31 14:01:22,True,False,,,53.340927,-6.262501,31,9,22,4,5,0,5,31,9,22,4,5,0,5
13599,23,dublin,CUSTOM HOUSE,Custom House,False,False,OPEN,2024-12-31 14:03:04,True,False,,,53.348279,-6.254662,30,3,27,3,0,0,0,30,3,27,3,0,0,0
13600,106,dublin,RATHDOWN ROAD,Rathdown Road,False,False,OPEN,2024-12-31 14:00:29,True,False,,,53.35893,-6.280337,40,3,37,3,0,0,0,40,3,37,3,0,0,0
13601,112,dublin,NORTH CIRCULAR ROAD (O'CONNELL'S),North Circular Road (O'Connell's),False,False,OPEN,2024-12-31 14:01:58,True,False,,,53.357841,-6.251557,30,17,13,11,6,0,6,30,17,13,11,6,0,6
13602,68,dublin,HANOVER QUAY,Hanover Quay,False,False,OPEN,2024-12-31 14:02:25,True,False,,,53.344115,-6.237153,40,17,23,12,5,0,5,40,17,23,12,5,0,5
13603,74,dublin,OLIVER BOND STREET,Oliver Bond Street,False,False,OPEN,2024-12-31 14:03:35,True,False,,,53.343893,-6.280531,30,12,18,5,7,0,7,30,12,18,5,7,0,7
13604,87,dublin,COLLINS BARRACKS MUSEUM,Collins Barracks Museum,False,False,OPEN,2024-12-31 14:06:01,True,False,,,53.347477,-6.28525,38,18,20,10,8,0,8,38,18,20,10,8,0,8
13605,84,dublin,BROOKFIELD ROAD,Brookfield Road,False,False,OPEN,2024-12-31 14:06:45,True,False,,,53.339005,-6.300217,30,10,20,5,5,0,5,30,10,20,5,5,0,5
13606,90,dublin,BENSON STREET,Benson Street,False,False,OPEN,2024-12-31 13:59:03,True,False,,,53.344153,-6.233451,40,1,39,1,0,0,0,40,1,39,1,0,0,0
13607,11,dublin,EARLSFORT TERRACE,Earlsfort Terrace,False,False,OPEN,2024-12-31 14:01:17,True,False,,,53.334295,-6.258503,30,23,7,18,5,0,5,30,23,7,18,5,0,5
13608,17,dublin,GOLDEN LANE,Golden Lane,False,False,OPEN,2024-12-31 14:03:50,True,False,,,53.340803,-6.267732,20,6,14,4,2,0,2,20,6,14,4,2,0,2
13609,45,dublin,DEVERELL PLACE,Deverell Place,False,False,OPEN,2024-12-31 14:03:50,True,False,,,53.351464,-6.255265,30,2,28,1,1,0,1,30,2,28,1,1,0,1
13610,114,dublin,WILTON TERRACE (PARK),Wilton Terrace (Park),False,False,OPEN,2024-12-31 14:04:51,True,False,,,53.333653,-6.248345,40,7,33,7,0,0,0,40,7,33,7,0,0,0
13611,72,dublin,JOHN STREET WEST,John Street West,False,False,OPEN,2024-12-31 14:02:00,True,False,,,53.343105,-6.277167,31,4,27,2,2,0,2,31,4,27,2,2,0,2
13612,63,dublin,FENIAN STREET,Fenian Street,False,False,OPEN,2024-12-31 14:04:19,True,False,,,53.341428,-6.24672,35,15,20,5,10,0,10,35,15,20,5,10,0,10
13613,113,dublin,MERRION SQUARE SOUTH,Merrion Square South,False,False,OPEN,2024-12-31 14:07:09,True,False,,,53.338614,-6.248606,40,6,23,5,1,0,1,40,6,23,5,1,0,1
13614,91,dublin,SOUTH DOCK ROAD,South Dock Road,False,False,OPEN,2024-12-31 14:02:26,True,False,,,53.341833,-6.231291,30,18,12,10,8,0,8,30,18,12,10,8,0,8
13615,99,dublin,CITY QUAY,City Quay,False,False,OPEN,2024-12-31 14:03:30,True,False,,,53.346637,-6.246154,30,16,14,6,10,0,10,30,16,14,6,10,0,10
13616,9,dublin,EXCHEQUER STREET,Exchequer Street,False,False,OPEN,2024-12-31 14:07:21,True,False,,,53.343034,-6.263578,24,13,11,7,6,0,6,24,13,11,7,6,0,6
13617,67,dublin,THE POINT,The Point,False,False,OPEN,2024-12-31 14:02:48,True,False,,,53.346867,-6.230852,40,22,18,16,6,0,6,40,22,18,16,6,0,6
13618,116,dublin,BROADSTONE,Broadstone,False,False,OPEN,2024-12-31 14:02:18,True,False,,,53.3547,-6.272314,30,16,14,9,7,0,7,30,16,14,9,7,0,7
13619,55,dublin,HATCH STREET,Hatch Street,False,False,OPEN,2024-12-31 14:04:27,True,False,,,53.33403,-6.260714,36,8,28,6,2,0,2,36,8,28,6,2,0,2
13620,62,dublin,LIME STREET,Lime Street,False,False,OPEN,2024-12-31 14:00:48,True,False,,,53.346026,-6.243576,40,18,22,7,11,0,11,40,18,22,7,11,0,11
13621,5,dublin,CHARLEMONT PLACE,Charlemont Street,False,False,OPEN,2024-12-31 14:04:45,True,False,,,53.330662,-6.260177,40,12,28,9,3,0,3,40,12,28,9,3,0,3
13622,97,dublin,KILMAINHAM GAOL,Kilmainham Gaol,False,False,OPEN,2024-12-31 14:01:45,True,False,,,53.342113,-6.310015,40,24,16,13,11,0,11,40,24,16,13,11,0,11
13623,61,dublin,HARDWICKE PLACE,Hardwicke Place,False,False,OPEN,2024-12-31 14:00:48,True,False,,,53.357043,-6.263232,25,0,25,0,0,0,0,25,0,25,0,0,0,0
13624,77,dublin,WOLFE TONE STREET,Wolfe Tone Street,False,False,OPEN,2024-12-31 14:01:52,True,False,,,53.348875,-6.267459,29,11,18,6,5,0,5,29,11,18,6,5,0,5
13625,73,dublin,FRANCIS STREET,Francis Street,False,False,OPEN,2024-12-31 14:03:18,True,False,,,53.342081,-6.275233,30,1,29,1,0,0,0,30,1,29,1,0,0,0
13626,4,dublin,GREEK STREET,Greek Street,False,False,OPEN,2024-12-31 14:03:56,True,False,,,53.346874,-6.272976,20,16,4,4,12,0,12,20,16,4,4,12,0,12
13627,49,dublin,GUILD STREET,Guild Street,False,False,OPEN,2024-12-31 14:03:55,True,False,,,53.347932,-6.240928,40,19,21,12,7,0,7,40,19,21,12,7,0,7
13628,19,dublin,HERBERT PLACE,Herbert Place,False,False,OPEN,2024-12-31 14:04:29,True,False,,,53.334432,-6.245575,30,3,27,2,1,0,1,30,3,27,2,1,0,1
13629,7,dublin,HIGH STREET,High Street,False,False,OPEN,2024-12-31 14:02:30,True,False,,,53.343565,-6.275071,29,3,26,1,2,0,2,29,3,26,1,2,0,2
13630,60,dublin,NORTH CIRCULAR ROAD,North Circular Road,False,False,OPEN,2024-12-31 14:04:33,True,False,,,53.359624,-6.260348,30,22,8,15,7,0,7,30,22,8,15,7,0,7
13631,102,dublin,WESTERN WAY,Western Way,False,False,OPEN,2024-12-31 14:01:08,True,False,,,53.354929,-6.269425,40,11,29,10,1,0,1,40,11,29,10,1,0,1
13632,38,dublin,TALBOT STREET,Talbot Street,False,False,OPEN,2024-12-31 14:07:37,True,False,,,53.350974,-6.25294,40,38,2,28,10,0,10,40,38,2,28,10,0,10
13633,53,dublin,NEWMAN HOUSE,Newman House,False,False,OPEN,2024-12-31 14:03:05,True,False,,,53.337132,-6.26059,40,14,26,12,2,0,2,40,14,26,12,2,0,2
13634,58,dublin,SIR PATRICK DUN'S,Sir Patrick's Dun,False,False,OPEN,2024-12-31 14:04:55,True,False,,,53.339218,-6.240642,40,2,38,2,0,0,0,40,2,38,2,0,0,0
13635,66,dublin,NEW CENTRAL BANK,New Central Bank,False,False,OPEN,2024-12-31 14:05:01,True,False,,,53.347122,-6.234749,40,15,25,11,4,0,4,40,15,25,11,4,0,4
13636,104,dublin,GRANGEGORMAN LOWER (CENTRAL),Grangegorman Lower (Central),False,False,OPEN,2024-12-31 14:05:12,True,False,,,53.355173,-6.278424,40,19,21,10,9,0,9,40,19,21,10,9,0,9
13637,101,dublin,KING STREET NORTH,King Street North,False,False,OPEN,2024-12-31 14:01:29,True,False,,,53.350291,-6.273507,30,1,29,0,1,0,1,30,1,29,0,1,0,1
13638,115,dublin,KILLARNEY STREET,Killarney Street,False,False,OPEN,2024-12-31 14:03:59,True,False,,,53.354845,-6.247579,30,22,8,10,12,0,12,30,22,8,10,12,0,12
13639,47,dublin,HERBERT STREET,Herbert Street,False,False,OPEN,2024-12-31 14:01:23,True,False,,,53.335742,-6.24551,40,2,38,1,1,0,1,40,2,38,1,1,0,1
13640,117,dublin,HANOVER QUAY EAST,Hanover Quay East,False,False,OPEN,2024-12-31 14:00:40,True,False,,,53.343653,-6.231755,40,5,35,3,2,0,2,40,5,35,3,2,0,2
13641,8,dublin,CUSTOM HOUSE QUAY,Custom House Quay,False,False,OPEN,2024-12-31 14:03:35,True,False,,,53.347884,-6.248048,30,7,23,5,2,0,2,30,7,23,5,2,0,2
13642,27,dublin,MOLESWORTH STREET,Molesworth Street,False,False,OPEN,2024-12-31 14:00:58,True,False,,,53.341288,-6.258117,20,14,6,1,13,0,13,20,14,6,1,13,0,13
13643,16,dublin,GEORGES QUAY,Georges Quay,False,False,OPEN,2024-12-31 14:01:53,True,False,,,53.347508,-6.252192,20,3,17,2,1,0,1,20,3,17,2,1,0,1
13644,96,dublin,KILMAINHAM LANE,Kilmainham Lane,False,False,OPEN,2024-12-31 14:00:04,True,False,,,53.341805,-6.305085,30,18,12,11,7,0,7,30,18,12,11,7,0,7
13645,82,dublin,MOUNT BROWN,Mount Brown,False,False,OPEN,2024-12-31 14:02:42,True,False,,,53.341645,-6.29719,22,8,14,2,6,0,6,22,8,14,2,6,0,6
13646,76,dublin,MARKET STREET SOUTH,Market Street South,False,False,OPEN,2024-12-31 14:01:58,True,False,,,53.342296,-6.287661,38,5,33,3,2,0,2,38,5,33,3,2,0,2
13647,71,dublin,KEVIN STREET,Kevin Street,False,False,OPEN,2024-12-31 14:02:12,True,False,,,53.337757,-6.267699,40,27,13,21,6,0,6,40,27,13,21,6,0,6
13648,79,dublin,ECCLES STREET EAST,Eccles Street East,False,False,OPEN,2024-12-31 14:05:38,True,False,,,53.358115,-6.265601,27,4,23,3,1,0,1,27,4,23,3,1,0,1
13649,69,dublin,GRAND CANAL DOCK,Grand Canal Dock,False,False,OPEN,2024-12-31 14:04:50,True,False,,,53.342638,-6.238695,40,37,3,28,9,0,9,40,37,3,28,9,0,9
13650,25,dublin,MERRION SQUARE EAST,Merrion Square East,False,False,OPEN,2024-12-31 14:05:49,True,False,,,53.339434,-6.246548,30,8,22,2,6,0,6,30,8,22,2,6,0,6
13651,51,dublin,YORK STREET WEST,York Street West,False,False,OPEN,2024-12-31 13:59:21,True,False,,,53.339334,-6.264699,40,0,0,0,0,0,0,40,0,0,0,0,0,0
13652,37,dublin,ST. STEPHEN'S GREEN SOUTH,St. Stephen's Green South,False,False,OPEN,2024-12-31 14:02:24,True,False,,,53.337494,-6.26199,30,6,24,2,4,0,4,30,6,24,2,4,0,4
13653,59,dublin,DENMARK STREET GREAT,Denmark Street Great,False,False,OPEN,2024-12-31 14:03:53,True,False,,,53.35561,-6.261397,20,1,19,1,0,0,0,20,1,19,1,0,0,0
13654,95,dublin,ROYAL HOSPITAL,Royal Hospital,False,False,OPEN,2024-12-31 14:06:29,True,False,,,53.343897,-6.29706,40,27,13,11,16,0,16,40,27,13,11,16,0,16
13655,94,dublin,HEUSTON STATION (CAR PARK),Heuston Station (Car Park),False,False,OPEN,2024-12-31 14:02:54,True,False,,,53.346985,-6.297804,40,10,30,10,0,0,0,40,10,30,10,0,0,0
13656,105,dublin,GRANGEGORMAN LOWER (NORTH),Grangegorman Lower (North),False,False,OPEN,2024-12-31 14:04:36,True,False,,,53.355954,-6.278378,36,13,23,7,6,0,6,36,13,23,7,6,0,6
13657,36,dublin,ST. STEPHEN'S GREEN EAST,St. Stephen's Green East,False,False,OPEN,2024-12-31 14:04:27,True,False,,,53.337824,-6.256035,40,7,33,5,2,0,2,40,7,33,5,2,0,2
13658,93,dublin,HEUSTON STATION (CENTRAL),Heuston Station (Central),False,False,OPEN,2024-12-31 14:02:50,True,False,,,53.346603,-6.296924,40,6,34,6,0,0,0,40,6,34,6,0,0,0
13659,22,dublin,TOWNSEND STREET,Townsend Street,False,False,OPEN,2024-12-31 14:02:55,True,False,,,53.345922,-6.254614,20,14,6,11,3,0,3,20,14,6,11,3,0,3
13660,50,dublin,GEORGES LANE,George's Lane,False,False,OPEN,2024-12-31 14:07:09,True,False,,,53.35023,-6.279696,40,8,32,6,2,0,2,40,8,32,6,2,0,2
13661,110,dublin,PHIBSBOROUGH ROAD,Phibsborough Road,False,False,OPEN,2024-12-31 14:04:05,True,False,,,53.356307,-6.273717,40,19,21,11,8,0,8,40,19,21,11,8,0,8
13662,12,dublin,ECCLES STREET,Eccles Street,False,False,OPEN,2024-12-31 14:01:52,True,False,,,53.359246,-6.269779,20,1,19,1,0,0,0,20,1,19,1,0,0,0
13663,34,dublin,PORTOBELLO HARBOUR,Portobello Harbour,False,False,OPEN,2024-12-31 14:04:34,True,False,,,53.330362,-6.265163,30,25,5,11,14,0,14,30,25,5,11,14,0,14
13664,78,dublin,MATER HOSPITAL,Mater Hospital,False,False,OPEN,2024-12-31 14:03:53,True,False,,,53.359967,-6.264828,40,14,25,10,4,0,4,40,14,25,10,4,0,4
13665,2,dublin,BLESSINGTON STREET,Blessington Street,False,False,OPEN,2024-12-31 14:01:07,True,False,,,53.356769,-6.26814,20,0,20,0,0,0,0,20,0,20,0,0,0,0
13666,75,dublin,JAMES STREET,James Street,False,False,OPEN,2024-12-31 14:05:27,True,False,,,53.343456,-6.287409,40,26,14,17,9,0,9,40,26,14,17,9,0,9
13667,111,dublin,MOUNTJOY SQUARE EAST,Mountjoy Square East,False,False,OPEN,2024-12-31 14:01:07,True,False,,,53.356717,-6.256359,40,2,38,0,2,0,2,40,2,38,0,2,0,2
13668,26,dublin,MERRION SQUARE WEST,Merrion Square West,False,False,OPEN,2024-12-31 14:01:11,True,False,,,53.339764,-6.251988,20,7,13,4,3,0,3,20,7,13,4,3,0,3
13669,65,dublin,CONVENTION CENTRE,Convention Centre,False,False,OPEN,2024-12-31 14:05:27,True,False,,,53.34744,-6.238523,40,0,40,0,0,0,0,40,0,40,0,0,0,0
13670,15,dublin,HARDWICKE STREET,Hardwicke Street,False,False,OPEN,2024-12-31 14:05:13,True,False,,,53.355473,-6.264423,16,0,16,0,0,0,0,16,0,16,0,0,0,0
13671,86,dublin,PARKGATE STREET,Parkgate Street,False,False,OPEN,2024-12-31 14:02:51,True,False,,,53.347972,-6.291804,38,16,22,3,13,0,13,38,16,22,3,13,0,13
13672,35,dublin,SMITHFIELD,Smithfield,False,False,OPEN,2024-12-31 14:05:23,True,False,,,53.347692,-6.278214,30,26,4,14,12,0,12,30,26,4,14,12,0,12
13673,10,dublin,DAME STREET,Dame Street,False,False,OPEN,2024-12-31 14:04:44,True,False,,,53.344007,-6.266802,16,5,11,4,1,0,1,16,5,11,4,1,0,1
13674,100,dublin,HEUSTON BRIDGE (SOUTH),Heuston Bridge (South),False,False,OPEN,2024-12-31 14:06:22,True,False,,,53.347106,-6.292041,25,21,4,10,11,0,11,25,21,4,10,11,0,11
13675,24,dublin,CATHAL BRUGHA STREET,Cathal Brugha Street,False,False,OPEN,2024-12-31 14:03:41,True,False,,,53.352149,-6.260533,20,11,9,7,4,0,4,20,11,9,7,4,0,4
13676,64,dublin,SANDWITH STREET,Sandwith Street,False,False,OPEN,2024-12-31 14:04:51,True,False,,,53.345203,-6.247163,40,11,29,9,2,0,2,40,11,29,9,2,0,2
13677,109,dublin,BUCKINGHAM STREET LOWER,Buckingham Street Lower,False,False,OPEN,2024-12-31 14:02:38,True,False,,,53.353331,-6.249319,29,8,21,4,4,0,4,29,8,21,4,4,0,4
13678,85,dublin,ROTHE ABBEY,Rothe Abbey,False,False,OPEN,2024-12-31 14:07:32,True,False,,,53.338776,-6.30395,35,32,3,16,16,0,16,35,32,3,16,16,0,16
13679,107,dublin,CHARLEVILLE ROAD,Charleville Road,False,False,OPEN,2024-12-31 14:03:22,True,False,,,53.359157,-6.281866,40,6,34,3,3,0,3,40,6,34,3,3,0,3
13680,33,dublin,PRINCES STREET / O'CONNELL STREET,Princes Street / O'Connell Street,False,False,OPEN,2024-12-31 14:03:47,True,False,,,53.349013,-6.260311,23,5,18,3,2,0,2,23,5,18,3,2,0,2
13681,44,dublin,UPPER SHERRARD STREET,Upper Sherrard Street,False,False,OPEN,2024-12-31 14:03:49,True,False,,,53.358437,-6.260641,30,7,23,3,4,0,4,30,7,23,3,4,0,4
13682,89,dublin,FITZWILLIAM SQUARE EAST,Fitzwilliam Square East,False,False,OPEN,2024-12-31 14:04:05,True,False,,,53.335211,-6.2509,40,18,22,10,8,0,8,40,18,22,10,8,0,8
13683,57,dublin,GRATTAN STREET,Grattan Street,False,False,OPEN,2024-12-31 14:03:12,True,False,,,53.339629,-6.243778,23,9,14,6,3,0,3,23,9,14,6,3,0,3
13684,80,dublin,ST JAMES HOSPITAL (LUAS),St James Hospital (Luas),False,False,OPEN,2024-12-31 14:04:10,True,False,,,53.341359,-6.292951,40,23,17,12,11,0,11,40,23,17,12,11,0,11
13685,41,dublin,HARCOURT TERRACE,Harcourt Terrace,False,False,OPEN,2024-12-31 14:02:12,True,False,,,53.332763,-6.257942,20,17,3,10,7,0,7,20,17,3,10,7,0,7
13686,3,dublin,BOLTON STREET,Bolton Street,False,False,OPEN,2024-12-31 14:03:31,True,False,,,53.351182,-6.269859,20,1,19,1,0,0,0,20,1,19,1,0,0,0
13687,40,dublin,JERVIS STREET,Jervis Street,False,False,OPEN,2024-12-31 14:04:40,True,False,,,53.3483,-6.266651,21,19,2,12,7,0,7,21,19,2,12,7,0,7
13688,29,dublin,ORMOND QUAY UPPER,Ormond Quay Upper,False,False,OPEN,2024-12-31 14:03:52,True,False,,,53.346057,-6.268001,29,10,19,5,5,0,5,29,10,19,5,5,0,5
13689,103,dublin,GRANGEGORMAN LOWER (SOUTH),Grangegorman Lower (South),False,False,OPEN,2024-12-31 14:02:56,True,False,,,53.354663,-6.278681,40,4,36,3,1,0,1,40,4,36,3,1,0,1
13690,28,dublin,MOUNTJOY SQUARE WEST,Mountjoy Square West,False,False,OPEN,2024-12-31 14:04:41,True,False,,,53.356299,-6.258586,30,11,19,2,9,0,9,30,11,19,2,9,0,9
13691,39,dublin,WILTON TERRACE,Wilton Terrace,False,False,OPEN,2024-12-31 14:05:22,True,False,,,53.332383,-6.252717,20,6,14,4,2,0,2,20,6,14,4,2,0,2
13692,83,dublin,EMMET ROAD,Emmet Road,False,False,OPEN,2024-12-31 14:04:54,True,False,,,53.340714,-6.308191,40,28,12,15,13,0,13,40,28,12,15,13,0,13
13693,92,dublin,HEUSTON BRIDGE (NORTH),Heuston Bridge (North),False,False,OPEN,2024-12-31 14:02:49,True,False,,,53.347802,-6.292432,40,30,10,18,12,0,12,40,30,10,18,12,0,12
13694,21,dublin,LEINSTER STREET SOUTH,Leinster Street South,False,False,OPEN,2024-12-31 14:01:19,True,False,,,53.34218,-6.254485,30,11,19,10,1,0,1,30,11,19,10,1,0,1
13695,88,dublin,BLACKHALL PLACE,Blackhall Place,False,False,OPEN,2024-12-31 14:02:30,True,False,,,53.3488,-6.281637,30,0,30,0,0,0,0,30,0,30,0,0,0,0
13696,42,dublin,SMITHFIELD NORTH,Smithfield North,False,False,OPEN,2024-12-31 14:35:00,True,False,,,53.349562,-6.278198,30,17,13,12,5,0,5,30,17,13,12,5,0,5
13697,30,dublin,PARNELL SQUARE NORTH,Parnell Square North,False,False,OPEN,2024-12-31 14:29:07,True,False,,,53.3537415547453,-6.26530144781526,20,0,20,0,0,0,0,20,0,20,0,0,0,0
13698,54,dublin,CLONMEL STREET,Clonmel Street,False,False,OPEN,2024-12-31 14:34:11,True,False,,,53.336021,-6.26298,33,16,17,8,8,0,8,33,16,17,8,8,0,8
13699,108,dublin,AVONDALE ROAD,Avondale Road,False,False,OPEN,2024-12-31 14:32:22,True,False,,,53.359405,-6.276142,35,13,22,8,5,0,5,35,13,22,8,5,0,5
13700,20,dublin,JAMES STREET EAST,James Street East,False,False,OPEN,2024-12-31 14:35:07,True,False,,,53.336597,-6.248109,30,3,27,1,2,0,2,30,3,27,1,2,0,2
13701,56,dublin,MOUNT STREET LOWER,Mount Street Lower,False,False,OPEN,2024-12-31 14:37:16,True,False,,,53.33796,-6.24153,40,19,21,11,8,0,8,40,19,21,11,8,0,8
13702,6,dublin,CHRISTCHURCH PLACE,Christchurch Place,False,False,OPEN,2024-12-31 14:32:46,True,False,,,53.343368,-6.27012,20,10,10,4,6,0,6,20,10,10,4,6,0,6
13703,18,dublin,GRANTHAM STREET,Grantham Street,False,False,OPEN,2024-12-31 14:33:33,True,False,,,53.334123,-6.265436,30,0,30,0,0,0,0,30,0,30,0,0,0,0
13704,32,dublin,PEARSE STREET,Pearse Street,False,False,OPEN,2024-12-31 14:31:12,True,False,,,53.344304,-6.250427,30,14,16,9,5,0,5,30,14,16,9,5,0,5
13705,52,dublin,YORK STREET EAST,York Street East,False,False,OPEN,2024-12-31 14:31:55,True,False,,,53.338755,-6.262003,32,13,19,7,6,0,6,32,13,19,7,6,0,6
13706,48,dublin,EXCISE WALK,Excise Walk,False,False,OPEN,2024-12-31 14:32:16,True,False,,,53.347777,-6.244239,40,7,33,7,0,0,0,40,7,33,7,0,0,0
13707,13,dublin,FITZWILLIAM SQUARE WEST,Fitzwilliam Square West,False,False,OPEN,2024-12-31 14:34:29,True,False,,,53.336074,-6.252825,30,27,3,13,14,0,14,30,27,3,13,14,0,14
13708,43,dublin,PORTOBELLO ROAD,Portobello Road,False,False,OPEN,2024-12-31 14:33:01,True,False,,,53.330091,-6.268044,30,19,11,11,8,0,8,30,19,11,11,8,0,8
13709,31,dublin,PARNELL STREET,Parnell Street,False,False,OPEN,2024-12-31 14:31:05,True,False,,,53.350929,-6.265125,20,14,6,5,9,0,9,20,14,6,5,9,0,9
13710,98,dublin,FREDERICK STREET SOUTH,Frederick Street South,False,False,OPEN,2024-12-31 14:32:19,True,False,,,53.341515,-6.256853,40,19,21,15,4,0,4,40,19,21,15,4,0,4
13711,14,dublin,FOWNES STREET UPPER,Fownes Street Upper,False,False,OPEN,2024-12-31 14:34:38,True,False,,,53.344603,-6.263371,30,5,25,5,0,0,0,30,5,25,5,0,0,0
13712,1,dublin,CLARENDON ROW,Clarendon Row,False,False,OPEN,2024-12-31 14:31:38,True,False,,,53.340927,-6.262501,31,6,25,1,5,0,5,31,6,25,1,5,0,5
13713,23,dublin,CUSTOM HOUSE,Custom House,False,False,OPEN,2024-12-31 14:33:16,True,False,,,53.348279,-6.254662,30,3,27,3,0,0,0,30,3,27,3,0,0,0
13714,106,dublin,RATHDOWN ROAD,Rathdown Road,False,False,OPEN,2024-12-31 14:30:42,True,False,,,53.35893,-6.280337,40,3,37,3,0,0,0,40,3,37,3,0,0,0
13715,112,dublin,NORTH CIRCULAR ROAD (O'CONNELL'S),North Circular Road (O'Connell's),False,False,OPEN,2024-12-31 14:32:13,True,False,,,53.357841,-6.251557,30,18,12,11,7,0,7,30,18,12,11,7,0,7
13716,68,dublin,HANOVER QUAY,Hanover Quay,False,False,OPEN,2024-12-31 14:33:11,True,False,,,53.344115,-6.237153,40,16,24,11,5,0,5,40,16,24,11,5,0,5
13717,74,dublin,OLIVER BOND STREET,Oliver Bond Street,False,False,OPEN,2024-12-31 14:33:48,True,False,,,53.343893,-6.280531,30,12,18,5,7,0,7,30,12,18,5,7,0,7
13718,87,dublin,COLLINS BARRACKS MUSEUM,Collins Barracks Museum,False,False,OPEN,2024-12-31 14:36:16,True,False,,,53.347477,-6.28525,38,19,19,11,8,0,8,38,19,19,11,8,0,8
13719,84,dublin,BROOKFIELD ROAD,Brookfield Road,False,False,OPEN,2024-12-31 14:37:04,True,False,,,53.339005,-6.300217,30,22,8,11,11,0,11,30,22,8,11,11,0,11
13720,90,dublin,BENSON STREET,Benson Street,False,False,OPEN,2024-12-31 14:29:19,True,False,,,53.344153,-6.233451,40,1,39,1,0,0,0,40,1,39,1,0,0,0
13721,11,dublin,EARLSFORT TERRACE,Earlsfort Terrace,False,False,OPEN,2024-12-31 14:31:33,True,False,,,53.334295,-6.258503,30,24,6,19,5,0,5,30,24,6,19,5,0,5
13722,17,dublin,GOLDEN LANE,Golden Lane,False,False,OPEN,2024-12-31 14:34:05,True,False,,,53.340803,-6.267732,20,8,12,5,3,0,3,20,8,12,5,3,0,3
13723,45,dublin,DEVERELL PLACE,Deverell Place,False,False,OPEN,2024-12-31 14:34:01,True,False,,,53.351464,-6.255265,30,2,28,1,1,0,1,30,2,28,1,1,0,1
13724,114,dublin,WILTON TERRACE (PARK),Wilton Terrace (Park),False,False,OPEN,2024-12-31 14:35:08,True,False,,,53.333653,-6.248345,40,7,33,7,0,0,0,40,7,33,7,0,0,0
13725,72,dublin,JOHN STREET WEST,John Street West,False,False,OPEN,2024-12-31 14:32:12,True,False,,,53.343105,-6.277167,31,4,27,2,2,0,2,31,4,27,2,2,0,2
13726,63,dublin,FENIAN STREET,Fenian Street,False,False,OPEN,2024-12-31 14:34:37,True,False,,,53.341428,-6.24672,35,14,21,4,10,0,10,35,14,21,4,10,0,10
13727,113,dublin,MERRION SQUARE SOUTH,Merrion Square South,False,False,OPEN,2024-12-31 14:37:21,True,False,,,53.338614,-6.248606,40,6,23,5,1,0,1,40,6,23,5,1,0,1
13728,91,dublin,SOUTH DOCK ROAD,South Dock Road,False,False,OPEN,2024-12-31 14:32:42,True,False,,,53.341833,-6.231291,30,18,12,10,8,0,8,30,18,12,10,8,0,8
13729,99,dublin,CITY QUAY,City Quay,False,False,OPEN,2024-12-31 14:33:44,True,False,,,53.346637,-6.246154,30,16,14,6,10,0,10,30,16,14,6,10,0,10
13730,9,dublin,EXCHEQUER STREET,Exchequer Street,False,False,OPEN,2024-12-31 14:34:23,True,False,,,53.343034,-6.263578,24,12,12,7,5,0,5,24,12,12,7,5,0,5
13731,67,dublin,THE POINT,The Point,False,False,OPEN,2024-12-31 14:35:12,True,False,,,53.346867,-6.230852,40,21,19,16,5,0,5,40,21,19,16,5,0,5
13732,116,dublin,BROADSTONE,Broadstone,False,False,OPEN,2024-12-31 14:32:34,True,False,,,53.3547,-6.272314,30,16,14,9,7,0,7,30,16,14,9,7,0,7
13733,55,dublin,HATCH STREET,Hatch Street,False,False,OPEN,2024-12-31 14:34:39,True,False,,,53.33403,-6.260714,36,8,28,6,2,0,2,36,8,28,6,2,0,2
13734,62,dublin,LIME STREET,Lime Street,False,False,OPEN,2024-12-31 14:37:19,True,False,,,53.346026,-6.243576,40,18,22,7,11,0,11,40,18,22,7,11,0,11
13735,5,dublin,CHARLEMONT PLACE,Charlemont Street,False,False,OPEN,2024-12-31 14:34:58,True,False,,,53.330662,-6.260177,40,12,28,9,3,0,3,40,12,28,9,3,0,3
13736,97,dublin,KILMAINHAM GAOL,Kilmainham Gaol,False,False,OPEN,2024-12-31 14:31:57,True,False,,,53.342113,-6.310015,40,24,16,13,11,0,11,40,24,16,13,11,0,11
13737,61,dublin,HARDWICKE PLACE,Hardwicke Place,False,False,OPEN,2024-12-31 14:31:02,True,False,,,53.357043,-6.263232,25,0,25,0,0,0,0,25,0,25,0,0,0,0
13738,77,dublin,WOLFE TONE STREET,Wolfe Tone Street,False,False,OPEN,2024-12-31 14:32:08,True,False,,,53.348875,-6.267459,29,10,19,6,4,0,4,29,10,19,6,4,0,4
13739,73,dublin,FRANCIS STREET,Francis Street,False,False,OPEN,2024-12-31 14:33:32,True,False,,,53.342081,-6.275233,30,2,28,2,0,0,0,30,2,28,2,0,0,0
13740,4,dublin,GREEK STREET,Greek Street,False,False,OPEN,2024-12-31 14:34:10,True,False,,,53.346874,-6.272976,20,16,4,4,12,0,12,20,16,4,4,12,0,12
13741,49,dublin,GUILD STREET,Guild Street,False,False,OPEN,2024-12-31 14:34:05,True,False,,,53.347932,-6.240928,40,19,21,12,7,0,7,40,19,21,12,7,0,7
13742,19,dublin,HERBERT PLACE,Herbert Place,False,False,OPEN,2024-12-31 14:34:47,True,False,,,53.334432,-6.245575,30,2,28,1,1,0,1,30,2,28,1,1,0,1
13743,7,dublin,HIGH STREET,High Street,False,False,OPEN,2024-12-31 14:32:46,True,False,,,53.343565,-6.275071,29,3,26,1,2,0,2,29,3,26,1,2,0,2
13744,60,dublin,NORTH CIRCULAR ROAD,North Circular Road,False,False,OPEN,2024-12-31 14:34:47,True,False,,,53.359624,-6.260348,30,21,9,14,7,0,7,30,21,9,14,7,0,7
13745,102,dublin,WESTERN WAY,Western Way,False,False,OPEN,2024-12-31 14:31:23,True,False,,,53.354929,-6.269425,40,10,30,9,1,0,1,40,10,30,9,1,0,1
13746,38,dublin,TALBOT STREET,Talbot Street,False,False,OPEN,2024-12-31 14:27:39,True,False,,,53.350974,-6.25294,40,37,3,28,9,0,9,40,37,3,28,9,0,9
13747,53,dublin,NEWMAN HOUSE,Newman House,False,False,OPEN,2024-12-31 14:33:21,True,False,,,53.337132,-6.26059,40,14,26,12,2,0,2,40,14,26,12,2,0,2
13748,58,dublin,SIR PATRICK DUN'S,Sir Patrick's Dun,False,False,OPEN,2024-12-31 14:35:07,True,False,,,53.339218,-6.240642,40,2,38,2,0,0,0,40,2,38,2,0,0,0
13749,66,dublin,NEW CENTRAL BANK,New Central Bank,False,False,OPEN,2024-12-31 14:30:26,True,False,,,53.347122,-6.234749,40,15,25,11,4,0,4,40,15,25,11,4,0,4
13750,104,dublin,GRANGEGORMAN LOWER (CENTRAL),Grangegorman Lower (Central),False,False,OPEN,2024-12-31 14:35:28,True,False,,,53.355173,-6.278424,40,19,21,10,9,0,9,40,19,21,10,9,0,9
13751,101,dublin,KING STREET NORTH,King Street North,False,False,OPEN,2024-12-31 14:31:45,True,False,,,53.350291,-6.273507,30,1,29,0,1,0,1,30,1,29,0,1,0,1
13752,115,dublin,KILLARNEY STREET,Killarney Street,False,False,OPEN,2024-12-31 14:34:12,True,False,,,53.354845,-6.247579,30,22,8,11,11,0,11,30,22,8,11,11,0,11
13753,47,dublin,HERBERT STREET,Herbert Street,False,False,OPEN,2024-12-31 14:31:38,True,False,,,53.335742,-6.24551,40,1,39,0,1,0,1,40,1,39,0,1,0,1
13754,117,dublin,HANOVER QUAY EAST,Hanover Quay East,False,False,OPEN,2024-12-31 14:30:51,True,False,,,53.343653,-6.231755,40,8,32,5,3,0,3,40,8,32,5,3,0,3
13755,8,dublin,CUSTOM HOUSE QUAY,Custom House Quay,False,False,OPEN,2024-12-31 14:33:50,True,False,,,53.347884,-6.248048,30,6,24,5,1,0,1,30,6,24,5,1,0,1
13756,27,dublin,MOLESWORTH STREET,Molesworth Street,False,False,OPEN,2024-12-31 14:31:13,True,False,,,53.341288,-6.258117,20,13,7,0,13,0,13,20,13,7,0,13,0,13
13757,16,dublin,GEORGES QUAY,Georges Quay,False,False,OPEN,2024-12-31 14:32:10,True,False,,,53.347508,-6.252192,20,3,17,2,1,0,1,20,3,17,2,1,0,1
13758,96,dublin,KILMAINHAM LANE,Kilmainham Lane,False,False,OPEN,2024-12-31 14:30:18,True,False,,,53.341805,-6.305085,30,18,12,11,7,0,7,30,18,12,11,7,0,7
13759,82,dublin,MOUNT BROWN,Mount Brown,False,False,OPEN,2024-12-31 14:32:57,True,False,,,53.341645,-6.29719,22,8,14,2,6,0,6,22,8,14,2,6,0,6
13760,76,dublin,MARKET STREET SOUTH,Market Street South,False,False,OPEN,2024-12-31 14:32:15,True,False,,,53.342296,-6.287661,38,5,33,3,2,0,2,38,5,33,3,2,0,2
13761,71,dublin,KEVIN STREET,Kevin Street,False,False,OPEN,2024-12-31 14:32:30,True,False,,,53.337757,-6.267699,40,28,12,22,6,0,6,40,28,12,22,6,0,6
13762,79,dublin,ECCLES STREET EAST,Eccles Street East,False,False,OPEN,2024-12-31 14:35:49,True,False,,,53.358115,-6.265601,27,4,23,3,1,0,1,27,4,23,3,1,0,1
13763,69,dublin,GRAND CANAL DOCK,Grand Canal Dock,False,False,OPEN,2024-12-31 14:35:38,True,False,,,53.342638,-6.238695,40,36,4,27,9,0,9,40,36,4,27,9,0,9
13764,25,dublin,MERRION SQUARE EAST,Merrion Square East,False,False,OPEN,2024-12-31 14:35:14,True,False,,,53.339434,-6.246548,30,8,22,2,6,0,6,30,8,22,2,6,0,6
13765,51,dublin,YORK STREET WEST,York Street West,False,False,OPEN,2024-12-31 14:29:32,True,False,,,53.339334,-6.264699,40,0,0,0,0,0,0,40,0,0,0,0,0,0
13766,37,dublin,ST. STEPHEN'S GREEN SOUTH,St. Stephen's Green South,False,False,OPEN,2024-12-31 14:32:40,True,False,,,53.337494,-6.26199,30,6,24,2,4,0,4,30,6,24,2,4,0,4
13767,59,dublin,DENMARK STREET GREAT,Denmark Street Great,False,False,OPEN,2024-12-31 14:34:06,True,False,,,53.35561,-6.261397,20,1,19,1,0,0,0,20,1,19,1,0,0,0
13768,95,dublin,ROYAL HOSPITAL,Royal Hospital,False,False,OPEN,2024-12-31 14:36:44,True,False,,,53.343897,-6.29706,40,27,13,11,16,0,16,40,27,13,11,16,0,16
13769,94,dublin,HEUSTON STATION (CAR PARK),Heuston Station (Car Park),False,False,OPEN,2024-12-31 14:33:07,True,False,,,53.346985,-6.297804,40,10,30,10,0,0,0,40,10,30,10,0,0,0
13770,105,dublin,GRANGEGORMAN LOWER (NORTH),Grangegorman Lower (North),False,False,OPEN,2024-12-31 14:34:50,True,False,,,53.355954,-6.278378,36,13,23,7,6,0,6,36,13,23,7,6,0,6
13771,36,dublin,ST. STEPHEN'S GREEN EAST,St. Stephen's Green East,False,False,OPEN,2024-12-31 14:32:27,True,False,,,53.337824,-6.256035,40,7,33,5,2,0,2,40,7,33,5,2,0,2
13772,93,dublin,HEUSTON STATION (CENTRAL),Heuston Station (Central),False,False,OPEN,2024-12-31 14:33:03,True,False,,,53.346603,-6.296924,40,6,34,6,0,0,0,40,6,34,6,0,0,0
13773,22,dublin,TOWNSEND STREET,Townsend Street,False,False,OPEN,2024-12-31 14:33:10,True,False,,,53.345922,-6.254614,20,14,6,11,3,0,3,20,14,6,11,3,0,3
13774,50,dublin,GEORGES LANE,George's Lane,False,False,OPEN,2024-12-31 14:37:25,True,False,,,53.35023,-6.279696,40,8,32,6,2,0,2,40,8,32,6,2,0,2
13775,110,dublin,PHIBSBOROUGH ROAD,Phibsborough Road,False,False,OPEN,2024-12-31 14:34:15,True,False,,,53.356307,-6.273717,40,19,21,11,8,0,8,40,19,21,11,8,0,8
13776,12,dublin,ECCLES STREET,Eccles Street,False,False,OPEN,2024-12-31 14:32:06,True,False,,,53.359246,-6.269779,20,0,20,0,0,0,0,20,0,20,0,0,0,0
13777,34,dublin,PORTOBELLO HARBOUR,Portobello Harbour,False,False,OPEN,2024-12-31 14:33:27,True,False,,,53.330362,-6.265163,30,25,5,11,14,0,14,30,25,5,11,14,0,14
13778,78,dublin,MATER HOSPITAL,Mater Hospital,False,False,OPEN,2024-12-31 14:34:10,True,False,,,53.359967,-6.264828,40,14,25,10,4,0,4,40,14,25,10,4,0,4
13779,2,dublin,BLESSINGTON STREET,Blessington Street,False,False,OPEN,2024-12-31 14:31:19,True,False,,,53.356769,-6.26814,20,0,20,0,0,0,0,20,0,20,0,0,0,0
13780,75,dublin,JAMES STREET,James Street,False,False,OPEN,2024-12-31 14:35:43,True,False,,,53.343456,-6.287409,40,26,14,17,9,0,9,40,26,14,17,9,0,9
13781,111,dublin,MOUNTJOY SQUARE EAST,Mountjoy Square East,False,False,OPEN,2024-12-31 14:31:21,True,False,,,53.356717,-6.256359,40,3,37,1,2,0,2,40,3,37,1,2,0,2
13782,26,dublin,MERRION SQUARE WEST,Merrion Square West,False,False,OPEN,2024-12-31 14:31:24,True,False,,,53.339764,-6.251988,20,7,13,4,3,0,3,20,7,13,4,3,0,3
13783,65,dublin,CONVENTION CENTRE,Convention Centre,False,False,OPEN,2024-12-31 14:35:42,True,False,,,53.34744,-6.238523,40,1,39,1,0,0,0,40,1,39,1,0,0,0
13784,15,dublin,HARDWICKE STREET,Hardwicke Street,False,False,OPEN,2024-12-31 14:35:28,True,False,,,53.355473,-6.264423,16,0,16,0,0,0,0,16,0,16,0,0,0,0
13785,86,dublin,PARKGATE STREET,Parkgate Street,False,False,OPEN,2024-12-31 14:33:07,True,False,,,53.347972,-6.291804,38,16,22,3,13,0,13,38,16,22,3,13,0,13
13786,35,dublin,SMITHFIELD,Smithfield,False,False,OPEN,2024-12-31 14:35:36,True,False,,,53.347692,-6.278214,30,26,4,14,12,0,12,30,26,4,14,12,0,12
13787,10,dublin,DAME STREET,Dame Street,False,False,OPEN,2024-12-31 14:34:55,True,False,,,53.344007,-6.266802,16,6,10,4,2,0,2,16,6,10,4,2,0,2
13788,100,dublin,HEUSTON BRIDGE (SOUTH),Heuston Bridge (South),False,False,OPEN,2024-12-31 14:28:16,True,False,,,53.347106,-6.292041,25,23,2,10,13,0,13,25,23,2,10,13,0,13
13789,24,dublin,CATHAL BRUGHA STREET,Cathal Brugha Street,False,False,OPEN,2024-12-31 14:33:56,True,False,,,53.352149,-6.260533,20,10,10,6,4,0,4,20,10,10,6,4,0,4
13790,64,dublin,SANDWITH STREET,Sandwith Street,False,False,OPEN,2024-12-31 14:35:08,True,False,,,53.345203,-6.247163,40,10,30,8,2,0,2,40,10,30,8,2,0,2
13791,109,dublin,BUCKINGHAM STREET LOWER,Buckingham Street Lower,False,False,OPEN,2024-12-31 14:32:48,True,False,,,53.353331,-6.249319,29,8,21,4,4,0,4,29,8,21,4,4,0,4
13792,85,dublin,ROTHE ABBEY,Rothe Abbey,False,False,OPEN,2024-12-31 14:33:51,True,False,,,53.338776,-6.30395,35,32,3,16,16,0,16,35,32,3,16,16,0,16
13793,107,dublin,CHARLEVILLE ROAD,Charleville Road,False,False,OPEN,2024-12-31 14:33:38,True,False,,,53.359157,-6.281866,40,6,34,3,3,0,3,40,6,34,3,3,0,3
13794,33,dublin,PRINCES STREET / O'CONNELL STREET,Princes Street / O'Connell Street,False,False,OPEN,2024-12-31 14:34:03,True,False,,,53.349013,-6.260311,23,3,20,1,2,0,2,23,3,20,1,2,0,2
13795,44,dublin,UPPER SHERRARD STREET,Upper Sherrard Street,False,False,OPEN,2024-12-31 14:34:01,True,False,,,53.358437,-6.260641,30,8,22,4,4,0,4,30,8,22,4,4,0,4
13796,89,dublin,FITZWILLIAM SQUARE EAST,Fitzwilliam Square East,False,False,OPEN,2024-12-31 14:34:21,True,False,,,53.335211,-6.2509,40,18,22,10,8,0,8,40,18,22,10,8,0,8
13797,57,dublin,GRATTAN STREET,Grattan Street,False,False,OPEN,2024-12-31 14:33:30,True,False,,,53.339629,-6.243778,23,8,15,5,3,0,3,23,8,15,5,3,0,3
13798,80,dublin,ST JAMES HOSPITAL (LUAS),St James Hospital (Luas),False,False,OPEN,2024-12-31 14:34:24,True,False,,,53.341359,-6.292951,40,23,17,12,11,0,11,40,23,17,12,11,0,11
13799,41,dublin,HARCOURT TERRACE,Harcourt Terrace,False,False,OPEN,2024-12-31 14:32:28,True,False,,,53.332763,-6.257942,20,17,3,10,7,0,7,20,17,3,10,7,0,7
13800,3,dublin,BOLTON STREET,Bolton Street,False,False,OPEN,2024-12-31 14:33:45,True,False,,,53.351182,-6.269859,20,0,20,0,0,0,0,20,0,20,0,0,0,0
13801,40,dublin,JERVIS STREET,Jervis Street,False,False,OPEN,2024-12-31 14:34:59,True,False,,,53.3483,-6.266651,21,18,3,11,7,0,7,21,18,3,11,7,0,7
13802,29,dublin,ORMOND QUAY UPPER,Ormond Quay Upper,False,False,OPEN,2024-12-31 14:34:05,True,False,,,53.346057,-6.268001,29,10,19,5,5,0,5,29,10,19,5,5,0,5
13803,103,dublin,GRANGEGORMAN LOWER (SOUTH),Grangegorman Lower (South),False,False,OPEN,2024-12-31 14:33:09,True,False,,,53.354663,-6.278681,40,4,36,3,1,0,1,40,4,36,3,1,0,1
13804,28,dublin,MOUNTJOY SQUARE WEST,Mountjoy Square West,False,False,OPEN,2024-12-31 14:34:59,True,False,,,53.356299,-6.258586,30,12,18,3,9,0,9,30,12,18,3,9,0,9
13805,39,dublin,WILTON TERRACE,Wilton Terrace,False,False,OPEN,2024-12-31 14:35:40,True,False,,,53.332383,-6.252717,20,4,16,3,1,0,1,20,4,16,3,1,0,1
13806,83,dublin,EMMET ROAD,Emmet Road,False,False,OPEN,2024-12-31 14:35:09,True,False,,,53.340714,-6.308191,40,28,12,15,13,0,13,40,28,12,15,13,0,13
13807,92,dublin,HEUSTON BRIDGE (NORTH),Heuston Bridge (North),False,False,OPEN,2024-12-31 14:33:06,True,False,,,53.347802,-6.292432,40,30,10,18,12,0,12,40,30,10,18,12,0,12
13808,21,dublin,LEINSTER STREET SOUTH,Leinster Street South,False,False,OPEN,2024-12-31 14:31:38,True,False,,,53.34218,-6.254485,30,10,20,9,1,0,1,30,10,20,9,1,0,1
13809,88,dublin,BLACKHALL PLACE,Blackhall Place,False,False,OPEN,2024-12-31 14:32:43,True,False,,,53.3488,-6.281637,30,0,30,0,0,0,0,30,0,30,0,0,0,0
13810,42,dublin,SMITHFIELD NORTH,Smithfield North,False,False,OPEN,2024-12-31 15:05:15,True,False,,,53.349562,-6.278198,30,17,13,12,5,0,5,30,17,13,12,5,0,5
13811,30,dublin,PARNELL SQUARE NORTH,Parnell Square North,False,False,OPEN,2024-12-31 14:59:23,True,False,,,53.3537415547453,-6.26530144781526,20,0,20,0,0,0,0,20,0,20,0,0,0,0
13812,54,dublin,CLONMEL STREET,Clonmel Street,False,False,OPEN,2024-12-31 15:04:58,True,False,,,53.336021,-6.26298,33,16,17,8,8,0,8,33,16,17,8,8,0,8
13813,108,dublin,AVONDALE ROAD,Avondale Road,False,False,OPEN,2024-12-31 15:02:33,True,False,,,53.359405,-6.276142,35,13,22,8,5,0,5,35,13,22,8,5,0,5
13814,20,dublin,JAMES STREET EAST,James Street East,False,False,OPEN,2024-12-31 15:05:20,True,False,,,53.336597,-6.248109,30,3,27,1,2,0,2,30,3,27,1,2,0,2
13815,56,dublin,MOUNT STREET LOWER,Mount Street Lower,False,False,OPEN,2024-12-31 15:00:55,True,False,,,53.33796,-6.24153,40,19,21,11,8,0,8,40,19,21,11,8,0,8
13816,6,dublin,CHRISTCHURCH PLACE,Christchurch Place,False,False,OPEN,2024-12-31 15:03:05,True,False,,,53.343368,-6.27012,20,8,12,3,5,0,5,20,8,12,3,5,0,5
13817,18,dublin,GRANTHAM STREET,Grantham Street,False,False,OPEN,2024-12-31 15:03:46,True,False,,,53.334123,-6.265436,30,0,30,0,0,0,0,30,0,30,0,0,0,0
13818,32,dublin,PEARSE STREET,Pearse Street,False,False,OPEN,2024-12-31 15:01:26,True,False,,,53.344304,-6.250427,30,16,14,11,5,0,5,30,16,14,11,5,0,5
13819,52,dublin,YORK STREET EAST,York Street East,False,False,OPEN,2024-12-31 15:04:57,True,False,,,53.338755,-6.262003,32,12,20,6,6,0,6,32,12,20,6,6,0,6
13820,48,dublin,EXCISE WALK,Excise Walk,False,False,OPEN,2024-12-31 15:02:28,True,False,,,53.347777,-6.244239,40,7,33,7,0,0,0,40,7,33,7,0,0,0
13821,13,dublin,FITZWILLIAM SQUARE WEST,Fitzwilliam Square West,False,False,OPEN,2024-12-31 15:04:45,True,False,,,53.336074,-6.252825,30,27,3,13,14,0,14,30,27,3,13,14,0,14
13822,43,dublin,PORTOBELLO ROAD,Portobello Road,False,False,OPEN,2024-12-31 15:03:54,True,False,,,53.330091,-6.268044,30,18,12,10,8,0,8,30,18,12,10,8,0,8
13823,31,dublin,PARNELL STREET,Parnell Street,False,False,OPEN,2024-12-31 15:01:18,True,False,,,53.350929,-6.265125,20,13,7,5,8,0,8,20,13,7,5,8,0,8
13824,98,dublin,FREDERICK STREET SOUTH,Frederick Street South,False,False,OPEN,2024-12-31 15:02:30,True,False,,,53.341515,-6.256853,40,20,20,15,5,0,5,40,20,20,15,5,0,5
13825,14,dublin,FOWNES STREET UPPER,Fownes Street Upper,False,False,OPEN,2024-12-31 15:04:52,True,False,,,53.344603,-6.263371,30,5,25,5,0,0,0,30,5,25,5,0,0,0
13826,1,dublin,CLARENDON ROW,Clarendon Row,False,False,OPEN,2024-12-31 15:01:50,True,False,,,53.340927,-6.262501,31,6,25,1,5,0,5,31,6,25,1,5,0,5
13827,23,dublin,CUSTOM HOUSE,Custom House,False,False,OPEN,2024-12-31 15:04:23,True,False,,,53.348279,-6.254662,30,4,26,4,0,0,0,30,4,26,4,0,0,0
13828,106,dublin,RATHDOWN ROAD,Rathdown Road,False,False,OPEN,2024-12-31 15:06:26,True,False,,,53.35893,-6.280337,40,19,21,15,4,0,4,40,19,21,15,4,0,4
13829,112,dublin,NORTH CIRCULAR ROAD (O'CONNELL'S),North Circular Road (O'Connell's),False,False,OPEN,2024-12-31 15:02:27,True,False,,,53.357841,-6.251557,30,20,10,13,7,0,7,30,20,10,13,7,0,7
13830,68,dublin,HANOVER QUAY,Hanover Quay,False,False,OPEN,2024-12-31 15:02:55,True,False,,,53.344115,-6.237153,40,18,22,11,7,0,7,40,18,22,11,7,0,7
13831,74,dublin,OLIVER BOND STREET,Oliver Bond Street,False,False,OPEN,2024-12-31 15:04:02,True,False,,,53.343893,-6.280531,30,12,18,5,7,0,7,30,12,18,5,7,0,7
13832,87,dublin,COLLINS BARRACKS MUSEUM,Collins Barracks Museum,False,False,OPEN,2024-12-31 15:06:30,True,False,,,53.347477,-6.28525,38,19,19,11,8,0,8,38,19,19,11,8,0,8
13833,84,dublin,BROOKFIELD ROAD,Brookfield Road,False,False,OPEN,2024-12-31 15:07:17,True,False,,,53.339005,-6.300217,30,22,8,11,11,0,11,30,22,8,11,11,0,11
13834,90,dublin,BENSON STREET,Benson Street,False,False,OPEN,2024-12-31 14:59:36,True,False,,,53.344153,-6.233451,40,2,38,2,0,0,0,40,2,38,2,0,0,0
13835,11,dublin,EARLSFORT TERRACE,Earlsfort Terrace,False,False,OPEN,2024-12-31 15:01:49,True,False,,,53.334295,-6.258503,30,24,6,19,5,0,5,30,24,6,19,5,0,5
13836,17,dublin,GOLDEN LANE,Golden Lane,False,False,OPEN,2024-12-31 15:04:19,True,False,,,53.340803,-6.267732,20,7,13,5,2,0,2,20,7,13,5,2,0,2
13837,45,dublin,DEVERELL PLACE,Deverell Place,False,False,OPEN,2024-12-31 15:04:12,True,False,,,53.351464,-6.255265,30,2,28,1,1,0,1,30,2,28,1,1,0,1
13838,114,dublin,WILTON TERRACE (PARK),Wilton Terrace (Park),False,False,OPEN,2024-12-31 15:05:24,True,False,,,53.333653,-6.248345,40,7,33,7,0,0,0,40,7,33,7,0,0,0
13839,72,dublin,JOHN STREET WEST,John Street West,False,False,OPEN,2024-12-31 15:02:26,True,False,,,53.343105,-6.277167,31,4,27,2,2,0,2,31,4,27,2,2,0,2
13840,63,dublin,FENIAN STREET,Fenian Street,False,False,OPEN,2024-12-31 15:04:53,True,False,,,53.341428,-6.24672,35,14,21,4,10,0,10,35,14,21,4,10,0,10
13841,113,dublin,MERRION SQUARE SOUTH,Merrion Square South,False,False,OPEN,2024-12-31 15:07:34,True,False,,,53.338614,-6.248606,40,6,23,5,1,0,1,40,6,23,5,1,0,1
13842,91,dublin,SOUTH DOCK ROAD,South Dock Road,False,False,OPEN,2024-12-31 15:02:58,True,False,,,53.341833,-6.231291,30,19,11,11,8,0,8,30,19,11,11,8,0,8
13843,99,dublin,CITY QUAY,City Quay,False,False,OPEN,2024-12-31 15:03:58,True,False,,,53.346637,-6.246154,30,16,14,6,10,0,10,30,16,14,6,10,0,10
13844,9,dublin,EXCHEQUER STREET,Exchequer Street,False,False,OPEN,2024-12-31 15:04:38,True,False,,,53.343034,-6.263578,24,13,11,8,5,0,5,24,13,11,8,5,0,5
13845,67,dublin,THE POINT,The Point,False,False,OPEN,2024-12-31 15:02:43,True,False,,,53.346867,-6.230852,40,20,20,16,4,0,4,40,20,20,16,4,0,4
13846,116,dublin,BROADSTONE,Broadstone,False,False,OPEN,2024-12-31 15:02:52,True,False,,,53.3547,-6.272314,30,15,15,8,7,0,7,30,15,15,8,7,0,7
13847,55,dublin,HATCH STREET,Hatch Street,False,False,OPEN,2024-12-31 15:04:52,True,False,,,53.33403,-6.260714,36,8,28,6,2,0,2,36,8,28,6,2,0,2
13848,62,dublin,LIME STREET,Lime Street,False,False,OPEN,2024-12-31 15:01:14,True,False,,,53.346026,-6.243576,40,17,23,6,11,0,11,40,17,23,6,11,0,11
13849,5,dublin,CHARLEMONT PLACE,Charlemont Street,False,False,OPEN,2024-12-31 15:05:10,True,False,,,53.330662,-6.260177,40,12,28,9,3,0,3,40,12,28,9,3,0,3
13850,97,dublin,KILMAINHAM GAOL,Kilmainham Gaol,False,False,OPEN,2024-12-31 15:02:16,True,False,,,53.342113,-6.310015,40,30,10,16,14,0,14,40,30,10,16,14,0,14
13851,61,dublin,HARDWICKE PLACE,Hardwicke Place,False,False,OPEN,2024-12-31 15:01:16,True,False,,,53.357043,-6.263232,25,0,25,0,0,0,0,25,0,25,0,0,0,0
13852,77,dublin,WOLFE TONE STREET,Wolfe Tone Street,False,False,OPEN,2024-12-31 15:05:17,True,False,,,53.348875,-6.267459,29,10,19,6,4,0,4,29,10,19,6,4,0,4
13853,73,dublin,FRANCIS STREET,Francis Street,False,False,OPEN,2024-12-31 15:03:45,True,False,,,53.342081,-6.275233,30,2,28,2,0,0,0,30,2,28,2,0,0,0
13854,4,dublin,GREEK STREET,Greek Street,False,False,OPEN,2024-12-31 15:04:26,True,False,,,53.346874,-6.272976,20,15,5,3,12,0,12,20,15,5,3,12,0,12
13855,49,dublin,GUILD STREET,Guild Street,False,False,OPEN,2024-12-31 15:04:19,True,False,,,53.347932,-6.240928,40,20,20,13,7,0,7,40,20,20,13,7,0,7
13856,19,dublin,HERBERT PLACE,Herbert Place,False,False,OPEN,2024-12-31 15:05:06,True,False,,,53.334432,-6.245575,30,1,29,0,1,0,1,30,1,29,0,1,0,1
13857,7,dublin,HIGH STREET,High Street,False,False,OPEN,2024-12-31 15:03:03,True,False,,,53.343565,-6.275071,29,3,26,1,2,0,2,29,3,26,1,2,0,2
13858,60,dublin,NORTH CIRCULAR ROAD,North Circular Road,False,False,OPEN,2024-12-31 15:05:00,True,False,,,53.359624,-6.260348,30,21,9,13,8,0,8,30,21,9,13,8,0,8
13859,102,dublin,WESTERN WAY,Western Way,False,False,OPEN,2024-12-31 15:01:36,True,False,,,53.354929,-6.269425,40,11,29,10,1,0,1,40,11,29,10,1,0,1
13860,38,dublin,TALBOT STREET,Talbot Street,False,False,OPEN,2024-12-31 15:03:58,True,False,,,53.350974,-6.25294,40,39,1,28,11,0,11,40,39,1,28,11,0,11
13861,53,dublin,NEWMAN HOUSE,Newman House,False,False,OPEN,2024-12-31 15:03:37,True,False,,,53.337132,-6.26059,40,14,26,12,2,0,2,40,14,26,12,2,0,2
13862,58,dublin,SIR PATRICK DUN'S,Sir Patrick's Dun,False,False,OPEN,2024-12-31 15:05:20,True,False,,,53.339218,-6.240642,40,3,37,3,0,0,0,40,3,37,3,0,0,0
13863,66,dublin,NEW CENTRAL BANK,New Central Bank,False,False,OPEN,2024-12-31 15:00:40,True,False,,,53.347122,-6.234749,40,15,25,11,4,0,4,40,15,25,11,4,0,4
13864,104,dublin,GRANGEGORMAN LOWER (CENTRAL),Grangegorman Lower (Central),False,False,OPEN,2024-12-31 15:05:43,True,False,,,53.355173,-6.278424,40,19,21,10,9,0,9,40,19,21,10,9,0,9
13865,101,dublin,KING STREET NORTH,King Street North,False,False,OPEN,2024-12-31 15:02:01,True,False,,,53.350291,-6.273507,30,1,29,0,1,0,1,30,1,29,0,1,0,1
13866,115,dublin,KILLARNEY STREET,Killarney Street,False,False,OPEN,2024-12-31 15:05:48,True,False,,,53.354845,-6.247579,30,19,11,10,9,0,9,30,19,11,10,9,0,9
13867,47,dublin,HERBERT STREET,Herbert Street,False,False,OPEN,2024-12-31 15:01:50,True,False,,,53.335742,-6.24551,40,1,39,0,1,0,1,40,1,39,0,1,0,1
13868,117,dublin,HANOVER QUAY EAST,Hanover Quay East,False,False,OPEN,2024-12-31 15:02:56,True,False,,,53.343653,-6.231755,40,7,33,4,3,0,3,40,7,33,4,3,0,3
13869,8,dublin,CUSTOM HOUSE QUAY,Custom House Quay,False,False,OPEN,2024-12-31 15:04:04,True,False,,,53.347884,-6.248048,30,8,22,5,3,0,3,30,8,22,5,3,0,3
13870,27,dublin,MOLESWORTH STREET,Molesworth Street,False,False,OPEN,2024-12-31 15:01:25,True,False,,,53.341288,-6.258117,20,12,8,0,12,0,12,20,12,8,0,12,0,12
13871,16,dublin,GEORGES QUAY,Georges Quay,False,False,OPEN,2024-12-31 15:02:27,True,False,,,53.347508,-6.252192,20,2,18,1,1,0,1,20,2,18,1,1,0,1
13872,96,dublin,KILMAINHAM LANE,Kilmainham Lane,False,False,OPEN,2024-12-31 15:00:30,True,False,,,53.341805,-6.305085,30,18,12,11,7,0,7,30,18,12,11,7,0,7
13873,82,dublin,MOUNT BROWN,Mount Brown,False,False,OPEN,2024-12-31 15:03:13,True,False,,,53.341645,-6.29719,22,8,14,2,6,0,6,22,8,14,2,6,0,6
13874,76,dublin,MARKET STREET SOUTH,Market Street South,False,False,OPEN,2024-12-31 15:02:30,True,False,,,53.342296,-6.287661,38,6,32,4,2,0,2,38,6,32,4,2,0,2
13875,71,dublin,KEVIN STREET,Kevin Street,False,False,OPEN,2024-12-31 15:02:45,True,False,,,53.337757,-6.267699,40,28,12,22,6,0,6,40,28,12,22,6,0,6
13876,79,dublin,ECCLES STREET EAST,Eccles Street East,False,False,OPEN,2024-12-31 15:06:00,True,False,,,53.358115,-6.265601,27,4,23,3,1,0,1,27,4,23,3,1,0,1
13877,69,dublin,GRAND CANAL DOCK,Grand Canal Dock,False,False,OPEN,2024-12-31 15:05:29,True,False,,,53.342638,-6.238695,40,35,5,26,9,0,9,40,35,5,26,9,0,9
13878,25,dublin,MERRION SQUARE EAST,Merrion Square East,False,False,OPEN,2024-12-31 15:05:26,True,False,,,53.339434,-6.246548,30,8,22,2,6,0,6,30,8,22,2,6,0,6
13879,51,dublin,YORK STREET WEST,York Street West,False,False,OPEN,2024-12-31 14:59:43,True,False,,,53.339334,-6.264699,40,0,0,0,0,0,0,40,0,0,0,0,0,0
13880,37,dublin,ST. STEPHEN'S GREEN SOUTH,St. Stephen's Green South,False,False,OPEN,2024-12-31 15:02:56,True,False,,,53.337494,-6.26199,30,6,24,2,4,0,4,30,6,24,2,4,0,4
13881,59,dublin,DENMARK STREET GREAT,Denmark Street Great,False,False,OPEN,2024-12-31 15:04:19,True,False,,,53.35561,-6.261397,20,1,19,1,0,0,0,20,1,19,1,0,0,0
13882,95,dublin,ROYAL HOSPITAL,Royal Hospital,False,False,OPEN,2024-12-31 15:07:00,True,False,,,53.343897,-6.29706,40,27,13,11,16,0,16,40,27,13,11,16,0,16
13883,94,dublin,HEUSTON STATION (CAR PARK),Heuston Station (Car Park),False,False,OPEN,2024-12-31 15:03:20,True,False,,,53.346985,-6.297804,40,10,30,10,0,0,0,40,10,30,10,0,0,0
13884,105,dublin,GRANGEGORMAN LOWER (NORTH),Grangegorman Lower (North),False,False,OPEN,2024-12-31 15:05:03,True,False,,,53.355954,-6.278378,36,13,23,7,6,0,6,36,13,23,7,6,0,6
13885,36,dublin,ST. STEPHEN'S GREEN EAST,St. Stephen's Green East,False,False,OPEN,2024-12-31 15:02:43,True,False,,,53.337824,-6.256035,40,7,33,5,2,0,2,40,7,33,5,2,0,2
13886,93,dublin,HEUSTON STATION (CENTRAL),Heuston Station (Central),False,False,OPEN,2024-12-31 15:03:16,True,False,,,53.346603,-6.296924,40,6,34,6,0,0,0,40,6,34,6,0,0,0
13887,22,dublin,TOWNSEND STREET,Townsend Street,False,False,OPEN,2024-12-31 15:03:26,True,False,,,53.345922,-6.254614,20,14,6,11,3,0,3,20,14,6,11,3,0,3
13888,50,dublin,GEORGES LANE,George's Lane,False,False,OPEN,2024-12-31 15:07:38,True,False,,,53.35023,-6.279696,40,8,32,6,2,0,2,40,8,32,6,2,0,2
13889,110,dublin,PHIBSBOROUGH ROAD,Phibsborough Road,False,False,OPEN,2024-12-31 15:04:26,True,False,,,53.356307,-6.273717,40,19,21,11,8,0,8,40,19,21,11,8,0,8
13890,12,dublin,ECCLES STREET,Eccles Street,False,False,OPEN,2024-12-31 15:02:19,True,False,,,53.359246,-6.269779,20,0,20,0,0,0,0,20,0,20,0,0,0,0
13891,34,dublin,PORTOBELLO HARBOUR,Portobello Harbour,False,False,OPEN,2024-12-31 15:07:23,True,False,,,53.330362,-6.265163,30,26,4,10,16,0,16,30,26,4,10,16,0,16
13892,78,dublin,MATER HOSPITAL,Mater Hospital,False,False,OPEN,2024-12-31 15:04:25,True,False,,,53.359967,-6.264828,40,14,25,10,4,0,4,40,14,25,10,4,0,4
13893,2,dublin,BLESSINGTON STREET,Blessington Street,False,False,OPEN,2024-12-31 15:01:30,True,False,,,53.356769,-6.26814,20,2,18,2,0,0,0,20,2,18,2,0,0,0
13894,75,dublin,JAMES STREET,James Street,False,False,OPEN,2024-12-31 15:06:00,True,False,,,53.343456,-6.287409,40,25,15,16,9,0,9,40,25,15,16,9,0,9
13895,111,dublin,MOUNTJOY SQUARE EAST,Mountjoy Square East,False,False,OPEN,2024-12-31 15:01:35,True,False,,,53.356717,-6.256359,40,3,37,1,2,0,2,40,3,37,1,2,0,2
13896,26,dublin,MERRION SQUARE WEST,Merrion Square West,False,False,OPEN,2024-12-31 15:01:36,True,False,,,53.339764,-6.251988,20,7,13,4,3,0,3,20,7,13,4,3,0,3
13897,65,dublin,CONVENTION CENTRE,Convention Centre,False,False,OPEN,2024-12-31 15:05:59,True,False,,,53.34744,-6.238523,40,2,38,2,0,0,0,40,2,38,2,0,0,0
13898,15,dublin,HARDWICKE STREET,Hardwicke Street,False,False,OPEN,2024-12-31 15:05:44,True,False,,,53.355473,-6.264423,16,0,16,0,0,0,0,16,0,16,0,0,0,0
13899,86,dublin,PARKGATE STREET,Parkgate Street,False,False,OPEN,2024-12-31 15:03:23,True,False,,,53.347972,-6.291804,38,16,22,3,13,0,13,38,16,22,3,13,0,13
13900,35,dublin,SMITHFIELD,Smithfield,False,False,OPEN,2024-12-31 15:05:52,True,False,,,53.347692,-6.278214,30,26,4,14,12,0,12,30,26,4,14,12,0,12
13901,10,dublin,DAME STREET,Dame Street,False,False,OPEN,2024-12-31 15:05:07,True,False,,,53.344007,-6.266802,16,6,10,4,2,0,2,16,6,10,4,2,0,2
13902,100,dublin,HEUSTON BRIDGE (SOUTH),Heuston Bridge (South),False,False,OPEN,2024-12-31 15:01:04,True,False,,,53.347106,-6.292041,25,24,1,10,14,0,14,25,24,1,10,14,0,14
13903,24,dublin,CATHAL BRUGHA STREET,Cathal Brugha Street,False,False,OPEN,2024-12-31 15:04:09,True,False,,,53.352149,-6.260533,20,10,10,6,4,0,4,20,10,10,6,4,0,4
13904,64,dublin,SANDWITH STREET,Sandwith Street,False,False,OPEN,2024-12-31 15:05:24,True,False,,,53.345203,-6.247163,40,10,30,8,2,0,2,40,10,30,8,2,0,2
13905,109,dublin,BUCKINGHAM STREET LOWER,Buckingham Street Lower,False,False,OPEN,2024-12-31 15:02:59,True,False,,,53.353331,-6.249319,29,8,21,4,4,0,4,29,8,21,4,4,0,4
13906,85,dublin,ROTHE ABBEY,Rothe Abbey,False,False,OPEN,2024-12-31 15:04:04,True,False,,,53.338776,-6.30395,35,31,4,15,16,0,16,35,31,4,15,16,0,16
13907,107,dublin,CHARLEVILLE ROAD,Charleville Road,False,False,OPEN,2024-12-31 15:03:54,True,False,,,53.359157,-6.281866,40,6,34,3,3,0,3,40,6,34,3,3,0,3
13908,33,dublin,PRINCES STREET / O'CONNELL STREET,Princes Street / O'Connell Street,False,False,OPEN,2024-12-31 15:05:16,True,False,,,53.349013,-6.260311,23,3,20,1,2,0,2,23,3,20,1,2,0,2
13909,44,dublin,UPPER SHERRARD STREET,Upper Sherrard Street,False,False,OPEN,2024-12-31 15:05:15,True,False,,,53.358437,-6.260641,30,8,22,5,3,0,3,30,8,22,5,3,0,3
13910,89,dublin,FITZWILLIAM SQUARE EAST,Fitzwilliam Square East,False,False,OPEN,2024-12-31 15:04:37,True,False,,,53.335211,-6.2509,40,18,22,10,8,0,8,40,18,22,10,8,0,8
13911,57,dublin,GRATTAN STREET,Grattan Street,False,False,OPEN,2024-12-31 15:03:46,True,False,,,53.339629,-6.243778,23,8,15,5,3,0,3,23,8,15,5,3,0,3
13912,80,dublin,ST JAMES HOSPITAL (LUAS),St James Hospital (Luas),False,False,OPEN,2024-12-31 15:04:36,True,False,,,53.341359,-6.292951,40,23,17,12,11,0,11,40,23,17,12,11,0,11
13913,41,dublin,HARCOURT TERRACE,Harcourt Terrace,False,False,OPEN,2024-12-31 15:02:44,True,False,,,53.332763,-6.257942,20,17,3,10,7,0,7,20,17,3,10,7,0,7
13914,3,dublin,BOLTON STREET,Bolton Street,False,False,OPEN,2024-12-31 15:03:56,True,False,,,53.351182,-6.269859,20,1,19,0,1,0,1,20,1,19,0,1,0,1
13915,40,dublin,JERVIS STREET,Jervis Street,False,False,OPEN,2024-12-31 15:05:17,True,False,,,53.3483,-6.266651,21,17,4,10,7,0,7,21,17,4,10,7,0,7
13916,29,dublin,ORMOND QUAY UPPER,Ormond Quay Upper,False,False,OPEN,2024-12-31 15:04:17,True,False,,,53.346057,-6.268001,29,10,19,5,5,0,5,29,10,19,5,5,0,5
13917,103,dublin,GRANGEGORMAN LOWER (SOUTH),Grangegorman Lower (South),False,False,OPEN,2024-12-31 15:03:22,True,False,,,53.354663,-6.278681,40,4,36,3,1,0,1,40,4,36,3,1,0,1
13918,28,dublin,MOUNTJOY SQUARE WEST,Mountjoy Square West,False,False,OPEN,2024-12-31 15:07:08,True,False,,,53.356299,-6.258586,30,12,18,3,9,0,9,30,12,18,3,9,0,9
13919,39,dublin,WILTON TERRACE,Wilton Terrace,False,False,OPEN,2024-12-31 15:05:55,True,False,,,53.332383,-6.252717,20,4,16,3,1,0,1,20,4,16,3,1,0,1
13920,83,dublin,EMMET ROAD,Emmet Road,False,False,OPEN,2024-12-31 15:05:25,True,False,,,53.340714,-6.308191,40,28,12,15,13,0,13,40,28,12,15,13,0,13
13921,92,dublin,HEUSTON BRIDGE (NORTH),Heuston Bridge (North),False,False,OPEN,2024-12-31 15:03:22,True,False,,,53.347802,-6.292432,40,30,10,18,12,0,12,40,30,10,18,12,0,12
13922,21,dublin,LEINSTER STREET SOUTH,Leinster Street South,False,False,OPEN,2024-12-31 15:01:53,True,False,,,53.34218,-6.254485,30,10,20,9,1,0,1,30,10,20,9,1,0,1
13923,88,dublin,BLACKHALL PLACE,Blackhall Place,False,False,OPEN,2024-12-31 15:02:56,True,False,,,53.3488,-6.281637,30,0,30,0,0,0,0,30,0,30,0,0,0,0
13924,42,dublin,SMITHFIELD NORTH,Smithfield North,False,False,OPEN,2024-12-31 15:35:29,True,False,,,53.349562,-6.278198,30,16,14,11,5,0,5,30,16,14,11,5,0,5
13925,30,dublin,PARNELL SQUARE NORTH,Parnell Square North,False,False,OPEN,2024-12-31 15:29:38,True,False,,,53.3537415547453,-6.26530144781526,20,0,20,0,0,0,0,20,0,20,0,0,0,0
13926,54,dublin,CLONMEL STREET,Clonmel Street,False,False,OPEN,2024-12-31 15:34:37,True,False,,,53.336021,-6.26298,33,16,17,8,8,0,8,33,16,17,8,8,0,8
13927,108,dublin,AVONDALE ROAD,Avondale Road,False,False,OPEN,2024-12-31 15:32:46,True,False,,,53.359405,-6.276142,35,12,23,8,4,0,4,35,12,23,8,4,0,4
13928,20,dublin,JAMES STREET EAST,James Street East,False,False,OPEN,2024-12-31 15:35:35,True,False,,,53.336597,-6.248109,30,2,28,1,1,0,1,30,2,28,1,1,0,1
13929,56,dublin,MOUNT STREET LOWER,Mount Street Lower,False,False,OPEN,2024-12-31 15:31:06,True,False,,,53.33796,-6.24153,40,19,21,11,8,0,8,40,19,21,11,8,0,8
13930,6,dublin,CHRISTCHURCH PLACE,Christchurch Place,False,False,OPEN,2024-12-31 15:33:20,True,False,,,53.343368,-6.27012,20,8,12,3,5,0,5,20,8,12,3,5,0,5
13931,18,dublin,GRANTHAM STREET,Grantham Street,False,False,OPEN,2024-12-31 15:33:59,True,False,,,53.334123,-6.265436,30,0,30,0,0,0,0,30,0,30,0,0,0,0
13932,32,dublin,PEARSE STREET,Pearse Street,False,False,OPEN,2024-12-31 15:36:18,True,False,,,53.344304,-6.250427,30,13,17,9,4,0,4,30,13,17,9,4,0,4
13933,52,dublin,YORK STREET EAST,York Street East,False,False,OPEN,2024-12-31 15:32:20,True,False,,,53.338755,-6.262003,32,12,20,6,6,0,6,32,12,20,6,6,0,6
13934,48,dublin,EXCISE WALK,Excise Walk,False,False,OPEN,2024-12-31 15:32:40,True,False,,,53.347777,-6.244239,40,7,33,7,0,0,0,40,7,33,7,0,0,0
13935,13,dublin,FITZWILLIAM SQUARE WEST,Fitzwilliam Square West,False,False,OPEN,2024-12-31 15:35:01,True,False,,,53.336074,-6.252825,30,27,3,13,14,0,14,30,27,3,13,14,0,14
13936,43,dublin,PORTOBELLO ROAD,Portobello Road,False,False,OPEN,2024-12-31 15:33:32,True,False,,,53.330091,-6.268044,30,18,12,10,8,0,8,30,18,12,10,8,0,8
13937,31,dublin,PARNELL STREET,Parnell Street,False,False,OPEN,2024-12-31 15:35:50,True,False,,,53.350929,-6.265125,20,13,7,5,8,0,8,20,13,7,5,8,0,8
13938,98,dublin,FREDERICK STREET SOUTH,Frederick Street South,False,False,OPEN,2024-12-31 15:32:41,True,False,,,53.341515,-6.256853,40,20,20,15,5,0,5,40,20,20,15,5,0,5
13939,14,dublin,FOWNES STREET UPPER,Fownes Street Upper,False,False,OPEN,2024-12-31 15:35:07,True,False,,,53.344603,-6.263371,30,7,23,7,0,0,0,30,7,23,7,0,0,0
13940,1,dublin,CLARENDON ROW,Clarendon Row,False,False,OPEN,2024-12-31 15:32:03,True,False,,,53.340927,-6.262501,31,6,25,1,5,0,5,31,6,25,1,5,0,5
13941,23,dublin,CUSTOM HOUSE,Custom House,False,False,OPEN,2024-12-31 15:33:41,True,False,,,53.348279,-6.254662,30,4,26,4,0,0,0,30,4,26,4,0,0,0
13942,106,dublin,RATHDOWN ROAD,Rathdown Road,False,False,OPEN,2024-12-31 15:31:12,True,False,,,53.35893,-6.280337,40,21,19,17,4,0,4,40,21,19,17,4,0,4
13943,112,dublin,NORTH CIRCULAR ROAD (O'CONNELL'S),North Circular Road (O'Connell's),False,False,OPEN,2024-12-31 15:36:45,True,False,,,53.357841,-6.251557,30,19,11,13,6,0,6,30,19,11,13,6,0,6
13944,68,dublin,HANOVER QUAY,Hanover Quay,False,False,OPEN,2024-12-31 15:33:09,True,False,,,53.344115,-6.237153,40,19,21,11,8,0,8,40,19,21,11,8,0,8
13945,74,dublin,OLIVER BOND STREET,Oliver Bond Street,False,False,OPEN,2024-12-31 15:34:15,True,False,,,53.343893,-6.280531,30,12,18,5,7,0,7,30,12,18,5,7,0,7
13946,87,dublin,COLLINS BARRACKS MUSEUM,Collins Barracks Museum,False,False,OPEN,2024-12-31 15:36:44,True,False,,,53.347477,-6.28525,38,20,18,12,8,0,8,38,20,18,12,8,0,8
13947,84,dublin,BROOKFIELD ROAD,Brookfield Road,False,False,OPEN,2024-12-31 15:37:30,True,False,,,53.339005,-6.300217,30,22,8,11,11,0,11,30,22,8,11,11,0,11
13948,90,dublin,BENSON STREET,Benson Street,False,False,OPEN,2024-12-31 15:36:00,True,False,,,53.344153,-6.233451,40,3,37,3,0,0,0,40,3,37,3,0,0,0
13949,11,dublin,EARLSFORT TERRACE,Earlsfort Terrace,False,False,OPEN,2024-12-31 15:32:05,True,False,,,53.334295,-6.258503,30,24,6,19,5,0,5,30,24,6,19,5,0,5
13950,17,dublin,GOLDEN LANE,Golden Lane,False,False,OPEN,2024-12-31 15:34:33,True,False,,,53.340803,-6.267732,20,9,11,7,2,0,2,20,9,11,7,2,0,2
13951,45,dublin,DEVERELL PLACE,Deverell Place,False,False,OPEN,2024-12-31 15:34:23,True,False,,,53.351464,-6.255265,30,3,27,1,2,0,2,30,3,27,1,2,0,2
13952,114,dublin,WILTON TERRACE (PARK),Wilton Terrace (Park),False,False,OPEN,2024-12-31 15:35:43,True,False,,,53.333653,-6.248345,40,6,34,6,0,0,0,40,6,34,6,0,0,0
13953,72,dublin,JOHN STREET WEST,John Street West,False,False,OPEN,2024-12-31 15:32:43,True,False,,,53.343105,-6.277167,31,4,27,3,1,0,1,31,4,27,3,1,0,1
13954,63,dublin,FENIAN STREET,Fenian Street,False,False,OPEN,2024-12-31 15:35:11,True,False,,,53.341428,-6.24672,35,13,22,4,9,0,9,35,13,22,4,9,0,9
13955,113,dublin,MERRION SQUARE SOUTH,Merrion Square South,False,False,OPEN,2024-12-31 15:27:42,True,False,,,53.338614,-6.248606,40,6,23,5,1,0,1,40,6,23,5,1,0,1
13956,91,dublin,SOUTH DOCK ROAD,South Dock Road,False,False,OPEN,2024-12-31 15:33:14,True,False,,,53.341833,-6.231291,30,19,11,11,8,0,8,30,19,11,11,8,0,8
13957,99,dublin,CITY QUAY,City Quay,False,False,OPEN,2024-12-31 15:34:11,True,False,,,53.346637,-6.246154,30,16,14,6,10,0,10,30,16,14,6,10,0,10
13958,9,dublin,EXCHEQUER STREET,Exchequer Street,False,False,OPEN,2024-12-31 15:34:50,True,False,,,53.343034,-6.263578,24,13,11,8,5,0,5,24,13,11,8,5,0,5
13959,67,dublin,THE POINT,The Point,False,False,OPEN,2024-12-31 15:32:56,True,False,,,53.346867,-6.230852,40,20,20,16,4,0,4,40,20,20,16,4,0,4
13960,116,dublin,BROADSTONE,Broadstone,False,False,OPEN,2024-12-31 15:33:10,True,False,,,53.3547,-6.272314,30,14,16,7,7,0,7,30,14,16,7,7,0,7
13961,55,dublin,HATCH STREET,Hatch Street,False,False,OPEN,2024-12-31 15:35:04,True,False,,,53.33403,-6.260714,36,8,28,6,2,0,2,36,8,28,6,2,0,2
13962,62,dublin,LIME STREET,Lime Street,False,False,OPEN,2024-12-31 15:31:28,True,False,,,53.346026,-6.243576,40,16,24,5,11,0,11,40,16,24,5,11,0,11
13963,5,dublin,CHARLEMONT PLACE,Charlemont Street,False,False,OPEN,2024-12-31 15:35:26,True,False,,,53.330662,-6.260177,40,11,29,9,2,0,2,40,11,29,9,2,0,2
13964,97,dublin,KILMAINHAM GAOL,Kilmainham Gaol,False,False,OPEN,2024-12-31 15:32:29,True,False,,,53.342113,-6.310015,40,30,10,16,14,0,14,40,30,10,16,14,0,14
13965,61,dublin,HARDWICKE PLACE,Hardwicke Place,False,False,OPEN,2024-12-31 15:31:30,True,False,,,53.357043,-6.263232,25,1,24,1,0,0,0,25,1,24,1,0,0,0
13966,77,dublin,WOLFE TONE STREET,Wolfe Tone Street,False,False,OPEN,2024-12-31 15:32:38,True,False,,,53.348875,-6.267459,29,9,20,5,4,0,4,29,9,20,5,4,0,4
13967,73,dublin,FRANCIS STREET,Francis Street,False,False,OPEN,2024-12-31 15:33:58,True,False,,,53.342081,-6.275233,30,2,28,2,0,0,0,30,2,28,2,0,0,0
13968,4,dublin,GREEK STREET,Greek Street,False,False,OPEN,2024-12-31 15:34:39,True,False,,,53.346874,-6.272976,20,15,5,3,12,0,12,20,15,5,3,12,0,12
13969,49,dublin,GUILD STREET,Guild Street,False,False,OPEN,2024-12-31 15:34:31,True,False,,,53.347932,-6.240928,40,22,18,15,7,0,7,40,22,18,15,7,0,7
13970,19,dublin,HERBERT PLACE,Herbert Place,False,False,OPEN,2024-12-31 15:35:23,True,False,,,53.334432,-6.245575,30,0,30,0,0,0,0,30,0,30,0,0,0,0
13971,7,dublin,HIGH STREET,High Street,False,False,OPEN,2024-12-31 15:33:18,True,False,,,53.343565,-6.275071,29,3,26,1,2,0,2,29,3,26,1,2,0,2
13972,60,dublin,NORTH CIRCULAR ROAD,North Circular Road,False,False,OPEN,2024-12-31 15:35:12,True,False,,,53.359624,-6.260348,30,24,6,15,9,0,9,30,24,6,15,9,0,9
13973,102,dublin,WESTERN WAY,Western Way,False,False,OPEN,2024-12-31 15:31:49,True,False,,,53.354929,-6.269425,40,11,29,10,1,0,1,40,11,29,10,1,0,1
13974,38,dublin,TALBOT STREET,Talbot Street,False,False,OPEN,2024-12-31 15:34:00,True,False,,,53.350974,-6.25294,40,37,3,26,11,0,11,40,37,3,26,11,0,11
13975,53,dublin,NEWMAN HOUSE,Newman House,False,False,OPEN,2024-12-31 15:33:52,True,False,,,53.337132,-6.26059,40,14,26,12,2,0,2,40,14,26,12,2,0,2
13976,58,dublin,SIR PATRICK DUN'S,Sir Patrick's Dun,False,False,OPEN,2024-12-31 15:37:22,True,False,,,53.339218,-6.240642,40,3,37,3,0,0,0,40,3,37,3,0,0,0
13977,66,dublin,NEW CENTRAL BANK,New Central Bank,False,False,OPEN,2024-12-31 15:36:02,True,False,,,53.347122,-6.234749,40,13,27,10,3,0,3,40,13,27,10,3,0,3
13978,104,dublin,GRANGEGORMAN LOWER (CENTRAL),Grangegorman Lower (Central),False,False,OPEN,2024-12-31 15:35:59,True,False,,,53.355173,-6.278424,40,19,21,10,9,0,9,40,19,21,10,9,0,9
13979,101,dublin,KING STREET NORTH,King Street North,False,False,OPEN,2024-12-31 15:32:18,True,False,,,53.350291,-6.273507,30,1,29,0,1,0,1,30,1,29,0,1,0,1
13980,115,dublin,KILLARNEY STREET,Killarney Street,False,False,OPEN,2024-12-31 15:34:41,True,False,,,53.354845,-6.247579,30,18,12,10,8,0,8,30,18,12,10,8,0,8
13981,47,dublin,HERBERT STREET,Herbert Street,False,False,OPEN,2024-12-31 15:32:29,True,False,,,53.335742,-6.24551,40,0,40,0,0,0,0,40,0,40,0,0,0,0
13982,117,dublin,HANOVER QUAY EAST,Hanover Quay East,False,False,OPEN,2024-12-31 15:36:00,True,False,,,53.343653,-6.231755,40,4,36,3,1,0,1,40,4,36,3,1,0,1
13983,8,dublin,CUSTOM HOUSE QUAY,Custom House Quay,False,False,OPEN,2024-12-31 15:34:17,True,False,,,53.347884,-6.248048,30,8,22,5,3,0,3,30,8,22,5,3,0,3
13984,27,dublin,MOLESWORTH STREET,Molesworth Street,False,False,OPEN,2024-12-31 15:34:57,True,False,,,53.341288,-6.258117,20,13,7,0,13,0,13,20,13,7,0,13,0,13
13985,16,dublin,GEORGES QUAY,Georges Quay,False,False,OPEN,2024-12-31 15:32:45,True,False,,,53.347508,-6.252192,20,3,17,1,2,0,2,20,3,17,1,2,0,2
13986,96,dublin,KILMAINHAM LANE,Kilmainham Lane,False,False,OPEN,2024-12-31 15:30:44,True,False,,,53.341805,-6.305085,30,18,12,11,7,0,7,30,18,12,11,7,0,7
13987,82,dublin,MOUNT BROWN,Mount Brown,False,False,OPEN,2024-12-31 15:33:29,True,False,,,53.341645,-6.29719,22,8,14,2,6,0,6,22,8,14,2,6,0,6
13988,76,dublin,MARKET STREET SOUTH,Market Street South,False,False,OPEN,2024-12-31 15:32:46,True,False,,,53.342296,-6.287661,38,6,32,4,2,0,2,38,6,32,4,2,0,2
13989,71,dublin,KEVIN STREET,Kevin Street,False,False,OPEN,2024-12-31 15:33:04,True,False,,,53.337757,-6.267699,40,28,12,21,7,0,7,40,28,12,21,7,0,7
13990,79,dublin,ECCLES STREET EAST,Eccles Street East,False,False,OPEN,2024-12-31 15:36:14,True,False,,,53.358115,-6.265601,27,3,24,2,1,0,1,27,3,24,2,1,0,1
13991,69,dublin,GRAND CANAL DOCK,Grand Canal Dock,False,False,OPEN,2024-12-31 15:35:47,True,False,,,53.342638,-6.238695,40,38,2,27,11,0,11,40,38,2,27,11,0,11
13992,25,dublin,MERRION SQUARE EAST,Merrion Square East,False,False,OPEN,2024-12-31 15:35:38,True,False,,,53.339434,-6.246548,30,8,22,2,6,0,6,30,8,22,2,6,0,6
13993,51,dublin,YORK STREET WEST,York Street West,False,False,OPEN,2024-12-31 15:29:54,True,False,,,53.339334,-6.264699,40,0,0,0,0,0,0,40,0,0,0,0,0,0
13994,37,dublin,ST. STEPHEN'S GREEN SOUTH,St. Stephen's Green South,False,False,OPEN,2024-12-31 15:33:13,True,False,,,53.337494,-6.26199,30,6,24,2,4,0,4,30,6,24,2,4,0,4
13995,59,dublin,DENMARK STREET GREAT,Denmark Street Great,False,False,OPEN,2024-12-31 15:34:31,True,False,,,53.35561,-6.261397,20,1,19,1,0,0,0,20,1,19,1,0,0,0
13996,95,dublin,ROYAL HOSPITAL,Royal Hospital,False,False,OPEN,2024-12-31 15:37:17,True,False,,,53.343897,-6.29706,40,27,13,11,16,0,16,40,27,13,11,16,0,16
13997,94,dublin,HEUSTON STATION (CAR PARK),Heuston Station (Car Park),False,False,OPEN,2024-12-31 15:33:33,True,False,,,53.346985,-6.297804,40,10,30,10,0,0,0,40,10,30,10,0,0,0
13998,105,dublin,GRANGEGORMAN LOWER (NORTH),Grangegorman Lower (North),False,False,OPEN,2024-12-31 15:35:16,True,False,,,53.355954,-6.278378,36,13,23,7,6,0,6,36,13,23,7,6,0,6
13999,36,dublin,ST. STEPHEN'S GREEN EAST,St. Stephen's Green East,False,False,OPEN,2024-12-31 15:32:59,True,False,,,53.337824,-6.256035,40,7,33,5,2,0,2,40,7,33,5,2,0,2
14000,93,dublin,HEUSTON STATION (CENTRAL),Heuston Station (Central),False,False,OPEN,2024-12-31 15:33:29,True,False,,,53.346603,-6.296924,40,6,34,6,0,0,0,40,6,34,6,0,0,0
14001,22,dublin,TOWNSEND STREET,Townsend Street,False,False,OPEN,2024-12-31 15:33:42,True,False,,,53.345922,-6.254614,20,14,6,11,3,0,3,20,14,6,11,3,0,3
14002,50,dublin,GEORGES LANE,George's Lane,False,False,OPEN,2024-12-31 15:27:48,True,False,,,53.35023,-6.279696,40,9,31,7,2,0,2,40,9,31,7,2,0,2
14003,110,dublin,PHIBSBOROUGH ROAD,Phibsborough Road,False,False,OPEN,2024-12-31 15:34:41,True,False,,,53.356307,-6.273717,40,20,20,11,9,0,9,40,20,20,11,9,0,9
14004,12,dublin,ECCLES STREET,Eccles Street,False,False,OPEN,2024-12-31 15:32:32,True,False,,,53.359246,-6.269779,20,0,20,0,0,0,0,20,0,20,0,0,0,0
14005,34,dublin,PORTOBELLO HARBOUR,Portobello Harbour,False,False,OPEN,2024-12-31 15:33:22,True,False,,,53.330362,-6.265163,30,26,4,10,16,0,16,30,26,4,10,16,0,16
14006,78,dublin,MATER HOSPITAL,Mater Hospital,False,False,OPEN,2024-12-31 15:34:41,True,False,,,53.359967,-6.264828,40,14,25,10,4,0,4,40,14,25,10,4,0,4
14007,2,dublin,BLESSINGTON STREET,Blessington Street,False,False,OPEN,2024-12-31 15:31:41,True,False,,,53.356769,-6.26814,20,3,17,3,0,0,0,20,3,17,3,0,0,0
14008,75,dublin,JAMES STREET,James Street,False,False,OPEN,2024-12-31 15:36:16,True,False,,,53.343456,-6.287409,40,25,15,16,9,0,9,40,25,15,16,9,0,9
14009,111,dublin,MOUNTJOY SQUARE EAST,Mountjoy Square East,False,False,OPEN,2024-12-31 15:31:51,True,False,,,53.356717,-6.256359,40,2,38,0,2,0,2,40,2,38,0,2,0,2
14010,26,dublin,MERRION SQUARE WEST,Merrion Square West,False,False,OPEN,2024-12-31 15:31:48,True,False,,,53.339764,-6.251988,20,7,13,4,3,0,3,20,7,13,4,3,0,3
14011,65,dublin,CONVENTION CENTRE,Convention Centre,False,False,OPEN,2024-12-31 15:36:15,True,False,,,53.34744,-6.238523,40,2,38,2,0,0,0,40,2,38,2,0,0,0
14012,15,dublin,HARDWICKE STREET,Hardwicke Street,False,False,OPEN,2024-12-31 15:36:00,True,False,,,53.355473,-6.264423,16,0,16,0,0,0,0,16,0,16,0,0,0,0
14013,86,dublin,PARKGATE STREET,Parkgate Street,False,False,OPEN,2024-12-31 15:33:39,True,False,,,53.347972,-6.291804,38,16,22,3,13,0,13,38,16,22,3,13,0,13
14014,35,dublin,SMITHFIELD,Smithfield,False,False,OPEN,2024-12-31 15:36:07,True,False,,,53.347692,-6.278214,30,27,3,15,12,0,12,30,27,3,15,12,0,12
14015,10,dublin,DAME STREET,Dame Street,False,False,OPEN,2024-12-31 15:35:19,True,False,,,53.344007,-6.266802,16,5,11,3,2,0,2,16,5,11,3,2,0,2
14016,100,dublin,HEUSTON BRIDGE (SOUTH),Heuston Bridge (South),False,False,OPEN,2024-12-31 15:34:48,True,False,,,53.347106,-6.292041,25,24,1,10,14,0,14,25,24,1,10,14,0,14
14017,24,dublin,CATHAL BRUGHA STREET,Cathal Brugha Street,False,False,OPEN,2024-12-31 15:34:22,True,False,,,53.352149,-6.260533,20,11,9,7,4,0,4,20,11,9,7,4,0,4
14018,64,dublin,SANDWITH STREET,Sandwith Street,False,False,OPEN,2024-12-31 15:35:40,True,False,,,53.345203,-6.247163,40,10,30,8,2,0,2,40,10,30,8,2,0,2
14019,109,dublin,BUCKINGHAM STREET LOWER,Buckingham Street Lower,False,False,OPEN,2024-12-31 15:33:12,True,False,,,53.353331,-6.249319,29,7,22,4,3,0,3,29,7,22,4,3,0,3
14020,85,dublin,ROTHE ABBEY,Rothe Abbey,False,False,OPEN,2024-12-31 15:34:15,True,False,,,53.338776,-6.30395,35,31,4,15,16,0,16,35,31,4,15,16,0,16
14021,107,dublin,CHARLEVILLE ROAD,Charleville Road,False,False,OPEN,2024-12-31 15:34:11,True,False,,,53.359157,-6.281866,40,5,34,2,3,0,3,40,5,34,2,3,0,3
14022,33,dublin,PRINCES STREET / O'CONNELL STREET,Princes Street / O'Connell Street,False,False,OPEN,2024-12-31 15:34:38,True,False,,,53.349013,-6.260311,23,6,17,3,3,0,3,23,6,17,3,3,0,3
14023,44,dublin,UPPER SHERRARD STREET,Upper Sherrard Street,False,False,OPEN,2024-12-31 15:34:27,True,False,,,53.358437,-6.260641,30,9,21,6,3,0,3,30,9,21,6,3,0,3
14024,89,dublin,FITZWILLIAM SQUARE EAST,Fitzwilliam Square East,False,False,OPEN,2024-12-31 15:34:53,True,False,,,53.335211,-6.2509,40,18,22,10,8,0,8,40,18,22,10,8,0,8
14025,57,dublin,GRATTAN STREET,Grattan Street,False,False,OPEN,2024-12-31 15:34:01,True,False,,,53.339629,-6.243778,23,8,15,5,3,0,3,23,8,15,5,3,0,3
14026,80,dublin,ST JAMES HOSPITAL (LUAS),St James Hospital (Luas),False,False,OPEN,2024-12-31 15:34:52,True,False,,,53.341359,-6.292951,40,22,18,12,10,0,10,40,22,18,12,10,0,10
14027,41,dublin,HARCOURT TERRACE,Harcourt Terrace,False,False,OPEN,2024-12-31 15:33:00,True,False,,,53.332763,-6.257942,20,17,3,10,7,0,7,20,17,3,10,7,0,7
14028,3,dublin,BOLTON STREET,Bolton Street,False,False,OPEN,2024-12-31 15:34:09,True,False,,,53.351182,-6.269859,20,1,19,0,1,0,1,20,1,19,0,1,0,1
14029,40,dublin,JERVIS STREET,Jervis Street,False,False,OPEN,2024-12-31 15:35:34,True,False,,,53.3483,-6.266651,21,18,3,10,8,0,8,21,18,3,10,8,0,8
14030,29,dublin,ORMOND QUAY UPPER,Ormond Quay Upper,False,False,OPEN,2024-12-31 15:34:31,True,False,,,53.346057,-6.268001,29,9,20,4,5,0,5,29,9,20,4,5,0,5
14031,103,dublin,GRANGEGORMAN LOWER (SOUTH),Grangegorman Lower (South),False,False,OPEN,2024-12-31 15:33:35,True,False,,,53.354663,-6.278681,40,4,36,3,1,0,1,40,4,36,3,1,0,1
14032,28,dublin,MOUNTJOY SQUARE WEST,Mountjoy Square West,False,False,OPEN,2024-12-31 15:35:32,True,False,,,53.356299,-6.258586,30,12,18,3,9,0,9,30,12,18,3,9,0,9
14033,39,dublin,WILTON TERRACE,Wilton Terrace,False,False,OPEN,2024-12-31 15:36:14,True,False,,,53.332383,-6.252717,20,3,17,2,1,0,1,20,3,17,2,1,0,1
14034,83,dublin,EMMET ROAD,Emmet Road,False,False,OPEN,2024-12-31 15:35:41,True,False,,,53.340714,-6.308191,40,28,12,15,13,0,13,40,28,12,15,13,0,13
14035,92,dublin,HEUSTON BRIDGE (NORTH),Heuston Bridge (North),False,False,OPEN,2024-12-31 15:37:22,True,False,,,53.347802,-6.292432,40,31,9,18,13,0,13,40,31,9,18,13,0,13
14036,21,dublin,LEINSTER STREET SOUTH,Leinster Street South,False,False,OPEN,2024-12-31 15:32:11,True,False,,,53.34218,-6.254485,30,9,21,9,0,0,0,30,9,21,9,0,0,0
14037,88,dublin,BLACKHALL PLACE,Blackhall Place,False,False,OPEN,2024-12-31 15:33:09,True,False,,,53.3488,-6.281637,30,1,29,1,0,0,0,30,1,29,1,0,0,0
14038,42,dublin,SMITHFIELD NORTH,Smithfield North,False,False,OPEN,2024-12-31 16:05:42,True,False,,,53.349562,-6.278198,30,17,13,11,6,0,6,30,17,13,11,6,0,6
14039,30,dublin,PARNELL SQUARE NORTH,Parnell Square North,False,False,OPEN,2024-12-31 15:59:53,True,False,,,53.3537415547453,-6.26530144781526,20,0,20,0,0,0,0,20,0,20,0,0,0,0
14040,54,dublin,CLONMEL STREET,Clonmel Street,False,False,OPEN,2024-12-31 16:04:50,True,False,,,53.336021,-6.26298,33,17,16,9,8,0,8,33,17,16,9,8,0,8
14041,108,dublin,AVONDALE ROAD,Avondale Road,False,False,OPEN,2024-12-31 16:02:57,True,False,,,53.359405,-6.276142,35,12,23,8,4,0,4,35,12,23,8,4,0,4
14042,20,dublin,JAMES STREET EAST,James Street East,False,False,OPEN,2024-12-31 16:05:51,True,False,,,53.336597,-6.248109,30,1,29,1,0,0,0,30,1,29,1,0,0,0
14043,56,dublin,MOUNT STREET LOWER,Mount Street Lower,False,False,OPEN,2024-12-31 16:06:46,True,False,,,53.33796,-6.24153,40,17,23,11,6,0,6,40,17,23,11,6,0,6
14044,6,dublin,CHRISTCHURCH PLACE,Christchurch Place,False,False,OPEN,2024-12-31 16:03:37,True,False,,,53.343368,-6.27012,20,9,11,3,6,0,6,20,9,11,3,6,0,6
14045,18,dublin,GRANTHAM STREET,Grantham Street,False,False,OPEN,2024-12-31 16:04:12,True,False,,,53.334123,-6.265436,30,0,30,0,0,0,0,30,0,30,0,0,0,0
14046,32,dublin,PEARSE STREET,Pearse Street,False,False,OPEN,2024-12-31 16:01:57,True,False,,,53.344304,-6.250427,30,11,19,7,4,0,4,30,11,19,7,4,0,4
14047,52,dublin,YORK STREET EAST,York Street East,False,False,OPEN,2024-12-31 16:02:33,True,False,,,53.338755,-6.262003,32,13,19,6,7,0,7,32,13,19,6,7,0,7
14048,48,dublin,EXCISE WALK,Excise Walk,False,False,OPEN,2024-12-31 16:02:53,True,False,,,53.347777,-6.244239,40,8,32,8,0,0,0,40,8,32,8,0,0,0
14049,13,dublin,FITZWILLIAM SQUARE WEST,Fitzwilliam Square West,False,False,OPEN,2024-12-31 16:05:16,True,False,,,53.336074,-6.252825,30,27,3,13,14,0,14,30,27,3,13,14,0,14
14050,43,dublin,PORTOBELLO ROAD,Portobello Road,False,False,OPEN,2024-12-31 16:03:44,True,False,,,53.330091,-6.268044,30,18,12,10,8,0,8,30,18,12,10,8,0,8
14051,31,dublin,PARNELL STREET,Parnell Street,False,False,OPEN,2024-12-31 16:06:29,True,False,,,53.350929,-6.265125,20,12,8,4,8,0,8,20,12,8,4,8,0,8
14052,98,dublin,FREDERICK STREET SOUTH,Frederick Street South,False,False,OPEN,2024-12-31 16:02:52,True,False,,,53.341515,-6.256853,40,20,20,15,5,0,5,40,20,20,15,5,0,5
14053,14,dublin,FOWNES STREET UPPER,Fownes Street Upper,False,False,OPEN,2024-12-31 16:05:20,True,False,,,53.344603,-6.263371,30,8,22,8,0,0,0,30,8,22,8,0,0,0
14054,1,dublin,CLARENDON ROW,Clarendon Row,False,False,OPEN,2024-12-31 16:02:16,True,False,,,53.340927,-6.262501,31,7,24,2,5,0,5,31,7,24,2,5,0,5
14055,23,dublin,CUSTOM HOUSE,Custom House,False,False,OPEN,2024-12-31 16:03:56,True,False,,,53.348279,-6.254662,30,4,26,4,0,0,0,30,4,26,4,0,0,0
14056,106,dublin,RATHDOWN ROAD,Rathdown Road,False,False,OPEN,2024-12-31 16:01:25,True,False,,,53.35893,-6.280337,40,21,19,17,4,0,4,40,21,19,17,4,0,4
14057,112,dublin,NORTH CIRCULAR ROAD (O'CONNELL'S),North Circular Road (O'Connell's),False,False,OPEN,2024-12-31 16:02:55,True,False,,,53.357841,-6.251557,30,19,11,13,6,0,6,30,19,11,13,6,0,6
14058,68,dublin,HANOVER QUAY,Hanover Quay,False,False,OPEN,2024-12-31 16:03:33,True,False,,,53.344115,-6.237153,40,18,22,11,7,0,7,40,18,22,11,7,0,7
14059,74,dublin,OLIVER BOND STREET,Oliver Bond Street,False,False,OPEN,2024-12-31 16:04:31,True,False,,,53.343893,-6.280531,30,10,20,4,6,0,6,30,10,20,4,6,0,6
14060,87,dublin,COLLINS BARRACKS MUSEUM,Collins Barracks Museum,False,False,OPEN,2024-12-31 16:06:56,True,False,,,53.347477,-6.28525,38,20,18,12,8,0,8,38,20,18,12,8,0,8
14061,84,dublin,BROOKFIELD ROAD,Brookfield Road,False,False,OPEN,2024-12-31 15:57:40,True,False,,,53.339005,-6.300217,30,22,8,11,11,0,11,30,22,8,11,11,0,11
14062,90,dublin,BENSON STREET,Benson Street,False,False,OPEN,2024-12-31 16:00:09,True,False,,,53.344153,-6.233451,40,3,37,3,0,0,0,40,3,37,3,0,0,0
14063,11,dublin,EARLSFORT TERRACE,Earlsfort Terrace,False,False,OPEN,2024-12-31 16:02:23,True,False,,,53.334295,-6.258503,30,23,7,18,5,0,5,30,23,7,18,5,0,5
14064,17,dublin,GOLDEN LANE,Golden Lane,False,False,OPEN,2024-12-31 16:04:48,True,False,,,53.340803,-6.267732,20,8,12,7,1,0,1,20,8,12,7,1,0,1
14065,45,dublin,DEVERELL PLACE,Deverell Place,False,False,OPEN,2024-12-31 16:06:10,True,False,,,53.351464,-6.255265,30,4,26,2,2,0,2,30,4,26,2,2,0,2
14066,114,dublin,WILTON TERRACE (PARK),Wilton Terrace (Park),False,False,OPEN,2024-12-31 16:06:02,True,False,,,53.333653,-6.248345,40,6,34,6,0,0,0,40,6,34,6,0,0,0
14067,72,dublin,JOHN STREET WEST,John Street West,False,False,OPEN,2024-12-31 16:02:55,True,False,,,53.343105,-6.277167,31,4,27,3,1,0,1,31,4,27,3,1,0,1
14068,63,dublin,FENIAN STREET,Fenian Street,False,False,OPEN,2024-12-31 16:05:31,True,False,,,53.341428,-6.24672,35,10,25,2,8,0,8,35,10,25,2,8,0,8
14069,113,dublin,MERRION SQUARE SOUTH,Merrion Square South,False,False,OPEN,2024-12-31 15:57:54,True,False,,,53.338614,-6.248606,40,6,23,5,1,0,1,40,6,23,5,1,0,1
14070,91,dublin,SOUTH DOCK ROAD,South Dock Road,False,False,OPEN,2024-12-31 16:03:32,True,False,,,53.341833,-6.231291,30,21,9,13,8,0,8,30,21,9,13,8,0,8
14071,99,dublin,CITY QUAY,City Quay,False,False,OPEN,2024-12-31 16:04:24,True,False,,,53.346637,-6.246154,30,16,14,6,10,0,10,30,16,14,6,10,0,10
14072,9,dublin,EXCHEQUER STREET,Exchequer Street,False,False,OPEN,2024-12-31 16:05:05,True,False,,,53.343034,-6.263578,24,15,9,10,5,0,5,24,15,9,10,5,0,5
14073,67,dublin,THE POINT,The Point,False,False,OPEN,2024-12-31 16:07:15,True,False,,,53.346867,-6.230852,40,20,18,17,4,0,4,40,20,18,17,4,0,4
14074,116,dublin,BROADSTONE,Broadstone,False,False,OPEN,2024-12-31 16:03:28,True,False,,,53.3547,-6.272314,30,12,18,5,7,0,7,30,12,18,5,7,0,7
14075,55,dublin,HATCH STREET,Hatch Street,False,False,OPEN,2024-12-31 16:05:17,True,False,,,53.33403,-6.260714,36,8,28,6,2,0,2,36,8,28,6,2,0,2
14076,62,dublin,LIME STREET,Lime Street,False,False,OPEN,2024-12-31 16:01:40,True,False,,,53.346026,-6.243576,40,17,23,5,12,0,12,40,17,23,5,12,0,12
14077,5,dublin,CHARLEMONT PLACE,Charlemont Street,False,False,OPEN,2024-12-31 16:05:39,True,False,,,53.330662,-6.260177,40,13,27,10,3,0,3,40,13,27,10,3,0,3
14078,97,dublin,KILMAINHAM GAOL,Kilmainham Gaol,False,False,OPEN,2024-12-31 16:02:42,True,False,,,53.342113,-6.310015,40,31,9,17,14,0,14,40,31,9,17,14,0,14
14079,61,dublin,HARDWICKE PLACE,Hardwicke Place,False,False,OPEN,2024-12-31 16:01:43,True,False,,,53.357043,-6.263232,25,1,24,1,0,0,0,25,1,24,1,0,0,0
14080,77,dublin,WOLFE TONE STREET,Wolfe Tone Street,False,False,OPEN,2024-12-31 16:02:52,True,False,,,53.348875,-6.267459,29,9,20,5,4,0,4,29,9,20,5,4,0,4
14081,73,dublin,FRANCIS STREET,Francis Street,False,False,OPEN,2024-12-31 16:04:11,True,False,,,53.342081,-6.275233,30,2,28,2,0,0,0,30,2,28,2,0,0,0
14082,4,dublin,GREEK STREET,Greek Street,False,False,OPEN,2024-12-31 16:04:52,True,False,,,53.346874,-6.272976,20,15,5,3,12,0,12,20,15,5,3,12,0,12
14083,49,dublin,GUILD STREET,Guild Street,False,False,OPEN,2024-12-31 16:04:44,True,False,,,53.347932,-6.240928,40,22,18,15,7,0,7,40,22,18,15,7,0,7
14084,19,dublin,HERBERT PLACE,Herbert Place,False,False,OPEN,2024-12-31 16:05:39,True,False,,,53.334432,-6.245575,30,0,30,0,0,0,0,30,0,30,0,0,0,0
14085,7,dublin,HIGH STREET,High Street,False,False,OPEN,2024-12-31 16:03:35,True,False,,,53.343565,-6.275071,29,3,26,1,2,0,2,29,3,26,1,2,0,2
14086,60,dublin,NORTH CIRCULAR ROAD,North Circular Road,False,False,OPEN,2024-12-31 16:05:24,True,False,,,53.359624,-6.260348,30,24,6,15,9,0,9,30,24,6,15,9,0,9
14087,102,dublin,WESTERN WAY,Western Way,False,False,OPEN,2024-12-31 16:02:02,True,False,,,53.354929,-6.269425,40,11,29,10,1,0,1,40,11,29,10,1,0,1
14088,38,dublin,TALBOT STREET,Talbot Street,False,False,OPEN,2024-12-31 16:03:40,True,False,,,53.350974,-6.25294,40,35,5,24,11,0,11,40,35,5,24,11,0,11
14089,53,dublin,NEWMAN HOUSE,Newman House,False,False,OPEN,2024-12-31 16:04:08,True,False,,,53.337132,-6.26059,40,14,26,12,2,0,2,40,14,26,12,2,0,2
14090,58,dublin,SIR PATRICK DUN'S,Sir Patrick's Dun,False,False,OPEN,2024-12-31 16:05:50,True,False,,,53.339218,-6.240642,40,3,37,3,0,0,0,40,3,37,3,0,0,0
14091,66,dublin,NEW CENTRAL BANK,New Central Bank,False,False,OPEN,2024-12-31 16:01:08,True,False,,,53.347122,-6.234749,40,13,27,10,3,0,3,40,13,27,10,3,0,3
14092,104,dublin,GRANGEGORMAN LOWER (CENTRAL),Grangegorman Lower (Central),False,False,OPEN,2024-12-31 16:06:15,True,False,,,53.355173,-6.278424,40,19,21,10,9,0,9,40,19,21,10,9,0,9
14093,101,dublin,KING STREET NORTH,King Street North,False,False,OPEN,2024-12-31 16:02:33,True,False,,,53.350291,-6.273507,30,1,29,0,1,0,1,30,1,29,0,1,0,1
14094,115,dublin,KILLARNEY STREET,Killarney Street,False,False,OPEN,2024-12-31 16:04:55,True,False,,,53.354845,-6.247579,30,17,13,10,7,0,7,30,17,13,10,7,0,7
14095,47,dublin,HERBERT STREET,Herbert Street,False,False,OPEN,2024-12-31 16:02:17,True,False,,,53.335742,-6.24551,40,0,40,0,0,0,0,40,0,40,0,0,0,0
14096,117,dublin,HANOVER QUAY EAST,Hanover Quay East,False,False,OPEN,2024-12-31 16:01:31,True,False,,,53.343653,-6.231755,40,4,36,3,1,0,1,40,4,36,3,1,0,1
14097,8,dublin,CUSTOM HOUSE QUAY,Custom House Quay,False,False,OPEN,2024-12-31 16:04:41,True,False,,,53.347884,-6.248048,30,7,23,5,2,0,2,30,7,23,5,2,0,2
14098,27,dublin,MOLESWORTH STREET,Molesworth Street,False,False,OPEN,2024-12-31 16:01:52,True,False,,,53.341288,-6.258117,20,12,8,0,12,0,12,20,12,8,0,12,0,12
14099,16,dublin,GEORGES QUAY,Georges Quay,False,False,OPEN,2024-12-31 16:03:02,True,False,,,53.347508,-6.252192,20,3,17,1,2,0,2,20,3,17,1,2,0,2
14100,96,dublin,KILMAINHAM LANE,Kilmainham Lane,False,False,OPEN,2024-12-31 16:00:57,True,False,,,53.341805,-6.305085,30,18,12,11,7,0,7,30,18,12,11,7,0,7
14101,82,dublin,MOUNT BROWN,Mount Brown,False,False,OPEN,2024-12-31 16:03:45,True,False,,,53.341645,-6.29719,22,8,14,2,6,0,6,22,8,14,2,6,0,6
14102,76,dublin,MARKET STREET SOUTH,Market Street South,False,False,OPEN,2024-12-31 16:03:03,True,False,,,53.342296,-6.287661,38,5,33,3,2,0,2,38,5,33,3,2,0,2
14103,71,dublin,KEVIN STREET,Kevin Street,False,False,OPEN,2024-12-31 16:03:24,True,False,,,53.337757,-6.267699,40,31,9,22,9,0,9,40,31,9,22,9,0,9
14104,79,dublin,ECCLES STREET EAST,Eccles Street East,False,False,OPEN,2024-12-31 16:06:27,True,False,,,53.358115,-6.265601,27,2,25,1,1,0,1,27,2,25,1,1,0,1
14105,69,dublin,GRAND CANAL DOCK,Grand Canal Dock,False,False,OPEN,2024-12-31 16:06:48,True,False,,,53.342638,-6.238695,40,38,2,27,11,0,11,40,38,2,27,11,0,11
14106,25,dublin,MERRION SQUARE EAST,Merrion Square East,False,False,OPEN,2024-12-31 16:05:51,True,False,,,53.339434,-6.246548,30,8,22,2,6,0,6,30,8,22,2,6,0,6
14107,51,dublin,YORK STREET WEST,York Street West,False,False,OPEN,2024-12-31 16:00:05,True,False,,,53.339334,-6.264699,40,0,0,0,0,0,0,40,0,0,0,0,0,0
14108,37,dublin,ST. STEPHEN'S GREEN SOUTH,St. Stephen's Green South,False,False,OPEN,2024-12-31 16:03:29,True,False,,,53.337494,-6.26199,30,7,23,3,4,0,4,30,7,23,3,4,0,4
14109,59,dublin,DENMARK STREET GREAT,Denmark Street Great,False,False,OPEN,2024-12-31 16:04:44,True,False,,,53.35561,-6.261397,20,1,19,1,0,0,0,20,1,19,1,0,0,0
14110,95,dublin,ROYAL HOSPITAL,Royal Hospital,False,False,OPEN,2024-12-31 16:07:36,True,False,,,53.343897,-6.29706,40,26,14,11,15,0,15,40,26,14,11,15,0,15
14111,94,dublin,HEUSTON STATION (CAR PARK),Heuston Station (Car Park),False,False,OPEN,2024-12-31 16:03:46,True,False,,,53.346985,-6.297804,40,10,30,10,0,0,0,40,10,30,10,0,0,0
14112,105,dublin,GRANGEGORMAN LOWER (NORTH),Grangegorman Lower (North),False,False,OPEN,2024-12-31 16:05:29,True,False,,,53.355954,-6.278378,36,13,23,7,6,0,6,36,13,23,7,6,0,6
14113,36,dublin,ST. STEPHEN'S GREEN EAST,St. Stephen's Green East,False,False,OPEN,2024-12-31 16:03:14,True,False,,,53.337824,-6.256035,40,7,33,5,2,0,2,40,7,33,5,2,0,2
14114,93,dublin,HEUSTON STATION (CENTRAL),Heuston Station (Central),False,False,OPEN,2024-12-31 16:03:43,True,False,,,53.346603,-6.296924,40,6,34,6,0,0,0,40,6,34,6,0,0,0
14115,22,dublin,TOWNSEND STREET,Townsend Street,False,False,OPEN,2024-12-31 16:04:01,True,False,,,53.345922,-6.254614,20,13,7,10,3,0,3,20,13,7,10,3,0,3
14116,50,dublin,GEORGES LANE,George's Lane,False,False,OPEN,2024-12-31 15:58:00,True,False,,,53.35023,-6.279696,40,9,31,7,2,0,2,40,9,31,7,2,0,2
14117,110,dublin,PHIBSBOROUGH ROAD,Phibsborough Road,False,False,OPEN,2024-12-31 16:04:52,True,False,,,53.356307,-6.273717,40,20,20,11,9,0,9,40,20,20,11,9,0,9
14118,12,dublin,ECCLES STREET,Eccles Street,False,False,OPEN,2024-12-31 16:02:44,True,False,,,53.359246,-6.269779,20,0,20,0,0,0,0,20,0,20,0,0,0,0
14119,34,dublin,PORTOBELLO HARBOUR,Portobello Harbour,False,False,OPEN,2024-12-31 16:03:37,True,False,,,53.330362,-6.265163,30,25,5,10,15,0,15,30,25,5,10,15,0,15
14120,78,dublin,MATER HOSPITAL,Mater Hospital,False,False,OPEN,2024-12-31 16:04:57,True,False,,,53.359967,-6.264828,40,14,25,10,4,0,4,40,14,25,10,4,0,4
14121,2,dublin,BLESSINGTON STREET,Blessington Street,False,False,OPEN,2024-12-31 16:01:52,True,False,,,53.356769,-6.26814,20,3,17,3,0,0,0,20,3,17,3,0,0,0
14122,75,dublin,JAMES STREET,James Street,False,False,OPEN,2024-12-31 16:06:31,True,False,,,53.343456,-6.287409,40,25,15,16,9,0,9,40,25,15,16,9,0,9
14123,111,dublin,MOUNTJOY SQUARE EAST,Mountjoy Square East,False,False,OPEN,2024-12-31 16:02:05,True,False,,,53.356717,-6.256359,40,2,38,0,2,0,2,40,2,38,0,2,0,2
14124,26,dublin,MERRION SQUARE WEST,Merrion Square West,False,False,OPEN,2024-12-31 16:02:00,True,False,,,53.339764,-6.251988,20,7,13,4,3,0,3,20,7,13,4,3,0,3
14125,65,dublin,CONVENTION CENTRE,Convention Centre,False,False,OPEN,2024-12-31 16:06:31,True,False,,,53.34744,-6.238523,40,2,38,2,0,0,0,40,2,38,2,0,0,0
14126,15,dublin,HARDWICKE STREET,Hardwicke Street,False,False,OPEN,2024-12-31 16:06:16,True,False,,,53.355473,-6.264423,16,0,16,0,0,0,0,16,0,16,0,0,0,0
14127,86,dublin,PARKGATE STREET,Parkgate Street,False,False,OPEN,2024-12-31 16:03:57,True,False,,,53.347972,-6.291804,38,15,23,2,13,0,13,38,15,23,2,13,0,13
14128,35,dublin,SMITHFIELD,Smithfield,False,False,OPEN,2024-12-31 16:06:22,True,False,,,53.347692,-6.278214,30,27,3,15,12,0,12,30,27,3,15,12,0,12
14129,10,dublin,DAME STREET,Dame Street,False,False,OPEN,2024-12-31 16:06:59,True,False,,,53.344007,-6.266802,16,4,12,2,2,0,2,16,4,12,2,2,0,2
14130,100,dublin,HEUSTON BRIDGE (SOUTH),Heuston Bridge (South),False,False,OPEN,2024-12-31 16:06:27,True,False,,,53.347106,-6.292041,25,25,0,10,15,0,15,25,25,0,10,15,0,15
14131,24,dublin,CATHAL BRUGHA STREET,Cathal Brugha Street,False,False,OPEN,2024-12-31 16:04:36,True,False,,,53.352149,-6.260533,20,11,9,7,4,0,4,20,11,9,7,4,0,4
14132,64,dublin,SANDWITH STREET,Sandwith Street,False,False,OPEN,2024-12-31 16:06:00,True,False,,,53.345203,-6.247163,40,10,30,8,2,0,2,40,10,30,8,2,0,2
14133,109,dublin,BUCKINGHAM STREET LOWER,Buckingham Street Lower,False,False,OPEN,2024-12-31 16:03:24,True,False,,,53.353331,-6.249319,29,7,22,4,3,0,3,29,7,22,4,3,0,3
14134,85,dublin,ROTHE ABBEY,Rothe Abbey,False,False,OPEN,2024-12-31 16:05:04,True,False,,,53.338776,-6.30395,35,30,5,14,16,0,16,35,30,5,14,16,0,16
14135,107,dublin,CHARLEVILLE ROAD,Charleville Road,False,False,OPEN,2024-12-31 16:04:27,True,False,,,53.359157,-6.281866,40,6,33,2,4,0,4,40,6,33,2,4,0,4
14136,33,dublin,PRINCES STREET / O'CONNELL STREET,Princes Street / O'Connell Street,False,False,OPEN,2024-12-31 16:07:09,True,False,,,53.349013,-6.260311,23,12,11,6,6,0,6,23,12,11,6,6,0,6
14137,44,dublin,UPPER SHERRARD STREET,Upper Sherrard Street,False,False,OPEN,2024-12-31 16:04:37,True,False,,,53.358437,-6.260641,30,9,21,6,3,0,3,30,9,21,6,3,0,3
14138,89,dublin,FITZWILLIAM SQUARE EAST,Fitzwilliam Square East,False,False,OPEN,2024-12-31 16:05:08,True,False,,,53.335211,-6.2509,40,18,22,10,8,0,8,40,18,22,10,8,0,8
14139,57,dublin,GRATTAN STREET,Grattan Street,False,False,OPEN,2024-12-31 16:04:16,True,False,,,53.339629,-6.243778,23,8,15,5,3,0,3,23,8,15,5,3,0,3
14140,80,dublin,ST JAMES HOSPITAL (LUAS),St James Hospital (Luas),False,False,OPEN,2024-12-31 16:05:04,True,False,,,53.341359,-6.292951,40,22,18,12,10,0,10,40,22,18,12,10,0,10
14141,41,dublin,HARCOURT TERRACE,Harcourt Terrace,False,False,OPEN,2024-12-31 16:03:16,True,False,,,53.332763,-6.257942,20,17,3,10,7,0,7,20,17,3,10,7,0,7
14142,3,dublin,BOLTON STREET,Bolton Street,False,False,OPEN,2024-12-31 16:04:22,True,False,,,53.351182,-6.269859,20,1,19,0,1,0,1,20,1,19,0,1,0,1
14143,40,dublin,JERVIS STREET,Jervis Street,False,False,OPEN,2024-12-31 16:05:50,True,False,,,53.3483,-6.266651,21,18,3,10,8,0,8,21,18,3,10,8,0,8
14144,29,dublin,ORMOND QUAY UPPER,Ormond Quay Upper,False,False,OPEN,2024-12-31 16:04:45,True,False,,,53.346057,-6.268001,29,9,20,4,5,0,5,29,9,20,4,5,0,5
14145,103,dublin,GRANGEGORMAN LOWER (SOUTH),Grangegorman Lower (South),False,False,OPEN,2024-12-31 16:03:49,True,False,,,53.354663,-6.278681,40,4,36,3,1,0,1,40,4,36,3,1,0,1
14146,28,dublin,MOUNTJOY SQUARE WEST,Mountjoy Square West,False,False,OPEN,2024-12-31 16:05:48,True,False,,,53.356299,-6.258586,30,12,18,3,9,0,9,30,12,18,3,9,0,9
14147,39,dublin,WILTON TERRACE,Wilton Terrace,False,False,OPEN,2024-12-31 16:06:30,True,False,,,53.332383,-6.252717,20,2,18,2,0,0,0,20,2,18,2,0,0,0
14148,83,dublin,EMMET ROAD,Emmet Road,False,False,OPEN,2024-12-31 16:05:57,True,False,,,53.340714,-6.308191,40,29,11,15,14,0,14,40,29,11,15,14,0,14
14149,92,dublin,HEUSTON BRIDGE (NORTH),Heuston Bridge (North),False,False,OPEN,2024-12-31 16:03:54,True,False,,,53.347802,-6.292432,40,32,8,19,13,0,13,40,32,8,19,13,0,13
14150,21,dublin,LEINSTER STREET SOUTH,Leinster Street South,False,False,OPEN,2024-12-31 16:02:27,True,False,,,53.34218,-6.254485,30,10,20,9,1,0,1,30,10,20,9,1,0,1
14151,88,dublin,BLACKHALL PLACE,Blackhall Place,False,False,OPEN,2024-12-31 16:03:23,True,False,,,53.3488,-6.281637,30,1,29,1,0,0,0,30,1,29,1,0,0,0
14152,42,dublin,SMITHFIELD NORTH,Smithfield North,False,False,OPEN,2024-12-31 16:36:00,True,False,,,53.349562,-6.278198,30,15,15,9,6,0,6,30,15,15,9,6,0,6
14153,30,dublin,PARNELL SQUARE NORTH,Parnell Square North,False,False,OPEN,2024-12-31 16:30:32,True,False,,,53.3537415547453,-6.26530144781526,20,0,20,0,0,0,0,20,0,20,0,0,0,0
14154,54,dublin,CLONMEL STREET,Clonmel Street,False,False,OPEN,2024-12-31 16:35:04,True,False,,,53.336021,-6.26298,33,17,16,9,8,0,8,33,17,16,9,8,0,8
14155,108,dublin,AVONDALE ROAD,Avondale Road,False,False,OPEN,2024-12-31 16:33:11,True,False,,,53.359405,-6.276142,35,13,22,8,5,0,5,35,13,22,8,5,0,5
14156,20,dublin,JAMES STREET EAST,James Street East,False,False,OPEN,2024-12-31 16:36:04,True,False,,,53.336597,-6.248109,30,1,29,1,0,0,0,30,1,29,1,0,0,0
14157,56,dublin,MOUNT STREET LOWER,Mount Street Lower,False,False,OPEN,2024-12-31 16:31:34,True,False,,,53.33796,-6.24153,40,17,23,11,6,0,6,40,17,23,11,6,0,6
14158,6,dublin,CHRISTCHURCH PLACE,Christchurch Place,False,False,OPEN,2024-12-31 16:33:56,True,False,,,53.343368,-6.27012,20,8,12,3,5,0,5,20,8,12,3,5,0,5
14159,18,dublin,GRANTHAM STREET,Grantham Street,False,False,OPEN,2024-12-31 16:34:25,True,False,,,53.334123,-6.265436,30,0,30,0,0,0,0,30,0,30,0,0,0,0
14160,32,dublin,PEARSE STREET,Pearse Street,False,False,OPEN,2024-12-31 16:32:11,True,False,,,53.344304,-6.250427,30,11,19,7,4,0,4,30,11,19,7,4,0,4
14161,52,dublin,YORK STREET EAST,York Street East,False,False,OPEN,2024-12-31 16:35:10,True,False,,,53.338755,-6.262003,32,12,20,5,7,0,7,32,12,20,5,7,0,7
14162,48,dublin,EXCISE WALK,Excise Walk,False,False,OPEN,2024-12-31 16:33:10,True,False,,,53.347777,-6.244239,40,6,34,6,0,0,0,40,6,34,6,0,0,0
14163,13,dublin,FITZWILLIAM SQUARE WEST,Fitzwilliam Square West,False,False,OPEN,2024-12-31 16:35:33,True,False,,,53.336074,-6.252825,30,27,3,13,14,0,14,30,27,3,13,14,0,14
14164,43,dublin,PORTOBELLO ROAD,Portobello Road,False,False,OPEN,2024-12-31 16:33:57,True,False,,,53.330091,-6.268044,30,18,12,10,8,0,8,30,18,12,10,8,0,8
14165,31,dublin,PARNELL STREET,Parnell Street,False,False,OPEN,2024-12-31 16:34:25,True,False,,,53.350929,-6.265125,20,9,11,2,7,0,7,20,9,11,2,7,0,7
14166,98,dublin,FREDERICK STREET SOUTH,Frederick Street South,False,False,OPEN,2024-12-31 16:33:04,True,False,,,53.341515,-6.256853,40,19,21,14,5,0,5,40,19,21,14,5,0,5
14167,14,dublin,FOWNES STREET UPPER,Fownes Street Upper,False,False,OPEN,2024-12-31 16:35:34,True,False,,,53.344603,-6.263371,30,10,20,10,0,0,0,30,10,20,10,0,0,0
14168,1,dublin,CLARENDON ROW,Clarendon Row,False,False,OPEN,2024-12-31 16:32:29,True,False,,,53.340927,-6.262501,31,7,24,2,5,0,5,31,7,24,2,5,0,5
14169,23,dublin,CUSTOM HOUSE,Custom House,False,False,OPEN,2024-12-31 16:34:08,True,False,,,53.348279,-6.254662,30,4,26,4,0,0,0,30,4,26,4,0,0,0
14170,106,dublin,RATHDOWN ROAD,Rathdown Road,False,False,OPEN,2024-12-31 16:31:37,True,False,,,53.35893,-6.280337,40,20,20,16,4,0,4,40,20,20,16,4,0,4
14171,112,dublin,NORTH CIRCULAR ROAD (O'CONNELL'S),North Circular Road (O'Connell's),False,False,OPEN,2024-12-31 16:34:00,True,False,,,53.357841,-6.251557,30,21,9,14,7,0,7,30,21,9,14,7,0,7
14172,68,dublin,HANOVER QUAY,Hanover Quay,False,False,OPEN,2024-12-31 16:33:43,True,False,,,53.344115,-6.237153,40,17,23,11,6,0,6,40,17,23,11,6,0,6
14173,74,dublin,OLIVER BOND STREET,Oliver Bond Street,False,False,OPEN,2024-12-31 16:34:40,True,False,,,53.343893,-6.280531,30,10,20,4,6,0,6,30,10,20,4,6,0,6
14174,87,dublin,COLLINS BARRACKS MUSEUM,Collins Barracks Museum,False,False,OPEN,2024-12-31 16:37:10,True,False,,,53.347477,-6.28525,38,18,20,10,8,0,8,38,18,20,10,8,0,8
14175,84,dublin,BROOKFIELD ROAD,Brookfield Road,False,False,OPEN,2024-12-31 16:27:53,True,False,,,53.339005,-6.300217,30,22,8,11,11,0,11,30,22,8,11,11,0,11
14176,90,dublin,BENSON STREET,Benson Street,False,False,OPEN,2024-12-31 16:35:02,True,False,,,53.344153,-6.233451,40,2,38,2,0,0,0,40,2,38,2,0,0,0
14177,11,dublin,EARLSFORT TERRACE,Earlsfort Terrace,False,False,OPEN,2024-12-31 16:32:39,True,False,,,53.334295,-6.258503,30,24,6,19,5,0,5,30,24,6,19,5,0,5
14178,17,dublin,GOLDEN LANE,Golden Lane,False,False,OPEN,2024-12-31 16:34:57,True,False,,,53.340803,-6.267732,20,8,12,7,1,0,1,20,8,12,7,1,0,1
14179,45,dublin,DEVERELL PLACE,Deverell Place,False,False,OPEN,2024-12-31 16:34:47,True,False,,,53.351464,-6.255265,30,4,26,2,2,0,2,30,4,26,2,2,0,2
14180,114,dublin,WILTON TERRACE (PARK),Wilton Terrace (Park),False,False,OPEN,2024-12-31 16:36:18,True,False,,,53.333653,-6.248345,40,6,34,6,0,0,0,40,6,34,6,0,0,0
14181,72,dublin,JOHN STREET WEST,John Street West,False,False,OPEN,2024-12-31 16:33:09,True,False,,,53.343105,-6.277167,31,4,27,3,1,0,1,31,4,27,3,1,0,1
14182,63,dublin,FENIAN STREET,Fenian Street,False,False,OPEN,2024-12-31 16:35:48,True,False,,,53.341428,-6.24672,35,10,25,2,8,0,8,35,10,25,2,8,0,8
14183,113,dublin,MERRION SQUARE SOUTH,Merrion Square South,False,False,OPEN,2024-12-31 16:28:07,True,False,,,53.338614,-6.248606,40,6,23,5,1,0,1,40,6,23,5,1,0,1
14184,91,dublin,SOUTH DOCK ROAD,South Dock Road,False,False,OPEN,2024-12-31 16:33:47,True,False,,,53.341833,-6.231291,30,21,9,13,8,0,8,30,21,9,13,8,0,8
14185,99,dublin,CITY QUAY,City Quay,False,False,OPEN,2024-12-31 16:34:38,True,False,,,53.346637,-6.246154,30,17,13,7,10,0,10,30,17,13,7,10,0,10
14186,9,dublin,EXCHEQUER STREET,Exchequer Street,False,False,OPEN,2024-12-31 16:35:43,True,False,,,53.343034,-6.263578,24,14,10,9,5,0,5,24,14,10,9,5,0,5
14187,67,dublin,THE POINT,The Point,False,False,OPEN,2024-12-31 16:36:53,True,False,,,53.346867,-6.230852,40,20,20,16,4,0,4,40,20,20,16,4,0,4
14188,116,dublin,BROADSTONE,Broadstone,False,False,OPEN,2024-12-31 16:34:41,True,False,,,53.3547,-6.272314,30,12,18,5,7,0,7,30,12,18,5,7,0,7
14189,55,dublin,HATCH STREET,Hatch Street,False,False,OPEN,2024-12-31 16:35:29,True,False,,,53.33403,-6.260714,36,8,28,6,2,0,2,36,8,28,6,2,0,2
14190,62,dublin,LIME STREET,Lime Street,False,False,OPEN,2024-12-31 16:31:51,True,False,,,53.346026,-6.243576,40,17,23,5,12,0,12,40,17,23,5,12,0,12
14191,5,dublin,CHARLEMONT PLACE,Charlemont Street,False,False,OPEN,2024-12-31 16:35:51,True,False,,,53.330662,-6.260177,40,13,27,10,3,0,3,40,13,27,10,3,0,3
14192,97,dublin,KILMAINHAM GAOL,Kilmainham Gaol,False,False,OPEN,2024-12-31 16:33:28,True,False,,,53.342113,-6.310015,40,31,9,17,14,0,14,40,31,9,17,14,0,14
14193,61,dublin,HARDWICKE PLACE,Hardwicke Place,False,False,OPEN,2024-12-31 16:35:26,True,False,,,53.357043,-6.263232,25,0,25,0,0,0,0,25,0,25,0,0,0,0
14194,77,dublin,WOLFE TONE STREET,Wolfe Tone Street,False,False,OPEN,2024-12-31 16:34:05,True,False,,,53.348875,-6.267459,29,10,19,5,5,0,5,29,10,19,5,5,0,5
14195,73,dublin,FRANCIS STREET,Francis Street,False,False,OPEN,2024-12-31 16:34:24,True,False,,,53.342081,-6.275233,30,3,27,3,0,0,0,30,3,27,3,0,0,0
14196,4,dublin,GREEK STREET,Greek Street,False,False,OPEN,2024-12-31 16:35:05,True,False,,,53.346874,-6.272976,20,15,5,3,12,0,12,20,15,5,3,12,0,12
14197,49,dublin,GUILD STREET,Guild Street,False,False,OPEN,2024-12-31 16:36:30,True,False,,,53.347932,-6.240928,40,5,35,2,3,0,3,40,5,35,2,3,0,3
14198,19,dublin,HERBERT PLACE,Herbert Place,False,False,OPEN,2024-12-31 16:35:56,True,False,,,53.334432,-6.245575,30,0,30,0,0,0,0,30,0,30,0,0,0,0
14199,7,dublin,HIGH STREET,High Street,False,False,OPEN,2024-12-31 16:33:53,True,False,,,53.343565,-6.275071,29,2,27,1,1,0,1,29,2,27,1,1,0,1
14200,60,dublin,NORTH CIRCULAR ROAD,North Circular Road,False,False,OPEN,2024-12-31 16:35:36,True,False,,,53.359624,-6.260348,30,26,4,17,9,0,9,30,26,4,17,9,0,9
14201,102,dublin,WESTERN WAY,Western Way,False,False,OPEN,2024-12-31 16:32:16,True,False,,,53.354929,-6.269425,40,11,29,10,1,0,1,40,11,29,10,1,0,1
14202,38,dublin,TALBOT STREET,Talbot Street,False,False,OPEN,2024-12-31 16:31:14,True,False,,,53.350974,-6.25294,40,39,1,26,13,0,13,40,39,1,26,13,0,13
14203,53,dublin,NEWMAN HOUSE,Newman House,False,False,OPEN,2024-12-31 16:34:24,True,False,,,53.337132,-6.26059,40,14,26,12,2,0,2,40,14,26,12,2,0,2
14204,58,dublin,SIR PATRICK DUN'S,Sir Patrick's Dun,False,False,OPEN,2024-12-31 16:36:02,True,False,,,53.339218,-6.240642,40,3,37,3,0,0,0,40,3,37,3,0,0,0
14205,66,dublin,NEW CENTRAL BANK,New Central Bank,False,False,OPEN,2024-12-31 16:31:21,True,False,,,53.347122,-6.234749,40,13,27,10,3,0,3,40,13,27,10,3,0,3
14206,104,dublin,GRANGEGORMAN LOWER (CENTRAL),Grangegorman Lower (Central),False,False,OPEN,2024-12-31 16:36:31,True,False,,,53.355173,-6.278424,40,19,21,10,9,0,9,40,19,21,10,9,0,9
14207,101,dublin,KING STREET NORTH,King Street North,False,False,OPEN,2024-12-31 16:32:52,True,False,,,53.350291,-6.273507,30,0,30,0,0,0,0,30,0,30,0,0,0,0
14208,115,dublin,KILLARNEY STREET,Killarney Street,False,False,OPEN,2024-12-31 16:35:08,True,False,,,53.354845,-6.247579,30,17,13,10,7,0,7,30,17,13,10,7,0,7
14209,47,dublin,HERBERT STREET,Herbert Street,False,False,OPEN,2024-12-31 16:32:31,True,False,,,53.335742,-6.24551,40,0,40,0,0,0,0,40,0,40,0,0,0,0
14210,117,dublin,HANOVER QUAY EAST,Hanover Quay East,False,False,OPEN,2024-12-31 16:34:19,True,False,,,53.343653,-6.231755,40,3,37,2,1,0,1,40,3,37,2,1,0,1
14211,8,dublin,CUSTOM HOUSE QUAY,Custom House Quay,False,False,OPEN,2024-12-31 16:34:48,True,False,,,53.347884,-6.248048,30,7,23,5,2,0,2,30,7,23,5,2,0,2
14212,27,dublin,MOLESWORTH STREET,Molesworth Street,False,False,OPEN,2024-12-31 16:35:53,True,False,,,53.341288,-6.258117,20,10,10,0,10,0,10,20,10,10,0,10,0,10
14213,16,dublin,GEORGES QUAY,Georges Quay,False,False,OPEN,2024-12-31 16:33:18,True,False,,,53.347508,-6.252192,20,4,16,1,3,0,3,20,4,16,1,3,0,3
14214,96,dublin,KILMAINHAM LANE,Kilmainham Lane,False,False,OPEN,2024-12-31 16:37:27,True,False,,,53.341805,-6.305085,30,18,12,11,7,0,7,30,18,12,11,7,0,7
14215,82,dublin,MOUNT BROWN,Mount Brown,False,False,OPEN,2024-12-31 16:34:01,True,False,,,53.341645,-6.29719,22,8,14,2,6,0,6,22,8,14,2,6,0,6
14216,76,dublin,MARKET STREET SOUTH,Market Street South,False,False,OPEN,2024-12-31 16:33:19,True,False,,,53.342296,-6.287661,38,5,33,3,2,0,2,38,5,33,3,2,0,2
14217,71,dublin,KEVIN STREET,Kevin Street,False,False,OPEN,2024-12-31 16:33:41,True,False,,,53.337757,-6.267699,40,30,10,21,9,0,9,40,30,10,21,9,0,9
14218,79,dublin,ECCLES STREET EAST,Eccles Street East,False,False,OPEN,2024-12-31 16:36:38,True,False,,,53.358115,-6.265601,27,2,25,1,1,0,1,27,2,25,1,1,0,1
14219,69,dublin,GRAND CANAL DOCK,Grand Canal Dock,False,False,OPEN,2024-12-31 16:36:25,True,False,,,53.342638,-6.238695,40,39,1,28,11,0,11,40,39,1,28,11,0,11
14220,25,dublin,MERRION SQUARE EAST,Merrion Square East,False,False,OPEN,2024-12-31 16:36:05,True,False,,,53.339434,-6.246548,30,8,22,2,6,0,6,30,8,22,2,6,0,6
14221,51,dublin,YORK STREET WEST,York Street West,False,False,OPEN,2024-12-31 16:30:16,True,False,,,53.339334,-6.264699,40,0,0,0,0,0,0,40,0,0,0,0,0,0
14222,37,dublin,ST. STEPHEN'S GREEN SOUTH,St. Stephen's Green South,False,False,OPEN,2024-12-31 16:33:45,True,False,,,53.337494,-6.26199,30,7,23,3,4,0,4,30,7,23,3,4,0,4
14223,59,dublin,DENMARK STREET GREAT,Denmark Street Great,False,False,OPEN,2024-12-31 16:34:57,True,False,,,53.35561,-6.261397,20,1,19,1,0,0,0,20,1,19,1,0,0,0
14224,95,dublin,ROYAL HOSPITAL,Royal Hospital,False,False,OPEN,2024-12-31 16:27:46,True,False,,,53.343897,-6.29706,40,26,14,11,15,0,15,40,26,14,11,15,0,15
14225,94,dublin,HEUSTON STATION (CAR PARK),Heuston Station (Car Park),False,False,OPEN,2024-12-31 16:33:59,True,False,,,53.346985,-6.297804,40,10,30,10,0,0,0,40,10,30,10,0,0,0
14226,105,dublin,GRANGEGORMAN LOWER (NORTH),Grangegorman Lower (North),False,False,OPEN,2024-12-31 16:35:42,True,False,,,53.355954,-6.278378,36,13,23,7,6,0,6,36,13,23,7,6,0,6
14227,36,dublin,ST. STEPHEN'S GREEN EAST,St. Stephen's Green East,False,False,OPEN,2024-12-31 16:33:30,True,False,,,53.337824,-6.256035,40,7,33,5,2,0,2,40,7,33,5,2,0,2
14228,93,dublin,HEUSTON STATION (CENTRAL),Heuston Station (Central),False,False,OPEN,2024-12-31 16:33:53,True,False,,,53.346603,-6.296924,40,6,34,6,0,0,0,40,6,34,6,0,0,0
14229,22,dublin,TOWNSEND STREET,Townsend Street,False,False,OPEN,2024-12-31 16:34:17,True,False,,,53.345922,-6.254614,20,13,7,10,3,0,3,20,13,7,10,3,0,3
14230,50,dublin,GEORGES LANE,George's Lane,False,False,OPEN,2024-12-31 16:32:52,True,False,,,53.35023,-6.279696,40,9,31,7,2,0,2,40,9,31,7,2,0,2
14231,110,dublin,PHIBSBOROUGH ROAD,Phibsborough Road,False,False,OPEN,2024-12-31 16:37:00,True,False,,,53.356307,-6.273717,40,18,22,9,9,0,9,40,18,22,9,9,0,9
14232,12,dublin,ECCLES STREET,Eccles Street,False,False,OPEN,2024-12-31 16:32:58,True,False,,,53.359246,-6.269779,20,0,20,0,0,0,0,20,0,20,0,0,0,0
14233,34,dublin,PORTOBELLO HARBOUR,Portobello Harbour,False,False,OPEN,2024-12-31 16:33:50,True,False,,,53.330362,-6.265163,30,26,4,11,15,0,15,30,26,4,11,15,0,15
14234,78,dublin,MATER HOSPITAL,Mater Hospital,False,False,OPEN,2024-12-31 16:35:13,True,False,,,53.359967,-6.264828,40,14,25,10,4,0,4,40,14,25,10,4,0,4
14235,2,dublin,BLESSINGTON STREET,Blessington Street,False,False,OPEN,2024-12-31 16:35:35,True,False,,,53.356769,-6.26814,20,2,18,2,0,0,0,20,2,18,2,0,0,0
14236,75,dublin,JAMES STREET,James Street,False,False,OPEN,2024-12-31 16:36:48,True,False,,,53.343456,-6.287409,40,26,14,16,10,0,10,40,26,14,16,10,0,10
14237,111,dublin,MOUNTJOY SQUARE EAST,Mountjoy Square East,False,False,OPEN,2024-12-31 16:32:15,True,False,,,53.356717,-6.256359,40,2,38,0,2,0,2,40,2,38,0,2,0,2
14238,26,dublin,MERRION SQUARE WEST,Merrion Square West,False,False,OPEN,2024-12-31 16:32:13,True,False,,,53.339764,-6.251988,20,7,13,4,3,0,3,20,7,13,4,3,0,3
14239,65,dublin,CONVENTION CENTRE,Convention Centre,False,False,OPEN,2024-12-31 16:36:48,True,False,,,53.34744,-6.238523,40,3,37,3,0,0,0,40,3,37,3,0,0,0
14240,15,dublin,HARDWICKE STREET,Hardwicke Street,False,False,OPEN,2024-12-31 16:36:32,True,False,,,53.355473,-6.264423,16,0,16,0,0,0,0,16,0,16,0,0,0,0
14241,86,dublin,PARKGATE STREET,Parkgate Street,False,False,OPEN,2024-12-31 16:34:14,True,False,,,53.347972,-6.291804,38,16,22,3,13,0,13,38,16,22,3,13,0,13
14242,35,dublin,SMITHFIELD,Smithfield,False,False,OPEN,2024-12-31 16:36:37,True,False,,,53.347692,-6.278214,30,27,3,14,13,0,13,30,27,3,14,13,0,13
14243,10,dublin,DAME STREET,Dame Street,False,False,OPEN,2024-12-31 16:35:47,True,False,,,53.344007,-6.266802,16,5,11,2,3,0,3,16,5,11,2,3,0,3
14244,100,dublin,HEUSTON BRIDGE (SOUTH),Heuston Bridge (South),False,False,OPEN,2024-12-31 16:36:35,True,False,,,53.347106,-6.292041,25,25,0,10,15,0,15,25,25,0,10,15,0,15
14245,24,dublin,CATHAL BRUGHA STREET,Cathal Brugha Street,False,False,OPEN,2024-12-31 16:34:51,True,False,,,53.352149,-6.260533,20,10,10,7,3,0,3,20,10,10,7,3,0,3
14246,64,dublin,SANDWITH STREET,Sandwith Street,False,False,OPEN,2024-12-31 16:36:17,True,False,,,53.345203,-6.247163,40,9,31,7,2,0,2,40,9,31,7,2,0,2
14247,109,dublin,BUCKINGHAM STREET LOWER,Buckingham Street Lower,False,False,OPEN,2024-12-31 16:33:35,True,False,,,53.353331,-6.249319,29,7,22,4,3,0,3,29,7,22,4,3,0,3
14248,85,dublin,ROTHE ABBEY,Rothe Abbey,False,False,OPEN,2024-12-31 16:34:42,True,False,,,53.338776,-6.30395,35,29,6,13,16,0,16,35,29,6,13,16,0,16
14249,107,dublin,CHARLEVILLE ROAD,Charleville Road,False,False,OPEN,2024-12-31 16:34:45,True,False,,,53.359157,-6.281866,40,6,33,2,4,0,4,40,6,33,2,4,0,4
14250,33,dublin,PRINCES STREET / O'CONNELL STREET,Princes Street / O'Connell Street,False,False,OPEN,2024-12-31 16:35:03,True,False,,,53.349013,-6.260311,23,13,10,6,7,0,7,23,13,10,6,7,0,7
14251,44,dublin,UPPER SHERRARD STREET,Upper Sherrard Street,False,False,OPEN,2024-12-31 16:34:48,True,False,,,53.358437,-6.260641,30,9,21,6,3,0,3,30,9,21,6,3,0,3
14252,89,dublin,FITZWILLIAM SQUARE EAST,Fitzwilliam Square East,False,False,OPEN,2024-12-31 16:35:23,True,False,,,53.335211,-6.2509,40,18,22,10,8,0,8,40,18,22,10,8,0,8
14253,57,dublin,GRATTAN STREET,Grattan Street,False,False,OPEN,2024-12-31 16:34:32,True,False,,,53.339629,-6.243778,23,8,15,5,3,0,3,23,8,15,5,3,0,3
14254,80,dublin,ST JAMES HOSPITAL (LUAS),St James Hospital (Luas),False,False,OPEN,2024-12-31 16:35:58,True,False,,,53.341359,-6.292951,40,22,18,12,10,0,10,40,22,18,12,10,0,10
14255,41,dublin,HARCOURT TERRACE,Harcourt Terrace,False,False,OPEN,2024-12-31 16:33:33,True,False,,,53.332763,-6.257942,20,17,3,10,7,0,7,20,17,3,10,7,0,7
14256,3,dublin,BOLTON STREET,Bolton Street,False,False,OPEN,2024-12-31 16:34:35,True,False,,,53.351182,-6.269859,20,2,18,0,2,0,2,20,2,18,0,2,0,2
14257,40,dublin,JERVIS STREET,Jervis Street,False,False,OPEN,2024-12-31 16:36:11,True,False,,,53.3483,-6.266651,21,19,2,12,7,0,7,21,19,2,12,7,0,7
14258,29,dublin,ORMOND QUAY UPPER,Ormond Quay Upper,False,False,OPEN,2024-12-31 16:35:17,True,False,,,53.346057,-6.268001,29,10,19,5,5,0,5,29,10,19,5,5,0,5
14259,103,dublin,GRANGEGORMAN LOWER (SOUTH),Grangegorman Lower (South),False,False,OPEN,2024-12-31 16:33:58,True,False,,,53.354663,-6.278681,40,4,36,3,1,0,1,40,4,36,3,1,0,1
14260,28,dublin,MOUNTJOY SQUARE WEST,Mountjoy Square West,False,False,OPEN,2024-12-31 16:37:14,True,False,,,53.356299,-6.258586,30,10,20,2,8,0,8,30,10,20,2,8,0,8
14261,39,dublin,WILTON TERRACE,Wilton Terrace,False,False,OPEN,2024-12-31 16:36:48,True,False,,,53.332383,-6.252717,20,1,19,1,0,0,0,20,1,19,1,0,0,0
14262,83,dublin,EMMET ROAD,Emmet Road,False,False,OPEN,2024-12-31 16:36:15,True,False,,,53.340714,-6.308191,40,28,12,14,14,0,14,40,28,12,14,14,0,14
14263,92,dublin,HEUSTON BRIDGE (NORTH),Heuston Bridge (North),False,False,OPEN,2024-12-31 16:34:11,True,False,,,53.347802,-6.292432,40,33,7,19,14,0,14,40,33,7,19,14,0,14
14264,21,dublin,LEINSTER STREET SOUTH,Leinster Street South,False,False,OPEN,2024-12-31 16:32:48,True,False,,,53.34218,-6.254485,30,7,23,6,1,0,1,30,7,23,6,1,0,1
14265,88,dublin,BLACKHALL PLACE,Blackhall Place,False,False,OPEN,2024-12-31 16:33:33,True,False,,,53.3488,-6.281637,30,1,29,1,0,0,0,30,1,29,1,0,0,0
14266,42,dublin,SMITHFIELD NORTH,Smithfield North,False,False,OPEN,2024-12-31 17:06:12,True,False,,,53.349562,-6.278198,30,15,15,9,6,0,6,30,15,15,9,6,0,6
14267,30,dublin,PARNELL SQUARE NORTH,Parnell Square North,False,False,OPEN,2024-12-31 17:00:45,True,False,,,53.3537415547453,-6.26530144781526,20,0,20,0,0,0,0,20,0,20,0,0,0,0
14268,54,dublin,CLONMEL STREET,Clonmel Street,False,False,OPEN,2024-12-31 17:05:17,True,False,,,53.336021,-6.26298,33,17,16,9,8,0,8,33,17,16,9,8,0,8
14269,108,dublin,AVONDALE ROAD,Avondale Road,False,False,OPEN,2024-12-31 17:03:22,True,False,,,53.359405,-6.276142,35,13,22,8,5,0,5,35,13,22,8,5,0,5
14270,20,dublin,JAMES STREET EAST,James Street East,False,False,OPEN,2024-12-31 17:06:17,True,False,,,53.336597,-6.248109,30,1,29,1,0,0,0,30,1,29,1,0,0,0
14271,56,dublin,MOUNT STREET LOWER,Mount Street Lower,False,False,OPEN,2024-12-31 17:01:57,True,False,,,53.33796,-6.24153,40,15,25,10,5,0,5,40,15,25,10,5,0,5
14272,6,dublin,CHRISTCHURCH PLACE,Christchurch Place,False,False,OPEN,2024-12-31 17:04:11,True,False,,,53.343368,-6.27012,20,8,12,3,5,0,5,20,8,12,3,5,0,5
14273,18,dublin,GRANTHAM STREET,Grantham Street,False,False,OPEN,2024-12-31 17:04:38,True,False,,,53.334123,-6.265436,30,0,30,0,0,0,0,30,0,30,0,0,0,0
14274,32,dublin,PEARSE STREET,Pearse Street,False,False,OPEN,2024-12-31 17:02:24,True,False,,,53.344304,-6.250427,30,11,19,7,4,0,4,30,11,19,7,4,0,4
14275,52,dublin,YORK STREET EAST,York Street East,False,False,OPEN,2024-12-31 17:02:57,True,False,,,53.338755,-6.262003,32,14,18,6,8,0,8,32,14,18,6,8,0,8
14276,48,dublin,EXCISE WALK,Excise Walk,False,False,OPEN,2024-12-31 17:03:22,True,False,,,53.347777,-6.244239,40,6,34,6,0,0,0,40,6,34,6,0,0,0
14277,13,dublin,FITZWILLIAM SQUARE WEST,Fitzwilliam Square West,False,False,OPEN,2024-12-31 17:05:50,True,False,,,53.336074,-6.252825,30,27,3,13,14,0,14,30,27,3,13,14,0,14
14278,43,dublin,PORTOBELLO ROAD,Portobello Road,False,False,OPEN,2024-12-31 17:04:10,True,False,,,53.330091,-6.268044,30,19,11,11,8,0,8,30,19,11,11,8,0,8
14279,31,dublin,PARNELL STREET,Parnell Street,False,False,OPEN,2024-12-31 17:06:26,True,False,,,53.350929,-6.265125,20,10,10,2,8,0,8,20,10,10,2,8,0,8
14280,98,dublin,FREDERICK STREET SOUTH,Frederick Street South,False,False,OPEN,2024-12-31 17:03:15,True,False,,,53.341515,-6.256853,40,19,21,14,5,0,5,40,19,21,14,5,0,5
14281,14,dublin,FOWNES STREET UPPER,Fownes Street Upper,False,False,OPEN,2024-12-31 17:05:52,True,False,,,53.344603,-6.263371,30,11,19,11,0,0,0,30,11,19,11,0,0,0
14282,1,dublin,CLARENDON ROW,Clarendon Row,False,False,OPEN,2024-12-31 17:06:04,True,False,,,53.340927,-6.262501,31,7,24,1,6,0,6,31,7,24,1,6,0,6
14283,23,dublin,CUSTOM HOUSE,Custom House,False,False,OPEN,2024-12-31 17:04:21,True,False,,,53.348279,-6.254662,30,5,25,4,1,0,1,30,5,25,4,1,0,1
14284,106,dublin,RATHDOWN ROAD,Rathdown Road,False,False,OPEN,2024-12-31 17:01:45,True,False,,,53.35893,-6.280337,40,20,20,16,4,0,4,40,20,20,16,4,0,4
14285,112,dublin,NORTH CIRCULAR ROAD (O'CONNELL'S),North Circular Road (O'Connell's),False,False,OPEN,2024-12-31 17:03:22,True,False,,,53.357841,-6.251557,30,19,11,12,7,0,7,30,19,11,12,7,0,7
14286,68,dublin,HANOVER QUAY,Hanover Quay,False,False,OPEN,2024-12-31 17:05:46,True,False,,,53.344115,-6.237153,40,18,22,12,6,0,6,40,18,22,12,6,0,6
14287,74,dublin,OLIVER BOND STREET,Oliver Bond Street,False,False,OPEN,2024-12-31 17:04:56,True,False,,,53.343893,-6.280531,30,7,23,1,6,0,6,30,7,23,1,6,0,6
14288,87,dublin,COLLINS BARRACKS MUSEUM,Collins Barracks Museum,False,False,OPEN,2024-12-31 17:07:18,True,False,,,53.347477,-6.28525,38,19,19,11,8,0,8,38,19,19,11,8,0,8
14289,84,dublin,BROOKFIELD ROAD,Brookfield Road,False,False,OPEN,2024-12-31 16:58:08,True,False,,,53.339005,-6.300217,30,21,9,10,11,0,11,30,21,9,10,11,0,11
14290,90,dublin,BENSON STREET,Benson Street,False,False,OPEN,2024-12-31 17:02:41,True,False,,,53.344153,-6.233451,40,5,35,4,1,0,1,40,5,35,4,1,0,1
14291,11,dublin,EARLSFORT TERRACE,Earlsfort Terrace,False,False,OPEN,2024-12-31 17:02:55,True,False,,,53.334295,-6.258503,30,24,6,19,5,0,5,30,24,6,19,5,0,5
14292,17,dublin,GOLDEN LANE,Golden Lane,False,False,OPEN,2024-12-31 17:05:07,True,False,,,53.340803,-6.267732,20,6,14,5,1,0,1,20,6,14,5,1,0,1
14293,45,dublin,DEVERELL PLACE,Deverell Place,False,False,OPEN,2024-12-31 17:04:58,True,False,,,53.351464,-6.255265,30,4,26,2,2,0,2,30,4,26,2,2,0,2
14294,114,dublin,WILTON TERRACE (PARK),Wilton Terrace (Park),False,False,OPEN,2024-12-31 17:06:34,True,False,,,53.333653,-6.248345,40,6,34,6,0,0,0,40,6,34,6,0,0,0
14295,72,dublin,JOHN STREET WEST,John Street West,False,False,OPEN,2024-12-31 17:03:27,True,False,,,53.343105,-6.277167,31,3,28,3,0,0,0,31,3,28,3,0,0,0
14296,63,dublin,FENIAN STREET,Fenian Street,False,False,OPEN,2024-12-31 17:06:07,True,False,,,53.341428,-6.24672,35,8,27,0,8,0,8,35,8,27,0,8,0,8
14297,113,dublin,MERRION SQUARE SOUTH,Merrion Square South,False,False,OPEN,2024-12-31 16:58:19,True,False,,,53.338614,-6.248606,40,6,23,5,1,0,1,40,6,23,5,1,0,1
14298,91,dublin,SOUTH DOCK ROAD,South Dock Road,False,False,OPEN,2024-12-31 17:04:07,True,False,,,53.341833,-6.231291,30,22,8,14,8,0,8,30,22,8,14,8,0,8
14299,99,dublin,CITY QUAY,City Quay,False,False,OPEN,2024-12-31 17:04:52,True,False,,,53.346637,-6.246154,30,17,13,7,10,0,10,30,17,13,7,10,0,10
14300,9,dublin,EXCHEQUER STREET,Exchequer Street,False,False,OPEN,2024-12-31 17:05:37,True,False,,,53.343034,-6.263578,24,15,9,10,5,0,5,24,15,9,10,5,0,5
14301,67,dublin,THE POINT,The Point,False,False,OPEN,2024-12-31 17:03:46,True,False,,,53.346867,-6.230852,40,18,22,14,4,0,4,40,18,22,14,4,0,4
14302,116,dublin,BROADSTONE,Broadstone,False,False,OPEN,2024-12-31 17:04:03,True,False,,,53.3547,-6.272314,30,12,18,5,7,0,7,30,12,18,5,7,0,7
14303,55,dublin,HATCH STREET,Hatch Street,False,False,OPEN,2024-12-31 17:05:43,True,False,,,53.33403,-6.260714,36,7,29,5,2,0,2,36,7,29,5,2,0,2
14304,62,dublin,LIME STREET,Lime Street,False,False,OPEN,2024-12-31 17:02:03,True,False,,,53.346026,-6.243576,40,17,23,5,12,0,12,40,17,23,5,12,0,12
14305,5,dublin,CHARLEMONT PLACE,Charlemont Street,False,False,OPEN,2024-12-31 17:06:04,True,False,,,53.330662,-6.260177,40,13,27,10,3,0,3,40,13,27,10,3,0,3
14306,97,dublin,KILMAINHAM GAOL,Kilmainham Gaol,False,False,OPEN,2024-12-31 17:03:07,True,False,,,53.342113,-6.310015,40,31,9,17,14,0,14,40,31,9,17,14,0,14
14307,61,dublin,HARDWICKE PLACE,Hardwicke Place,False,False,OPEN,2024-12-31 17:02:08,True,False,,,53.357043,-6.263232,25,2,23,2,0,0,0,25,2,23,2,0,0,0
14308,77,dublin,WOLFE TONE STREET,Wolfe Tone Street,False,False,OPEN,2024-12-31 17:04:59,True,False,,,53.348875,-6.267459,29,10,19,5,5,0,5,29,10,19,5,5,0,5
14309,73,dublin,FRANCIS STREET,Francis Street,False,False,OPEN,2024-12-31 17:04:41,True,False,,,53.342081,-6.275233,30,3,27,3,0,0,0,30,3,27,3,0,0,0
14310,4,dublin,GREEK STREET,Greek Street,False,False,OPEN,2024-12-31 17:05:18,True,False,,,53.346874,-6.272976,20,15,5,3,12,0,12,20,15,5,3,12,0,12
14311,49,dublin,GUILD STREET,Guild Street,False,False,OPEN,2024-12-31 17:05:24,True,False,,,53.347932,-6.240928,40,4,36,2,2,0,2,40,4,36,2,2,0,2
14312,19,dublin,HERBERT PLACE,Herbert Place,False,False,OPEN,2024-12-31 17:06:39,True,False,,,53.334432,-6.245575,30,0,30,0,0,0,0,30,0,30,0,0,0,0
14313,7,dublin,HIGH STREET,High Street,False,False,OPEN,2024-12-31 17:04:09,True,False,,,53.343565,-6.275071,29,2,27,1,1,0,1,29,2,27,1,1,0,1
14314,60,dublin,NORTH CIRCULAR ROAD,North Circular Road,False,False,OPEN,2024-12-31 17:05:51,True,False,,,53.359624,-6.260348,30,26,4,17,9,0,9,30,26,4,17,9,0,9
14315,102,dublin,WESTERN WAY,Western Way,False,False,OPEN,2024-12-31 17:02:29,True,False,,,53.354929,-6.269425,40,11,29,10,1,0,1,40,11,29,10,1,0,1
14316,38,dublin,TALBOT STREET,Talbot Street,False,False,OPEN,2024-12-31 17:05:10,True,False,,,53.350974,-6.25294,40,39,1,26,13,0,13,40,39,1,26,13,0,13
14317,53,dublin,NEWMAN HOUSE,Newman House,False,False,OPEN,2024-12-31 17:04:40,True,False,,,53.337132,-6.26059,40,14,26,12,2,0,2,40,14,26,12,2,0,2
14318,58,dublin,SIR PATRICK DUN'S,Sir Patrick's Dun,False,False,OPEN,2024-12-31 17:06:15,True,False,,,53.339218,-6.240642,40,4,36,4,0,0,0,40,4,36,4,0,0,0
14319,66,dublin,NEW CENTRAL BANK,New Central Bank,False,False,OPEN,2024-12-31 17:01:33,True,False,,,53.347122,-6.234749,40,13,27,10,3,0,3,40,13,27,10,3,0,3
14320,104,dublin,GRANGEGORMAN LOWER (CENTRAL),Grangegorman Lower (Central),False,False,OPEN,2024-12-31 17:06:47,True,False,,,53.355173,-6.278424,40,19,21,10,9,0,9,40,19,21,10,9,0,9
14321,101,dublin,KING STREET NORTH,King Street North,False,False,OPEN,2024-12-31 17:03:09,True,False,,,53.350291,-6.273507,30,1,29,1,0,0,0,30,1,29,1,0,0,0
14322,115,dublin,KILLARNEY STREET,Killarney Street,False,False,OPEN,2024-12-31 17:05:27,True,False,,,53.354845,-6.247579,30,17,13,9,8,0,8,30,17,13,9,8,0,8
14323,47,dublin,HERBERT STREET,Herbert Street,False,False,OPEN,2024-12-31 17:02:44,True,False,,,53.335742,-6.24551,40,0,40,0,0,0,0,40,0,40,0,0,0,0
14324,117,dublin,HANOVER QUAY EAST,Hanover Quay East,False,False,OPEN,2024-12-31 17:01:55,True,False,,,53.343653,-6.231755,40,2,38,2,0,0,0,40,2,38,2,0,0,0
14325,8,dublin,CUSTOM HOUSE QUAY,Custom House Quay,False,False,OPEN,2024-12-31 17:05:04,True,False,,,53.347884,-6.248048,30,5,25,4,1,0,1,30,5,25,4,1,0,1
14326,27,dublin,MOLESWORTH STREET,Molesworth Street,False,False,OPEN,2024-12-31 17:02:21,True,False,,,53.341288,-6.258117,20,12,8,2,10,0,10,20,12,8,2,10,0,10
14327,16,dublin,GEORGES QUAY,Georges Quay,False,False,OPEN,2024-12-31 17:03:36,True,False,,,53.347508,-6.252192,20,3,17,1,2,0,2,20,3,17,1,2,0,2
14328,96,dublin,KILMAINHAM LANE,Kilmainham Lane,False,False,OPEN,2024-12-31 17:01:24,True,False,,,53.341805,-6.305085,30,18,12,11,7,0,7,30,18,12,11,7,0,7
14329,82,dublin,MOUNT BROWN,Mount Brown,False,False,OPEN,2024-12-31 17:04:17,True,False,,,53.341645,-6.29719,22,8,14,2,6,0,6,22,8,14,2,6,0,6
14330,76,dublin,MARKET STREET SOUTH,Market Street South,False,False,OPEN,2024-12-31 17:03:36,True,False,,,53.342296,-6.287661,38,7,31,5,2,0,2,38,7,31,5,2,0,2
14331,71,dublin,KEVIN STREET,Kevin Street,False,False,OPEN,2024-12-31 17:05:16,True,False,,,53.337757,-6.267699,40,27,13,18,9,0,9,40,27,13,18,9,0,9
14332,79,dublin,ECCLES STREET EAST,Eccles Street East,False,False,OPEN,2024-12-31 17:06:52,True,False,,,53.358115,-6.265601,27,1,26,0,1,0,1,27,1,26,0,1,0,1
14333,69,dublin,GRAND CANAL DOCK,Grand Canal Dock,False,False,OPEN,2024-12-31 17:06:46,True,False,,,53.342638,-6.238695,40,38,2,28,10,0,10,40,38,2,28,10,0,10
14334,25,dublin,MERRION SQUARE EAST,Merrion Square East,False,False,OPEN,2024-12-31 17:06:17,True,False,,,53.339434,-6.246548,30,8,22,2,6,0,6,30,8,22,2,6,0,6
14335,51,dublin,YORK STREET WEST,York Street West,False,False,OPEN,2024-12-31 17:00:26,True,False,,,53.339334,-6.264699,40,0,0,0,0,0,0,40,0,0,0,0,0,0
14336,37,dublin,ST. STEPHEN'S GREEN SOUTH,St. Stephen's Green South,False,False,OPEN,2024-12-31 17:04:01,True,False,,,53.337494,-6.26199,30,8,22,4,4,0,4,30,8,22,4,4,0,4
14337,59,dublin,DENMARK STREET GREAT,Denmark Street Great,False,False,OPEN,2024-12-31 17:05:10,True,False,,,53.35561,-6.261397,20,0,20,0,0,0,0,20,0,20,0,0,0,0
14338,95,dublin,ROYAL HOSPITAL,Royal Hospital,False,False,OPEN,2024-12-31 16:58:03,True,False,,,53.343897,-6.29706,40,27,13,12,15,0,15,40,27,13,12,15,0,15
14339,94,dublin,HEUSTON STATION (CAR PARK),Heuston Station (Car Park),False,False,OPEN,2024-12-31 17:04:12,True,False,,,53.346985,-6.297804,40,10,30,10,0,0,0,40,10,30,10,0,0,0
14340,105,dublin,GRANGEGORMAN LOWER (NORTH),Grangegorman Lower (North),False,False,OPEN,2024-12-31 17:05:55,True,False,,,53.355954,-6.278378,36,13,23,7,6,0,6,36,13,23,7,6,0,6
14341,36,dublin,ST. STEPHEN'S GREEN EAST,St. Stephen's Green East,False,False,OPEN,2024-12-31 17:03:47,True,False,,,53.337824,-6.256035,40,7,33,5,2,0,2,40,7,33,5,2,0,2
14342,93,dublin,HEUSTON STATION (CENTRAL),Heuston Station (Central),False,False,OPEN,2024-12-31 17:04:00,True,False,,,53.346603,-6.296924,40,6,34,6,0,0,0,40,6,34,6,0,0,0
14343,22,dublin,TOWNSEND STREET,Townsend Street,False,False,OPEN,2024-12-31 17:04:33,True,False,,,53.345922,-6.254614,20,13,7,10,3,0,3,20,13,7,10,3,0,3
14344,50,dublin,GEORGES LANE,George's Lane,False,False,OPEN,2024-12-31 16:58:23,True,False,,,53.35023,-6.279696,40,9,31,7,2,0,2,40,9,31,7,2,0,2
14345,110,dublin,PHIBSBOROUGH ROAD,Phibsborough Road,False,False,OPEN,2024-12-31 17:05:18,True,False,,,53.356307,-6.273717,40,17,23,8,9,0,9,40,17,23,8,9,0,9
14346,12,dublin,ECCLES STREET,Eccles Street,False,False,OPEN,2024-12-31 17:03:10,True,False,,,53.359246,-6.269779,20,0,20,0,0,0,0,20,0,20,0,0,0,0
14347,34,dublin,PORTOBELLO HARBOUR,Portobello Harbour,False,False,OPEN,2024-12-31 17:06:52,True,False,,,53.330362,-6.265163,30,27,3,10,17,0,17,30,27,3,10,17,0,17
14348,78,dublin,MATER HOSPITAL,Mater Hospital,False,False,OPEN,2024-12-31 17:05:29,True,False,,,53.359967,-6.264828,40,14,25,10,4,0,4,40,14,25,10,4,0,4
14349,2,dublin,BLESSINGTON STREET,Blessington Street,False,False,OPEN,2024-12-31 17:02:18,True,False,,,53.356769,-6.26814,20,1,19,1,0,0,0,20,1,19,1,0,0,0
14350,75,dublin,JAMES STREET,James Street,False,False,OPEN,2024-12-31 17:07:06,True,False,,,53.343456,-6.287409,40,26,14,16,10,0,10,40,26,14,16,10,0,10
14351,111,dublin,MOUNTJOY SQUARE EAST,Mountjoy Square East,False,False,OPEN,2024-12-31 17:03:24,True,False,,,53.356717,-6.256359,40,5,35,1,4,0,4,40,5,35,1,4,0,4
14352,26,dublin,MERRION SQUARE WEST,Merrion Square West,False,False,OPEN,2024-12-31 17:02:28,True,False,,,53.339764,-6.251988,20,7,13,5,2,0,2,20,7,13,5,2,0,2
14353,65,dublin,CONVENTION CENTRE,Convention Centre,False,False,OPEN,2024-12-31 17:07:03,True,False,,,53.34744,-6.238523,40,3,37,3,0,0,0,40,3,37,3,0,0,0
14354,15,dublin,HARDWICKE STREET,Hardwicke Street,False,False,OPEN,2024-12-31 17:06:49,True,False,,,53.355473,-6.264423,16,1,15,1,0,0,0,16,1,15,1,0,0,0
14355,86,dublin,PARKGATE STREET,Parkgate Street,False,False,OPEN,2024-12-31 17:04:30,True,False,,,53.347972,-6.291804,38,16,22,3,13,0,13,38,16,22,3,13,0,13
14356,35,dublin,SMITHFIELD,Smithfield,False,False,OPEN,2024-12-31 17:06:51,True,False,,,53.347692,-6.278214,30,27,3,14,13,0,13,30,27,3,14,13,0,13
14357,10,dublin,DAME STREET,Dame Street,False,False,OPEN,2024-12-31 17:06:00,True,False,,,53.344007,-6.266802,16,3,13,1,2,0,2,16,3,13,1,2,0,2
14358,100,dublin,HEUSTON BRIDGE (SOUTH),Heuston Bridge (South),False,False,OPEN,2024-12-31 16:59:24,True,False,,,53.347106,-6.292041,25,24,1,9,15,0,15,25,24,1,9,15,0,15
14359,24,dublin,CATHAL BRUGHA STREET,Cathal Brugha Street,False,False,OPEN,2024-12-31 17:05:09,True,False,,,53.352149,-6.260533,20,9,11,7,2,0,2,20,9,11,7,2,0,2
14360,64,dublin,SANDWITH STREET,Sandwith Street,False,False,OPEN,2024-12-31 17:06:35,True,False,,,53.345203,-6.247163,40,9,31,8,1,0,1,40,9,31,8,1,0,1
14361,109,dublin,BUCKINGHAM STREET LOWER,Buckingham Street Lower,False,False,OPEN,2024-12-31 17:03:48,True,False,,,53.353331,-6.249319,29,8,21,5,3,0,3,29,8,21,5,3,0,3
14362,85,dublin,ROTHE ABBEY,Rothe Abbey,False,False,OPEN,2024-12-31 17:04:53,True,False,,,53.338776,-6.30395,35,29,6,13,16,0,16,35,29,6,13,16,0,16
14363,107,dublin,CHARLEVILLE ROAD,Charleville Road,False,False,OPEN,2024-12-31 17:05:00,True,False,,,53.359157,-6.281866,40,6,33,2,4,0,4,40,6,33,2,4,0,4
14364,33,dublin,PRINCES STREET / O'CONNELL STREET,Princes Street / O'Connell Street,False,False,OPEN,2024-12-31 17:05:14,True,False,,,53.349013,-6.260311,23,13,10,8,5,0,5,23,13,10,8,5,0,5
14365,44,dublin,UPPER SHERRARD STREET,Upper Sherrard Street,False,False,OPEN,2024-12-31 17:05:01,True,False,,,53.358437,-6.260641,30,8,22,5,3,0,3,30,8,22,5,3,0,3
14366,89,dublin,FITZWILLIAM SQUARE EAST,Fitzwilliam Square East,False,False,OPEN,2024-12-31 17:05:39,True,False,,,53.335211,-6.2509,40,18,22,10,8,0,8,40,18,22,10,8,0,8
14367,57,dublin,GRATTAN STREET,Grattan Street,False,False,OPEN,2024-12-31 17:04:48,True,False,,,53.339629,-6.243778,23,8,15,5,3,0,3,23,8,15,5,3,0,3
14368,80,dublin,ST JAMES HOSPITAL (LUAS),St James Hospital (Luas),False,False,OPEN,2024-12-31 17:05:30,True,False,,,53.341359,-6.292951,40,22,18,12,10,0,10,40,22,18,12,10,0,10
14369,41,dublin,HARCOURT TERRACE,Harcourt Terrace,False,False,OPEN,2024-12-31 17:03:49,True,False,,,53.332763,-6.257942,20,17,3,10,7,0,7,20,17,3,10,7,0,7
14370,3,dublin,BOLTON STREET,Bolton Street,False,False,OPEN,2024-12-31 17:04:47,True,False,,,53.351182,-6.269859,20,0,20,0,0,0,0,20,0,20,0,0,0,0
14371,40,dublin,JERVIS STREET,Jervis Street,False,False,OPEN,2024-12-31 17:06:29,True,False,,,53.3483,-6.266651,21,18,3,11,7,0,7,21,18,3,11,7,0,7
14372,29,dublin,ORMOND QUAY UPPER,Ormond Quay Upper,False,False,OPEN,2024-12-31 17:05:12,True,False,,,53.346057,-6.268001,29,13,16,7,6,0,6,29,13,16,7,6,0,6
14373,103,dublin,GRANGEGORMAN LOWER (SOUTH),Grangegorman Lower (South),False,False,OPEN,2024-12-31 17:04:05,True,False,,,53.354663,-6.278681,40,4,36,3,1,0,1,40,4,36,3,1,0,1
14374,28,dublin,MOUNTJOY SQUARE WEST,Mountjoy Square West,False,False,OPEN,2024-12-31 17:07:36,True,False,,,53.356299,-6.258586,30,10,20,2,8,0,8,30,10,20,2,8,0,8
14375,39,dublin,WILTON TERRACE,Wilton Terrace,False,False,OPEN,2024-12-31 17:07:05,True,False,,,53.332383,-6.252717,20,0,20,0,0,0,0,20,0,20,0,0,0,0
14376,83,dublin,EMMET ROAD,Emmet Road,False,False,OPEN,2024-12-31 17:06:33,True,False,,,53.340714,-6.308191,40,30,10,16,14,0,14,40,30,10,16,14,0,14
14377,92,dublin,HEUSTON BRIDGE (NORTH),Heuston Bridge (North),False,False,OPEN,2024-12-31 17:04:28,True,False,,,53.347802,-6.292432,40,34,6,20,14,0,14,40,34,6,20,14,0,14
14378,21,dublin,LEINSTER STREET SOUTH,Leinster Street South,False,False,OPEN,2024-12-31 17:03:07,True,False,,,53.34218,-6.254485,30,7,23,5,2,0,2,30,7,23,5,2,0,2
14379,88,dublin,BLACKHALL PLACE,Blackhall Place,False,False,OPEN,2024-12-31 17:03:40,True,False,,,53.3488,-6.281637,30,1,29,1,0,0,0,30,1,29,1,0,0,0
14380,42,dublin,SMITHFIELD NORTH,Smithfield North,False,False,OPEN,2024-12-24 21:47:56,True,False,,,53.349562,-6.278198,30,6,24,5,1,0,1,30,6,24,5,1,0,1
14381,30,dublin,PARNELL SQUARE NORTH,Parnell Square North,False,False,OPEN,2024-12-24 21:48:19,True,False,,,53.3537415547453,-6.26530144781526,20,0,20,0,0,0,0,20,0,20,0,0,0,0
14382,54,dublin,CLONMEL STREET,Clonmel Street,False,False,OPEN,2024-12-24 21:49:44,True,False,,,53.336021,-6.26298,33,15,18,3,12,0,12,33,15,18,3,12,0,12
14383,108,dublin,AVONDALE ROAD,Avondale Road,False,False,OPEN,2024-12-24 21:45:28,True,False,,,53.359405,-6.276142,35,3,32,2,1,0,1,35,3,32,2,1,0,1
14384,20,dublin,JAMES STREET EAST,James Street East,False,False,OPEN,2024-12-24 21:48:01,True,False,,,53.336597,-6.248109,30,2,28,2,0,0,0,30,2,28,2,0,0,0
14385,56,dublin,MOUNT STREET LOWER,Mount Street Lower,False,False,OPEN,2024-12-24 21:43:49,True,False,,,53.33796,-6.24153,40,10,30,3,7,0,7,40,10,30,3,7,0,7
14386,6,dublin,CHRISTCHURCH PLACE,Christchurch Place,False,False,OPEN,2024-12-24 21:46:37,True,False,,,53.343368,-6.27012,20,5,15,3,2,0,2,20,5,15,3,2,0,2
14387,18,dublin,GRANTHAM STREET,Grantham Street,False,False,OPEN,2024-12-24 21:46:34,True,False,,,53.334123,-6.265436,30,14,16,9,5,0,5,30,14,16,9,5,0,5
14388,32,dublin,PEARSE STREET,Pearse Street,False,False,OPEN,2024-12-24 21:45:53,True,False,,,53.344304,-6.250427,30,18,12,13,5,0,5,30,18,12,13,5,0,5
14389,52,dublin,YORK STREET EAST,York Street East,False,False,OPEN,2024-12-24 21:43:19,True,False,,,53.338755,-6.262003,32,3,29,3,0,0,0,32,3,29,3,0,0,0
14390,48,dublin,EXCISE WALK,Excise Walk,False,False,OPEN,2024-12-24 21:51:33,True,False,,,53.347777,-6.244239,40,10,30,6,4,0,4,40,10,30,6,4,0,4
14391,13,dublin,FITZWILLIAM SQUARE WEST,Fitzwilliam Square West,False,False,OPEN,2024-12-24 21:45:45,True,False,,,53.336074,-6.252825,30,18,12,6,12,0,12,30,18,12,6,12,0,12
14392,43,dublin,PORTOBELLO ROAD,Portobello Road,False,False,OPEN,2024-12-24 21:48:35,True,False,,,53.330091,-6.268044,30,15,15,9,6,0,6,30,15,15,9,6,0,6
14393,31,dublin,PARNELL STREET,Parnell Street,False,False,OPEN,2024-12-24 21:44:04,True,False,,,53.350929,-6.265125,20,13,7,9,4,0,4,20,13,7,9,4,0,4
14394,98,dublin,FREDERICK STREET SOUTH,Frederick Street South,False,False,OPEN,2024-12-24 21:47:07,True,False,,,53.341515,-6.256853,40,17,23,13,4,0,4,40,17,23,13,4,0,4
14395,14,dublin,FOWNES STREET UPPER,Fownes Street Upper,False,False,OPEN,2024-12-24 21:47:39,True,False,,,53.344603,-6.263371,30,25,5,18,7,0,7,30,25,5,18,7,0,7
14396,1,dublin,CLARENDON ROW,Clarendon Row,False,False,OPEN,2024-12-24 21:48:15,True,False,,,53.340927,-6.262501,31,11,20,7,4,0,4,31,11,20,7,4,0,4
14397,23,dublin,CUSTOM HOUSE,Custom House,False,False,OPEN,2024-12-24 21:48:02,True,False,,,53.348279,-6.254662,30,20,10,19,1,0,1,30,20,10,19,1,0,1
14398,106,dublin,RATHDOWN ROAD,Rathdown Road,False,False,OPEN,2024-12-24 21:47:35,True,False,,,53.35893,-6.280337,40,17,23,3,14,0,14,40,17,23,3,14,0,14
14399,112,dublin,NORTH CIRCULAR ROAD (O'CONNELL'S),North Circular Road (O'Connell's),False,False,OPEN,2024-12-24 21:51:47,True,False,,,53.357841,-6.251557,30,15,15,9,6,0,6,30,15,15,9,6,0,6
14400,68,dublin,HANOVER QUAY,Hanover Quay,False,False,OPEN,2024-12-24 21:46:48,True,False,,,53.344115,-6.237153,40,11,29,10,1,0,1,40,11,29,10,1,0,1
14401,74,dublin,OLIVER BOND STREET,Oliver Bond Street,False,False,OPEN,2024-12-24 21:49:56,True,False,,,53.343893,-6.280531,30,30,0,18,12,0,12,30,30,0,18,12,0,12
14402,87,dublin,COLLINS BARRACKS MUSEUM,Collins Barracks Museum,False,False,OPEN,2024-12-24 21:50:52,True,False,,,53.347477,-6.28525,38,15,23,6,9,0,9,38,15,23,6,9,0,9
14403,84,dublin,BROOKFIELD ROAD,Brookfield Road,False,False,OPEN,2024-12-24 21:49:33,True,False,,,53.339005,-6.300217,30,20,10,12,8,0,8,30,20,10,12,8,0,8
14404,90,dublin,BENSON STREET,Benson Street,False,False,OPEN,2024-12-24 21:49:45,True,False,,,53.344153,-6.233451,40,3,37,1,2,0,2,40,3,37,1,2,0,2
14405,11,dublin,EARLSFORT TERRACE,Earlsfort Terrace,False,False,OPEN,2024-12-24 21:50:02,True,False,,,53.334295,-6.258503,30,18,12,14,4,0,4,30,18,12,14,4,0,4
14406,17,dublin,GOLDEN LANE,Golden Lane,False,False,OPEN,2024-12-24 21:45:32,True,False,,,53.340803,-6.267732,20,12,8,6,6,0,6,20,12,8,6,6,0,6
14407,45,dublin,DEVERELL PLACE,Deverell Place,False,False,OPEN,2024-12-24 21:46:43,True,False,,,53.351464,-6.255265,30,3,27,1,2,0,2,30,3,27,1,2,0,2
14408,114,dublin,WILTON TERRACE (PARK),Wilton Terrace (Park),False,False,OPEN,2024-12-24 21:48:12,True,False,,,53.333653,-6.248345,40,3,37,2,1,0,1,40,3,37,2,1,0,1
14409,72,dublin,JOHN STREET WEST,John Street West,False,False,OPEN,2024-12-24 21:46:34,True,False,,,53.343105,-6.277167,31,6,25,3,3,0,3,31,6,25,3,3,0,3
14410,63,dublin,FENIAN STREET,Fenian Street,False,False,OPEN,2024-12-24 21:44:47,True,False,,,53.341428,-6.24672,35,22,13,10,12,0,12,35,22,13,10,12,0,12
14411,113,dublin,MERRION SQUARE SOUTH,Merrion Square South,False,False,OPEN,2024-12-24 21:50:50,True,False,,,53.338614,-6.248606,40,11,18,7,4,0,4,40,11,18,7,4,0,4
14412,91,dublin,SOUTH DOCK ROAD,South Dock Road,False,False,OPEN,2024-12-24 21:48:03,True,False,,,53.341833,-6.231291,30,19,11,11,8,0,8,30,19,11,11,8,0,8
14413,99,dublin,CITY QUAY,City Quay,False,False,OPEN,2024-12-24 21:47:09,True,False,,,53.346637,-6.246154,30,23,7,8,15,0,15,30,23,7,8,15,0,15
14414,9,dublin,EXCHEQUER STREET,Exchequer Street,False,False,OPEN,2024-12-24 21:48:33,True,False,,,53.343034,-6.263578,24,15,9,13,2,0,2,24,15,9,13,2,0,2
14415,67,dublin,THE POINT,The Point,False,False,OPEN,2024-12-24 21:46:10,True,False,,,53.346867,-6.230852,40,24,16,16,8,0,8,40,24,16,16,8,0,8
14416,116,dublin,BROADSTONE,Broadstone,False,False,OPEN,2024-12-24 21:47:58,True,False,,,53.3547,-6.272314,30,19,11,7,12,0,12,30,19,11,7,12,0,12
14417,55,dublin,HATCH STREET,Hatch Street,False,False,OPEN,2024-12-24 21:48:32,True,False,,,53.33403,-6.260714,36,18,18,11,7,0,7,36,18,18,11,7,0,7
14418,62,dublin,LIME STREET,Lime Street,False,False,OPEN,2024-12-24 21:48:07,True,False,,,53.346026,-6.243576,40,11,29,3,8,0,8,40,11,29,3,8,0,8
14419,5,dublin,CHARLEMONT PLACE,Charlemont Street,False,False,OPEN,2024-12-24 21:48:48,True,False,,,53.330662,-6.260177,40,22,18,13,9,0,9,40,22,18,13,9,0,9
14420,97,dublin,KILMAINHAM GAOL,Kilmainham Gaol,False,False,OPEN,2024-12-24 21:48:02,True,False,,,53.342113,-6.310015,40,18,22,5,13,0,13,40,18,22,5,13,0,13
14421,61,dublin,HARDWICKE PLACE,Hardwicke Place,False,False,OPEN,2024-12-24 21:48:09,True,False,,,53.357043,-6.263232,25,11,14,7,4,0,4,25,11,14,7,4,0,4
14422,77,dublin,WOLFE TONE STREET,Wolfe Tone Street,False,False,OPEN,2024-12-24 21:45:41,True,False,,,53.348875,-6.267459,29,17,12,8,9,0,9,29,17,12,8,9,0,9
14423,73,dublin,FRANCIS STREET,Francis Street,False,False,OPEN,2024-12-24 21:47:09,True,False,,,53.342081,-6.275233,30,12,18,7,5,0,5,30,12,18,7,5,0,5
14424,4,dublin,GREEK STREET,Greek Street,False,False,OPEN,2024-12-24 21:46:04,True,False,,,53.346874,-6.272976,20,20,0,12,8,0,8,20,20,0,12,8,0,8
14425,49,dublin,GUILD STREET,Guild Street,False,False,OPEN,2024-12-24 21:49:03,True,False,,,53.347932,-6.240928,40,36,4,22,14,0,14,40,36,4,22,14,0,14
14426,19,dublin,HERBERT PLACE,Herbert Place,False,False,OPEN,2024-12-24 21:42:13,True,False,,,53.334432,-6.245575,30,1,29,1,0,0,0,30,1,29,1,0,0,0
14427,7,dublin,HIGH STREET,High Street,False,False,OPEN,2024-12-24 21:44:51,True,False,,,53.343565,-6.275071,29,2,27,1,1,0,1,29,2,27,1,1,0,1
14428,60,dublin,NORTH CIRCULAR ROAD,North Circular Road,False,False,OPEN,2024-12-24 21:49:42,True,False,,,53.359624,-6.260348,30,17,13,9,8,0,8,30,17,13,9,8,0,8
14429,102,dublin,WESTERN WAY,Western Way,False,False,OPEN,2024-12-24 21:48:51,True,False,,,53.354929,-6.269425,40,12,28,9,3,0,3,40,12,28,9,3,0,3
14430,38,dublin,TALBOT STREET,Talbot Street,False,False,OPEN,2024-12-24 21:49:59,True,False,,,53.350974,-6.25294,40,17,22,13,4,0,4,40,17,22,13,4,0,4
14431,53,dublin,NEWMAN HOUSE,Newman House,False,False,OPEN,2024-12-24 21:47:21,True,False,,,53.337132,-6.26059,40,13,27,12,1,0,1,40,13,27,12,1,0,1
14432,58,dublin,SIR PATRICK DUN'S,Sir Patrick's Dun,False,False,OPEN,2024-12-24 21:50:13,True,False,,,53.339218,-6.240642,40,35,5,27,8,0,8,40,35,5,27,8,0,8
14433,66,dublin,NEW CENTRAL BANK,New Central Bank,False,False,OPEN,2024-12-24 21:48:07,True,False,,,53.347122,-6.234749,40,1,39,0,1,0,1,40,1,39,0,1,0,1
14434,104,dublin,GRANGEGORMAN LOWER (CENTRAL),Grangegorman Lower (Central),False,False,OPEN,2024-12-24 21:44:02,True,False,,,53.355173,-6.278424,40,6,34,1,5,0,5,40,6,34,1,5,0,5
14435,101,dublin,KING STREET NORTH,King Street North,False,False,OPEN,2024-12-24 21:43:53,True,False,,,53.350291,-6.273507,30,12,18,8,4,0,4,30,12,18,8,4,0,4
14436,115,dublin,KILLARNEY STREET,Killarney Street,False,False,OPEN,2024-12-24 21:44:07,True,False,,,53.354845,-6.247579,30,25,5,15,10,0,10,30,25,5,15,10,0,10
14437,47,dublin,HERBERT STREET,Herbert Street,False,False,OPEN,2024-12-24 21:47:06,True,False,,,53.335742,-6.24551,40,3,37,3,0,0,0,40,3,37,3,0,0,0
14438,117,dublin,HANOVER QUAY EAST,Hanover Quay East,False,False,OPEN,2024-12-24 21:48:05,True,False,,,53.343653,-6.231755,40,4,36,3,1,0,1,40,4,36,3,1,0,1
14439,8,dublin,CUSTOM HOUSE QUAY,Custom House Quay,False,False,OPEN,2024-12-24 21:48:59,True,False,,,53.347884,-6.248048,30,8,22,6,2,0,2,30,8,22,6,2,0,2
14440,27,dublin,MOLESWORTH STREET,Molesworth Street,False,False,OPEN,2024-12-24 21:47:14,True,False,,,53.341288,-6.258117,20,1,19,1,0,0,0,20,1,19,1,0,0,0
14441,16,dublin,GEORGES QUAY,Georges Quay,False,False,OPEN,2024-12-24 21:44:18,True,False,,,53.347508,-6.252192,20,19,1,11,8,0,8,20,19,1,11,8,0,8
14442,96,dublin,KILMAINHAM LANE,Kilmainham Lane,False,False,OPEN,2024-12-24 21:51:01,True,False,,,53.341805,-6.305085,30,8,22,7,1,0,1,30,8,22,7,1,0,1
14443,82,dublin,MOUNT BROWN,Mount Brown,False,False,OPEN,2024-12-24 21:47:00,True,False,,,53.341645,-6.29719,22,8,14,3,5,0,5,22,8,14,3,5,0,5
14444,76,dublin,MARKET STREET SOUTH,Market Street South,False,False,OPEN,2024-12-24 21:45:56,True,False,,,53.342296,-6.287661,38,6,32,3,3,0,3,38,6,32,3,3,0,3
14445,71,dublin,KEVIN STREET,Kevin Street,False,False,OPEN,2024-12-24 21:45:16,True,False,,,53.337757,-6.267699,40,26,14,17,9,0,9,40,26,14,17,9,0,9
14446,79,dublin,ECCLES STREET EAST,Eccles Street East,False,False,OPEN,2024-12-24 21:46:34,True,False,,,53.358115,-6.265601,27,0,27,0,0,0,0,27,0,27,0,0,0,0
14447,69,dublin,GRAND CANAL DOCK,Grand Canal Dock,False,False,OPEN,2024-12-24 21:47:51,True,False,,,53.342638,-6.238695,40,19,21,11,8,0,8,40,19,21,11,8,0,8
14448,25,dublin,MERRION SQUARE EAST,Merrion Square East,False,False,OPEN,2024-12-24 21:49:23,True,False,,,53.339434,-6.246548,30,3,27,0,3,0,3,30,3,27,0,3,0,3
14449,51,dublin,YORK STREET WEST,York Street West,False,False,OPEN,2024-12-24 21:51:12,True,False,,,53.339334,-6.264699,40,0,0,0,0,0,0,40,0,0,0,0,0,0
14450,37,dublin,ST. STEPHEN'S GREEN SOUTH,St. Stephen's Green South,False,False,OPEN,2024-12-24 21:44:37,True,False,,,53.337494,-6.26199,30,13,17,5,8,0,8,30,13,17,5,8,0,8
14451,59,dublin,DENMARK STREET GREAT,Denmark Street Great,False,False,OPEN,2024-12-24 21:47:15,True,False,,,53.35561,-6.261397,20,2,18,2,0,0,0,20,2,18,2,0,0,0
14452,95,dublin,ROYAL HOSPITAL,Royal Hospital,False,False,OPEN,2024-12-24 21:51:25,True,False,,,53.343897,-6.29706,40,28,12,16,12,0,12,40,28,12,16,12,0,12
14453,94,dublin,HEUSTON STATION (CAR PARK),Heuston Station (Car Park),False,False,OPEN,2024-12-24 21:51:56,True,False,,,53.346985,-6.297804,40,13,27,10,3,0,3,40,13,27,10,3,0,3
14454,105,dublin,GRANGEGORMAN LOWER (NORTH),Grangegorman Lower (North),False,False,OPEN,2024-12-24 21:46:07,True,False,,,53.355954,-6.278378,36,0,36,0,0,0,0,36,0,36,0,0,0,0
14455,36,dublin,ST. STEPHEN'S GREEN EAST,St. Stephen's Green East,False,False,OPEN,2024-12-24 21:46:28,True,False,,,53.337824,-6.256035,40,9,31,7,2,0,2,40,9,31,7,2,0,2
14456,93,dublin,HEUSTON STATION (CENTRAL),Heuston Station (Central),False,False,OPEN,2024-12-24 21:45:29,True,False,,,53.346603,-6.296924,40,14,26,13,1,0,1,40,14,26,13,1,0,1
14457,22,dublin,TOWNSEND STREET,Townsend Street,False,False,OPEN,2024-12-24 21:48:24,True,False,,,53.345922,-6.254614,20,4,16,1,3,0,3,20,4,16,1,3,0,3
14458,50,dublin,GEORGES LANE,George's Lane,False,False,OPEN,2024-12-24 21:42:06,True,False,,,53.35023,-6.279696,40,9,31,7,2,0,2,40,9,31,7,2,0,2
14459,110,dublin,PHIBSBOROUGH ROAD,Phibsborough Road,False,False,OPEN,2024-12-24 21:51:27,True,False,,,53.356307,-6.273717,40,13,27,6,7,0,7,40,13,27,6,7,0,7
14460,12,dublin,ECCLES STREET,Eccles Street,False,False,OPEN,2024-12-24 21:45:03,True,False,,,53.359246,-6.269779,20,2,18,0,2,0,2,20,2,18,0,2,0,2
14461,34,dublin,PORTOBELLO HARBOUR,Portobello Harbour,False,False,OPEN,2024-12-24 21:46:50,True,False,,,53.330362,-6.265163,30,2,28,1,1,0,1,30,2,28,1,1,0,1
14462,78,dublin,MATER HOSPITAL,Mater Hospital,False,False,OPEN,2024-12-24 21:48:11,True,False,,,53.359967,-6.264828,40,2,38,1,1,0,1,40,2,38,1,1,0,1
14463,2,dublin,BLESSINGTON STREET,Blessington Street,False,False,OPEN,2024-12-24 21:44:14,True,False,,,53.356769,-6.26814,20,6,14,4,2,0,2,20,6,14,4,2,0,2
14464,75,dublin,JAMES STREET,James Street,False,False,OPEN,2024-12-24 21:50:39,True,False,,,53.343456,-6.287409,40,21,19,18,3,0,3,40,21,19,18,3,0,3
14465,111,dublin,MOUNTJOY SQUARE EAST,Mountjoy Square East,False,False,OPEN,2024-12-24 21:45:07,True,False,,,53.356717,-6.256359,40,8,32,6,2,0,2,40,8,32,6,2,0,2
14466,26,dublin,MERRION SQUARE WEST,Merrion Square West,False,False,OPEN,2024-12-24 21:44:14,True,False,,,53.339764,-6.251988,20,9,11,7,2,0,2,20,9,11,7,2,0,2
14467,65,dublin,CONVENTION CENTRE,Convention Centre,False,False,OPEN,2024-12-24 21:49:02,True,False,,,53.34744,-6.238523,40,7,33,6,1,0,1,40,7,33,6,1,0,1
14468,15,dublin,HARDWICKE STREET,Hardwicke Street,False,False,OPEN,2024-12-24 21:42:32,True,False,,,53.355473,-6.264423,16,0,16,0,0,0,0,16,0,16,0,0,0,0
14469,86,dublin,PARKGATE STREET,Parkgate Street,False,False,OPEN,2024-12-24 21:49:57,True,False,,,53.347972,-6.291804,38,26,12,9,17,0,17,38,26,12,9,17,0,17
14470,35,dublin,SMITHFIELD,Smithfield,False,False,OPEN,2024-12-24 21:48:36,True,False,,,53.347692,-6.278214,30,11,19,6,5,0,5,30,11,19,6,5,0,5
14471,10,dublin,DAME STREET,Dame Street,False,False,OPEN,2024-12-24 21:49:48,True,False,,,53.344007,-6.266802,16,15,1,9,6,0,6,16,15,1,9,6,0,6
14472,100,dublin,HEUSTON BRIDGE (SOUTH),Heuston Bridge (South),False,False,OPEN,2024-12-24 21:45:01,True,False,,,53.347106,-6.292041,25,25,0,21,4,0,4,25,25,0,21,4,0,4
14473,24,dublin,CATHAL BRUGHA STREET,Cathal Brugha Street,False,False,OPEN,2024-12-24 21:48:28,True,False,,,53.352149,-6.260533,20,8,12,5,3,0,3,20,8,12,5,3,0,3
14474,64,dublin,SANDWITH STREET,Sandwith Street,False,False,OPEN,2024-12-24 21:45:39,True,False,,,53.345203,-6.247163,40,11,29,10,1,0,1,40,11,29,10,1,0,1
14475,109,dublin,BUCKINGHAM STREET LOWER,Buckingham Street Lower,False,False,OPEN,2024-12-24 21:50:58,True,False,,,53.353331,-6.249319,29,23,6,12,11,0,11,29,23,6,12,11,0,11
14476,85,dublin,ROTHE ABBEY,Rothe Abbey,False,False,OPEN,2024-12-24 21:50:02,True,False,,,53.338776,-6.30395,35,28,7,12,16,0,16,35,28,7,12,16,0,16
14477,107,dublin,CHARLEVILLE ROAD,Charleville Road,False,False,OPEN,2024-12-24 21:44:37,True,False,,,53.359157,-6.281866,40,10,30,7,3,0,3,40,10,30,7,3,0,3
14478,33,dublin,PRINCES STREET / O'CONNELL STREET,Princes Street / O'Connell Street,False,False,OPEN,2024-12-24 21:51:34,True,False,,,53.349013,-6.260311,23,10,13,7,3,0,3,23,10,13,7,3,0,3
14479,44,dublin,UPPER SHERRARD STREET,Upper Sherrard Street,False,False,OPEN,2024-12-24 21:49:33,True,False,,,53.358437,-6.260641,30,13,17,8,5,0,5,30,13,17,8,5,0,5
14480,89,dublin,FITZWILLIAM SQUARE EAST,Fitzwilliam Square East,False,False,OPEN,2024-12-24 21:49:43,True,False,,,53.335211,-6.2509,40,21,19,10,11,0,11,40,21,19,10,11,0,11
14481,57,dublin,GRATTAN STREET,Grattan Street,False,False,OPEN,2024-12-24 21:47:21,True,False,,,53.339629,-6.243778,23,7,16,5,2,0,2,23,7,16,5,2,0,2
14482,80,dublin,ST JAMES HOSPITAL (LUAS),St James Hospital (Luas),False,False,OPEN,2024-12-24 21:51:05,True,False,,,53.341359,-6.292951,40,16,24,4,12,0,12,40,16,24,4,12,0,12
14483,41,dublin,HARCOURT TERRACE,Harcourt Terrace,False,False,OPEN,2024-12-24 21:45:10,True,False,,,53.332763,-6.257942,20,1,19,0,1,0,1,20,1,19,0,1,0,1
14484,3,dublin,BOLTON STREET,Bolton Street,False,False,OPEN,2024-12-24 21:47:18,True,False,,,53.351182,-6.269859,20,20,0,11,9,0,9,20,20,0,11,9,0,9
14485,40,dublin,JERVIS STREET,Jervis Street,False,False,OPEN,2024-12-24 21:50:47,True,False,,,53.3483,-6.266651,21,3,18,3,0,0,0,21,3,18,3,0,0,0
14486,29,dublin,ORMOND QUAY UPPER,Ormond Quay Upper,False,False,OPEN,2024-12-24 21:49:30,True,False,,,53.346057,-6.268001,29,22,7,14,8,0,8,29,22,7,14,8,0,8
14487,103,dublin,GRANGEGORMAN LOWER (SOUTH),Grangegorman Lower (South),False,False,OPEN,2024-12-24 21:44:28,True,False,,,53.354663,-6.278681,40,2,38,1,1,0,1,40,2,38,1,1,0,1
14488,28,dublin,MOUNTJOY SQUARE WEST,Mountjoy Square West,False,False,OPEN,2024-12-24 21:51:42,True,False,,,53.356299,-6.258586,30,14,16,2,12,0,12,30,14,16,2,12,0,12
14489,39,dublin,WILTON TERRACE,Wilton Terrace,False,False,OPEN,2024-12-24 21:49:54,True,False,,,53.332383,-6.252717,20,6,14,3,3,0,3,20,6,14,3,3,0,3
14490,83,dublin,EMMET ROAD,Emmet Road,False,False,OPEN,2024-12-24 21:50:47,True,False,,,53.340714,-6.308191,40,19,21,11,8,0,8,40,19,21,11,8,0,8
14491,92,dublin,HEUSTON BRIDGE (NORTH),Heuston Bridge (North),False,False,OPEN,2024-12-24 21:45:08,True,False,,,53.347802,-6.292432,40,30,10,20,10,0,10,40,30,10,20,10,0,10
14492,21,dublin,LEINSTER STREET SOUTH,Leinster Street South,False,False,OPEN,2024-12-24 21:49:38,True,False,,,53.34218,-6.254485,30,10,20,3,7,0,7,30,10,20,3,7,0,7
14493,88,dublin,BLACKHALL PLACE,Blackhall Place,False,False,OPEN,2024-12-24 21:48:01,True,False,,,53.3488,-6.281637,30,6,24,6,0,0,0,30,6,24,6,0,0,0
14494,42,dublin,SMITHFIELD NORTH,Smithfield North,False,False,OPEN,2024-12-24 23:18:44,True,False,,,53.349562,-6.278198,30,7,23,5,2,0,2,30,7,23,5,2,0,2
14495,30,dublin,PARNELL SQUARE NORTH,Parnell Square North,False,False,OPEN,2024-12-24 23:19:07,True,False,,,53.3537415547453,-6.26530144781526,20,0,20,0,0,0,0,20,0,20,0,0,0,0
14496,54,dublin,CLONMEL STREET,Clonmel Street,False,False,OPEN,2024-12-24 23:20:35,True,False,,,53.336021,-6.26298,33,13,20,1,12,0,12,33,13,20,1,12,0,12
14497,108,dublin,AVONDALE ROAD,Avondale Road,False,False,OPEN,2024-12-24 23:16:02,True,False,,,53.359405,-6.276142,35,4,31,3,1,0,1,35,4,31,3,1,0,1
14498,20,dublin,JAMES STREET EAST,James Street East,False,False,OPEN,2024-12-24 23:18:39,True,False,,,53.336597,-6.248109,30,2,28,2,0,0,0,30,2,28,2,0,0,0
14499,56,dublin,MOUNT STREET LOWER,Mount Street Lower,False,False,OPEN,2024-12-24 23:20:23,True,False,,,53.33796,-6.24153,40,9,31,3,6,0,6,40,9,31,3,6,0,6
14500,6,dublin,CHRISTCHURCH PLACE,Christchurch Place,False,False,OPEN,2024-12-24 23:17:32,True,False,,,53.343368,-6.27012,20,6,14,4,2,0,2,20,6,14,4,2,0,2
14501,18,dublin,GRANTHAM STREET,Grantham Street,False,False,OPEN,2024-12-24 23:17:14,True,False,,,53.334123,-6.265436,30,16,14,10,6,0,6,30,16,14,10,6,0,6
14502,32,dublin,PEARSE STREET,Pearse Street,False,False,OPEN,2024-12-24 23:15:03,True,False,,,53.344304,-6.250427,30,18,12,13,5,0,5,30,18,12,13,5,0,5
14503,52,dublin,YORK STREET EAST,York Street East,False,False,OPEN,2024-12-24 23:14:07,True,False,,,53.338755,-6.262003,32,4,28,4,0,0,0,32,4,28,4,0,0,0
14504,48,dublin,EXCISE WALK,Excise Walk,False,False,OPEN,2024-12-24 23:12:16,True,False,,,53.347777,-6.244239,40,10,30,6,4,0,4,40,10,30,6,4,0,4
14505,13,dublin,FITZWILLIAM SQUARE WEST,Fitzwilliam Square West,False,False,OPEN,2024-12-24 23:16:18,True,False,,,53.336074,-6.252825,30,18,12,6,12,0,12,30,18,12,6,12,0,12
14506,43,dublin,PORTOBELLO ROAD,Portobello Road,False,False,OPEN,2024-12-24 23:19:26,True,False,,,53.330091,-6.268044,30,14,16,8,6,0,6,30,14,16,8,6,0,6
14507,31,dublin,PARNELL STREET,Parnell Street,False,False,OPEN,2024-12-24 23:14:42,True,False,,,53.350929,-6.265125,20,12,8,9,3,0,3,20,12,8,9,3,0,3
14508,98,dublin,FREDERICK STREET SOUTH,Frederick Street South,False,False,OPEN,2024-12-24 23:17:43,True,False,,,53.341515,-6.256853,40,15,25,11,4,0,4,40,15,25,11,4,0,4
14509,14,dublin,FOWNES STREET UPPER,Fownes Street Upper,False,False,OPEN,2024-12-24 23:18:20,True,False,,,53.344603,-6.263371,30,24,6,17,7,0,7,30,24,6,17,7,0,7
14510,1,dublin,CLARENDON ROW,Clarendon Row,False,False,OPEN,2024-12-24 23:18:49,True,False,,,53.340927,-6.262501,31,11,20,7,4,0,4,31,11,20,7,4,0,4
14511,23,dublin,CUSTOM HOUSE,Custom House,False,False,OPEN,2024-12-24 23:18:50,True,False,,,53.348279,-6.254662,30,19,11,18,1,0,1,30,19,11,18,1,0,1
14512,106,dublin,RATHDOWN ROAD,Rathdown Road,False,False,OPEN,2024-12-24 23:18:22,True,False,,,53.35893,-6.280337,40,17,23,3,14,0,14,40,17,23,3,14,0,14
14513,112,dublin,NORTH CIRCULAR ROAD (O'CONNELL'S),North Circular Road (O'Connell's),False,False,OPEN,2024-12-24 23:19:13,True,False,,,53.357841,-6.251557,30,14,16,9,5,0,5,30,14,16,9,5,0,5
14514,68,dublin,HANOVER QUAY,Hanover Quay,False,False,OPEN,2024-12-24 23:17:26,True,False,,,53.344115,-6.237153,40,11,29,10,1,0,1,40,11,29,10,1,0,1
14515,74,dublin,OLIVER BOND STREET,Oliver Bond Street,False,False,OPEN,2024-12-24 23:20:44,True,False,,,53.343893,-6.280531,30,29,1,18,11,0,11,30,29,1,18,11,0,11
14516,87,dublin,COLLINS BARRACKS MUSEUM,Collins Barracks Museum,False,False,OPEN,2024-12-24 23:21:31,True,False,,,53.347477,-6.28525,38,16,22,7,9,0,9,38,16,22,7,9,0,9
14517,84,dublin,BROOKFIELD ROAD,Brookfield Road,False,False,OPEN,2024-12-24 23:20:12,True,False,,,53.339005,-6.300217,30,20,10,12,8,0,8,30,20,10,12,8,0,8
14518,90,dublin,BENSON STREET,Benson Street,False,False,OPEN,2024-12-24 23:20:24,True,False,,,53.344153,-6.233451,40,8,32,4,4,0,4,40,8,32,4,4,0,4
14519,11,dublin,EARLSFORT TERRACE,Earlsfort Terrace,False,False,OPEN,2024-12-24 23:17:12,True,False,,,53.334295,-6.258503,30,18,12,14,4,0,4,30,18,12,14,4,0,4
14520,17,dublin,GOLDEN LANE,Golden Lane,False,False,OPEN,2024-12-24 23:16:14,True,False,,,53.340803,-6.267732,20,12,8,5,7,0,7,20,12,8,5,7,0,7
14521,45,dublin,DEVERELL PLACE,Deverell Place,False,False,OPEN,2024-12-24 23:17:19,True,False,,,53.351464,-6.255265,30,3,27,1,2,0,2,30,3,27,1,2,0,2
14522,114,dublin,WILTON TERRACE (PARK),Wilton Terrace (Park),False,False,OPEN,2024-12-24 23:18:49,True,False,,,53.333653,-6.248345,40,3,37,2,1,0,1,40,3,37,2,1,0,1
14523,72,dublin,JOHN STREET WEST,John Street West,False,False,OPEN,2024-12-24 23:17:14,True,False,,,53.343105,-6.277167,31,6,25,2,4,0,4,31,6,25,2,4,0,4
14524,63,dublin,FENIAN STREET,Fenian Street,False,False,OPEN,2024-12-24 23:19:15,True,False,,,53.341428,-6.24672,35,23,12,11,12,0,12,35,23,12,11,12,0,12
14525,113,dublin,MERRION SQUARE SOUTH,Merrion Square South,False,False,OPEN,2024-12-24 23:21:39,True,False,,,53.338614,-6.248606,40,11,18,7,4,0,4,40,11,18,7,4,0,4
14526,91,dublin,SOUTH DOCK ROAD,South Dock Road,False,False,OPEN,2024-12-24 23:18:52,True,False,,,53.341833,-6.231291,30,20,10,12,8,0,8,30,20,10,12,8,0,8
14527,99,dublin,CITY QUAY,City Quay,False,False,OPEN,2024-12-24 23:17:48,True,False,,,53.346637,-6.246154,30,23,7,8,15,0,15,30,23,7,8,15,0,15
14528,9,dublin,EXCHEQUER STREET,Exchequer Street,False,False,OPEN,2024-12-24 23:18:54,True,False,,,53.343034,-6.263578,24,14,10,12,2,0,2,24,14,10,12,2,0,2
14529,67,dublin,THE POINT,The Point,False,False,OPEN,2024-12-24 23:16:54,True,False,,,53.346867,-6.230852,40,27,13,17,10,0,10,40,27,13,17,10,0,10
14530,116,dublin,BROADSTONE,Broadstone,False,False,OPEN,2024-12-24 23:18:32,True,False,,,53.3547,-6.272314,30,19,11,7,12,0,12,30,19,11,7,12,0,12
14531,55,dublin,HATCH STREET,Hatch Street,False,False,OPEN,2024-12-24 23:19:06,True,False,,,53.33403,-6.260714,36,18,18,11,7,0,7,36,18,18,11,7,0,7
14532,62,dublin,LIME STREET,Lime Street,False,False,OPEN,2024-12-24 23:18:56,True,False,,,53.346026,-6.243576,40,11,29,3,8,0,8,40,11,29,3,8,0,8
14533,5,dublin,CHARLEMONT PLACE,Charlemont Street,False,False,OPEN,2024-12-24 23:19:25,True,False,,,53.330662,-6.260177,40,24,16,14,10,0,10,40,24,16,14,10,0,10
14534,97,dublin,KILMAINHAM GAOL,Kilmainham Gaol,False,False,OPEN,2024-12-24 23:21:26,True,False,,,53.342113,-6.310015,40,18,22,5,13,0,13,40,18,22,5,13,0,13
14535,61,dublin,HARDWICKE PLACE,Hardwicke Place,False,False,OPEN,2024-12-24 23:18:57,True,False,,,53.357043,-6.263232,25,10,15,7,3,0,3,25,10,15,7,3,0,3
14536,77,dublin,WOLFE TONE STREET,Wolfe Tone Street,False,False,OPEN,2024-12-24 23:16:17,True,False,,,53.348875,-6.267459,29,16,13,7,9,0,9,29,16,13,7,9,0,9
14537,73,dublin,FRANCIS STREET,Francis Street,False,False,OPEN,2024-12-24 23:17:47,True,False,,,53.342081,-6.275233,30,12,18,7,5,0,5,30,12,18,7,5,0,5
14538,4,dublin,GREEK STREET,Greek Street,False,False,OPEN,2024-12-24 23:16:42,True,False,,,53.346874,-6.272976,20,20,0,12,8,0,8,20,20,0,12,8,0,8
14539,49,dublin,GUILD STREET,Guild Street,False,False,OPEN,2024-12-24 23:20:18,True,False,,,53.347932,-6.240928,40,39,1,25,14,0,14,40,39,1,25,14,0,14
14540,19,dublin,HERBERT PLACE,Herbert Place,False,False,OPEN,2024-12-24 23:12:51,True,False,,,53.334432,-6.245575,30,0,30,0,0,0,0,30,0,30,0,0,0,0
14541,7,dublin,HIGH STREET,High Street,False,False,OPEN,2024-12-24 23:15:28,True,False,,,53.343565,-6.275071,29,2,27,1,1,0,1,29,2,27,1,1,0,1
14542,60,dublin,NORTH CIRCULAR ROAD,North Circular Road,False,False,OPEN,2024-12-24 23:20:21,True,False,,,53.359624,-6.260348,30,17,13,10,7,0,7,30,17,13,10,7,0,7
14543,102,dublin,WESTERN WAY,Western Way,False,False,OPEN,2024-12-24 23:19:39,True,False,,,53.354929,-6.269425,40,13,27,10,3,0,3,40,13,27,10,3,0,3
14544,38,dublin,TALBOT STREET,Talbot Street,False,False,OPEN,2024-12-24 23:19:43,True,False,,,53.350974,-6.25294,40,16,23,13,3,0,3,40,16,23,13,3,0,3
14545,53,dublin,NEWMAN HOUSE,Newman House,False,False,OPEN,2024-12-24 23:17:58,True,False,,,53.337132,-6.26059,40,13,27,12,1,0,1,40,13,27,12,1,0,1
14546,58,dublin,SIR PATRICK DUN'S,Sir Patrick's Dun,False,False,OPEN,2024-12-24 23:17:50,True,False,,,53.339218,-6.240642,40,34,6,25,9,0,9,40,34,6,25,9,0,9
14547,66,dublin,NEW CENTRAL BANK,New Central Bank,False,False,OPEN,2024-12-24 23:18:46,True,False,,,53.347122,-6.234749,40,2,38,2,0,0,0,40,2,38,2,0,0,0
14548,104,dublin,GRANGEGORMAN LOWER (CENTRAL),Grangegorman Lower (Central),False,False,OPEN,2024-12-24 23:14:40,True,False,,,53.355173,-6.278424,40,6,34,1,5,0,5,40,6,34,1,5,0,5
14549,101,dublin,KING STREET NORTH,King Street North,False,False,OPEN,2024-12-24 23:14:32,True,False,,,53.350291,-6.273507,30,13,17,9,4,0,4,30,13,17,9,4,0,4
14550,115,dublin,KILLARNEY STREET,Killarney Street,False,False,OPEN,2024-12-24 23:15:00,True,False,,,53.354845,-6.247579,30,27,3,18,9,0,9,30,27,3,18,9,0,9
14551,47,dublin,HERBERT STREET,Herbert Street,False,False,OPEN,2024-12-24 23:17:44,True,False,,,53.335742,-6.24551,40,3,37,3,0,0,0,40,3,37,3,0,0,0
14552,117,dublin,HANOVER QUAY EAST,Hanover Quay East,False,False,OPEN,2024-12-24 23:18:38,True,False,,,53.343653,-6.231755,40,4,36,3,1,0,1,40,4,36,3,1,0,1
14553,8,dublin,CUSTOM HOUSE QUAY,Custom House Quay,False,False,OPEN,2024-12-24 23:17:10,True,False,,,53.347884,-6.248048,30,9,21,7,2,0,2,30,9,21,7,2,0,2
14554,27,dublin,MOLESWORTH STREET,Molesworth Street,False,False,OPEN,2024-12-24 23:17:51,True,False,,,53.341288,-6.258117,20,1,19,1,0,0,0,20,1,19,1,0,0,0
14555,16,dublin,GEORGES QUAY,Georges Quay,False,False,OPEN,2024-12-24 23:14:57,True,False,,,53.347508,-6.252192,20,18,2,11,7,0,7,20,18,2,11,7,0,7
14556,96,dublin,KILMAINHAM LANE,Kilmainham Lane,False,False,OPEN,2024-12-24 23:21:49,True,False,,,53.341805,-6.305085,30,8,22,7,1,0,1,30,8,22,7,1,0,1
14557,82,dublin,MOUNT BROWN,Mount Brown,False,False,OPEN,2024-12-24 23:17:48,True,False,,,53.341645,-6.29719,22,8,14,3,5,0,5,22,8,14,3,5,0,5
14558,76,dublin,MARKET STREET SOUTH,Market Street South,False,False,OPEN,2024-12-24 23:16:33,True,False,,,53.342296,-6.287661,38,7,31,3,4,0,4,38,7,31,3,4,0,4
14559,71,dublin,KEVIN STREET,Kevin Street,False,False,OPEN,2024-12-24 23:15:55,True,False,,,53.337757,-6.267699,40,25,15,16,9,0,9,40,25,15,16,9,0,9
14560,79,dublin,ECCLES STREET EAST,Eccles Street East,False,False,OPEN,2024-12-24 23:17:12,True,False,,,53.358115,-6.265601,27,0,27,0,0,0,0,27,0,27,0,0,0,0
14561,69,dublin,GRAND CANAL DOCK,Grand Canal Dock,False,False,OPEN,2024-12-24 23:18:28,True,False,,,53.342638,-6.238695,40,19,21,11,8,0,8,40,19,21,11,8,0,8
14562,25,dublin,MERRION SQUARE EAST,Merrion Square East,False,False,OPEN,2024-12-24 23:20:11,True,False,,,53.339434,-6.246548,30,3,27,0,3,0,3,30,3,27,0,3,0,3
14563,51,dublin,YORK STREET WEST,York Street West,False,False,OPEN,2024-12-24 23:21:59,True,False,,,53.339334,-6.264699,40,0,0,0,0,0,0,40,0,0,0,0,0,0
14564,37,dublin,ST. STEPHEN'S GREEN SOUTH,St. Stephen's Green South,False,False,OPEN,2024-12-24 23:15:15,True,False,,,53.337494,-6.26199,30,13,17,5,8,0,8,30,13,17,5,8,0,8
14565,59,dublin,DENMARK STREET GREAT,Denmark Street Great,False,False,OPEN,2024-12-24 23:17:51,True,False,,,53.35561,-6.261397,20,2,18,2,0,0,0,20,2,18,2,0,0,0
14566,95,dublin,ROYAL HOSPITAL,Royal Hospital,False,False,OPEN,2024-12-24 23:16:24,True,False,,,53.343897,-6.29706,40,29,11,16,13,0,13,40,29,11,16,13,0,13
14567,94,dublin,HEUSTON STATION (CAR PARK),Heuston Station (Car Park),False,False,OPEN,2024-12-24 23:12:27,True,False,,,53.346985,-6.297804,40,13,27,10,3,0,3,40,13,27,10,3,0,3
14568,105,dublin,GRANGEGORMAN LOWER (NORTH),Grangegorman Lower (North),False,False,OPEN,2024-12-24 23:16:43,True,False,,,53.355954,-6.278378,36,0,36,0,0,0,0,36,0,36,0,0,0,0
14569,36,dublin,ST. STEPHEN'S GREEN EAST,St. Stephen's Green East,False,False,OPEN,2024-12-24 23:17:18,True,False,,,53.337824,-6.256035,40,8,32,7,1,0,1,40,8,32,7,1,0,1
14570,93,dublin,HEUSTON STATION (CENTRAL),Heuston Station (Central),False,False,OPEN,2024-12-24 23:16:01,True,False,,,53.346603,-6.296924,40,14,26,13,1,0,1,40,14,26,13,1,0,1
14571,22,dublin,TOWNSEND STREET,Townsend Street,False,False,OPEN,2024-12-24 23:19:13,True,False,,,53.345922,-6.254614,20,3,17,1,2,0,2,20,3,17,1,2,0,2
14572,50,dublin,GEORGES LANE,George's Lane,False,False,OPEN,2024-12-24 23:19:36,True,False,,,53.35023,-6.279696,40,9,31,7,2,0,2,40,9,31,7,2,0,2
14573,110,dublin,PHIBSBOROUGH ROAD,Phibsborough Road,False,False,OPEN,2024-12-24 23:12:09,True,False,,,53.356307,-6.273717,40,14,26,7,7,0,7,40,14,26,7,7,0,7
14574,12,dublin,ECCLES STREET,Eccles Street,False,False,OPEN,2024-12-24 23:15:39,True,False,,,53.359246,-6.269779,20,2,18,0,2,0,2,20,2,18,0,2,0,2
14575,34,dublin,PORTOBELLO HARBOUR,Portobello Harbour,False,False,OPEN,2024-12-24 23:17:29,True,False,,,53.330362,-6.265163,30,4,25,3,1,0,1,30,4,25,3,1,0,1
14576,78,dublin,MATER HOSPITAL,Mater Hospital,False,False,OPEN,2024-12-24 23:21:13,True,False,,,53.359967,-6.264828,40,2,38,0,2,0,2,40,2,38,0,2,0,2
14577,2,dublin,BLESSINGTON STREET,Blessington Street,False,False,OPEN,2024-12-24 23:14:51,True,False,,,53.356769,-6.26814,20,4,16,2,2,0,2,20,4,16,2,2,0,2
14578,75,dublin,JAMES STREET,James Street,False,False,OPEN,2024-12-24 23:21:18,True,False,,,53.343456,-6.287409,40,22,18,19,3,0,3,40,22,18,19,3,0,3
14579,111,dublin,MOUNTJOY SQUARE EAST,Mountjoy Square East,False,False,OPEN,2024-12-24 23:15:44,True,False,,,53.356717,-6.256359,40,8,32,6,2,0,2,40,8,32,6,2,0,2
14580,26,dublin,MERRION SQUARE WEST,Merrion Square West,False,False,OPEN,2024-12-24 23:15:25,True,False,,,53.339764,-6.251988,20,7,13,5,2,0,2,20,7,13,5,2,0,2
14581,65,dublin,CONVENTION CENTRE,Convention Centre,False,False,OPEN,2024-12-24 23:19:40,True,False,,,53.34744,-6.238523,40,7,33,6,1,0,1,40,7,33,6,1,0,1
14582,15,dublin,HARDWICKE STREET,Hardwicke Street,False,False,OPEN,2024-12-24 23:13:19,True,False,,,53.355473,-6.264423,16,0,16,0,0,0,0,16,0,16,0,0,0,0
14583,86,dublin,PARKGATE STREET,Parkgate Street,False,False,OPEN,2024-12-24 23:20:46,True,False,,,53.347972,-6.291804,38,26,12,9,17,0,17,38,26,12,9,17,0,17
14584,35,dublin,SMITHFIELD,Smithfield,False,False,OPEN,2024-12-24 23:19:13,True,False,,,53.347692,-6.278214,30,11,19,6,5,0,5,30,11,19,6,5,0,5
14585,10,dublin,DAME STREET,Dame Street,False,False,OPEN,2024-12-24 23:20:28,True,False,,,53.344007,-6.266802,16,14,2,8,6,0,6,16,14,2,8,6,0,6
14586,100,dublin,HEUSTON BRIDGE (SOUTH),Heuston Bridge (South),False,False,OPEN,2024-12-24 23:21:58,True,False,,,53.347106,-6.292041,25,23,2,19,4,0,4,25,23,2,19,4,0,4
14587,24,dublin,CATHAL BRUGHA STREET,Cathal Brugha Street,False,False,OPEN,2024-12-24 23:19:09,True,False,,,53.352149,-6.260533,20,6,14,3,3,0,3,20,6,14,3,3,0,3
14588,64,dublin,SANDWITH STREET,Sandwith Street,False,False,OPEN,2024-12-24 23:16:28,True,False,,,53.345203,-6.247163,40,10,30,9,1,0,1,40,10,30,9,1,0,1
14589,109,dublin,BUCKINGHAM STREET LOWER,Buckingham Street Lower,False,False,OPEN,2024-12-24 23:21:39,True,False,,,53.353331,-6.249319,29,21,8,11,10,0,10,29,21,8,11,10,0,10
14590,85,dublin,ROTHE ABBEY,Rothe Abbey,False,False,OPEN,2024-12-24 23:17:43,True,False,,,53.338776,-6.30395,35,30,5,12,18,0,18,35,30,5,12,18,0,18
14591,107,dublin,CHARLEVILLE ROAD,Charleville Road,False,False,OPEN,2024-12-24 23:15:16,True,False,,,53.359157,-6.281866,40,11,29,8,3,0,3,40,11,29,8,3,0,3
14592,33,dublin,PRINCES STREET / O'CONNELL STREET,Princes Street / O'Connell Street,False,False,OPEN,2024-12-24 23:12:15,True,False,,,53.349013,-6.260311,23,5,18,4,1,0,1,23,5,18,4,1,0,1
14593,44,dublin,UPPER SHERRARD STREET,Upper Sherrard Street,False,False,OPEN,2024-12-24 23:20:23,True,False,,,53.358437,-6.260641,30,12,18,8,4,0,4,30,12,18,8,4,0,4
14594,89,dublin,FITZWILLIAM SQUARE EAST,Fitzwilliam Square East,False,False,OPEN,2024-12-24 23:20:33,True,False,,,53.335211,-6.2509,40,21,19,10,11,0,11,40,21,19,10,11,0,11
14595,57,dublin,GRATTAN STREET,Grattan Street,False,False,OPEN,2024-12-24 23:17:59,True,False,,,53.339629,-6.243778,23,7,16,5,2,0,2,23,7,16,5,2,0,2
14596,80,dublin,ST JAMES HOSPITAL (LUAS),St James Hospital (Luas),False,False,OPEN,2024-12-24 23:21:42,True,False,,,53.341359,-6.292951,40,16,24,4,12,0,12,40,16,24,4,12,0,12
14597,41,dublin,HARCOURT TERRACE,Harcourt Terrace,False,False,OPEN,2024-12-24 23:15:57,True,False,,,53.332763,-6.257942,20,1,19,0,1,0,1,20,1,19,0,1,0,1
14598,3,dublin,BOLTON STREET,Bolton Street,False,False,OPEN,2024-12-24 23:17:54,True,False,,,53.351182,-6.269859,20,20,0,11,9,0,9,20,20,0,11,9,0,9
14599,40,dublin,JERVIS STREET,Jervis Street,False,False,OPEN,2024-12-24 23:20:50,True,False,,,53.3483,-6.266651,21,3,18,3,0,0,0,21,3,18,3,0,0,0
14600,29,dublin,ORMOND QUAY UPPER,Ormond Quay Upper,False,False,OPEN,2024-12-24 23:20:18,True,False,,,53.346057,-6.268001,29,23,6,15,8,0,8,29,23,6,15,8,0,8
14601,103,dublin,GRANGEGORMAN LOWER (SOUTH),Grangegorman Lower (South),False,False,OPEN,2024-12-24 23:15:01,True,False,,,53.354663,-6.278681,40,2,38,1,1,0,1,40,2,38,1,1,0,1
14602,28,dublin,MOUNTJOY SQUARE WEST,Mountjoy Square West,False,False,OPEN,2024-12-24 23:20:26,True,False,,,53.356299,-6.258586,30,13,17,2,11,0,11,30,13,17,2,11,0,11
14603,39,dublin,WILTON TERRACE,Wilton Terrace,False,False,OPEN,2024-12-24 23:20:44,True,False,,,53.332383,-6.252717,20,8,12,3,5,0,5,20,8,12,3,5,0,5
14604,83,dublin,EMMET ROAD,Emmet Road,False,False,OPEN,2024-12-24 23:21:40,True,False,,,53.340714,-6.308191,40,18,22,9,9,0,9,40,18,22,9,9,0,9
14605,92,dublin,HEUSTON BRIDGE (NORTH),Heuston Bridge (North),False,False,OPEN,2024-12-24 23:15:45,True,False,,,53.347802,-6.292432,40,30,10,20,10,0,10,40,30,10,20,10,0,10
14606,21,dublin,LEINSTER STREET SOUTH,Leinster Street South,False,False,OPEN,2024-12-24 23:20:27,True,False,,,53.34218,-6.254485,30,9,21,3,6,0,6,30,9,21,3,6,0,6
14607,88,dublin,BLACKHALL PLACE,Blackhall Place,False,False,OPEN,2024-12-24 23:18:48,True,False,,,53.3488,-6.281637,30,6,24,6,0,0,0,30,6,24,6,0,0,0
14608,42,dublin,SMITHFIELD NORTH,Smithfield North,False,False,OPEN,2024-12-24 23:49:00,True,False,,,53.349562,-6.278198,30,7,23,5,2,0,2,30,7,23,5,2,0,2
14609,30,dublin,PARNELL SQUARE NORTH,Parnell Square North,False,False,OPEN,2024-12-24 23:49:23,True,False,,,53.3537415547453,-6.26530144781526,20,0,20,0,0,0,0,20,0,20,0,0,0,0
14610,54,dublin,CLONMEL STREET,Clonmel Street,False,False,OPEN,2024-12-24 23:50:50,True,False,,,53.336021,-6.26298,33,13,20,1,12,0,12,33,13,20,1,12,0,12
14611,108,dublin,AVONDALE ROAD,Avondale Road,False,False,OPEN,2024-12-24 23:46:13,True,False,,,53.359405,-6.276142,35,4,31,3,1,0,1,35,4,31,3,1,0,1
14612,20,dublin,JAMES STREET EAST,James Street East,False,False,OPEN,2024-12-24 23:48:51,True,False,,,53.336597,-6.248109,30,2,28,2,0,0,0,30,2,28,2,0,0,0
14613,56,dublin,MOUNT STREET LOWER,Mount Street Lower,False,False,OPEN,2024-12-24 23:44:43,True,False,,,53.33796,-6.24153,40,9,31,3,6,0,6,40,9,31,3,6,0,6
14614,6,dublin,CHRISTCHURCH PLACE,Christchurch Place,False,False,OPEN,2024-12-24 23:47:48,True,False,,,53.343368,-6.27012,20,6,14,4,2,0,2,20,6,14,4,2,0,2
14615,18,dublin,GRANTHAM STREET,Grantham Street,False,False,OPEN,2024-12-24 23:47:26,True,False,,,53.334123,-6.265436,30,16,14,10,6,0,6,30,16,14,10,6,0,6
14616,32,dublin,PEARSE STREET,Pearse Street,False,False,OPEN,2024-12-24 23:45:15,True,False,,,53.344304,-6.250427,30,18,12,13,5,0,5,30,18,12,13,5,0,5
14617,52,dublin,YORK STREET EAST,York Street East,False,False,OPEN,2024-12-24 23:44:23,True,False,,,53.338755,-6.262003,32,4,28,4,0,0,0,32,4,28,4,0,0,0
14618,48,dublin,EXCISE WALK,Excise Walk,False,False,OPEN,2024-12-24 23:42:32,True,False,,,53.347777,-6.244239,40,10,30,6,4,0,4,40,10,30,6,4,0,4
14619,13,dublin,FITZWILLIAM SQUARE WEST,Fitzwilliam Square West,False,False,OPEN,2024-12-24 23:46:30,True,False,,,53.336074,-6.252825,30,18,12,6,12,0,12,30,18,12,6,12,0,12
14620,43,dublin,PORTOBELLO ROAD,Portobello Road,False,False,OPEN,2024-12-24 23:49:43,True,False,,,53.330091,-6.268044,30,14,16,8,6,0,6,30,14,16,8,6,0,6
14621,31,dublin,PARNELL STREET,Parnell Street,False,False,OPEN,2024-12-24 23:44:53,True,False,,,53.350929,-6.265125,20,13,7,9,4,0,4,20,13,7,9,4,0,4
14622,98,dublin,FREDERICK STREET SOUTH,Frederick Street South,False,False,OPEN,2024-12-24 23:47:54,True,False,,,53.341515,-6.256853,40,15,25,11,4,0,4,40,15,25,11,4,0,4
14623,14,dublin,FOWNES STREET UPPER,Fownes Street Upper,False,False,OPEN,2024-12-24 23:48:32,True,False,,,53.344603,-6.263371,30,24,6,17,7,0,7,30,24,6,17,7,0,7
14624,1,dublin,CLARENDON ROW,Clarendon Row,False,False,OPEN,2024-12-24 23:49:01,True,False,,,53.340927,-6.262501,31,11,20,7,4,0,4,31,11,20,7,4,0,4
14625,23,dublin,CUSTOM HOUSE,Custom House,False,False,OPEN,2024-12-24 23:49:06,True,False,,,53.348279,-6.254662,30,19,11,18,1,0,1,30,19,11,18,1,0,1
14626,106,dublin,RATHDOWN ROAD,Rathdown Road,False,False,OPEN,2024-12-24 23:48:39,True,False,,,53.35893,-6.280337,40,17,23,3,14,0,14,40,17,23,3,14,0,14
14627,112,dublin,NORTH CIRCULAR ROAD (O'CONNELL'S),North Circular Road (O'Connell's),False,False,OPEN,2024-12-24 23:42:53,True,False,,,53.357841,-6.251557,30,12,18,7,5,0,5,30,12,18,7,5,0,5
14628,68,dublin,HANOVER QUAY,Hanover Quay,False,False,OPEN,2024-12-24 23:47:38,True,False,,,53.344115,-6.237153,40,11,29,10,1,0,1,40,11,29,10,1,0,1
14629,74,dublin,OLIVER BOND STREET,Oliver Bond Street,False,False,OPEN,2024-12-24 23:51:00,True,False,,,53.343893,-6.280531,30,29,1,18,11,0,11,30,29,1,18,11,0,11
14630,87,dublin,COLLINS BARRACKS MUSEUM,Collins Barracks Museum,False,False,OPEN,2024-12-24 23:51:42,True,False,,,53.347477,-6.28525,38,16,22,7,9,0,9,38,16,22,7,9,0,9
14631,84,dublin,BROOKFIELD ROAD,Brookfield Road,False,False,OPEN,2024-12-24 23:50:24,True,False,,,53.339005,-6.300217,30,20,10,12,8,0,8,30,20,10,12,8,0,8
14632,90,dublin,BENSON STREET,Benson Street,False,False,OPEN,2024-12-24 23:50:38,True,False,,,53.344153,-6.233451,40,7,33,3,4,0,4,40,7,33,3,4,0,4
14633,11,dublin,EARLSFORT TERRACE,Earlsfort Terrace,False,False,OPEN,2024-12-24 23:47:25,True,False,,,53.334295,-6.258503,30,18,12,14,4,0,4,30,18,12,14,4,0,4
14634,17,dublin,GOLDEN LANE,Golden Lane,False,False,OPEN,2024-12-24 23:47:23,True,False,,,53.340803,-6.267732,20,12,8,5,7,0,7,20,12,8,5,7,0,7
14635,45,dublin,DEVERELL PLACE,Deverell Place,False,False,OPEN,2024-12-24 23:47:31,True,False,,,53.351464,-6.255265,30,3,27,1,2,0,2,30,3,27,1,2,0,2
14636,114,dublin,WILTON TERRACE (PARK),Wilton Terrace (Park),False,False,OPEN,2024-12-24 23:49:01,True,False,,,53.333653,-6.248345,40,3,37,2,1,0,1,40,3,37,2,1,0,1
14637,72,dublin,JOHN STREET WEST,John Street West,False,False,OPEN,2024-12-24 23:47:27,True,False,,,53.343105,-6.277167,31,6,25,2,4,0,4,31,6,25,2,4,0,4
14638,63,dublin,FENIAN STREET,Fenian Street,False,False,OPEN,2024-12-24 23:45:38,True,False,,,53.341428,-6.24672,35,23,12,11,12,0,12,35,23,12,11,12,0,12
14639,113,dublin,MERRION SQUARE SOUTH,Merrion Square South,False,False,OPEN,2024-12-24 23:51:55,True,False,,,53.338614,-6.248606,40,11,18,7,4,0,4,40,11,18,7,4,0,4
14640,91,dublin,SOUTH DOCK ROAD,South Dock Road,False,False,OPEN,2024-12-24 23:49:08,True,False,,,53.341833,-6.231291,30,20,10,12,8,0,8,30,20,10,12,8,0,8
14641,99,dublin,CITY QUAY,City Quay,False,False,OPEN,2024-12-24 23:48:00,True,False,,,53.346637,-6.246154,30,23,7,8,15,0,15,30,23,7,8,15,0,15
14642,9,dublin,EXCHEQUER STREET,Exchequer Street,False,False,OPEN,2024-12-24 23:49:06,True,False,,,53.343034,-6.263578,24,14,10,12,2,0,2,24,14,10,12,2,0,2
14643,67,dublin,THE POINT,The Point,False,False,OPEN,2024-12-24 23:50:28,True,False,,,53.346867,-6.230852,40,28,12,18,10,0,10,40,28,12,18,10,0,10
14644,116,dublin,BROADSTONE,Broadstone,False,False,OPEN,2024-12-24 23:48:44,True,False,,,53.3547,-6.272314,30,20,10,8,12,0,12,30,20,10,8,12,0,12
14645,55,dublin,HATCH STREET,Hatch Street,False,False,OPEN,2024-12-24 23:49:18,True,False,,,53.33403,-6.260714,36,18,18,11,7,0,7,36,18,18,11,7,0,7
14646,62,dublin,LIME STREET,Lime Street,False,False,OPEN,2024-12-24 23:49:12,True,False,,,53.346026,-6.243576,40,11,29,3,8,0,8,40,11,29,3,8,0,8
14647,5,dublin,CHARLEMONT PLACE,Charlemont Street,False,False,OPEN,2024-12-24 23:49:39,True,False,,,53.330662,-6.260177,40,24,16,14,10,0,10,40,24,16,14,10,0,10
14648,97,dublin,KILMAINHAM GAOL,Kilmainham Gaol,False,False,OPEN,2024-12-24 23:49:06,True,False,,,53.342113,-6.310015,40,18,22,5,13,0,13,40,18,22,5,13,0,13
14649,61,dublin,HARDWICKE PLACE,Hardwicke Place,False,False,OPEN,2024-12-24 23:49:13,True,False,,,53.357043,-6.263232,25,10,15,7,3,0,3,25,10,15,7,3,0,3
14650,77,dublin,WOLFE TONE STREET,Wolfe Tone Street,False,False,OPEN,2024-12-24 23:46:32,True,False,,,53.348875,-6.267459,29,14,15,6,8,0,8,29,14,15,6,8,0,8
14651,73,dublin,FRANCIS STREET,Francis Street,False,False,OPEN,2024-12-24 23:47:59,True,False,,,53.342081,-6.275233,30,12,18,7,5,0,5,30,12,18,7,5,0,5
14652,4,dublin,GREEK STREET,Greek Street,False,False,OPEN,2024-12-24 23:46:54,True,False,,,53.346874,-6.272976,20,19,1,12,7,0,7,20,19,1,12,7,0,7
14653,49,dublin,GUILD STREET,Guild Street,False,False,OPEN,2024-12-24 23:49:49,True,False,,,53.347932,-6.240928,40,39,1,25,14,0,14,40,39,1,25,14,0,14
14654,19,dublin,HERBERT PLACE,Herbert Place,False,False,OPEN,2024-12-24 23:43:03,True,False,,,53.334432,-6.245575,30,0,30,0,0,0,0,30,0,30,0,0,0,0
14655,7,dublin,HIGH STREET,High Street,False,False,OPEN,2024-12-24 23:45:41,True,False,,,53.343565,-6.275071,29,2,27,1,1,0,1,29,2,27,1,1,0,1
14656,60,dublin,NORTH CIRCULAR ROAD,North Circular Road,False,False,OPEN,2024-12-24 23:50:32,True,False,,,53.359624,-6.260348,30,17,13,10,7,0,7,30,17,13,10,7,0,7
14657,102,dublin,WESTERN WAY,Western Way,False,False,OPEN,2024-12-24 23:49:55,True,False,,,53.354929,-6.269425,40,13,27,10,3,0,3,40,13,27,10,3,0,3
14658,38,dublin,TALBOT STREET,Talbot Street,False,False,OPEN,2024-12-24 23:49:55,True,False,,,53.350974,-6.25294,40,16,23,13,3,0,3,40,16,23,13,3,0,3
14659,53,dublin,NEWMAN HOUSE,Newman House,False,False,OPEN,2024-12-24 23:48:10,True,False,,,53.337132,-6.26059,40,13,27,12,1,0,1,40,13,27,12,1,0,1
14660,58,dublin,SIR PATRICK DUN'S,Sir Patrick's Dun,False,False,OPEN,2024-12-24 23:50:22,True,False,,,53.339218,-6.240642,40,34,6,25,9,0,9,40,34,6,25,9,0,9
14661,66,dublin,NEW CENTRAL BANK,New Central Bank,False,False,OPEN,2024-12-24 23:49:01,True,False,,,53.347122,-6.234749,40,2,38,2,0,0,0,40,2,38,2,0,0,0
14662,104,dublin,GRANGEGORMAN LOWER (CENTRAL),Grangegorman Lower (Central),False,False,OPEN,2024-12-24 23:44:54,True,False,,,53.355173,-6.278424,40,5,35,1,4,0,4,40,5,35,1,4,0,4
14663,101,dublin,KING STREET NORTH,King Street North,False,False,OPEN,2024-12-24 23:47:12,True,False,,,53.350291,-6.273507,30,12,18,8,4,0,4,30,12,18,8,4,0,4
14664,115,dublin,KILLARNEY STREET,Killarney Street,False,False,OPEN,2024-12-24 23:45:16,True,False,,,53.354845,-6.247579,30,27,3,18,9,0,9,30,27,3,18,9,0,9
14665,47,dublin,HERBERT STREET,Herbert Street,False,False,OPEN,2024-12-24 23:50:13,True,False,,,53.335742,-6.24551,40,2,38,2,0,0,0,40,2,38,2,0,0,0
14666,117,dublin,HANOVER QUAY EAST,Hanover Quay East,False,False,OPEN,2024-12-24 23:48:50,True,False,,,53.343653,-6.231755,40,4,36,3,1,0,1,40,4,36,3,1,0,1
14667,8,dublin,CUSTOM HOUSE QUAY,Custom House Quay,False,False,OPEN,2024-12-24 23:47:22,True,False,,,53.347884,-6.248048,30,9,21,7,2,0,2,30,9,21,7,2,0,2
14668,27,dublin,MOLESWORTH STREET,Molesworth Street,False,False,OPEN,2024-12-24 23:48:03,True,False,,,53.341288,-6.258117,20,1,19,1,0,0,0,20,1,19,1,0,0,0
14669,16,dublin,GEORGES QUAY,Georges Quay,False,False,OPEN,2024-12-24 23:45:09,True,False,,,53.347508,-6.252192,20,18,2,11,7,0,7,20,18,2,11,7,0,7
14670,96,dublin,KILMAINHAM LANE,Kilmainham Lane,False,False,OPEN,2024-12-24 23:52:05,True,False,,,53.341805,-6.305085,30,8,22,7,1,0,1,30,8,22,7,1,0,1
14671,82,dublin,MOUNT BROWN,Mount Brown,False,False,OPEN,2024-12-24 23:48:04,True,False,,,53.341645,-6.29719,22,8,14,3,5,0,5,22,8,14,3,5,0,5
14672,76,dublin,MARKET STREET SOUTH,Market Street South,False,False,OPEN,2024-12-24 23:46:57,True,False,,,53.342296,-6.287661,38,7,31,3,4,0,4,38,7,31,3,4,0,4
14673,71,dublin,KEVIN STREET,Kevin Street,False,False,OPEN,2024-12-24 23:46:07,True,False,,,53.337757,-6.267699,40,25,15,16,9,0,9,40,25,15,16,9,0,9
14674,79,dublin,ECCLES STREET EAST,Eccles Street East,False,False,OPEN,2024-12-24 23:47:24,True,False,,,53.358115,-6.265601,27,0,27,0,0,0,0,27,0,27,0,0,0,0
14675,69,dublin,GRAND CANAL DOCK,Grand Canal Dock,False,False,OPEN,2024-12-24 23:48:41,True,False,,,53.342638,-6.238695,40,19,21,11,8,0,8,40,19,21,11,8,0,8
14676,25,dublin,MERRION SQUARE EAST,Merrion Square East,False,False,OPEN,2024-12-24 23:50:27,True,False,,,53.339434,-6.246548,30,3,27,0,3,0,3,30,3,27,0,3,0,3
14677,51,dublin,YORK STREET WEST,York Street West,False,False,OPEN,2024-12-24 23:42:10,True,False,,,53.339334,-6.264699,40,0,0,0,0,0,0,40,0,0,0,0,0,0
14678,37,dublin,ST. STEPHEN'S GREEN SOUTH,St. Stephen's Green South,False,False,OPEN,2024-12-24 23:45:28,True,False,,,53.337494,-6.26199,30,13,17,5,8,0,8,30,13,17,5,8,0,8
14679,59,dublin,DENMARK STREET GREAT,Denmark Street Great,False,False,OPEN,2024-12-24 23:48:03,True,False,,,53.35561,-6.261397,20,2,18,2,0,0,0,20,2,18,2,0,0,0
14680,95,dublin,ROYAL HOSPITAL,Royal Hospital,False,False,OPEN,2024-12-24 23:42:27,True,False,,,53.343897,-6.29706,40,29,11,16,13,0,13,40,29,11,16,13,0,13
14681,94,dublin,HEUSTON STATION (CAR PARK),Heuston Station (Car Park),False,False,OPEN,2024-12-24 23:42:40,True,False,,,53.346985,-6.297804,40,13,27,10,3,0,3,40,13,27,10,3,0,3
14682,105,dublin,GRANGEGORMAN LOWER (NORTH),Grangegorman Lower (North),False,False,OPEN,2024-12-24 23:46:56,True,False,,,53.355954,-6.278378,36,0,36,0,0,0,0,36,0,36,0,0,0,0
14683,36,dublin,ST. STEPHEN'S GREEN EAST,St. Stephen's Green East,False,False,OPEN,2024-12-24 23:47:34,True,False,,,53.337824,-6.256035,40,8,32,7,1,0,1,40,8,32,7,1,0,1
14684,93,dublin,HEUSTON STATION (CENTRAL),Heuston Station (Central),False,False,OPEN,2024-12-24 23:46:13,True,False,,,53.346603,-6.296924,40,14,26,13,1,0,1,40,14,26,13,1,0,1
14685,22,dublin,TOWNSEND STREET,Townsend Street,False,False,OPEN,2024-12-24 23:49:29,True,False,,,53.345922,-6.254614,20,3,17,1,2,0,2,20,3,17,1,2,0,2
14686,50,dublin,GEORGES LANE,George's Lane,False,False,OPEN,2024-12-24 23:43:02,True,False,,,53.35023,-6.279696,40,8,32,6,2,0,2,40,8,32,6,2,0,2
14687,110,dublin,PHIBSBOROUGH ROAD,Phibsborough Road,False,False,OPEN,2024-12-24 23:42:25,True,False,,,53.356307,-6.273717,40,14,26,7,7,0,7,40,14,26,7,7,0,7
14688,12,dublin,ECCLES STREET,Eccles Street,False,False,OPEN,2024-12-24 23:45:52,True,False,,,53.359246,-6.269779,20,3,17,1,2,0,2,20,3,17,1,2,0,2
14689,34,dublin,PORTOBELLO HARBOUR,Portobello Harbour,False,False,OPEN,2024-12-24 23:47:41,True,False,,,53.330362,-6.265163,30,4,25,3,1,0,1,30,4,25,3,1,0,1
14690,78,dublin,MATER HOSPITAL,Mater Hospital,False,False,OPEN,2024-12-24 23:49:18,True,False,,,53.359967,-6.264828,40,2,38,0,2,0,2,40,2,38,0,2,0,2
14691,2,dublin,BLESSINGTON STREET,Blessington Street,False,False,OPEN,2024-12-24 23:50:05,True,False,,,53.356769,-6.26814,20,4,16,2,2,0,2,20,4,16,2,2,0,2
14692,75,dublin,JAMES STREET,James Street,False,False,OPEN,2024-12-24 23:51:31,True,False,,,53.343456,-6.287409,40,23,17,20,3,0,3,40,23,17,20,3,0,3
14693,111,dublin,MOUNTJOY SQUARE EAST,Mountjoy Square East,False,False,OPEN,2024-12-24 23:45:57,True,False,,,53.356717,-6.256359,40,8,32,6,2,0,2,40,8,32,6,2,0,2
14694,26,dublin,MERRION SQUARE WEST,Merrion Square West,False,False,OPEN,2024-12-24 23:45:08,True,False,,,53.339764,-6.251988,20,7,13,5,2,0,2,20,7,13,5,2,0,2
14695,65,dublin,CONVENTION CENTRE,Convention Centre,False,False,OPEN,2024-12-24 23:49:52,True,False,,,53.34744,-6.238523,40,8,32,6,2,0,2,40,8,32,6,2,0,2
14696,15,dublin,HARDWICKE STREET,Hardwicke Street,False,False,OPEN,2024-12-24 23:43:35,True,False,,,53.355473,-6.264423,16,0,16,0,0,0,0,16,0,16,0,0,0,0
14697,86,dublin,PARKGATE STREET,Parkgate Street,False,False,OPEN,2024-12-24 23:51:01,True,False,,,53.347972,-6.291804,38,26,12,9,17,0,17,38,26,12,9,17,0,17
14698,35,dublin,SMITHFIELD,Smithfield,False,False,OPEN,2024-12-24 23:49:26,True,False,,,53.347692,-6.278214,30,12,18,6,6,0,6,30,12,18,6,6,0,6
14699,10,dublin,DAME STREET,Dame Street,False,False,OPEN,2024-12-24 23:50:40,True,False,,,53.344007,-6.266802,16,14,2,8,6,0,6,16,14,2,8,6,0,6
14700,100,dublin,HEUSTON BRIDGE (SOUTH),Heuston Bridge (South),False,False,OPEN,2024-12-24 23:46:04,True,False,,,53.347106,-6.292041,25,23,2,19,4,0,4,25,23,2,19,4,0,4
14701,24,dublin,CATHAL BRUGHA STREET,Cathal Brugha Street,False,False,OPEN,2024-12-24 23:49:22,True,False,,,53.352149,-6.260533,20,6,14,3,3,0,3,20,6,14,3,3,0,3
14702,64,dublin,SANDWITH STREET,Sandwith Street,False,False,OPEN,2024-12-24 23:46:45,True,False,,,53.345203,-6.247163,40,10,30,9,1,0,1,40,10,30,9,1,0,1
14703,109,dublin,BUCKINGHAM STREET LOWER,Buckingham Street Lower,False,False,OPEN,2024-12-24 23:51:52,True,False,,,53.353331,-6.249319,29,21,8,11,10,0,10,29,21,8,11,10,0,10
14704,85,dublin,ROTHE ABBEY,Rothe Abbey,False,False,OPEN,2024-12-24 23:47:17,True,False,,,53.338776,-6.30395,35,31,4,12,19,0,19,35,31,4,12,19,0,19
14705,107,dublin,CHARLEVILLE ROAD,Charleville Road,False,False,OPEN,2024-12-24 23:45:28,True,False,,,53.359157,-6.281866,40,11,29,8,3,0,3,40,11,29,8,3,0,3
14706,33,dublin,PRINCES STREET / O'CONNELL STREET,Princes Street / O'Connell Street,False,False,OPEN,2024-12-24 23:50:19,True,False,,,53.349013,-6.260311,23,6,17,5,1,0,1,23,6,17,5,1,0,1
14707,44,dublin,UPPER SHERRARD STREET,Upper Sherrard Street,False,False,OPEN,2024-12-24 23:50:40,True,False,,,53.358437,-6.260641,30,13,17,9,4,0,4,30,13,17,9,4,0,4
14708,89,dublin,FITZWILLIAM SQUARE EAST,Fitzwilliam Square East,False,False,OPEN,2024-12-24 23:50:49,True,False,,,53.335211,-6.2509,40,21,19,10,11,0,11,40,21,19,10,11,0,11
14709,57,dublin,GRATTAN STREET,Grattan Street,False,False,OPEN,2024-12-24 23:48:10,True,False,,,53.339629,-6.243778,23,7,16,5,2,0,2,23,7,16,5,2,0,2
14710,80,dublin,ST JAMES HOSPITAL (LUAS),St James Hospital (Luas),False,False,OPEN,2024-12-24 23:51:57,True,False,,,53.341359,-6.292951,40,16,24,4,12,0,12,40,16,24,4,12,0,12
14711,41,dublin,HARCOURT TERRACE,Harcourt Terrace,False,False,OPEN,2024-12-24 23:46:12,True,False,,,53.332763,-6.257942,20,1,19,0,1,0,1,20,1,19,0,1,0,1
14712,3,dublin,BOLTON STREET,Bolton Street,False,False,OPEN,2024-12-24 23:48:06,True,False,,,53.351182,-6.269859,20,20,0,11,9,0,9,20,20,0,11,9,0,9
14713,40,dublin,JERVIS STREET,Jervis Street,False,False,OPEN,2024-12-24 23:51:01,True,False,,,53.3483,-6.266651,21,3,18,3,0,0,0,21,3,18,3,0,0,0
14714,29,dublin,ORMOND QUAY UPPER,Ormond Quay Upper,False,False,OPEN,2024-12-24 23:50:34,True,False,,,53.346057,-6.268001,29,23,6,15,8,0,8,29,23,6,15,8,0,8
14715,103,dublin,GRANGEGORMAN LOWER (SOUTH),Grangegorman Lower (South),False,False,OPEN,2024-12-24 23:45:13,True,False,,,53.354663,-6.278681,40,2,38,1,1,0,1,40,2,38,1,1,0,1
14716,28,dublin,MOUNTJOY SQUARE WEST,Mountjoy Square West,False,False,OPEN,2024-12-24 23:50:40,True,False,,,53.356299,-6.258586,30,15,15,3,12,0,12,30,15,15,3,12,0,12
14717,39,dublin,WILTON TERRACE,Wilton Terrace,False,False,OPEN,2024-12-24 23:51:00,True,False,,,53.332383,-6.252717,20,8,12,3,5,0,5,20,8,12,3,5,0,5
14718,83,dublin,EMMET ROAD,Emmet Road,False,False,OPEN,2024-12-24 23:51:52,True,False,,,53.340714,-6.308191,40,18,22,9,9,0,9,40,18,22,9,9,0,9
14719,92,dublin,HEUSTON BRIDGE (NORTH),Heuston Bridge (North),False,False,OPEN,2024-12-24 23:45:58,True,False,,,53.347802,-6.292432,40,31,9,21,10,0,10,40,31,9,21,10,0,10
14720,21,dublin,LEINSTER STREET SOUTH,Leinster Street South,False,False,OPEN,2024-12-24 23:50:43,True,False,,,53.34218,-6.254485,30,9,21,3,6,0,6,30,9,21,3,6,0,6
14721,88,dublin,BLACKHALL PLACE,Blackhall Place,False,False,OPEN,2024-12-24 23:49:04,True,False,,,53.3488,-6.281637,30,6,24,6,0,0,0,30,6,24,6,0,0,0
14722,42,dublin,SMITHFIELD NORTH,Smithfield North,False,False,OPEN,2024-12-29 09:18:55,True,False,,,53.349562,-6.278198,30,4,26,3,1,0,1,30,4,26,3,1,0,1
14723,30,dublin,PARNELL SQUARE NORTH,Parnell Square North,False,False,OPEN,2024-12-29 09:18:27,True,False,,,53.3537415547453,-6.26530144781526,20,1,19,1,0,0,0,20,1,19,1,0,0,0
14724,54,dublin,CLONMEL STREET,Clonmel Street,False,False,OPEN,2024-12-29 09:20:59,True,False,,,53.336021,-6.26298,33,19,14,8,11,0,11,33,19,14,8,11,0,11
14725,108,dublin,AVONDALE ROAD,Avondale Road,False,False,OPEN,2024-12-29 09:20:02,True,False,,,53.359405,-6.276142,35,20,15,7,13,0,13,35,20,15,7,13,0,13
14726,20,dublin,JAMES STREET EAST,James Street East,False,False,OPEN,2024-12-29 09:12:47,True,False,,,53.336597,-6.248109,30,1,29,1,0,0,0,30,1,29,1,0,0,0
14727,56,dublin,MOUNT STREET LOWER,Mount Street Lower,False,False,OPEN,2024-12-29 09:17:58,True,False,,,53.33796,-6.24153,40,21,19,9,12,0,12,40,21,19,9,12,0,12
14728,6,dublin,CHRISTCHURCH PLACE,Christchurch Place,False,False,OPEN,2024-12-29 09:17:58,True,False,,,53.343368,-6.27012,20,8,12,5,3,0,3,20,8,12,5,3,0,3
14729,18,dublin,GRANTHAM STREET,Grantham Street,False,False,OPEN,2024-12-29 09:20:21,True,False,,,53.334123,-6.265436,30,9,21,3,6,0,6,30,9,21,3,6,0,6
14730,32,dublin,PEARSE STREET,Pearse Street,False,False,OPEN,2024-12-29 09:20:40,True,False,,,53.344304,-6.250427,30,7,23,6,1,0,1,30,7,23,6,1,0,1
14731,52,dublin,YORK STREET EAST,York Street East,False,False,OPEN,2024-12-29 09:20:14,True,False,,,53.338755,-6.262003,32,32,0,15,17,0,17,32,32,0,15,17,0,17
14732,48,dublin,EXCISE WALK,Excise Walk,False,False,OPEN,2024-12-29 09:19:58,True,False,,,53.347777,-6.244239,40,8,32,6,2,0,2,40,8,32,6,2,0,2
14733,13,dublin,FITZWILLIAM SQUARE WEST,Fitzwilliam Square West,False,False,OPEN,2024-12-29 09:20:34,True,False,,,53.336074,-6.252825,30,28,2,11,17,0,17,30,28,2,11,17,0,17
14734,43,dublin,PORTOBELLO ROAD,Portobello Road,False,False,OPEN,2024-12-29 09:20:53,True,False,,,53.330091,-6.268044,30,15,15,10,5,0,5,30,15,15,10,5,0,5
14735,31,dublin,PARNELL STREET,Parnell Street,False,False,OPEN,2024-12-29 09:17:46,True,False,,,53.350929,-6.265125,20,7,13,5,2,0,2,20,7,13,5,2,0,2
14736,98,dublin,FREDERICK STREET SOUTH,Frederick Street South,False,False,OPEN,2024-12-29 09:20:26,True,False,,,53.341515,-6.256853,40,14,26,9,5,0,5,40,14,26,9,5,0,5
14737,14,dublin,FOWNES STREET UPPER,Fownes Street Upper,False,False,OPEN,2024-12-29 09:14:08,True,False,,,53.344603,-6.263371,30,16,14,9,7,0,7,30,16,14,9,7,0,7
14738,1,dublin,CLARENDON ROW,Clarendon Row,False,False,OPEN,2024-12-29 09:19:28,True,False,,,53.340927,-6.262501,31,10,21,7,3,0,3,31,10,21,7,3,0,3
14739,23,dublin,CUSTOM HOUSE,Custom House,False,False,OPEN,2024-12-29 09:20:45,True,False,,,53.348279,-6.254662,30,24,6,12,12,0,12,30,24,6,12,12,0,12
14740,106,dublin,RATHDOWN ROAD,Rathdown Road,False,False,OPEN,2024-12-29 09:19:08,True,False,,,53.35893,-6.280337,40,20,20,14,6,0,6,40,20,20,14,6,0,6
14741,112,dublin,NORTH CIRCULAR ROAD (O'CONNELL'S),North Circular Road (O'Connell's),False,False,OPEN,2024-12-29 09:19:26,True,False,,,53.357841,-6.251557,30,17,13,5,12,0,12,30,17,13,5,12,0,12
14742,68,dublin,HANOVER QUAY,Hanover Quay,False,False,OPEN,2024-12-29 09:20:16,True,False,,,53.344115,-6.237153,40,32,8,21,11,0,11,40,32,8,21,11,0,11
14743,74,dublin,OLIVER BOND STREET,Oliver Bond Street,False,False,OPEN,2024-12-29 09:21:15,True,False,,,53.343893,-6.280531,30,9,21,6,3,0,3,30,9,21,6,3,0,3
14744,87,dublin,COLLINS BARRACKS MUSEUM,Collins Barracks Museum,False,False,OPEN,2024-12-29 09:18:47,True,False,,,53.347477,-6.28525,38,26,12,12,14,0,14,38,26,12,12,14,0,14
14745,84,dublin,BROOKFIELD ROAD,Brookfield Road,False,False,OPEN,2024-12-29 09:11:53,True,False,,,53.339005,-6.300217,30,20,10,13,7,0,7,30,20,10,13,7,0,7
14746,90,dublin,BENSON STREET,Benson Street,False,False,OPEN,2024-12-29 09:16:11,True,False,,,53.344153,-6.233451,40,5,35,5,0,0,0,40,5,35,5,0,0,0
14747,11,dublin,EARLSFORT TERRACE,Earlsfort Terrace,False,False,OPEN,2024-12-29 09:18:42,True,False,,,53.334295,-6.258503,30,18,12,13,5,0,5,30,18,12,13,5,0,5
14748,17,dublin,GOLDEN LANE,Golden Lane,False,False,OPEN,2024-12-29 09:19:32,True,False,,,53.340803,-6.267732,20,17,3,9,8,0,8,20,17,3,9,8,0,8
14749,45,dublin,DEVERELL PLACE,Deverell Place,False,False,OPEN,2024-12-29 09:21:48,True,False,,,53.351464,-6.255265,30,16,14,10,6,0,6,30,16,14,10,6,0,6
14750,114,dublin,WILTON TERRACE (PARK),Wilton Terrace (Park),False,False,OPEN,2024-12-29 09:12:00,True,False,,,53.333653,-6.248345,40,2,38,0,2,0,2,40,2,38,0,2,0,2
14751,72,dublin,JOHN STREET WEST,John Street West,False,False,OPEN,2024-12-29 09:19:57,True,False,,,53.343105,-6.277167,31,4,27,2,2,0,2,31,4,27,2,2,0,2
14752,63,dublin,FENIAN STREET,Fenian Street,False,False,OPEN,2024-12-29 09:20:45,True,False,,,53.341428,-6.24672,35,26,9,14,12,0,12,35,26,9,14,12,0,12
14753,113,dublin,MERRION SQUARE SOUTH,Merrion Square South,False,False,OPEN,2024-12-29 09:20:39,True,False,,,53.338614,-6.248606,40,7,22,7,0,0,0,40,7,22,7,0,0,0
14754,91,dublin,SOUTH DOCK ROAD,South Dock Road,False,False,OPEN,2024-12-29 09:19:05,True,False,,,53.341833,-6.231291,30,25,5,13,12,0,12,30,25,5,13,12,0,12
14755,99,dublin,CITY QUAY,City Quay,False,False,OPEN,2024-12-29 09:21:39,True,False,,,53.346637,-6.246154,30,21,9,12,9,0,9,30,21,9,12,9,0,9
14756,9,dublin,EXCHEQUER STREET,Exchequer Street,False,False,OPEN,2024-12-29 09:21:48,True,False,,,53.343034,-6.263578,24,12,12,7,5,0,5,24,12,12,7,5,0,5
14757,67,dublin,THE POINT,The Point,False,False,OPEN,2024-12-29 09:19:54,True,False,,,53.346867,-6.230852,40,21,19,15,6,0,6,40,21,19,15,6,0,6
14758,116,dublin,BROADSTONE,Broadstone,False,False,OPEN,2024-12-29 09:18:14,True,False,,,53.3547,-6.272314,30,10,20,1,9,0,9,30,10,20,1,9,0,9
14759,55,dublin,HATCH STREET,Hatch Street,False,False,OPEN,2024-12-29 09:12:39,True,False,,,53.33403,-6.260714,36,13,23,8,5,0,5,36,13,23,8,5,0,5
14760,62,dublin,LIME STREET,Lime Street,False,False,OPEN,2024-12-29 09:19:33,True,False,,,53.346026,-6.243576,40,10,30,3,7,0,7,40,10,30,3,7,0,7
14761,5,dublin,CHARLEMONT PLACE,Charlemont Street,False,False,OPEN,2024-12-29 09:13:46,True,False,,,53.330662,-6.260177,40,17,23,14,3,0,3,40,17,23,14,3,0,3
14762,97,dublin,KILMAINHAM GAOL,Kilmainham Gaol,False,False,OPEN,2024-12-29 09:19:46,True,False,,,53.342113,-6.310015,40,14,26,2,12,0,12,40,14,26,2,12,0,12
14763,61,dublin,HARDWICKE PLACE,Hardwicke Place,False,False,OPEN,2024-12-29 09:18:51,True,False,,,53.357043,-6.263232,25,0,25,0,0,0,0,25,0,25,0,0,0,0
14764,77,dublin,WOLFE TONE STREET,Wolfe Tone Street,False,False,OPEN,2024-12-29 09:19:18,True,False,,,53.348875,-6.267459,29,10,19,4,6,0,6,29,10,19,4,6,0,6
14765,73,dublin,FRANCIS STREET,Francis Street,False,False,OPEN,2024-12-29 09:21:03,True,False,,,53.342081,-6.275233,30,9,21,2,7,0,7,30,9,21,2,7,0,7
14766,4,dublin,GREEK STREET,Greek Street,False,False,OPEN,2024-12-29 09:12:05,True,False,,,53.346874,-6.272976,20,14,6,7,7,0,7,20,14,6,7,7,0,7
14767,49,dublin,GUILD STREET,Guild Street,False,False,OPEN,2024-12-29 09:13:08,True,False,,,53.347932,-6.240928,40,28,12,22,6,0,6,40,28,12,22,6,0,6
14768,19,dublin,HERBERT PLACE,Herbert Place,False,False,OPEN,2024-12-29 09:11:55,True,False,,,53.334432,-6.245575,30,6,24,3,3,0,3,30,6,24,3,3,0,3
14769,7,dublin,HIGH STREET,High Street,False,False,OPEN,2024-12-29 09:21:05,True,False,,,53.343565,-6.275071,29,9,20,7,2,0,2,29,9,20,7,2,0,2
14770,60,dublin,NORTH CIRCULAR ROAD,North Circular Road,False,False,OPEN,2024-12-29 09:12:19,True,False,,,53.359624,-6.260348,30,18,12,13,5,0,5,30,18,12,13,5,0,5
14771,102,dublin,WESTERN WAY,Western Way,False,False,OPEN,2024-12-29 09:19:06,True,False,,,53.354929,-6.269425,40,13,27,11,2,0,2,40,13,27,11,2,0,2
14772,38,dublin,TALBOT STREET,Talbot Street,False,False,OPEN,2024-12-29 09:20:11,True,False,,,53.350974,-6.25294,40,28,12,20,8,0,8,40,28,12,20,8,0,8
14773,53,dublin,NEWMAN HOUSE,Newman House,False,False,OPEN,2024-12-29 09:21:15,True,False,,,53.337132,-6.26059,40,11,29,10,1,0,1,40,11,29,10,1,0,1
14774,58,dublin,SIR PATRICK DUN'S,Sir Patrick's Dun,False,False,OPEN,2024-12-29 09:20:14,True,False,,,53.339218,-6.240642,40,27,13,23,4,0,4,40,27,13,23,4,0,4
14775,66,dublin,NEW CENTRAL BANK,New Central Bank,False,False,OPEN,2024-12-29 09:18:04,True,False,,,53.347122,-6.234749,40,4,36,3,1,0,1,40,4,36,3,1,0,1
14776,104,dublin,GRANGEGORMAN LOWER (CENTRAL),Grangegorman Lower (Central),False,False,OPEN,2024-12-29 09:21:00,True,False,,,53.355173,-6.278424,40,0,40,0,0,0,0,40,0,40,0,0,0,0
14777,101,dublin,KING STREET NORTH,King Street North,False,False,OPEN,2024-12-29 09:21:46,True,False,,,53.350291,-6.273507,30,10,20,4,6,0,6,30,10,20,4,6,0,6
14778,115,dublin,KILLARNEY STREET,Killarney Street,False,False,OPEN,2024-12-29 09:20:24,True,False,,,53.354845,-6.247579,30,25,5,9,16,0,16,30,25,5,9,16,0,16
14779,47,dublin,HERBERT STREET,Herbert Street,False,False,OPEN,2024-12-29 09:20:56,True,False,,,53.335742,-6.24551,40,1,39,0,1,0,1,40,1,39,0,1,0,1
14780,117,dublin,HANOVER QUAY EAST,Hanover Quay East,False,False,OPEN,2024-12-29 09:19:28,True,False,,,53.343653,-6.231755,40,3,37,0,3,0,3,40,3,37,0,3,0,3
14781,8,dublin,CUSTOM HOUSE QUAY,Custom House Quay,False,False,OPEN,2024-12-29 09:21:11,True,False,,,53.347884,-6.248048,30,30,0,24,6,0,6,30,30,0,24,6,0,6
14782,27,dublin,MOLESWORTH STREET,Molesworth Street,False,False,OPEN,2024-12-29 09:19:48,True,False,,,53.341288,-6.258117,20,9,11,1,8,0,8,20,9,11,1,8,0,8
14783,16,dublin,GEORGES QUAY,Georges Quay,False,False,OPEN,2024-12-29 09:19:37,True,False,,,53.347508,-6.252192,20,5,15,4,1,0,1,20,5,15,4,1,0,1
14784,96,dublin,KILMAINHAM LANE,Kilmainham Lane,False,False,OPEN,2024-12-29 09:19:13,True,False,,,53.341805,-6.305085,30,24,6,19,5,0,5,30,24,6,19,5,0,5
14785,82,dublin,MOUNT BROWN,Mount Brown,False,False,OPEN,2024-12-29 09:20:51,True,False,,,53.341645,-6.29719,22,6,16,1,5,0,5,22,6,16,1,5,0,5
14786,76,dublin,MARKET STREET SOUTH,Market Street South,False,False,OPEN,2024-12-29 09:19:07,True,False,,,53.342296,-6.287661,38,2,36,1,1,0,1,38,2,36,1,1,0,1
14787,71,dublin,KEVIN STREET,Kevin Street,False,False,OPEN,2024-12-29 09:18:44,True,False,,,53.337757,-6.267699,40,19,21,16,3,0,3,40,19,21,16,3,0,3
14788,79,dublin,ECCLES STREET EAST,Eccles Street East,False,False,OPEN,2024-12-29 09:12:33,True,False,,,53.358115,-6.265601,27,0,27,0,0,0,0,27,0,27,0,0,0,0
14789,69,dublin,GRAND CANAL DOCK,Grand Canal Dock,False,False,OPEN,2024-12-29 09:18:50,True,False,,,53.342638,-6.238695,40,28,12,19,9,0,9,40,28,12,19,9,0,9
14790,25,dublin,MERRION SQUARE EAST,Merrion Square East,False,False,OPEN,2024-12-29 09:12:54,True,False,,,53.339434,-6.246548,30,2,28,1,1,0,1,30,2,28,1,1,0,1
14791,51,dublin,YORK STREET WEST,York Street West,False,False,OPEN,2024-12-29 09:18:48,True,False,,,53.339334,-6.264699,40,0,0,0,0,0,0,40,0,0,0,0,0,0
14792,37,dublin,ST. STEPHEN'S GREEN SOUTH,St. Stephen's Green South,False,False,OPEN,2024-12-29 09:20:00,True,False,,,53.337494,-6.26199,30,15,15,6,9,0,9,30,15,15,6,9,0,9
14793,59,dublin,DENMARK STREET GREAT,Denmark Street Great,False,False,OPEN,2024-12-29 09:20:48,True,False,,,53.35561,-6.261397,20,1,19,1,0,0,0,20,1,19,1,0,0,0
14794,95,dublin,ROYAL HOSPITAL,Royal Hospital,False,False,OPEN,2024-12-29 09:21:34,True,False,,,53.343897,-6.29706,40,12,28,6,6,0,6,40,12,28,6,6,0,6
14795,94,dublin,HEUSTON STATION (CAR PARK),Heuston Station (Car Park),False,False,OPEN,2024-12-29 09:20:49,True,False,,,53.346985,-6.297804,40,10,30,10,0,0,0,40,10,30,10,0,0,0
14796,105,dublin,GRANGEGORMAN LOWER (NORTH),Grangegorman Lower (North),False,False,OPEN,2024-12-29 09:12:30,True,False,,,53.355954,-6.278378,36,2,34,1,1,0,1,36,2,34,1,1,0,1
14797,36,dublin,ST. STEPHEN'S GREEN EAST,St. Stephen's Green East,False,False,OPEN,2024-12-29 09:19:03,True,False,,,53.337824,-6.256035,40,20,20,11,9,0,9,40,20,20,11,9,0,9
14798,93,dublin,HEUSTON STATION (CENTRAL),Heuston Station (Central),False,False,OPEN,2024-12-29 09:13:12,True,False,,,53.346603,-6.296924,40,14,26,14,0,0,0,40,14,26,14,0,0,0
14799,22,dublin,TOWNSEND STREET,Townsend Street,False,False,OPEN,2024-12-29 09:19:02,True,False,,,53.345922,-6.254614,20,3,17,2,1,0,1,20,3,17,2,1,0,1
14800,50,dublin,GEORGES LANE,George's Lane,False,False,OPEN,2024-12-29 09:13:10,True,False,,,53.35023,-6.279696,40,0,40,0,0,0,0,40,0,40,0,0,0,0
14801,110,dublin,PHIBSBOROUGH ROAD,Phibsborough Road,False,False,OPEN,2024-12-29 09:12:52,True,False,,,53.356307,-6.273717,40,6,34,1,5,0,5,40,6,34,1,5,0,5
14802,12,dublin,ECCLES STREET,Eccles Street,False,False,OPEN,2024-12-29 09:19:42,True,False,,,53.359246,-6.269779,20,9,11,4,5,0,5,20,9,11,4,5,0,5
14803,34,dublin,PORTOBELLO HARBOUR,Portobello Harbour,False,False,OPEN,2024-12-29 09:21:17,True,False,,,53.330362,-6.265163,30,20,10,19,1,0,1,30,20,10,19,1,0,1
14804,78,dublin,MATER HOSPITAL,Mater Hospital,False,False,OPEN,2024-12-29 09:21:05,True,False,,,53.359967,-6.264828,40,0,40,0,0,0,0,40,0,40,0,0,0,0
14805,2,dublin,BLESSINGTON STREET,Blessington Street,False,False,OPEN,2024-12-29 09:19:22,True,False,,,53.356769,-6.26814,20,0,20,0,0,0,0,20,0,20,0,0,0,0
14806,75,dublin,JAMES STREET,James Street,False,False,OPEN,2024-12-29 09:12:32,True,False,,,53.343456,-6.287409,40,19,21,8,11,0,11,40,19,21,8,11,0,11
14807,111,dublin,MOUNTJOY SQUARE EAST,Mountjoy Square East,False,False,OPEN,2024-12-29 09:19:42,True,False,,,53.356717,-6.256359,40,0,40,0,0,0,0,40,0,40,0,0,0,0
14808,26,dublin,MERRION SQUARE WEST,Merrion Square West,False,False,OPEN,2024-12-29 09:18:09,True,False,,,53.339764,-6.251988,20,11,9,3,8,0,8,20,11,9,3,8,0,8
14809,65,dublin,CONVENTION CENTRE,Convention Centre,False,False,OPEN,2024-12-29 09:12:22,True,False,,,53.34744,-6.238523,40,8,32,6,2,0,2,40,8,32,6,2,0,2
14810,15,dublin,HARDWICKE STREET,Hardwicke Street,False,False,OPEN,2024-12-29 09:12:21,True,False,,,53.355473,-6.264423,16,1,15,0,1,0,1,16,1,15,0,1,0,1
14811,86,dublin,PARKGATE STREET,Parkgate Street,False,False,OPEN,2024-12-29 09:21:13,True,False,,,53.347972,-6.291804,38,18,20,1,17,0,17,38,18,20,1,17,0,17
14812,35,dublin,SMITHFIELD,Smithfield,False,False,OPEN,2024-12-29 09:12:58,True,False,,,53.347692,-6.278214,30,16,14,11,5,0,5,30,16,14,11,5,0,5
14813,10,dublin,DAME STREET,Dame Street,False,False,OPEN,2024-12-29 09:13:35,True,False,,,53.344007,-6.266802,16,12,4,8,4,0,4,16,12,4,8,4,0,4
14814,100,dublin,HEUSTON BRIDGE (SOUTH),Heuston Bridge (South),False,False,OPEN,2024-12-29 09:21:23,True,False,,,53.347106,-6.292041,25,16,9,6,10,0,10,25,16,9,6,10,0,10
14815,24,dublin,CATHAL BRUGHA STREET,Cathal Brugha Street,False,False,OPEN,2024-12-29 09:12:09,True,False,,,53.352149,-6.260533,20,14,6,9,5,0,5,20,14,6,9,5,0,5
14816,64,dublin,SANDWITH STREET,Sandwith Street,False,False,OPEN,2024-12-29 09:12:07,True,False,,,53.345203,-6.247163,40,23,17,16,7,0,7,40,23,17,16,7,0,7
14817,109,dublin,BUCKINGHAM STREET LOWER,Buckingham Street Lower,False,False,OPEN,2024-12-29 09:21:43,True,False,,,53.353331,-6.249319,29,3,26,0,3,0,3,29,3,26,0,3,0,3
14818,85,dublin,ROTHE ABBEY,Rothe Abbey,False,False,OPEN,2024-12-29 09:12:51,True,False,,,53.338776,-6.30395,35,21,14,7,14,0,14,35,21,14,7,14,0,14
14819,107,dublin,CHARLEVILLE ROAD,Charleville Road,False,False,OPEN,2024-12-29 09:21:08,True,False,,,53.359157,-6.281866,40,9,31,4,5,0,5,40,9,31,4,5,0,5
14820,33,dublin,PRINCES STREET / O'CONNELL STREET,Princes Street / O'Connell Street,False,False,OPEN,2024-12-29 09:21:06,True,False,,,53.349013,-6.260311,23,3,20,2,1,0,1,23,3,20,2,1,0,1
14821,44,dublin,UPPER SHERRARD STREET,Upper Sherrard Street,False,False,OPEN,2024-12-29 09:13:46,True,False,,,53.358437,-6.260641,30,0,30,0,0,0,0,30,0,30,0,0,0,0
14822,89,dublin,FITZWILLIAM SQUARE EAST,Fitzwilliam Square East,False,False,OPEN,2024-12-29 09:21:38,True,False,,,53.335211,-6.2509,40,19,21,10,9,0,9,40,19,21,10,9,0,9
14823,57,dublin,GRATTAN STREET,Grattan Street,False,False,OPEN,2024-12-29 09:18:43,True,False,,,53.339629,-6.243778,23,5,18,4,1,0,1,23,5,18,4,1,0,1
14824,80,dublin,ST JAMES HOSPITAL (LUAS),St James Hospital (Luas),False,False,OPEN,2024-12-29 09:13:39,True,False,,,53.341359,-6.292951,40,17,23,9,8,0,8,40,17,23,9,8,0,8
14825,41,dublin,HARCOURT TERRACE,Harcourt Terrace,False,False,OPEN,2024-12-29 09:21:16,True,False,,,53.332763,-6.257942,20,0,20,0,0,0,0,20,0,20,0,0,0,0
14826,3,dublin,BOLTON STREET,Bolton Street,False,False,OPEN,2024-12-29 09:12:06,True,False,,,53.351182,-6.269859,20,6,14,4,2,0,2,20,6,14,4,2,0,2
14827,40,dublin,JERVIS STREET,Jervis Street,False,False,OPEN,2024-12-29 09:13:34,True,False,,,53.3483,-6.266651,21,15,6,13,2,0,2,21,15,6,13,2,0,2
14828,29,dublin,ORMOND QUAY UPPER,Ormond Quay Upper,False,False,OPEN,2024-12-29 09:14:44,True,False,,,53.346057,-6.268001,29,25,4,19,6,0,6,29,25,4,19,6,0,6
14829,103,dublin,GRANGEGORMAN LOWER (SOUTH),Grangegorman Lower (South),False,False,OPEN,2024-12-29 09:20:29,True,False,,,53.354663,-6.278681,40,2,38,2,0,0,0,40,2,38,2,0,0,0
14830,28,dublin,MOUNTJOY SQUARE WEST,Mountjoy Square West,False,False,OPEN,2024-12-29 09:21:21,True,False,,,53.356299,-6.258586,30,12,18,10,2,0,2,30,12,18,10,2,0,2
14831,39,dublin,WILTON TERRACE,Wilton Terrace,False,False,OPEN,2024-12-29 09:20:49,True,False,,,53.332383,-6.252717,20,1,19,1,0,0,0,20,1,19,1,0,0,0
14832,83,dublin,EMMET ROAD,Emmet Road,False,False,OPEN,2024-12-29 09:21:05,True,False,,,53.340714,-6.308191,40,22,18,15,7,0,7,40,22,18,15,7,0,7
14833,92,dublin,HEUSTON BRIDGE (NORTH),Heuston Bridge (North),False,False,OPEN,2024-12-29 09:20:14,True,False,,,53.347802,-6.292432,40,33,7,25,8,0,8,40,33,7,25,8,0,8
14834,21,dublin,LEINSTER STREET SOUTH,Leinster Street South,False,False,OPEN,2024-12-29 09:18:50,True,False,,,53.34218,-6.254485,30,2,28,1,1,0,1,30,2,28,1,1,0,1
14835,88,dublin,BLACKHALL PLACE,Blackhall Place,False,False,OPEN,2024-12-29 09:21:12,True,False,,,53.3488,-6.281637,30,3,27,0,3,0,3,30,3,27,0,3,0,3
14836,42,dublin,SMITHFIELD NORTH,Smithfield North,False,False,OPEN,2024-12-29 09:49:09,True,False,,,53.349562,-6.278198,30,3,27,3,0,0,0,30,3,27,3,0,0,0
14837,30,dublin,PARNELL SQUARE NORTH,Parnell Square North,False,False,OPEN,2024-12-29 09:48:42,True,False,,,53.3537415547453,-6.26530144781526,20,1,19,1,0,0,0,20,1,19,1,0,0,0
14838,54,dublin,CLONMEL STREET,Clonmel Street,False,False,OPEN,2024-12-29 09:51:11,True,False,,,53.336021,-6.26298,33,19,14,8,11,0,11,33,19,14,8,11,0,11
14839,108,dublin,AVONDALE ROAD,Avondale Road,False,False,OPEN,2024-12-29 09:50:19,True,False,,,53.359405,-6.276142,35,18,17,6,12,0,12,35,18,17,6,12,0,12
14840,20,dublin,JAMES STREET EAST,James Street East,False,False,OPEN,2024-12-29 09:42:59,True,False,,,53.336597,-6.248109,30,1,29,1,0,0,0,30,1,29,1,0,0,0
14841,56,dublin,MOUNT STREET LOWER,Mount Street Lower,False,False,OPEN,2024-12-29 09:48:14,True,False,,,53.33796,-6.24153,40,21,19,8,13,0,13,40,21,19,8,13,0,13
14842,6,dublin,CHRISTCHURCH PLACE,Christchurch Place,False,False,OPEN,2024-12-29 09:48:10,True,False,,,53.343368,-6.27012,20,8,12,5,3,0,3,20,8,12,5,3,0,3
14843,18,dublin,GRANTHAM STREET,Grantham Street,False,False,OPEN,2024-12-29 09:50:35,True,False,,,53.334123,-6.265436,30,10,20,3,7,0,7,30,10,20,3,7,0,7
14844,32,dublin,PEARSE STREET,Pearse Street,False,False,OPEN,2024-12-29 09:50:57,True,False,,,53.344304,-6.250427,30,9,21,7,2,0,2,30,9,21,7,2,0,2
14845,52,dublin,YORK STREET EAST,York Street East,False,False,OPEN,2024-12-29 09:50:29,True,False,,,53.338755,-6.262003,32,32,0,15,17,0,17,32,32,0,15,17,0,17
14846,48,dublin,EXCISE WALK,Excise Walk,False,False,OPEN,2024-12-29 09:50:10,True,False,,,53.347777,-6.244239,40,8,32,6,2,0,2,40,8,32,6,2,0,2
14847,13,dublin,FITZWILLIAM SQUARE WEST,Fitzwilliam Square West,False,False,OPEN,2024-12-29 09:50:48,True,False,,,53.336074,-6.252825,30,28,2,11,17,0,17,30,28,2,11,17,0,17
14848,43,dublin,PORTOBELLO ROAD,Portobello Road,False,False,OPEN,2024-12-29 09:51:10,True,False,,,53.330091,-6.268044,30,14,16,10,4,0,4,30,14,16,10,4,0,4
14849,31,dublin,PARNELL STREET,Parnell Street,False,False,OPEN,2024-12-29 09:51:38,True,False,,,53.350929,-6.265125,20,12,8,8,4,0,4,20,12,8,8,4,0,4
14850,98,dublin,FREDERICK STREET SOUTH,Frederick Street South,False,False,OPEN,2024-12-29 09:50:38,True,False,,,53.341515,-6.256853,40,16,24,11,5,0,5,40,16,24,11,5,0,5
14851,14,dublin,FOWNES STREET UPPER,Fownes Street Upper,False,False,OPEN,2024-12-29 09:42:08,True,False,,,53.344603,-6.263371,30,16,14,9,7,0,7,30,16,14,9,7,0,7
14852,1,dublin,CLARENDON ROW,Clarendon Row,False,False,OPEN,2024-12-29 09:49:41,True,False,,,53.340927,-6.262501,31,11,20,8,3,0,3,31,11,20,8,3,0,3
14853,23,dublin,CUSTOM HOUSE,Custom House,False,False,OPEN,2024-12-29 09:51:03,True,False,,,53.348279,-6.254662,30,26,4,13,13,0,13,30,26,4,13,13,0,13
14854,106,dublin,RATHDOWN ROAD,Rathdown Road,False,False,OPEN,2024-12-29 09:49:26,True,False,,,53.35893,-6.280337,40,19,21,14,5,0,5,40,19,21,14,5,0,5
14855,112,dublin,NORTH CIRCULAR ROAD (O'CONNELL'S),North Circular Road (O'Connell's),False,False,OPEN,2024-12-29 09:50:37,True,False,,,53.357841,-6.251557,30,17,13,5,12,0,12,30,17,13,5,12,0,12
14856,68,dublin,HANOVER QUAY,Hanover Quay,False,False,OPEN,2024-12-29 09:50:27,True,False,,,53.344115,-6.237153,40,32,8,21,11,0,11,40,32,8,21,11,0,11
14857,74,dublin,OLIVER BOND STREET,Oliver Bond Street,False,False,OPEN,2024-12-29 09:51:29,True,False,,,53.343893,-6.280531,30,9,21,6,3,0,3,30,9,21,6,3,0,3
14858,87,dublin,COLLINS BARRACKS MUSEUM,Collins Barracks Museum,False,False,OPEN,2024-12-29 09:48:57,True,False,,,53.347477,-6.28525,38,26,12,12,14,0,14,38,26,12,12,14,0,14
14859,84,dublin,BROOKFIELD ROAD,Brookfield Road,False,False,OPEN,2024-12-29 09:42:07,True,False,,,53.339005,-6.300217,30,20,10,13,7,0,7,30,20,10,13,7,0,7
14860,90,dublin,BENSON STREET,Benson Street,False,False,OPEN,2024-12-29 09:42:26,True,False,,,53.344153,-6.233451,40,5,35,5,0,0,0,40,5,35,5,0,0,0
14861,11,dublin,EARLSFORT TERRACE,Earlsfort Terrace,False,False,OPEN,2024-12-29 09:48:58,True,False,,,53.334295,-6.258503,30,18,12,13,5,0,5,30,18,12,13,5,0,5
14862,17,dublin,GOLDEN LANE,Golden Lane,False,False,OPEN,2024-12-29 09:49:44,True,False,,,53.340803,-6.267732,20,17,3,9,8,0,8,20,17,3,9,8,0,8
14863,45,dublin,DEVERELL PLACE,Deverell Place,False,False,OPEN,2024-12-29 09:41:56,True,False,,,53.351464,-6.255265,30,17,13,10,7,0,7,30,17,13,10,7,0,7
14864,114,dublin,WILTON TERRACE (PARK),Wilton Terrace (Park),False,False,OPEN,2024-12-29 09:42:13,True,False,,,53.333653,-6.248345,40,2,38,0,2,0,2,40,2,38,0,2,0,2
14865,72,dublin,JOHN STREET WEST,John Street West,False,False,OPEN,2024-12-29 09:50:09,True,False,,,53.343105,-6.277167,31,4,27,2,2,0,2,31,4,27,2,2,0,2
14866,63,dublin,FENIAN STREET,Fenian Street,False,False,OPEN,2024-12-29 09:51:29,True,False,,,53.341428,-6.24672,35,27,8,14,13,0,13,35,27,8,14,13,0,13
14867,113,dublin,MERRION SQUARE SOUTH,Merrion Square South,False,False,OPEN,2024-12-29 09:50:55,True,False,,,53.338614,-6.248606,40,7,22,7,0,0,0,40,7,22,7,0,0,0
14868,91,dublin,SOUTH DOCK ROAD,South Dock Road,False,False,OPEN,2024-12-29 09:49:20,True,False,,,53.341833,-6.231291,30,22,8,10,12,0,12,30,22,8,10,12,0,12
14869,99,dublin,CITY QUAY,City Quay,False,False,OPEN,2024-12-29 09:41:49,True,False,,,53.346637,-6.246154,30,21,9,12,9,0,9,30,21,9,12,9,0,9
14870,9,dublin,EXCHEQUER STREET,Exchequer Street,False,False,OPEN,2024-12-29 09:41:59,True,False,,,53.343034,-6.263578,24,13,11,8,5,0,5,24,13,11,8,5,0,5
14871,67,dublin,THE POINT,The Point,False,False,OPEN,2024-12-29 09:50:00,True,False,,,53.346867,-6.230852,40,21,19,15,6,0,6,40,21,19,15,6,0,6
14872,116,dublin,BROADSTONE,Broadstone,False,False,OPEN,2024-12-29 09:48:24,True,False,,,53.3547,-6.272314,30,10,20,1,9,0,9,30,10,20,1,9,0,9
14873,55,dublin,HATCH STREET,Hatch Street,False,False,OPEN,2024-12-29 09:42:55,True,False,,,53.33403,-6.260714,36,13,23,8,5,0,5,36,13,23,8,5,0,5
14874,62,dublin,LIME STREET,Lime Street,False,False,OPEN,2024-12-29 09:49:50,True,False,,,53.346026,-6.243576,40,10,30,2,8,0,8,40,10,30,2,8,0,8
14875,5,dublin,CHARLEMONT PLACE,Charlemont Street,False,False,OPEN,2024-12-29 09:44:02,True,False,,,53.330662,-6.260177,40,17,23,14,3,0,3,40,17,23,14,3,0,3
14876,97,dublin,KILMAINHAM GAOL,Kilmainham Gaol,False,False,OPEN,2024-12-29 09:50:03,True,False,,,53.342113,-6.310015,40,15,25,3,12,0,12,40,15,25,3,12,0,12
14877,61,dublin,HARDWICKE PLACE,Hardwicke Place,False,False,OPEN,2024-12-29 09:49:03,True,False,,,53.357043,-6.263232,25,0,25,0,0,0,0,25,0,25,0,0,0,0
14878,77,dublin,WOLFE TONE STREET,Wolfe Tone Street,False,False,OPEN,2024-12-29 09:49:33,True,False,,,53.348875,-6.267459,29,12,17,4,8,0,8,29,12,17,4,8,0,8
14879,73,dublin,FRANCIS STREET,Francis Street,False,False,OPEN,2024-12-29 09:51:21,True,False,,,53.342081,-6.275233,30,6,24,1,5,0,5,30,6,24,1,5,0,5
14880,4,dublin,GREEK STREET,Greek Street,False,False,OPEN,2024-12-29 09:42:24,True,False,,,53.346874,-6.272976,20,13,7,6,7,0,7,20,13,7,6,7,0,7
14881,49,dublin,GUILD STREET,Guild Street,False,False,OPEN,2024-12-29 09:43:25,True,False,,,53.347932,-6.240928,40,29,11,23,6,0,6,40,29,11,23,6,0,6
14882,19,dublin,HERBERT PLACE,Herbert Place,False,False,OPEN,2024-12-29 09:42:07,True,False,,,53.334432,-6.245575,30,7,23,4,3,0,3,30,7,23,4,3,0,3
14883,7,dublin,HIGH STREET,High Street,False,False,OPEN,2024-12-29 09:51:19,True,False,,,53.343565,-6.275071,29,8,21,6,2,0,2,29,8,21,6,2,0,2
14884,60,dublin,NORTH CIRCULAR ROAD,North Circular Road,False,False,OPEN,2024-12-29 09:42:38,True,False,,,53.359624,-6.260348,30,13,17,10,3,0,3,30,13,17,10,3,0,3
14885,102,dublin,WESTERN WAY,Western Way,False,False,OPEN,2024-12-29 09:49:18,True,False,,,53.354929,-6.269425,40,13,27,11,2,0,2,40,13,27,11,2,0,2
14886,38,dublin,TALBOT STREET,Talbot Street,False,False,OPEN,2024-12-29 09:51:25,True,False,,,53.350974,-6.25294,40,26,14,19,7,0,7,40,26,14,19,7,0,7
14887,53,dublin,NEWMAN HOUSE,Newman House,False,False,OPEN,2024-12-29 09:50:53,True,False,,,53.337132,-6.26059,40,11,29,10,1,0,1,40,11,29,10,1,0,1
14888,58,dublin,SIR PATRICK DUN'S,Sir Patrick's Dun,False,False,OPEN,2024-12-29 09:50:29,True,False,,,53.339218,-6.240642,40,27,13,23,4,0,4,40,27,13,23,4,0,4
14889,66,dublin,NEW CENTRAL BANK,New Central Bank,False,False,OPEN,2024-12-29 09:48:21,True,False,,,53.347122,-6.234749,40,2,38,2,0,0,0,40,2,38,2,0,0,0
14890,104,dublin,GRANGEGORMAN LOWER (CENTRAL),Grangegorman Lower (Central),False,False,OPEN,2024-12-29 09:51:13,True,False,,,53.355173,-6.278424,40,0,40,0,0,0,0,40,0,40,0,0,0,0
14891,101,dublin,KING STREET NORTH,King Street North,False,False,OPEN,2024-12-29 09:49:18,True,False,,,53.350291,-6.273507,30,8,22,3,5,0,5,30,8,22,3,5,0,5
14892,115,dublin,KILLARNEY STREET,Killarney Street,False,False,OPEN,2024-12-29 09:43:06,True,False,,,53.354845,-6.247579,30,22,8,7,15,0,15,30,22,8,7,15,0,15
14893,47,dublin,HERBERT STREET,Herbert Street,False,False,OPEN,2024-12-29 09:51:12,True,False,,,53.335742,-6.24551,40,1,39,0,1,0,1,40,1,39,0,1,0,1
14894,117,dublin,HANOVER QUAY EAST,Hanover Quay East,False,False,OPEN,2024-12-29 09:49:43,True,False,,,53.343653,-6.231755,40,2,38,0,2,0,2,40,2,38,0,2,0,2
14895,8,dublin,CUSTOM HOUSE QUAY,Custom House Quay,False,False,OPEN,2024-12-29 09:51:37,True,False,,,53.347884,-6.248048,30,11,19,8,3,0,3,30,11,19,8,3,0,3
14896,27,dublin,MOLESWORTH STREET,Molesworth Street,False,False,OPEN,2024-12-29 09:49:59,True,False,,,53.341288,-6.258117,20,10,10,2,8,0,8,20,10,10,2,8,0,8
14897,16,dublin,GEORGES QUAY,Georges Quay,False,False,OPEN,2024-12-29 09:49:54,True,False,,,53.347508,-6.252192,20,5,15,4,1,0,1,20,5,15,4,1,0,1
14898,96,dublin,KILMAINHAM LANE,Kilmainham Lane,False,False,OPEN,2024-12-29 09:49:28,True,False,,,53.341805,-6.305085,30,24,6,19,5,0,5,30,24,6,19,5,0,5
14899,82,dublin,MOUNT BROWN,Mount Brown,False,False,OPEN,2024-12-29 09:51:03,True,False,,,53.341645,-6.29719,22,6,16,1,5,0,5,22,6,16,1,5,0,5
14900,76,dublin,MARKET STREET SOUTH,Market Street South,False,False,OPEN,2024-12-29 09:49:26,True,False,,,53.342296,-6.287661,38,1,37,0,1,0,1,38,1,37,0,1,0,1
14901,71,dublin,KEVIN STREET,Kevin Street,False,False,OPEN,2024-12-29 09:49:03,True,False,,,53.337757,-6.267699,40,18,22,15,3,0,3,40,18,22,15,3,0,3
14902,79,dublin,ECCLES STREET EAST,Eccles Street East,False,False,OPEN,2024-12-29 09:42:49,True,False,,,53.358115,-6.265601,27,0,27,0,0,0,0,27,0,27,0,0,0,0
14903,69,dublin,GRAND CANAL DOCK,Grand Canal Dock,False,False,OPEN,2024-12-29 09:50:38,True,False,,,53.342638,-6.238695,40,28,12,18,10,0,10,40,28,12,18,10,0,10
14904,25,dublin,MERRION SQUARE EAST,Merrion Square East,False,False,OPEN,2024-12-29 09:43:07,True,False,,,53.339434,-6.246548,30,2,28,1,1,0,1,30,2,28,1,1,0,1
14905,51,dublin,YORK STREET WEST,York Street West,False,False,OPEN,2024-12-29 09:48:59,True,False,,,53.339334,-6.264699,40,0,0,0,0,0,0,40,0,0,0,0,0,0
14906,37,dublin,ST. STEPHEN'S GREEN SOUTH,St. Stephen's Green South,False,False,OPEN,2024-12-29 09:50:14,True,False,,,53.337494,-6.26199,30,16,14,6,10,0,10,30,16,14,6,10,0,10
14907,59,dublin,DENMARK STREET GREAT,Denmark Street Great,False,False,OPEN,2024-12-29 09:51:02,True,False,,,53.35561,-6.261397,20,2,18,1,1,0,1,20,2,18,1,1,0,1
14908,95,dublin,ROYAL HOSPITAL,Royal Hospital,False,False,OPEN,2024-12-29 09:42:52,True,False,,,53.343897,-6.29706,40,12,28,6,6,0,6,40,12,28,6,6,0,6
14909,94,dublin,HEUSTON STATION (CAR PARK),Heuston Station (Car Park),False,False,OPEN,2024-12-29 09:51:00,True,False,,,53.346985,-6.297804,40,10,30,10,0,0,0,40,10,30,10,0,0,0
14910,105,dublin,GRANGEGORMAN LOWER (NORTH),Grangegorman Lower (North),False,False,OPEN,2024-12-29 09:42:46,True,False,,,53.355954,-6.278378,36,2,34,1,1,0,1,36,2,34,1,1,0,1
14911,36,dublin,ST. STEPHEN'S GREEN EAST,St. Stephen's Green East,False,False,OPEN,2024-12-29 09:49:15,True,False,,,53.337824,-6.256035,40,21,19,12,9,0,9,40,21,19,12,9,0,9
14912,93,dublin,HEUSTON STATION (CENTRAL),Heuston Station (Central),False,False,OPEN,2024-12-29 09:43:23,True,False,,,53.346603,-6.296924,40,14,26,14,0,0,0,40,14,26,14,0,0,0
14913,22,dublin,TOWNSEND STREET,Townsend Street,False,False,OPEN,2024-12-29 09:49:14,True,False,,,53.345922,-6.254614,20,3,17,2,1,0,1,20,3,17,2,1,0,1
14914,50,dublin,GEORGES LANE,George's Lane,False,False,OPEN,2024-12-29 09:43:25,True,False,,,53.35023,-6.279696,40,0,40,0,0,0,0,40,0,40,0,0,0,0
14915,110,dublin,PHIBSBOROUGH ROAD,Phibsborough Road,False,False,OPEN,2024-12-29 09:43:03,True,False,,,53.356307,-6.273717,40,6,34,1,5,0,5,40,6,34,1,5,0,5
14916,12,dublin,ECCLES STREET,Eccles Street,False,False,OPEN,2024-12-29 09:49:54,True,False,,,53.359246,-6.269779,20,9,11,4,5,0,5,20,9,11,4,5,0,5
14917,34,dublin,PORTOBELLO HARBOUR,Portobello Harbour,False,False,OPEN,2024-12-29 09:51:30,True,False,,,53.330362,-6.265163,30,20,10,20,0,0,0,30,20,10,20,0,0,0
14918,78,dublin,MATER HOSPITAL,Mater Hospital,False,False,OPEN,2024-12-29 09:51:30,True,False,,,53.359967,-6.264828,40,17,23,13,4,0,4,40,17,23,13,4,0,4
14919,2,dublin,BLESSINGTON STREET,Blessington Street,False,False,OPEN,2024-12-29 09:49:33,True,False,,,53.356769,-6.26814,20,1,19,1,0,0,0,20,1,19,1,0,0,0
14920,75,dublin,JAMES STREET,James Street,False,False,OPEN,2024-12-29 09:49:15,True,False,,,53.343456,-6.287409,40,19,21,8,11,0,11,40,19,21,8,11,0,11
14921,111,dublin,MOUNTJOY SQUARE EAST,Mountjoy Square East,False,False,OPEN,2024-12-29 09:49:58,True,False,,,53.356717,-6.256359,40,0,40,0,0,0,0,40,0,40,0,0,0,0
14922,26,dublin,MERRION SQUARE WEST,Merrion Square West,False,False,OPEN,2024-12-29 09:48:23,True,False,,,53.339764,-6.251988,20,11,9,3,8,0,8,20,11,9,3,8,0,8
14923,65,dublin,CONVENTION CENTRE,Convention Centre,False,False,OPEN,2024-12-29 09:42:34,True,False,,,53.34744,-6.238523,40,10,30,7,3,0,3,40,10,30,7,3,0,3
14924,15,dublin,HARDWICKE STREET,Hardwicke Street,False,False,OPEN,2024-12-29 09:42:34,True,False,,,53.355473,-6.264423,16,0,16,0,0,0,0,16,0,16,0,0,0,0
14925,86,dublin,PARKGATE STREET,Parkgate Street,False,False,OPEN,2024-12-29 09:51:30,True,False,,,53.347972,-6.291804,38,20,18,3,17,0,17,38,20,18,3,17,0,17
14926,35,dublin,SMITHFIELD,Smithfield,False,False,OPEN,2024-12-29 09:50:43,True,False,,,53.347692,-6.278214,30,16,14,11,5,0,5,30,16,14,11,5,0,5
14927,10,dublin,DAME STREET,Dame Street,False,False,OPEN,2024-12-29 09:43:54,True,False,,,53.344007,-6.266802,16,14,2,10,4,0,4,16,14,2,10,4,0,4
14928,100,dublin,HEUSTON BRIDGE (SOUTH),Heuston Bridge (South),False,False,OPEN,2024-12-29 09:43:17,True,False,,,53.347106,-6.292041,25,16,9,6,10,0,10,25,16,9,6,10,0,10
14929,24,dublin,CATHAL BRUGHA STREET,Cathal Brugha Street,False,False,OPEN,2024-12-29 09:42:27,True,False,,,53.352149,-6.260533,20,13,7,8,5,0,5,20,13,7,8,5,0,5
14930,64,dublin,SANDWITH STREET,Sandwith Street,False,False,OPEN,2024-12-29 09:51:32,True,False,,,53.345203,-6.247163,40,24,16,16,8,0,8,40,24,16,16,8,0,8
14931,109,dublin,BUCKINGHAM STREET LOWER,Buckingham Street Lower,False,False,OPEN,2024-12-29 09:41:52,True,False,,,53.353331,-6.249319,29,3,26,0,3,0,3,29,3,26,0,3,0,3
14932,85,dublin,ROTHE ABBEY,Rothe Abbey,False,False,OPEN,2024-12-29 09:43:03,True,False,,,53.338776,-6.30395,35,21,14,7,14,0,14,35,21,14,7,14,0,14
14933,107,dublin,CHARLEVILLE ROAD,Charleville Road,False,False,OPEN,2024-12-29 09:49:58,True,False,,,53.359157,-6.281866,40,9,31,4,5,0,5,40,9,31,4,5,0,5
14934,33,dublin,PRINCES STREET / O'CONNELL STREET,Princes Street / O'Connell Street,False,False,OPEN,2024-12-29 09:51:39,True,False,,,53.349013,-6.260311,23,5,18,4,1,0,1,23,5,18,4,1,0,1
14935,44,dublin,UPPER SHERRARD STREET,Upper Sherrard Street,False,False,OPEN,2024-12-29 09:44:02,True,False,,,53.358437,-6.260641,30,0,30,0,0,0,0,30,0,30,0,0,0,0
14936,89,dublin,FITZWILLIAM SQUARE EAST,Fitzwilliam Square East,False,False,OPEN,2024-12-29 09:41:50,True,False,,,53.335211,-6.2509,40,19,21,10,9,0,9,40,19,21,10,9,0,9
14937,57,dublin,GRATTAN STREET,Grattan Street,False,False,OPEN,2024-12-29 09:48:53,True,False,,,53.339629,-6.243778,23,5,18,4,1,0,1,23,5,18,4,1,0,1
14938,80,dublin,ST JAMES HOSPITAL (LUAS),St James Hospital (Luas),False,False,OPEN,2024-12-29 09:42:17,True,False,,,53.341359,-6.292951,40,17,23,9,8,0,8,40,17,23,9,8,0,8
14939,41,dublin,HARCOURT TERRACE,Harcourt Terrace,False,False,OPEN,2024-12-29 09:51:28,True,False,,,53.332763,-6.257942,20,0,20,0,0,0,0,20,0,20,0,0,0,0
14940,3,dublin,BOLTON STREET,Bolton Street,False,False,OPEN,2024-12-29 09:42:21,True,False,,,53.351182,-6.269859,20,6,14,4,2,0,2,20,6,14,4,2,0,2
14941,40,dublin,JERVIS STREET,Jervis Street,False,False,OPEN,2024-12-29 09:43:51,True,False,,,53.3483,-6.266651,21,15,6,13,2,0,2,21,15,6,13,2,0,2
14942,29,dublin,ORMOND QUAY UPPER,Ormond Quay Upper,False,False,OPEN,2024-12-29 09:42:03,True,False,,,53.346057,-6.268001,29,25,4,19,6,0,6,29,25,4,19,6,0,6
14943,103,dublin,GRANGEGORMAN LOWER (SOUTH),Grangegorman Lower (South),False,False,OPEN,2024-12-29 09:50:42,True,False,,,53.354663,-6.278681,40,2,38,2,0,0,0,40,2,38,2,0,0,0
14944,28,dublin,MOUNTJOY SQUARE WEST,Mountjoy Square West,False,False,OPEN,2024-12-29 09:51:43,True,False,,,53.356299,-6.258586,30,9,21,7,2,0,2,30,9,21,7,2,0,2
14945,39,dublin,WILTON TERRACE,Wilton Terrace,False,False,OPEN,2024-12-29 09:51:01,True,False,,,53.332383,-6.252717,20,2,18,2,0,0,0,20,2,18,2,0,0,0
14946,83,dublin,EMMET ROAD,Emmet Road,False,False,OPEN,2024-12-29 09:51:21,True,False,,,53.340714,-6.308191,40,21,19,14,7,0,7,40,21,19,14,7,0,7
14947,92,dublin,HEUSTON BRIDGE (NORTH),Heuston Bridge (North),False,False,OPEN,2024-12-29 09:50:29,True,False,,,53.347802,-6.292432,40,33,7,25,8,0,8,40,33,7,25,8,0,8
14948,21,dublin,LEINSTER STREET SOUTH,Leinster Street South,False,False,OPEN,2024-12-29 09:49:06,True,False,,,53.34218,-6.254485,30,2,28,1,1,0,1,30,2,28,1,1,0,1
14949,88,dublin,BLACKHALL PLACE,Blackhall Place,False,False,OPEN,2024-12-29 09:51:29,True,False,,,53.3488,-6.281637,30,2,28,0,2,0,2,30,2,28,0,2,0,2
14950,42,dublin,SMITHFIELD NORTH,Smithfield North,False,False,OPEN,2024-12-29 10:21:22,True,False,,,53.349562,-6.278198,30,5,25,5,0,0,0,30,5,25,5,0,0,0
14951,30,dublin,PARNELL SQUARE NORTH,Parnell Square North,False,False,OPEN,2024-12-29 10:18:57,True,False,,,53.3537415547453,-6.26530144781526,20,1,19,1,0,0,0,20,1,19,1,0,0,0
14952,54,dublin,CLONMEL STREET,Clonmel Street,False,False,OPEN,2024-12-29 10:21:23,True,False,,,53.336021,-6.26298,33,19,14,8,11,0,11,33,19,14,8,11,0,11
14953,108,dublin,AVONDALE ROAD,Avondale Road,False,False,OPEN,2024-12-29 10:20:34,True,False,,,53.359405,-6.276142,35,17,18,6,11,0,11,35,17,18,6,11,0,11
14954,20,dublin,JAMES STREET EAST,James Street East,False,False,OPEN,2024-12-29 10:13:11,True,False,,,53.336597,-6.248109,30,1,29,1,0,0,0,30,1,29,1,0,0,0
14955,56,dublin,MOUNT STREET LOWER,Mount Street Lower,False,False,OPEN,2024-12-29 10:18:26,True,False,,,53.33796,-6.24153,40,21,19,8,13,0,13,40,21,19,8,13,0,13
14956,6,dublin,CHRISTCHURCH PLACE,Christchurch Place,False,False,OPEN,2024-12-29 10:18:23,True,False,,,53.343368,-6.27012,20,10,10,7,3,0,3,20,10,10,7,3,0,3
14957,18,dublin,GRANTHAM STREET,Grantham Street,False,False,OPEN,2024-12-29 10:20:51,True,False,,,53.334123,-6.265436,30,8,22,1,7,0,7,30,8,22,1,7,0,7
14958,32,dublin,PEARSE STREET,Pearse Street,False,False,OPEN,2024-12-29 10:21:13,True,False,,,53.344304,-6.250427,30,12,18,8,4,0,4,30,12,18,8,4,0,4
14959,52,dublin,YORK STREET EAST,York Street East,False,False,OPEN,2024-12-29 10:20:47,True,False,,,53.338755,-6.262003,32,31,1,15,16,0,16,32,31,1,15,16,0,16
14960,48,dublin,EXCISE WALK,Excise Walk,False,False,OPEN,2024-12-29 10:20:22,True,False,,,53.347777,-6.244239,40,8,32,6,2,0,2,40,8,32,6,2,0,2
14961,13,dublin,FITZWILLIAM SQUARE WEST,Fitzwilliam Square West,False,False,OPEN,2024-12-29 10:21:01,True,False,,,53.336074,-6.252825,30,28,2,11,17,0,17,30,28,2,11,17,0,17
14962,43,dublin,PORTOBELLO ROAD,Portobello Road,False,False,OPEN,2024-12-29 10:21:30,True,False,,,53.330091,-6.268044,30,12,18,9,3,0,3,30,12,18,9,3,0,3
14963,31,dublin,PARNELL STREET,Parnell Street,False,False,OPEN,2024-12-29 10:21:49,True,False,,,53.350929,-6.265125,20,15,5,9,6,0,6,20,15,5,9,6,0,6
14964,98,dublin,FREDERICK STREET SOUTH,Frederick Street South,False,False,OPEN,2024-12-29 10:20:48,True,False,,,53.341515,-6.256853,40,16,24,11,5,0,5,40,16,24,11,5,0,5
14965,14,dublin,FOWNES STREET UPPER,Fownes Street Upper,False,False,OPEN,2024-12-29 10:14:58,True,False,,,53.344603,-6.263371,30,18,12,10,8,0,8,30,18,12,10,8,0,8
14966,1,dublin,CLARENDON ROW,Clarendon Row,False,False,OPEN,2024-12-29 10:19:53,True,False,,,53.340927,-6.262501,31,12,19,8,4,0,4,31,12,19,8,4,0,4
14967,23,dublin,CUSTOM HOUSE,Custom House,False,False,OPEN,2024-12-29 10:21:20,True,False,,,53.348279,-6.254662,30,26,4,13,13,0,13,30,26,4,13,13,0,13
14968,106,dublin,RATHDOWN ROAD,Rathdown Road,False,False,OPEN,2024-12-29 10:19:42,True,False,,,53.35893,-6.280337,40,19,21,14,5,0,5,40,19,21,14,5,0,5
14969,112,dublin,NORTH CIRCULAR ROAD (O'CONNELL'S),North Circular Road (O'Connell's),False,False,OPEN,2024-12-29 10:20:01,True,False,,,53.357841,-6.251557,30,14,16,3,11,0,11,30,14,16,3,11,0,11
14970,68,dublin,HANOVER QUAY,Hanover Quay,False,False,OPEN,2024-12-29 10:20:43,True,False,,,53.344115,-6.237153,40,29,11,18,11,0,11,40,29,11,18,11,0,11
14971,74,dublin,OLIVER BOND STREET,Oliver Bond Street,False,False,OPEN,2024-12-29 10:21:43,True,False,,,53.343893,-6.280531,30,9,21,6,3,0,3,30,9,21,6,3,0,3
14972,87,dublin,COLLINS BARRACKS MUSEUM,Collins Barracks Museum,False,False,OPEN,2024-12-29 10:19:09,True,False,,,53.347477,-6.28525,38,26,12,12,14,0,14,38,26,12,12,14,0,14
14973,84,dublin,BROOKFIELD ROAD,Brookfield Road,False,False,OPEN,2024-12-29 10:12:22,True,False,,,53.339005,-6.300217,30,20,10,13,7,0,7,30,20,10,13,7,0,7
14974,90,dublin,BENSON STREET,Benson Street,False,False,OPEN,2024-12-29 10:12:39,True,False,,,53.344153,-6.233451,40,4,36,4,0,0,0,40,4,36,4,0,0,0
14975,11,dublin,EARLSFORT TERRACE,Earlsfort Terrace,False,False,OPEN,2024-12-29 10:19:14,True,False,,,53.334295,-6.258503,30,18,12,13,5,0,5,30,18,12,13,5,0,5
14976,17,dublin,GOLDEN LANE,Golden Lane,False,False,OPEN,2024-12-29 10:20:27,True,False,,,53.340803,-6.267732,20,16,4,9,7,0,7,20,16,4,9,7,0,7
14977,45,dublin,DEVERELL PLACE,Deverell Place,False,False,OPEN,2024-12-29 10:13:06,True,False,,,53.351464,-6.255265,30,17,13,10,7,0,7,30,17,13,10,7,0,7
14978,114,dublin,WILTON TERRACE (PARK),Wilton Terrace (Park),False,False,OPEN,2024-12-29 10:14:20,True,False,,,53.333653,-6.248345,40,1,39,0,1,0,1,40,1,39,0,1,0,1
14979,72,dublin,JOHN STREET WEST,John Street West,False,False,OPEN,2024-12-29 10:20:22,True,False,,,53.343105,-6.277167,31,4,27,2,2,0,2,31,4,27,2,2,0,2
14980,63,dublin,FENIAN STREET,Fenian Street,False,False,OPEN,2024-12-29 10:21:46,True,False,,,53.341428,-6.24672,35,27,8,14,13,0,13,35,27,8,14,13,0,13
14981,113,dublin,MERRION SQUARE SOUTH,Merrion Square South,False,False,OPEN,2024-12-29 10:21:11,True,False,,,53.338614,-6.248606,40,7,22,7,0,0,0,40,7,22,7,0,0,0
14982,91,dublin,SOUTH DOCK ROAD,South Dock Road,False,False,OPEN,2024-12-29 10:19:32,True,False,,,53.341833,-6.231291,30,22,8,10,12,0,12,30,22,8,10,12,0,12
14983,99,dublin,CITY QUAY,City Quay,False,False,OPEN,2024-12-29 10:18:52,True,False,,,53.346637,-6.246154,30,21,9,11,10,0,10,30,21,9,11,10,0,10
14984,9,dublin,EXCHEQUER STREET,Exchequer Street,False,False,OPEN,2024-12-29 10:19:25,True,False,,,53.343034,-6.263578,24,8,16,3,5,0,5,24,8,16,3,5,0,5
14985,67,dublin,THE POINT,The Point,False,False,OPEN,2024-12-29 10:20:13,True,False,,,53.346867,-6.230852,40,21,19,15,6,0,6,40,21,19,15,6,0,6
14986,116,dublin,BROADSTONE,Broadstone,False,False,OPEN,2024-12-29 10:18:38,True,False,,,53.3547,-6.272314,30,8,22,1,7,0,7,30,8,22,1,7,0,7
14987,55,dublin,HATCH STREET,Hatch Street,False,False,OPEN,2024-12-29 10:13:11,True,False,,,53.33403,-6.260714,36,13,23,8,5,0,5,36,13,23,8,5,0,5
14988,62,dublin,LIME STREET,Lime Street,False,False,OPEN,2024-12-29 10:20:04,True,False,,,53.346026,-6.243576,40,11,29,3,8,0,8,40,11,29,3,8,0,8
14989,5,dublin,CHARLEMONT PLACE,Charlemont Street,False,False,OPEN,2024-12-29 10:19:08,True,False,,,53.330662,-6.260177,40,16,24,13,3,0,3,40,16,24,13,3,0,3
14990,97,dublin,KILMAINHAM GAOL,Kilmainham Gaol,False,False,OPEN,2024-12-29 10:20:20,True,False,,,53.342113,-6.310015,40,16,24,4,12,0,12,40,16,24,4,12,0,12
14991,61,dublin,HARDWICKE PLACE,Hardwicke Place,False,False,OPEN,2024-12-29 10:19:15,True,False,,,53.357043,-6.263232,25,0,25,0,0,0,0,25,0,25,0,0,0,0
14992,77,dublin,WOLFE TONE STREET,Wolfe Tone Street,False,False,OPEN,2024-12-29 10:19:45,True,False,,,53.348875,-6.267459,29,12,17,4,8,0,8,29,12,17,4,8,0,8
14993,73,dublin,FRANCIS STREET,Francis Street,False,False,OPEN,2024-12-29 10:21:36,True,False,,,53.342081,-6.275233,30,5,25,1,4,0,4,30,5,25,1,4,0,4
14994,4,dublin,GREEK STREET,Greek Street,False,False,OPEN,2024-12-29 10:12:41,True,False,,,53.346874,-6.272976,20,13,7,6,7,0,7,20,13,7,6,7,0,7
14995,49,dublin,GUILD STREET,Guild Street,False,False,OPEN,2024-12-29 10:13:44,True,False,,,53.347932,-6.240928,40,28,12,22,6,0,6,40,28,12,22,6,0,6
14996,19,dublin,HERBERT PLACE,Herbert Place,False,False,OPEN,2024-12-29 10:12:19,True,False,,,53.334432,-6.245575,30,7,23,4,3,0,3,30,7,23,4,3,0,3
14997,7,dublin,HIGH STREET,High Street,False,False,OPEN,2024-12-29 10:21:31,True,False,,,53.343565,-6.275071,29,8,21,6,2,0,2,29,8,21,6,2,0,2
14998,60,dublin,NORTH CIRCULAR ROAD,North Circular Road,False,False,OPEN,2024-12-29 10:20:54,True,False,,,53.359624,-6.260348,30,12,18,10,2,0,2,30,12,18,10,2,0,2
14999,102,dublin,WESTERN WAY,Western Way,False,False,OPEN,2024-12-29 10:19:34,True,False,,,53.354929,-6.269425,40,12,28,11,1,0,1,40,12,28,11,1,0,1
15000,38,dublin,TALBOT STREET,Talbot Street,False,False,OPEN,2024-12-29 10:20:43,True,False,,,53.350974,-6.25294,40,26,14,19,7,0,7,40,26,14,19,7,0,7
15001,53,dublin,NEWMAN HOUSE,Newman House,False,False,OPEN,2024-12-29 10:21:09,True,False,,,53.337132,-6.26059,40,11,29,10,1,0,1,40,11,29,10,1,0,1
15002,58,dublin,SIR PATRICK DUN'S,Sir Patrick's Dun,False,False,OPEN,2024-12-29 10:21:36,True,False,,,53.339218,-6.240642,40,28,12,23,5,0,5,40,28,12,23,5,0,5
15003,66,dublin,NEW CENTRAL BANK,New Central Bank,False,False,OPEN,2024-12-29 10:18:34,True,False,,,53.347122,-6.234749,40,1,39,1,0,0,0,40,1,39,1,0,0,0
15004,104,dublin,GRANGEGORMAN LOWER (CENTRAL),Grangegorman Lower (Central),False,False,OPEN,2024-12-29 10:21:26,True,False,,,53.355173,-6.278424,40,0,40,0,0,0,0,40,0,40,0,0,0,0
15005,101,dublin,KING STREET NORTH,King Street North,False,False,OPEN,2024-12-29 10:19:35,True,False,,,53.350291,-6.273507,30,7,23,3,4,0,4,30,7,23,3,4,0,4
15006,115,dublin,KILLARNEY STREET,Killarney Street,False,False,OPEN,2024-12-29 10:20:59,True,False,,,53.354845,-6.247579,30,21,9,6,15,0,15,30,21,9,6,15,0,15
15007,47,dublin,HERBERT STREET,Herbert Street,False,False,OPEN,2024-12-29 10:21:27,True,False,,,53.335742,-6.24551,40,1,39,0,1,0,1,40,1,39,0,1,0,1
15008,117,dublin,HANOVER QUAY EAST,Hanover Quay East,False,False,OPEN,2024-12-29 10:19:56,True,False,,,53.343653,-6.231755,40,2,38,0,2,0,2,40,2,38,0,2,0,2
15009,8,dublin,CUSTOM HOUSE QUAY,Custom House Quay,False,False,OPEN,2024-12-29 10:11:47,True,False,,,53.347884,-6.248048,30,11,19,8,3,0,3,30,11,19,8,3,0,3
15010,27,dublin,MOLESWORTH STREET,Molesworth Street,False,False,OPEN,2024-12-29 10:20:10,True,False,,,53.341288,-6.258117,20,10,10,2,8,0,8,20,10,10,2,8,0,8
15011,16,dublin,GEORGES QUAY,Georges Quay,False,False,OPEN,2024-12-29 10:20:10,True,False,,,53.347508,-6.252192,20,5,15,4,1,0,1,20,5,15,4,1,0,1
15012,96,dublin,KILMAINHAM LANE,Kilmainham Lane,False,False,OPEN,2024-12-29 10:19:43,True,False,,,53.341805,-6.305085,30,24,6,19,5,0,5,30,24,6,19,5,0,5
15013,82,dublin,MOUNT BROWN,Mount Brown,False,False,OPEN,2024-12-29 10:21:15,True,False,,,53.341645,-6.29719,22,6,16,1,5,0,5,22,6,16,1,5,0,5
15014,76,dublin,MARKET STREET SOUTH,Market Street South,False,False,OPEN,2024-12-29 10:19:42,True,False,,,53.342296,-6.287661,38,1,37,0,1,0,1,38,1,37,0,1,0,1
15015,71,dublin,KEVIN STREET,Kevin Street,False,False,OPEN,2024-12-29 10:19:18,True,False,,,53.337757,-6.267699,40,18,22,15,3,0,3,40,18,22,15,3,0,3
15016,79,dublin,ECCLES STREET EAST,Eccles Street East,False,False,OPEN,2024-12-29 10:13:05,True,False,,,53.358115,-6.265601,27,0,27,0,0,0,0,27,0,27,0,0,0,0
15017,69,dublin,GRAND CANAL DOCK,Grand Canal Dock,False,False,OPEN,2024-12-29 10:12:20,True,False,,,53.342638,-6.238695,40,27,13,17,10,0,10,40,27,13,17,10,0,10
15018,25,dublin,MERRION SQUARE EAST,Merrion Square East,False,False,OPEN,2024-12-29 10:13:20,True,False,,,53.339434,-6.246548,30,2,28,1,1,0,1,30,2,28,1,1,0,1
15019,51,dublin,YORK STREET WEST,York Street West,False,False,OPEN,2024-12-29 10:19:10,True,False,,,53.339334,-6.264699,40,0,0,0,0,0,0,40,0,0,0,0,0,0
15020,37,dublin,ST. STEPHEN'S GREEN SOUTH,St. Stephen's Green South,False,False,OPEN,2024-12-29 10:20:25,True,False,,,53.337494,-6.26199,30,16,14,6,10,0,10,30,16,14,6,10,0,10
15021,59,dublin,DENMARK STREET GREAT,Denmark Street Great,False,False,OPEN,2024-12-29 10:21:14,True,False,,,53.35561,-6.261397,20,2,18,1,1,0,1,20,2,18,1,1,0,1
15022,95,dublin,ROYAL HOSPITAL,Royal Hospital,False,False,OPEN,2024-12-29 10:13:03,True,False,,,53.343897,-6.29706,40,12,28,6,6,0,6,40,12,28,6,6,0,6
15023,94,dublin,HEUSTON STATION (CAR PARK),Heuston Station (Car Park),False,False,OPEN,2024-12-29 10:21:12,True,False,,,53.346985,-6.297804,40,10,30,10,0,0,0,40,10,30,10,0,0,0
15024,105,dublin,GRANGEGORMAN LOWER (NORTH),Grangegorman Lower (North),False,False,OPEN,2024-12-29 10:13:01,True,False,,,53.355954,-6.278378,36,2,34,1,1,0,1,36,2,34,1,1,0,1
15025,36,dublin,ST. STEPHEN'S GREEN EAST,St. Stephen's Green East,False,False,OPEN,2024-12-29 10:19:28,True,False,,,53.337824,-6.256035,40,22,18,12,10,0,10,40,22,18,12,10,0,10
15026,93,dublin,HEUSTON STATION (CENTRAL),Heuston Station (Central),False,False,OPEN,2024-12-29 10:13:34,True,False,,,53.346603,-6.296924,40,14,26,14,0,0,0,40,14,26,14,0,0,0
15027,22,dublin,TOWNSEND STREET,Townsend Street,False,False,OPEN,2024-12-29 10:19:30,True,False,,,53.345922,-6.254614,20,3,17,2,1,0,1,20,3,17,2,1,0,1
15028,50,dublin,GEORGES LANE,George's Lane,False,False,OPEN,2024-12-29 10:19:42,True,False,,,53.35023,-6.279696,40,1,39,0,1,0,1,40,1,39,0,1,0,1
15029,110,dublin,PHIBSBOROUGH ROAD,Phibsborough Road,False,False,OPEN,2024-12-29 10:13:16,True,False,,,53.356307,-6.273717,40,6,34,1,5,0,5,40,6,34,1,5,0,5
15030,12,dublin,ECCLES STREET,Eccles Street,False,False,OPEN,2024-12-29 10:20:06,True,False,,,53.359246,-6.269779,20,9,11,4,5,0,5,20,9,11,4,5,0,5
15031,34,dublin,PORTOBELLO HARBOUR,Portobello Harbour,False,False,OPEN,2024-12-29 10:21:41,True,False,,,53.330362,-6.265163,30,21,9,21,0,0,0,30,21,9,21,0,0,0
15032,78,dublin,MATER HOSPITAL,Mater Hospital,False,False,OPEN,2024-12-29 10:21:43,True,False,,,53.359967,-6.264828,40,19,21,15,4,0,4,40,19,21,15,4,0,4
15033,2,dublin,BLESSINGTON STREET,Blessington Street,False,False,OPEN,2024-12-29 10:19:45,True,False,,,53.356769,-6.26814,20,1,19,1,0,0,0,20,1,19,1,0,0,0
15034,75,dublin,JAMES STREET,James Street,False,False,OPEN,2024-12-29 10:12:55,True,False,,,53.343456,-6.287409,40,19,21,8,11,0,11,40,19,21,8,11,0,11
15035,111,dublin,MOUNTJOY SQUARE EAST,Mountjoy Square East,False,False,OPEN,2024-12-29 10:20:14,True,False,,,53.356717,-6.256359,40,0,40,0,0,0,0,40,0,40,0,0,0,0
15036,26,dublin,MERRION SQUARE WEST,Merrion Square West,False,False,OPEN,2024-12-29 10:18:38,True,False,,,53.339764,-6.251988,20,12,8,4,8,0,8,20,12,8,4,8,0,8
15037,65,dublin,CONVENTION CENTRE,Convention Centre,False,False,OPEN,2024-12-29 10:12:46,True,False,,,53.34744,-6.238523,40,10,30,7,3,0,3,40,10,30,7,3,0,3
15038,15,dublin,HARDWICKE STREET,Hardwicke Street,False,False,OPEN,2024-12-29 10:12:45,True,False,,,53.355473,-6.264423,16,0,16,0,0,0,0,16,0,16,0,0,0,0
15039,86,dublin,PARKGATE STREET,Parkgate Street,False,False,OPEN,2024-12-29 10:21:50,True,False,,,53.347972,-6.291804,38,21,17,3,18,0,18,38,21,17,3,18,0,18
15040,35,dublin,SMITHFIELD,Smithfield,False,False,OPEN,2024-12-29 10:13:25,True,False,,,53.347692,-6.278214,30,17,13,11,6,0,6,30,17,13,11,6,0,6
15041,10,dublin,DAME STREET,Dame Street,False,False,OPEN,2024-12-29 10:14:10,True,False,,,53.344007,-6.266802,16,14,2,10,4,0,4,16,14,2,10,4,0,4
15042,100,dublin,HEUSTON BRIDGE (SOUTH),Heuston Bridge (South),False,False,OPEN,2024-12-29 10:16:08,True,False,,,53.347106,-6.292041,25,18,7,6,12,0,12,25,18,7,6,12,0,12
15043,24,dublin,CATHAL BRUGHA STREET,Cathal Brugha Street,False,False,OPEN,2024-12-29 10:12:47,True,False,,,53.352149,-6.260533,20,12,8,9,3,0,3,20,12,8,9,3,0,3
15044,64,dublin,SANDWITH STREET,Sandwith Street,False,False,OPEN,2024-12-29 10:12:41,True,False,,,53.345203,-6.247163,40,24,16,16,8,0,8,40,24,16,16,8,0,8
15045,109,dublin,BUCKINGHAM STREET LOWER,Buckingham Street Lower,False,False,OPEN,2024-12-29 10:12:07,True,False,,,53.353331,-6.249319,29,2,27,0,2,0,2,29,2,27,0,2,0,2
15046,85,dublin,ROTHE ABBEY,Rothe Abbey,False,False,OPEN,2024-12-29 10:13:13,True,False,,,53.338776,-6.30395,35,21,14,7,14,0,14,35,21,14,7,14,0,14
15047,107,dublin,CHARLEVILLE ROAD,Charleville Road,False,False,OPEN,2024-12-29 10:20:16,True,False,,,53.359157,-6.281866,40,8,32,4,4,0,4,40,8,32,4,4,0,4
15048,33,dublin,PRINCES STREET / O'CONNELL STREET,Princes Street / O'Connell Street,False,False,OPEN,2024-12-29 10:21:34,True,False,,,53.349013,-6.260311,23,7,16,6,1,0,1,23,7,16,6,1,0,1
15049,44,dublin,UPPER SHERRARD STREET,Upper Sherrard Street,False,False,OPEN,2024-12-29 10:14:17,True,False,,,53.358437,-6.260641,30,0,30,0,0,0,0,30,0,30,0,0,0,0
15050,89,dublin,FITZWILLIAM SQUARE EAST,Fitzwilliam Square East,False,False,OPEN,2024-12-29 10:12:05,True,False,,,53.335211,-6.2509,40,19,21,10,9,0,9,40,19,21,10,9,0,9
15051,57,dublin,GRATTAN STREET,Grattan Street,False,False,OPEN,2024-12-29 10:19:04,True,False,,,53.339629,-6.243778,23,5,18,4,1,0,1,23,5,18,4,1,0,1
15052,80,dublin,ST JAMES HOSPITAL (LUAS),St James Hospital (Luas),False,False,OPEN,2024-12-29 10:21:24,True,False,,,53.341359,-6.292951,40,16,24,8,8,0,8,40,16,24,8,8,0,8
15053,41,dublin,HARCOURT TERRACE,Harcourt Terrace,False,False,OPEN,2024-12-29 10:21:39,True,False,,,53.332763,-6.257942,20,0,20,0,0,0,0,20,0,20,0,0,0,0
15054,3,dublin,BOLTON STREET,Bolton Street,False,False,OPEN,2024-12-29 10:12:38,True,False,,,53.351182,-6.269859,20,6,14,4,2,0,2,20,6,14,4,2,0,2
15055,40,dublin,JERVIS STREET,Jervis Street,False,False,OPEN,2024-12-29 10:14:11,True,False,,,53.3483,-6.266651,21,13,8,10,3,0,3,21,13,8,10,3,0,3
15056,29,dublin,ORMOND QUAY UPPER,Ormond Quay Upper,False,False,OPEN,2024-12-29 10:20:53,True,False,,,53.346057,-6.268001,29,25,4,20,5,0,5,29,25,4,20,5,0,5
15057,103,dublin,GRANGEGORMAN LOWER (SOUTH),Grangegorman Lower (South),False,False,OPEN,2024-12-29 10:20:55,True,False,,,53.354663,-6.278681,40,2,38,2,0,0,0,40,2,38,2,0,0,0
15058,28,dublin,MOUNTJOY SQUARE WEST,Mountjoy Square West,False,False,OPEN,2024-12-29 10:11:56,True,False,,,53.356299,-6.258586,30,8,22,7,1,0,1,30,8,22,7,1,0,1
15059,39,dublin,WILTON TERRACE,Wilton Terrace,False,False,OPEN,2024-12-29 10:21:12,True,False,,,53.332383,-6.252717,20,2,18,2,0,0,0,20,2,18,2,0,0,0
15060,83,dublin,EMMET ROAD,Emmet Road,False,False,OPEN,2024-12-29 10:21:37,True,False,,,53.340714,-6.308191,40,20,20,13,7,0,7,40,20,20,13,7,0,7
15061,92,dublin,HEUSTON BRIDGE (NORTH),Heuston Bridge (North),False,False,OPEN,2024-12-29 10:20:45,True,False,,,53.347802,-6.292432,40,33,7,25,8,0,8,40,33,7,25,8,0,8
15062,21,dublin,LEINSTER STREET SOUTH,Leinster Street South,False,False,OPEN,2024-12-29 10:19:22,True,False,,,53.34218,-6.254485,30,2,28,1,1,0,1,30,2,28,1,1,0,1
15063,88,dublin,BLACKHALL PLACE,Blackhall Place,False,False,OPEN,2024-12-29 10:21:44,True,False,,,53.3488,-6.281637,30,2,28,0,2,0,2,30,2,28,0,2,0,2
15064,42,dublin,SMITHFIELD NORTH,Smithfield North,False,False,OPEN,2024-12-29 10:49:43,True,False,,,53.349562,-6.278198,30,3,27,3,0,0,0,30,3,27,3,0,0,0
15065,30,dublin,PARNELL SQUARE NORTH,Parnell Square North,False,False,OPEN,2024-12-29 10:49:13,True,False,,,53.3537415547453,-6.26530144781526,20,1,19,1,0,0,0,20,1,19,1,0,0,0
15066,54,dublin,CLONMEL STREET,Clonmel Street,False,False,OPEN,2024-12-29 10:51:37,True,False,,,53.336021,-6.26298,33,18,15,8,10,0,10,33,18,15,8,10,0,10
15067,108,dublin,AVONDALE ROAD,Avondale Road,False,False,OPEN,2024-12-29 10:50:49,True,False,,,53.359405,-6.276142,35,18,17,6,12,0,12,35,18,17,6,12,0,12
15068,20,dublin,JAMES STREET EAST,James Street East,False,False,OPEN,2024-12-29 10:43:22,True,False,,,53.336597,-6.248109,30,1,29,1,0,0,0,30,1,29,1,0,0,0
15069,56,dublin,MOUNT STREET LOWER,Mount Street Lower,False,False,OPEN,2024-12-29 10:49:23,True,False,,,53.33796,-6.24153,40,21,19,8,13,0,13,40,21,19,8,13,0,13
15070,6,dublin,CHRISTCHURCH PLACE,Christchurch Place,False,False,OPEN,2024-12-29 10:48:35,True,False,,,53.343368,-6.27012,20,10,10,7,3,0,3,20,10,10,7,3,0,3
15071,18,dublin,GRANTHAM STREET,Grantham Street,False,False,OPEN,2024-12-29 10:51:07,True,False,,,53.334123,-6.265436,30,11,19,4,7,0,7,30,11,19,4,7,0,7
15072,32,dublin,PEARSE STREET,Pearse Street,False,False,OPEN,2024-12-29 10:51:31,True,False,,,53.344304,-6.250427,30,11,19,7,4,0,4,30,11,19,7,4,0,4
15073,52,dublin,YORK STREET EAST,York Street East,False,False,OPEN,2024-12-29 10:51:08,True,False,,,53.338755,-6.262003,32,23,9,10,13,0,13,32,23,9,10,13,0,13
15074,48,dublin,EXCISE WALK,Excise Walk,False,False,OPEN,2024-12-29 10:50:38,True,False,,,53.347777,-6.244239,40,7,33,7,0,0,0,40,7,33,7,0,0,0
15075,13,dublin,FITZWILLIAM SQUARE WEST,Fitzwilliam Square West,False,False,OPEN,2024-12-29 10:51:14,True,False,,,53.336074,-6.252825,30,28,2,11,17,0,17,30,28,2,11,17,0,17
15076,43,dublin,PORTOBELLO ROAD,Portobello Road,False,False,OPEN,2024-12-29 10:51:46,True,False,,,53.330091,-6.268044,30,12,18,9,3,0,3,30,12,18,9,3,0,3
15077,31,dublin,PARNELL STREET,Parnell Street,False,False,OPEN,2024-12-29 10:48:24,True,False,,,53.350929,-6.265125,20,15,5,9,6,0,6,20,15,5,9,6,0,6
15078,98,dublin,FREDERICK STREET SOUTH,Frederick Street South,False,False,OPEN,2024-12-29 10:51:01,True,False,,,53.341515,-6.256853,40,17,23,11,6,0,6,40,17,23,11,6,0,6
15079,14,dublin,FOWNES STREET UPPER,Fownes Street Upper,False,False,OPEN,2024-12-29 10:51:08,True,False,,,53.344603,-6.263371,30,17,13,9,8,0,8,30,17,13,9,8,0,8
15080,1,dublin,CLARENDON ROW,Clarendon Row,False,False,OPEN,2024-12-29 10:50:13,True,False,,,53.340927,-6.262501,31,7,24,4,3,0,3,31,7,24,4,3,0,3
15081,23,dublin,CUSTOM HOUSE,Custom House,False,False,OPEN,2024-12-29 10:51:35,True,False,,,53.348279,-6.254662,30,26,4,13,13,0,13,30,26,4,13,13,0,13
15082,106,dublin,RATHDOWN ROAD,Rathdown Road,False,False,OPEN,2024-12-29 10:49:57,True,False,,,53.35893,-6.280337,40,19,21,14,5,0,5,40,19,21,14,5,0,5
15083,112,dublin,NORTH CIRCULAR ROAD (O'CONNELL'S),North Circular Road (O'Connell's),False,False,OPEN,2024-12-29 10:50:59,True,False,,,53.357841,-6.251557,30,10,20,2,8,0,8,30,10,20,2,8,0,8
15084,68,dublin,HANOVER QUAY,Hanover Quay,False,False,OPEN,2024-12-29 10:50:57,True,False,,,53.344115,-6.237153,40,29,11,18,11,0,11,40,29,11,18,11,0,11
15085,74,dublin,OLIVER BOND STREET,Oliver Bond Street,False,False,OPEN,2024-12-29 10:51:20,True,False,,,53.343893,-6.280531,30,9,21,6,3,0,3,30,9,21,6,3,0,3
15086,87,dublin,COLLINS BARRACKS MUSEUM,Collins Barracks Museum,False,False,OPEN,2024-12-29 10:49:19,True,False,,,53.347477,-6.28525,38,26,12,12,14,0,14,38,26,12,12,14,0,14
15087,84,dublin,BROOKFIELD ROAD,Brookfield Road,False,False,OPEN,2024-12-29 10:42:35,True,False,,,53.339005,-6.300217,30,20,10,13,7,0,7,30,20,10,13,7,0,7
15088,90,dublin,BENSON STREET,Benson Street,False,False,OPEN,2024-12-29 10:42:51,True,False,,,53.344153,-6.233451,40,4,36,4,0,0,0,40,4,36,4,0,0,0
15089,11,dublin,EARLSFORT TERRACE,Earlsfort Terrace,False,False,OPEN,2024-12-29 10:49:30,True,False,,,53.334295,-6.258503,30,18,12,13,5,0,5,30,18,12,13,5,0,5
15090,17,dublin,GOLDEN LANE,Golden Lane,False,False,OPEN,2024-12-29 10:50:11,True,False,,,53.340803,-6.267732,20,17,3,10,7,0,7,20,17,3,10,7,0,7
15091,45,dublin,DEVERELL PLACE,Deverell Place,False,False,OPEN,2024-12-29 10:49:33,True,False,,,53.351464,-6.255265,30,15,15,9,6,0,6,30,15,15,9,6,0,6
15092,114,dublin,WILTON TERRACE (PARK),Wilton Terrace (Park),False,False,OPEN,2024-12-29 10:42:41,True,False,,,53.333653,-6.248345,40,0,40,0,0,0,0,40,0,40,0,0,0,0
15093,72,dublin,JOHN STREET WEST,John Street West,False,False,OPEN,2024-12-29 10:50:33,True,False,,,53.343105,-6.277167,31,4,27,2,2,0,2,31,4,27,2,2,0,2
15094,63,dublin,FENIAN STREET,Fenian Street,False,False,OPEN,2024-12-29 10:51:10,True,False,,,53.341428,-6.24672,35,29,6,16,13,0,13,35,29,6,16,13,0,13
15095,113,dublin,MERRION SQUARE SOUTH,Merrion Square South,False,False,OPEN,2024-12-29 10:51:26,True,False,,,53.338614,-6.248606,40,7,22,7,0,0,0,40,7,22,7,0,0,0
15096,91,dublin,SOUTH DOCK ROAD,South Dock Road,False,False,OPEN,2024-12-29 10:49:45,True,False,,,53.341833,-6.231291,30,22,8,10,12,0,12,30,22,8,10,12,0,12
15097,99,dublin,CITY QUAY,City Quay,False,False,OPEN,2024-12-29 10:49:33,True,False,,,53.346637,-6.246154,30,22,8,11,11,0,11,30,22,8,11,11,0,11
15098,9,dublin,EXCHEQUER STREET,Exchequer Street,False,False,OPEN,2024-12-29 10:50:29,True,False,,,53.343034,-6.263578,24,1,23,1,0,0,0,24,1,23,1,0,0,0
15099,67,dublin,THE POINT,The Point,False,False,OPEN,2024-12-29 10:50:27,True,False,,,53.346867,-6.230852,40,21,19,15,6,0,6,40,21,19,15,6,0,6
15100,116,dublin,BROADSTONE,Broadstone,False,False,OPEN,2024-12-29 10:48:49,True,False,,,53.3547,-6.272314,30,8,22,1,7,0,7,30,8,22,1,7,0,7
15101,55,dublin,HATCH STREET,Hatch Street,False,False,OPEN,2024-12-29 10:43:29,True,False,,,53.33403,-6.260714,36,11,25,6,5,0,5,36,11,25,6,5,0,5
15102,62,dublin,LIME STREET,Lime Street,False,False,OPEN,2024-12-29 10:50:19,True,False,,,53.346026,-6.243576,40,12,28,3,9,0,9,40,12,28,3,9,0,9
15103,5,dublin,CHARLEMONT PLACE,Charlemont Street,False,False,OPEN,2024-12-29 10:44:37,True,False,,,53.330662,-6.260177,40,16,24,13,3,0,3,40,16,24,13,3,0,3
15104,97,dublin,KILMAINHAM GAOL,Kilmainham Gaol,False,False,OPEN,2024-12-29 10:50:39,True,False,,,53.342113,-6.310015,40,16,24,5,11,0,11,40,16,24,5,11,0,11
15105,61,dublin,HARDWICKE PLACE,Hardwicke Place,False,False,OPEN,2024-12-29 10:49:27,True,False,,,53.357043,-6.263232,25,0,25,0,0,0,0,25,0,25,0,0,0,0
15106,77,dublin,WOLFE TONE STREET,Wolfe Tone Street,False,False,OPEN,2024-12-29 10:50:36,True,False,,,53.348875,-6.267459,29,11,18,3,8,0,8,29,11,18,3,8,0,8
15107,73,dublin,FRANCIS STREET,Francis Street,False,False,OPEN,2024-12-29 10:51:49,True,False,,,53.342081,-6.275233,30,4,26,1,3,0,3,30,4,26,1,3,0,3
15108,4,dublin,GREEK STREET,Greek Street,False,False,OPEN,2024-12-29 10:42:56,True,False,,,53.346874,-6.272976,20,13,7,6,7,0,7,20,13,7,6,7,0,7
15109,49,dublin,GUILD STREET,Guild Street,False,False,OPEN,2024-12-29 10:44:01,True,False,,,53.347932,-6.240928,40,29,11,23,6,0,6,40,29,11,23,6,0,6
15110,19,dublin,HERBERT PLACE,Herbert Place,False,False,OPEN,2024-12-29 10:48:43,True,False,,,53.334432,-6.245575,30,8,22,6,2,0,2,30,8,22,6,2,0,2
15111,7,dublin,HIGH STREET,High Street,False,False,OPEN,2024-12-29 10:51:46,True,False,,,53.343565,-6.275071,29,5,24,3,2,0,2,29,5,24,3,2,0,2
15112,60,dublin,NORTH CIRCULAR ROAD,North Circular Road,False,False,OPEN,2024-12-29 10:49:17,True,False,,,53.359624,-6.260348,30,11,19,9,2,0,2,30,11,19,9,2,0,2
15113,102,dublin,WESTERN WAY,Western Way,False,False,OPEN,2024-12-29 10:49:47,True,False,,,53.354929,-6.269425,40,11,29,10,1,0,1,40,11,29,10,1,0,1
15114,38,dublin,TALBOT STREET,Talbot Street,False,False,OPEN,2024-12-29 10:50:57,True,False,,,53.350974,-6.25294,40,26,14,19,7,0,7,40,26,14,19,7,0,7
15115,53,dublin,NEWMAN HOUSE,Newman House,False,False,OPEN,2024-12-29 10:51:25,True,False,,,53.337132,-6.26059,40,11,29,10,1,0,1,40,11,29,10,1,0,1
15116,58,dublin,SIR PATRICK DUN'S,Sir Patrick's Dun,False,False,OPEN,2024-12-29 10:50:58,True,False,,,53.339218,-6.240642,40,28,12,21,7,0,7,40,28,12,21,7,0,7
15117,66,dublin,NEW CENTRAL BANK,New Central Bank,False,False,OPEN,2024-12-29 10:48:47,True,False,,,53.347122,-6.234749,40,2,38,2,0,0,0,40,2,38,2,0,0,0
15118,104,dublin,GRANGEGORMAN LOWER (CENTRAL),Grangegorman Lower (Central),False,False,OPEN,2024-12-29 10:51:40,True,False,,,53.355173,-6.278424,40,0,40,0,0,0,0,40,0,40,0,0,0,0
15119,101,dublin,KING STREET NORTH,King Street North,False,False,OPEN,2024-12-29 10:49:53,True,False,,,53.350291,-6.273507,30,5,25,3,2,0,2,30,5,25,3,2,0,2
15120,115,dublin,KILLARNEY STREET,Killarney Street,False,False,OPEN,2024-12-29 10:43:39,True,False,,,53.354845,-6.247579,30,20,10,5,15,0,15,30,20,10,5,15,0,15
15121,47,dublin,HERBERT STREET,Herbert Street,False,False,OPEN,2024-12-29 10:51:42,True,False,,,53.335742,-6.24551,40,1,39,0,1,0,1,40,1,39,0,1,0,1
15122,117,dublin,HANOVER QUAY EAST,Hanover Quay East,False,False,OPEN,2024-12-29 10:50:09,True,False,,,53.343653,-6.231755,40,2,38,0,2,0,2,40,2,38,0,2,0,2
15123,8,dublin,CUSTOM HOUSE QUAY,Custom House Quay,False,False,OPEN,2024-12-29 10:42:02,True,False,,,53.347884,-6.248048,30,13,17,10,3,0,3,30,13,17,10,3,0,3
15124,27,dublin,MOLESWORTH STREET,Molesworth Street,False,False,OPEN,2024-12-29 10:50:21,True,False,,,53.341288,-6.258117,20,12,8,3,9,0,9,20,12,8,3,9,0,9
15125,16,dublin,GEORGES QUAY,Georges Quay,False,False,OPEN,2024-12-29 10:50:26,True,False,,,53.347508,-6.252192,20,5,15,4,1,0,1,20,5,15,4,1,0,1
15126,96,dublin,KILMAINHAM LANE,Kilmainham Lane,False,False,OPEN,2024-12-29 10:50:01,True,False,,,53.341805,-6.305085,30,23,7,18,5,0,5,30,23,7,18,5,0,5
15127,82,dublin,MOUNT BROWN,Mount Brown,False,False,OPEN,2024-12-29 10:51:26,True,False,,,53.341645,-6.29719,22,6,16,1,5,0,5,22,6,16,1,5,0,5
15128,76,dublin,MARKET STREET SOUTH,Market Street South,False,False,OPEN,2024-12-29 10:49:57,True,False,,,53.342296,-6.287661,38,1,37,0,1,0,1,38,1,37,0,1,0,1
15129,71,dublin,KEVIN STREET,Kevin Street,False,False,OPEN,2024-12-29 10:49:34,True,False,,,53.337757,-6.267699,40,18,22,15,3,0,3,40,18,22,15,3,0,3
15130,79,dublin,ECCLES STREET EAST,Eccles Street East,False,False,OPEN,2024-12-29 10:43:22,True,False,,,53.358115,-6.265601,27,0,27,0,0,0,0,27,0,27,0,0,0,0
15131,69,dublin,GRAND CANAL DOCK,Grand Canal Dock,False,False,OPEN,2024-12-29 10:49:11,True,False,,,53.342638,-6.238695,40,27,13,16,11,0,11,40,27,13,16,11,0,11
15132,25,dublin,MERRION SQUARE EAST,Merrion Square East,False,False,OPEN,2024-12-29 10:44:45,True,False,,,53.339434,-6.246548,30,1,29,0,1,0,1,30,1,29,0,1,0,1
15133,51,dublin,YORK STREET WEST,York Street West,False,False,OPEN,2024-12-29 10:49:21,True,False,,,53.339334,-6.264699,40,0,0,0,0,0,0,40,0,0,0,0,0,0
15134,37,dublin,ST. STEPHEN'S GREEN SOUTH,St. Stephen's Green South,False,False,OPEN,2024-12-29 10:50:36,True,False,,,53.337494,-6.26199,30,16,14,6,10,0,10,30,16,14,6,10,0,10
15135,59,dublin,DENMARK STREET GREAT,Denmark Street Great,False,False,OPEN,2024-12-29 10:51:26,True,False,,,53.35561,-6.261397,20,3,17,1,2,0,2,20,3,17,1,2,0,2
15136,95,dublin,ROYAL HOSPITAL,Royal Hospital,False,False,OPEN,2024-12-29 10:43:17,True,False,,,53.343897,-6.29706,40,11,29,4,7,0,7,40,11,29,4,7,0,7
15137,94,dublin,HEUSTON STATION (CAR PARK),Heuston Station (Car Park),False,False,OPEN,2024-12-29 10:51:23,True,False,,,53.346985,-6.297804,40,10,30,10,0,0,0,40,10,30,10,0,0,0
15138,105,dublin,GRANGEGORMAN LOWER (NORTH),Grangegorman Lower (North),False,False,OPEN,2024-12-29 10:43:16,True,False,,,53.355954,-6.278378,36,2,34,1,1,0,1,36,2,34,1,1,0,1
15139,36,dublin,ST. STEPHEN'S GREEN EAST,St. Stephen's Green East,False,False,OPEN,2024-12-29 10:49:41,True,False,,,53.337824,-6.256035,40,23,17,13,10,0,10,40,23,17,13,10,0,10
15140,93,dublin,HEUSTON STATION (CENTRAL),Heuston Station (Central),False,False,OPEN,2024-12-29 10:43:45,True,False,,,53.346603,-6.296924,40,14,26,14,0,0,0,40,14,26,14,0,0,0
15141,22,dublin,TOWNSEND STREET,Townsend Street,False,False,OPEN,2024-12-29 10:49:44,True,False,,,53.345922,-6.254614,20,2,18,1,1,0,1,20,2,18,1,1,0,1
15142,50,dublin,GEORGES LANE,George's Lane,False,False,OPEN,2024-12-29 10:43:58,True,False,,,53.35023,-6.279696,40,0,40,0,0,0,0,40,0,40,0,0,0,0
15143,110,dublin,PHIBSBOROUGH ROAD,Phibsborough Road,False,False,OPEN,2024-12-29 10:43:27,True,False,,,53.356307,-6.273717,40,6,34,1,5,0,5,40,6,34,1,5,0,5
15144,12,dublin,ECCLES STREET,Eccles Street,False,False,OPEN,2024-12-29 10:50:20,True,False,,,53.359246,-6.269779,20,8,12,4,4,0,4,20,8,12,4,4,0,4
15145,34,dublin,PORTOBELLO HARBOUR,Portobello Harbour,False,False,OPEN,2024-12-29 10:41:49,True,False,,,53.330362,-6.265163,30,21,9,21,0,0,0,30,21,9,21,0,0,0
15146,78,dublin,MATER HOSPITAL,Mater Hospital,False,False,OPEN,2024-12-29 10:41:53,True,False,,,53.359967,-6.264828,40,19,21,15,4,0,4,40,19,21,15,4,0,4
15147,2,dublin,BLESSINGTON STREET,Blessington Street,False,False,OPEN,2024-12-29 10:50:22,True,False,,,53.356769,-6.26814,20,0,20,0,0,0,0,20,0,20,0,0,0,0
15148,75,dublin,JAMES STREET,James Street,False,False,OPEN,2024-12-29 10:49:44,True,False,,,53.343456,-6.287409,40,19,21,9,10,0,10,40,19,21,9,10,0,10
15149,111,dublin,MOUNTJOY SQUARE EAST,Mountjoy Square East,False,False,OPEN,2024-12-29 10:50:29,True,False,,,53.356717,-6.256359,40,0,40,0,0,0,0,40,0,40,0,0,0,0
15150,26,dublin,MERRION SQUARE WEST,Merrion Square West,False,False,OPEN,2024-12-29 10:49:15,True,False,,,53.339764,-6.251988,20,12,8,4,8,0,8,20,12,8,4,8,0,8
15151,65,dublin,CONVENTION CENTRE,Convention Centre,False,False,OPEN,2024-12-29 10:42:58,True,False,,,53.34744,-6.238523,40,10,30,7,3,0,3,40,10,30,7,3,0,3
15152,15,dublin,HARDWICKE STREET,Hardwicke Street,False,False,OPEN,2024-12-29 10:42:57,True,False,,,53.355473,-6.264423,16,0,16,0,0,0,0,16,0,16,0,0,0,0
15153,86,dublin,PARKGATE STREET,Parkgate Street,False,False,OPEN,2024-12-29 10:50:59,True,False,,,53.347972,-6.291804,38,19,19,3,16,0,16,38,19,19,3,16,0,16
15154,35,dublin,SMITHFIELD,Smithfield,False,False,OPEN,2024-12-29 10:46:40,True,False,,,53.347692,-6.278214,30,19,11,13,6,0,6,30,19,11,13,6,0,6
15155,10,dublin,DAME STREET,Dame Street,False,False,OPEN,2024-12-29 10:44:26,True,False,,,53.344007,-6.266802,16,14,2,10,4,0,4,16,14,2,10,4,0,4
15156,100,dublin,HEUSTON BRIDGE (SOUTH),Heuston Bridge (South),False,False,OPEN,2024-12-29 10:48:58,True,False,,,53.347106,-6.292041,25,17,8,6,11,0,11,25,17,8,6,11,0,11
15157,24,dublin,CATHAL BRUGHA STREET,Cathal Brugha Street,False,False,OPEN,2024-12-29 10:48:46,True,False,,,53.352149,-6.260533,20,12,8,9,3,0,3,20,12,8,9,3,0,3
15158,64,dublin,SANDWITH STREET,Sandwith Street,False,False,OPEN,2024-12-29 10:47:48,True,False,,,53.345203,-6.247163,40,27,13,18,9,0,9,40,27,13,18,9,0,9
15159,109,dublin,BUCKINGHAM STREET LOWER,Buckingham Street Lower,False,False,OPEN,2024-12-29 10:42:20,True,False,,,53.353331,-6.249319,29,2,27,0,2,0,2,29,2,27,0,2,0,2
15160,85,dublin,ROTHE ABBEY,Rothe Abbey,False,False,OPEN,2024-12-29 10:49:41,True,False,,,53.338776,-6.30395,35,20,15,6,14,0,14,35,20,15,6,14,0,14
15161,107,dublin,CHARLEVILLE ROAD,Charleville Road,False,False,OPEN,2024-12-29 10:50:34,True,False,,,53.359157,-6.281866,40,9,31,4,5,0,5,40,9,31,4,5,0,5
15162,33,dublin,PRINCES STREET / O'CONNELL STREET,Princes Street / O'Connell Street,False,False,OPEN,2024-12-29 10:44:05,True,False,,,53.349013,-6.260311,23,1,22,1,0,0,0,23,1,22,1,0,0,0
15163,44,dublin,UPPER SHERRARD STREET,Upper Sherrard Street,False,False,OPEN,2024-12-29 10:44:33,True,False,,,53.358437,-6.260641,30,0,30,0,0,0,0,30,0,30,0,0,0,0
15164,89,dublin,FITZWILLIAM SQUARE EAST,Fitzwilliam Square East,False,False,OPEN,2024-12-29 10:42:21,True,False,,,53.335211,-6.2509,40,19,21,10,9,0,9,40,19,21,10,9,0,9
15165,57,dublin,GRATTAN STREET,Grattan Street,False,False,OPEN,2024-12-29 10:49:15,True,False,,,53.339629,-6.243778,23,5,18,4,1,0,1,23,5,18,4,1,0,1
15166,80,dublin,ST JAMES HOSPITAL (LUAS),St James Hospital (Luas),False,False,OPEN,2024-12-29 10:42:43,True,False,,,53.341359,-6.292951,40,16,24,8,8,0,8,40,16,24,8,8,0,8
15167,41,dublin,HARCOURT TERRACE,Harcourt Terrace,False,False,OPEN,2024-12-29 10:51:50,True,False,,,53.332763,-6.257942,20,0,20,0,0,0,0,20,0,20,0,0,0,0
15168,3,dublin,BOLTON STREET,Bolton Street,False,False,OPEN,2024-12-29 10:42:53,True,False,,,53.351182,-6.269859,20,6,14,4,2,0,2,20,6,14,4,2,0,2
15169,40,dublin,JERVIS STREET,Jervis Street,False,False,OPEN,2024-12-29 10:47:46,True,False,,,53.3483,-6.266651,21,16,5,12,4,0,4,21,16,5,12,4,0,4
15170,29,dublin,ORMOND QUAY UPPER,Ormond Quay Upper,False,False,OPEN,2024-12-29 10:42:38,True,False,,,53.346057,-6.268001,29,25,4,20,5,0,5,29,25,4,20,5,0,5
15171,103,dublin,GRANGEGORMAN LOWER (SOUTH),Grangegorman Lower (South),False,False,OPEN,2024-12-29 10:51:09,True,False,,,53.354663,-6.278681,40,2,38,2,0,0,0,40,2,38,2,0,0,0
15172,28,dublin,MOUNTJOY SQUARE WEST,Mountjoy Square West,False,False,OPEN,2024-12-29 10:47:36,True,False,,,53.356299,-6.258586,30,5,25,5,0,0,0,30,5,25,5,0,0,0
15173,39,dublin,WILTON TERRACE,Wilton Terrace,False,False,OPEN,2024-12-29 10:51:27,True,False,,,53.332383,-6.252717,20,0,20,0,0,0,0,20,0,20,0,0,0,0
15174,83,dublin,EMMET ROAD,Emmet Road,False,False,OPEN,2024-12-29 10:46:35,True,False,,,53.340714,-6.308191,40,20,20,13,7,0,7,40,20,20,13,7,0,7
15175,92,dublin,HEUSTON BRIDGE (NORTH),Heuston Bridge (North),False,False,OPEN,2024-12-29 10:51:00,True,False,,,53.347802,-6.292432,40,33,7,25,8,0,8,40,33,7,25,8,0,8
15176,21,dublin,LEINSTER STREET SOUTH,Leinster Street South,False,False,OPEN,2024-12-29 10:49:38,True,False,,,53.34218,-6.254485,30,3,27,2,1,0,1,30,3,27,2,1,0,1
15177,88,dublin,BLACKHALL PLACE,Blackhall Place,False,False,OPEN,2024-12-29 10:41:54,True,False,,,53.3488,-6.281637,30,2,28,0,2,0,2,30,2,28,0,2,0,2
15178,42,dublin,SMITHFIELD NORTH,Smithfield North,False,False,OPEN,2024-12-29 11:19:54,True,False,,,53.349562,-6.278198,30,3,27,3,0,0,0,30,3,27,3,0,0,0
15179,30,dublin,PARNELL SQUARE NORTH,Parnell Square North,False,False,OPEN,2024-12-29 11:19:29,True,False,,,53.3537415547453,-6.26530144781526,20,1,19,1,0,0,0,20,1,19,1,0,0,0
15180,54,dublin,CLONMEL STREET,Clonmel Street,False,False,OPEN,2024-12-29 11:21:36,True,False,,,53.336021,-6.26298,33,16,17,6,10,0,10,33,16,17,6,10,0,10
15181,108,dublin,AVONDALE ROAD,Avondale Road,False,False,OPEN,2024-12-29 11:21:02,True,False,,,53.359405,-6.276142,35,18,17,6,12,0,12,35,18,17,6,12,0,12
15182,20,dublin,JAMES STREET EAST,James Street East,False,False,OPEN,2024-12-29 11:13:33,True,False,,,53.336597,-6.248109,30,1,29,1,0,0,0,30,1,29,1,0,0,0
15183,56,dublin,MOUNT STREET LOWER,Mount Street Lower,False,False,OPEN,2024-12-29 11:18:58,True,False,,,53.33796,-6.24153,40,22,18,9,13,0,13,40,22,18,9,13,0,13
15184,6,dublin,CHRISTCHURCH PLACE,Christchurch Place,False,False,OPEN,2024-12-29 11:18:46,True,False,,,53.343368,-6.27012,20,10,10,7,3,0,3,20,10,10,7,3,0,3
15185,18,dublin,GRANTHAM STREET,Grantham Street,False,False,OPEN,2024-12-29 11:21:19,True,False,,,53.334123,-6.265436,30,11,19,5,6,0,6,30,11,19,5,6,0,6
15186,32,dublin,PEARSE STREET,Pearse Street,False,False,OPEN,2024-12-29 11:21:47,True,False,,,53.344304,-6.250427,30,16,14,12,4,0,4,30,16,14,12,4,0,4
15187,52,dublin,YORK STREET EAST,York Street East,False,False,OPEN,2024-12-29 11:21:32,True,False,,,53.338755,-6.262003,32,14,18,5,9,0,9,32,14,18,5,9,0,9
15188,48,dublin,EXCISE WALK,Excise Walk,False,False,OPEN,2024-12-29 11:20:51,True,False,,,53.347777,-6.244239,40,8,32,8,0,0,0,40,8,32,8,0,0,0
15189,13,dublin,FITZWILLIAM SQUARE WEST,Fitzwilliam Square West,False,False,OPEN,2024-12-29 11:21:24,True,False,,,53.336074,-6.252825,30,28,2,11,17,0,17,30,28,2,11,17,0,17
15190,43,dublin,PORTOBELLO ROAD,Portobello Road,False,False,OPEN,2024-12-29 11:11:57,True,False,,,53.330091,-6.268044,30,12,18,9,3,0,3,30,12,18,9,3,0,3
15191,31,dublin,PARNELL STREET,Parnell Street,False,False,OPEN,2024-12-29 11:21:43,True,False,,,53.350929,-6.265125,20,15,5,9,6,0,6,20,15,5,9,6,0,6
15192,98,dublin,FREDERICK STREET SOUTH,Frederick Street South,False,False,OPEN,2024-12-29 11:21:12,True,False,,,53.341515,-6.256853,40,17,23,11,6,0,6,40,17,23,11,6,0,6
15193,14,dublin,FOWNES STREET UPPER,Fownes Street Upper,False,False,OPEN,2024-12-29 11:18:44,True,False,,,53.344603,-6.263371,30,19,11,10,9,0,9,30,19,11,10,9,0,9
15194,1,dublin,CLARENDON ROW,Clarendon Row,False,False,OPEN,2024-12-29 11:20:30,True,False,,,53.340927,-6.262501,31,4,27,1,3,0,3,31,4,27,1,3,0,3
15195,23,dublin,CUSTOM HOUSE,Custom House,False,False,OPEN,2024-12-29 11:11:48,True,False,,,53.348279,-6.254662,30,25,5,12,13,0,13,30,25,5,12,13,0,13
15196,106,dublin,RATHDOWN ROAD,Rathdown Road,False,False,OPEN,2024-12-29 11:20:13,True,False,,,53.35893,-6.280337,40,19,21,14,5,0,5,40,19,21,14,5,0,5
15197,112,dublin,NORTH CIRCULAR ROAD (O'CONNELL'S),North Circular Road (O'Connell's),False,False,OPEN,2024-12-29 11:20:34,True,False,,,53.357841,-6.251557,30,8,22,1,7,0,7,30,8,22,1,7,0,7
15198,68,dublin,HANOVER QUAY,Hanover Quay,False,False,OPEN,2024-12-29 11:21:08,True,False,,,53.344115,-6.237153,40,32,8,21,11,0,11,40,32,8,21,11,0,11
15199,74,dublin,OLIVER BOND STREET,Oliver Bond Street,False,False,OPEN,2024-12-29 11:15:16,True,False,,,53.343893,-6.280531,30,8,22,5,3,0,3,30,8,22,5,3,0,3
15200,87,dublin,COLLINS BARRACKS MUSEUM,Collins Barracks Museum,False,False,OPEN,2024-12-29 11:19:32,True,False,,,53.347477,-6.28525,38,25,13,11,14,0,14,38,25,13,11,14,0,14
15201,84,dublin,BROOKFIELD ROAD,Brookfield Road,False,False,OPEN,2024-12-29 11:12:46,True,False,,,53.339005,-6.300217,30,20,10,13,7,0,7,30,20,10,13,7,0,7
15202,90,dublin,BENSON STREET,Benson Street,False,False,OPEN,2024-12-29 11:13:01,True,False,,,53.344153,-6.233451,40,4,36,4,0,0,0,40,4,36,4,0,0,0
15203,11,dublin,EARLSFORT TERRACE,Earlsfort Terrace,False,False,OPEN,2024-12-29 11:19:46,True,False,,,53.334295,-6.258503,30,18,12,13,5,0,5,30,18,12,13,5,0,5
15204,17,dublin,GOLDEN LANE,Golden Lane,False,False,OPEN,2024-12-29 11:20:28,True,False,,,53.340803,-6.267732,20,18,2,9,9,0,9,20,18,2,9,9,0,9
15205,45,dublin,DEVERELL PLACE,Deverell Place,False,False,OPEN,2024-12-29 11:18:09,True,False,,,53.351464,-6.255265,30,14,16,9,5,0,5,30,14,16,9,5,0,5
15206,114,dublin,WILTON TERRACE (PARK),Wilton Terrace (Park),False,False,OPEN,2024-12-29 11:12:54,True,False,,,53.333653,-6.248345,40,0,40,0,0,0,0,40,0,40,0,0,0,0
15207,72,dublin,JOHN STREET WEST,John Street West,False,False,OPEN,2024-12-29 11:20:46,True,False,,,53.343105,-6.277167,31,3,28,2,1,0,1,31,3,28,2,1,0,1
15208,63,dublin,FENIAN STREET,Fenian Street,False,False,OPEN,2024-12-29 11:12:15,True,False,,,53.341428,-6.24672,35,29,6,16,13,0,13,35,29,6,16,13,0,13
15209,113,dublin,MERRION SQUARE SOUTH,Merrion Square South,False,False,OPEN,2024-12-29 11:21:42,True,False,,,53.338614,-6.248606,40,7,22,7,0,0,0,40,7,22,7,0,0,0
15210,91,dublin,SOUTH DOCK ROAD,South Dock Road,False,False,OPEN,2024-12-29 11:20:01,True,False,,,53.341833,-6.231291,30,21,9,9,12,0,12,30,21,9,9,12,0,12
15211,99,dublin,CITY QUAY,City Quay,False,False,OPEN,2024-12-29 11:12:39,True,False,,,53.346637,-6.246154,30,22,8,11,11,0,11,30,22,8,11,11,0,11
15212,9,dublin,EXCHEQUER STREET,Exchequer Street,False,False,OPEN,2024-12-29 11:19:52,True,False,,,53.343034,-6.263578,24,3,21,1,2,0,2,24,3,21,1,2,0,2
15213,67,dublin,THE POINT,The Point,False,False,OPEN,2024-12-29 11:20:39,True,False,,,53.346867,-6.230852,40,20,20,14,6,0,6,40,20,20,14,6,0,6
15214,116,dublin,BROADSTONE,Broadstone,False,False,OPEN,2024-12-29 11:19:00,True,False,,,53.3547,-6.272314,30,8,22,1,7,0,7,30,8,22,1,7,0,7
15215,55,dublin,HATCH STREET,Hatch Street,False,False,OPEN,2024-12-29 11:15:05,True,False,,,53.33403,-6.260714,36,11,25,6,5,0,5,36,11,25,6,5,0,5
15216,62,dublin,LIME STREET,Lime Street,False,False,OPEN,2024-12-29 11:20:29,True,False,,,53.346026,-6.243576,40,12,28,3,9,0,9,40,12,28,3,9,0,9
15217,5,dublin,CHARLEMONT PLACE,Charlemont Street,False,False,OPEN,2024-12-29 11:21:35,True,False,,,53.330662,-6.260177,40,26,14,19,7,0,7,40,26,14,19,7,0,7
15218,97,dublin,KILMAINHAM GAOL,Kilmainham Gaol,False,False,OPEN,2024-12-29 11:20:55,True,False,,,53.342113,-6.310015,40,16,24,5,11,0,11,40,16,24,5,11,0,11
15219,61,dublin,HARDWICKE PLACE,Hardwicke Place,False,False,OPEN,2024-12-29 11:19:38,True,False,,,53.357043,-6.263232,25,0,25,0,0,0,0,25,0,25,0,0,0,0
15220,77,dublin,WOLFE TONE STREET,Wolfe Tone Street,False,False,OPEN,2024-12-29 11:20:08,True,False,,,53.348875,-6.267459,29,11,18,3,8,0,8,29,11,18,3,8,0,8
15221,73,dublin,FRANCIS STREET,Francis Street,False,False,OPEN,2024-12-29 11:11:58,True,False,,,53.342081,-6.275233,30,4,26,2,2,0,2,30,4,26,2,2,0,2
15222,4,dublin,GREEK STREET,Greek Street,False,False,OPEN,2024-12-29 11:18:08,True,False,,,53.346874,-6.272976,20,12,8,5,7,0,7,20,12,8,5,7,0,7
15223,49,dublin,GUILD STREET,Guild Street,False,False,OPEN,2024-12-29 11:19:38,True,False,,,53.347932,-6.240928,40,30,10,23,7,0,7,40,30,10,23,7,0,7
15224,19,dublin,HERBERT PLACE,Herbert Place,False,False,OPEN,2024-12-29 11:12:48,True,False,,,53.334432,-6.245575,30,7,23,5,2,0,2,30,7,23,5,2,0,2
15225,7,dublin,HIGH STREET,High Street,False,False,OPEN,2024-12-29 11:11:55,True,False,,,53.343565,-6.275071,29,6,23,4,2,0,2,29,6,23,4,2,0,2
15226,60,dublin,NORTH CIRCULAR ROAD,North Circular Road,False,False,OPEN,2024-12-29 11:18:56,True,False,,,53.359624,-6.260348,30,10,20,8,2,0,2,30,10,20,8,2,0,2
15227,102,dublin,WESTERN WAY,Western Way,False,False,OPEN,2024-12-29 11:19:58,True,False,,,53.354929,-6.269425,40,11,29,10,1,0,1,40,11,29,10,1,0,1
15228,38,dublin,TALBOT STREET,Talbot Street,False,False,OPEN,2024-12-29 11:21:14,True,False,,,53.350974,-6.25294,40,24,16,19,5,0,5,40,24,16,19,5,0,5
15229,53,dublin,NEWMAN HOUSE,Newman House,False,False,OPEN,2024-12-29 11:21:41,True,False,,,53.337132,-6.26059,40,11,29,10,1,0,1,40,11,29,10,1,0,1
15230,58,dublin,SIR PATRICK DUN'S,Sir Patrick's Dun,False,False,OPEN,2024-12-29 11:21:10,True,False,,,53.339218,-6.240642,40,30,10,22,8,0,8,40,30,10,22,8,0,8
15231,66,dublin,NEW CENTRAL BANK,New Central Bank,False,False,OPEN,2024-12-29 11:21:01,True,False,,,53.347122,-6.234749,40,2,38,1,1,0,1,40,2,38,1,1,0,1
15232,104,dublin,GRANGEGORMAN LOWER (CENTRAL),Grangegorman Lower (Central),False,False,OPEN,2024-12-29 11:21:50,True,False,,,53.355173,-6.278424,40,0,40,0,0,0,0,40,0,40,0,0,0,0
15233,101,dublin,KING STREET NORTH,King Street North,False,False,OPEN,2024-12-29 11:20:10,True,False,,,53.350291,-6.273507,30,4,26,2,2,0,2,30,4,26,2,2,0,2
15234,115,dublin,KILLARNEY STREET,Killarney Street,False,False,OPEN,2024-12-29 11:13:50,True,False,,,53.354845,-6.247579,30,20,10,5,15,0,15,30,20,10,5,15,0,15
15235,47,dublin,HERBERT STREET,Herbert Street,False,False,OPEN,2024-12-29 11:11:54,True,False,,,53.335742,-6.24551,40,2,38,1,1,0,1,40,2,38,1,1,0,1
15236,117,dublin,HANOVER QUAY EAST,Hanover Quay East,False,False,OPEN,2024-12-29 11:20:19,True,False,,,53.343653,-6.231755,40,2,38,0,2,0,2,40,2,38,0,2,0,2
15237,8,dublin,CUSTOM HOUSE QUAY,Custom House Quay,False,False,OPEN,2024-12-29 11:12:17,True,False,,,53.347884,-6.248048,30,13,17,10,3,0,3,30,13,17,10,3,0,3
15238,27,dublin,MOLESWORTH STREET,Molesworth Street,False,False,OPEN,2024-12-29 11:20:34,True,False,,,53.341288,-6.258117,20,14,6,4,10,0,10,20,14,6,4,10,0,10
15239,16,dublin,GEORGES QUAY,Georges Quay,False,False,OPEN,2024-12-29 11:20:44,True,False,,,53.347508,-6.252192,20,3,17,3,0,0,0,20,3,17,3,0,0,0
15240,96,dublin,KILMAINHAM LANE,Kilmainham Lane,False,False,OPEN,2024-12-29 11:20:20,True,False,,,53.341805,-6.305085,30,22,8,17,5,0,5,30,22,8,17,5,0,5
15241,82,dublin,MOUNT BROWN,Mount Brown,False,False,OPEN,2024-12-29 11:21:38,True,False,,,53.341645,-6.29719,22,6,16,1,5,0,5,22,6,16,1,5,0,5
15242,76,dublin,MARKET STREET SOUTH,Market Street South,False,False,OPEN,2024-12-29 11:20:21,True,False,,,53.342296,-6.287661,38,21,17,12,9,0,9,38,21,17,12,9,0,9
15243,71,dublin,KEVIN STREET,Kevin Street,False,False,OPEN,2024-12-29 11:19:50,True,False,,,53.337757,-6.267699,40,18,22,15,3,0,3,40,18,22,15,3,0,3
15244,79,dublin,ECCLES STREET EAST,Eccles Street East,False,False,OPEN,2024-12-29 11:13:38,True,False,,,53.358115,-6.265601,27,0,27,0,0,0,0,27,0,27,0,0,0,0
15245,69,dublin,GRAND CANAL DOCK,Grand Canal Dock,False,False,OPEN,2024-12-29 11:15:12,True,False,,,53.342638,-6.238695,40,26,14,13,13,0,13,40,26,14,13,13,0,13
15246,25,dublin,MERRION SQUARE EAST,Merrion Square East,False,False,OPEN,2024-12-29 11:13:46,True,False,,,53.339434,-6.246548,30,1,29,0,1,0,1,30,1,29,0,1,0,1
15247,51,dublin,YORK STREET WEST,York Street West,False,False,OPEN,2024-12-29 11:19:33,True,False,,,53.339334,-6.264699,40,0,0,0,0,0,0,40,0,0,0,0,0,0
15248,37,dublin,ST. STEPHEN'S GREEN SOUTH,St. Stephen's Green South,False,False,OPEN,2024-12-29 11:20:49,True,False,,,53.337494,-6.26199,30,16,14,6,10,0,10,30,16,14,6,10,0,10
15249,59,dublin,DENMARK STREET GREAT,Denmark Street Great,False,False,OPEN,2024-12-29 11:21:38,True,False,,,53.35561,-6.261397,20,3,17,1,2,0,2,20,3,17,1,2,0,2
15250,95,dublin,ROYAL HOSPITAL,Royal Hospital,False,False,OPEN,2024-12-29 11:20:40,True,False,,,53.343897,-6.29706,40,10,30,3,7,0,7,40,10,30,3,7,0,7
15251,94,dublin,HEUSTON STATION (CAR PARK),Heuston Station (Car Park),False,False,OPEN,2024-12-29 11:21:35,True,False,,,53.346985,-6.297804,40,10,30,10,0,0,0,40,10,30,10,0,0,0
15252,105,dublin,GRANGEGORMAN LOWER (NORTH),Grangegorman Lower (North),False,False,OPEN,2024-12-29 11:13:32,True,False,,,53.355954,-6.278378,36,2,34,1,1,0,1,36,2,34,1,1,0,1
15253,36,dublin,ST. STEPHEN'S GREEN EAST,St. Stephen's Green East,False,False,OPEN,2024-12-29 11:19:52,True,False,,,53.337824,-6.256035,40,23,17,13,10,0,10,40,23,17,13,10,0,10
15254,93,dublin,HEUSTON STATION (CENTRAL),Heuston Station (Central),False,False,OPEN,2024-12-29 11:13:56,True,False,,,53.346603,-6.296924,40,14,26,14,0,0,0,40,14,26,14,0,0,0
15255,22,dublin,TOWNSEND STREET,Townsend Street,False,False,OPEN,2024-12-29 11:19:56,True,False,,,53.345922,-6.254614,20,2,18,1,1,0,1,20,2,18,1,1,0,1
15256,50,dublin,GEORGES LANE,George's Lane,False,False,OPEN,2024-12-29 11:14:13,True,False,,,53.35023,-6.279696,40,0,40,0,0,0,0,40,0,40,0,0,0,0
15257,110,dublin,PHIBSBOROUGH ROAD,Phibsborough Road,False,False,OPEN,2024-12-29 11:13:40,True,False,,,53.356307,-6.273717,40,5,35,1,4,0,4,40,5,35,1,4,0,4
15258,12,dublin,ECCLES STREET,Eccles Street,False,False,OPEN,2024-12-29 11:20:31,True,False,,,53.359246,-6.269779,20,8,12,4,4,0,4,20,8,12,4,4,0,4
15259,34,dublin,PORTOBELLO HARBOUR,Portobello Harbour,False,False,OPEN,2024-12-29 11:12:02,True,False,,,53.330362,-6.265163,30,20,10,20,0,0,0,30,20,10,20,0,0,0
15260,78,dublin,MATER HOSPITAL,Mater Hospital,False,False,OPEN,2024-12-29 11:12:09,True,False,,,53.359967,-6.264828,40,19,21,15,4,0,4,40,19,21,15,4,0,4
15261,2,dublin,BLESSINGTON STREET,Blessington Street,False,False,OPEN,2024-12-29 11:20:33,True,False,,,53.356769,-6.26814,20,0,20,0,0,0,0,20,0,20,0,0,0,0
15262,75,dublin,JAMES STREET,James Street,False,False,OPEN,2024-12-29 11:13:21,True,False,,,53.343456,-6.287409,40,20,20,10,10,0,10,40,20,20,10,10,0,10
15263,111,dublin,MOUNTJOY SQUARE EAST,Mountjoy Square East,False,False,OPEN,2024-12-29 11:20:45,True,False,,,53.356717,-6.256359,40,0,40,0,0,0,0,40,0,40,0,0,0,0
15264,26,dublin,MERRION SQUARE WEST,Merrion Square West,False,False,OPEN,2024-12-29 11:19:01,True,False,,,53.339764,-6.251988,20,12,8,4,8,0,8,20,12,8,4,8,0,8
15265,65,dublin,CONVENTION CENTRE,Convention Centre,False,False,OPEN,2024-12-29 11:13:12,True,False,,,53.34744,-6.238523,40,10,30,7,3,0,3,40,10,30,7,3,0,3
15266,15,dublin,HARDWICKE STREET,Hardwicke Street,False,False,OPEN,2024-12-29 11:13:09,True,False,,,53.355473,-6.264423,16,0,16,0,0,0,0,16,0,16,0,0,0,0
15267,86,dublin,PARKGATE STREET,Parkgate Street,False,False,OPEN,2024-12-29 11:12:23,True,False,,,53.347972,-6.291804,38,19,19,3,16,0,16,38,19,19,3,16,0,16
15268,35,dublin,SMITHFIELD,Smithfield,False,False,OPEN,2024-12-29 11:20:00,True,False,,,53.347692,-6.278214,30,17,13,11,6,0,6,30,17,13,11,6,0,6
15269,10,dublin,DAME STREET,Dame Street,False,False,OPEN,2024-12-29 11:14:42,True,False,,,53.344007,-6.266802,16,14,2,10,4,0,4,16,14,2,10,4,0,4
15270,100,dublin,HEUSTON BRIDGE (SOUTH),Heuston Bridge (South),False,False,OPEN,2024-12-29 11:21:50,True,False,,,53.347106,-6.292041,25,17,8,6,11,0,11,25,17,8,6,11,0,11
15271,24,dublin,CATHAL BRUGHA STREET,Cathal Brugha Street,False,False,OPEN,2024-12-29 11:13:20,True,False,,,53.352149,-6.260533,20,12,8,9,3,0,3,20,12,8,9,3,0,3
15272,64,dublin,SANDWITH STREET,Sandwith Street,False,False,OPEN,2024-12-29 11:13:15,True,False,,,53.345203,-6.247163,40,27,13,18,9,0,9,40,27,13,18,9,0,9
15273,109,dublin,BUCKINGHAM STREET LOWER,Buckingham Street Lower,False,False,OPEN,2024-12-29 11:12:31,True,False,,,53.353331,-6.249319,29,2,27,0,2,0,2,29,2,27,0,2,0,2
15274,85,dublin,ROTHE ABBEY,Rothe Abbey,False,False,OPEN,2024-12-29 11:13:50,True,False,,,53.338776,-6.30395,35,19,16,5,14,0,14,35,19,16,5,14,0,14
15275,107,dublin,CHARLEVILLE ROAD,Charleville Road,False,False,OPEN,2024-12-29 11:20:49,True,False,,,53.359157,-6.281866,40,9,31,4,5,0,5,40,9,31,4,5,0,5
15276,33,dublin,PRINCES STREET / O'CONNELL STREET,Princes Street / O'Connell Street,False,False,OPEN,2024-12-29 11:12:08,True,False,,,53.349013,-6.260311,23,5,18,5,0,0,0,23,5,18,5,0,0,0
15277,44,dublin,UPPER SHERRARD STREET,Upper Sherrard Street,False,False,OPEN,2024-12-29 11:14:49,True,False,,,53.358437,-6.260641,30,0,30,0,0,0,0,30,0,30,0,0,0,0
15278,89,dublin,FITZWILLIAM SQUARE EAST,Fitzwilliam Square East,False,False,OPEN,2024-12-29 11:12:37,True,False,,,53.335211,-6.2509,40,19,21,10,9,0,9,40,19,21,10,9,0,9
15279,57,dublin,GRATTAN STREET,Grattan Street,False,False,OPEN,2024-12-29 11:19:27,True,False,,,53.339629,-6.243778,23,4,19,3,1,0,1,23,4,19,3,1,0,1
15280,80,dublin,ST JAMES HOSPITAL (LUAS),St James Hospital (Luas),False,False,OPEN,2024-12-29 11:13:36,True,False,,,53.341359,-6.292951,40,16,24,8,8,0,8,40,16,24,8,8,0,8
15281,41,dublin,HARCOURT TERRACE,Harcourt Terrace,False,False,OPEN,2024-12-29 11:11:57,True,False,,,53.332763,-6.257942,20,0,20,0,0,0,0,20,0,20,0,0,0,0
15282,3,dublin,BOLTON STREET,Bolton Street,False,False,OPEN,2024-12-29 11:13:10,True,False,,,53.351182,-6.269859,20,8,12,6,2,0,2,20,8,12,6,2,0,2
15283,40,dublin,JERVIS STREET,Jervis Street,False,False,OPEN,2024-12-29 11:21:44,True,False,,,53.3483,-6.266651,21,17,4,12,5,0,5,21,17,4,12,5,0,5
15284,29,dublin,ORMOND QUAY UPPER,Ormond Quay Upper,False,False,OPEN,2024-12-29 11:12:57,True,False,,,53.346057,-6.268001,29,23,6,18,5,0,5,29,23,6,18,5,0,5
15285,103,dublin,GRANGEGORMAN LOWER (SOUTH),Grangegorman Lower (South),False,False,OPEN,2024-12-29 11:21:18,True,False,,,53.354663,-6.278681,40,2,38,2,0,0,0,40,2,38,2,0,0,0
15286,28,dublin,MOUNTJOY SQUARE WEST,Mountjoy Square West,False,False,OPEN,2024-12-29 11:12:37,True,False,,,53.356299,-6.258586,30,2,28,2,0,0,0,30,2,28,2,0,0,0
15287,39,dublin,WILTON TERRACE,Wilton Terrace,False,False,OPEN,2024-12-29 11:21:38,True,False,,,53.332383,-6.252717,20,0,20,0,0,0,0,20,0,20,0,0,0,0
15288,83,dublin,EMMET ROAD,Emmet Road,False,False,OPEN,2024-12-29 11:13:02,True,False,,,53.340714,-6.308191,40,21,19,14,7,0,7,40,21,19,14,7,0,7
15289,92,dublin,HEUSTON BRIDGE (NORTH),Heuston Bridge (North),False,False,OPEN,2024-12-29 11:21:18,True,False,,,53.347802,-6.292432,40,33,7,25,8,0,8,40,33,7,25,8,0,8
15290,21,dublin,LEINSTER STREET SOUTH,Leinster Street South,False,False,OPEN,2024-12-29 11:19:55,True,False,,,53.34218,-6.254485,30,4,26,3,1,0,1,30,4,26,3,1,0,1
15291,88,dublin,BLACKHALL PLACE,Blackhall Place,False,False,OPEN,2024-12-29 11:12:09,True,False,,,53.3488,-6.281637,30,2,28,0,2,0,2,30,2,28,0,2,0,2
15292,42,dublin,SMITHFIELD NORTH,Smithfield North,False,False,OPEN,2024-12-29 11:50:10,True,False,,,53.349562,-6.278198,30,3,27,2,1,0,1,30,3,27,2,1,0,1
15293,30,dublin,PARNELL SQUARE NORTH,Parnell Square North,False,False,OPEN,2024-12-29 11:49:45,True,False,,,53.3537415547453,-6.26530144781526,20,1,19,1,0,0,0,20,1,19,1,0,0,0
15294,54,dublin,CLONMEL STREET,Clonmel Street,False,False,OPEN,2024-12-29 11:49:41,True,False,,,53.336021,-6.26298,33,16,17,6,10,0,10,33,16,17,6,10,0,10
15295,108,dublin,AVONDALE ROAD,Avondale Road,False,False,OPEN,2024-12-29 11:51:17,True,False,,,53.359405,-6.276142,35,17,18,6,11,0,11,35,17,18,6,11,0,11
15296,20,dublin,JAMES STREET EAST,James Street East,False,False,OPEN,2024-12-29 11:43:45,True,False,,,53.336597,-6.248109,30,1,29,1,0,0,0,30,1,29,1,0,0,0
15297,56,dublin,MOUNT STREET LOWER,Mount Street Lower,False,False,OPEN,2024-12-29 11:49:12,True,False,,,53.33796,-6.24153,40,24,16,11,13,0,13,40,24,16,11,13,0,13
15298,6,dublin,CHRISTCHURCH PLACE,Christchurch Place,False,False,OPEN,2024-12-29 11:49:01,True,False,,,53.343368,-6.27012,20,9,11,6,3,0,3,20,9,11,6,3,0,3
15299,18,dublin,GRANTHAM STREET,Grantham Street,False,False,OPEN,2024-12-29 11:51:35,True,False,,,53.334123,-6.265436,30,9,21,3,6,0,6,30,9,21,3,6,0,6
15300,32,dublin,PEARSE STREET,Pearse Street,False,False,OPEN,2024-12-29 11:41:58,True,False,,,53.344304,-6.250427,30,16,14,12,4,0,4,30,16,14,12,4,0,4
15301,52,dublin,YORK STREET EAST,York Street East,False,False,OPEN,2024-12-29 11:51:48,True,False,,,53.338755,-6.262003,32,15,17,6,9,0,9,32,15,17,6,9,0,9
15302,48,dublin,EXCISE WALK,Excise Walk,False,False,OPEN,2024-12-29 11:51:06,True,False,,,53.347777,-6.244239,40,6,34,6,0,0,0,40,6,34,6,0,0,0
15303,13,dublin,FITZWILLIAM SQUARE WEST,Fitzwilliam Square West,False,False,OPEN,2024-12-29 11:51:32,True,False,,,53.336074,-6.252825,30,28,2,11,17,0,17,30,28,2,11,17,0,17
15304,43,dublin,PORTOBELLO ROAD,Portobello Road,False,False,OPEN,2024-12-29 11:43:04,True,False,,,53.330091,-6.268044,30,11,19,8,3,0,3,30,11,19,8,3,0,3
15305,31,dublin,PARNELL STREET,Parnell Street,False,False,OPEN,2024-12-29 11:49:04,True,False,,,53.350929,-6.265125,20,0,20,0,0,0,0,20,0,20,0,0,0,0
15306,98,dublin,FREDERICK STREET SOUTH,Frederick Street South,False,False,OPEN,2024-12-29 11:51:24,True,False,,,53.341515,-6.256853,40,18,22,12,6,0,6,40,18,22,12,6,0,6
15307,14,dublin,FOWNES STREET UPPER,Fownes Street Upper,False,False,OPEN,2024-12-29 11:45:02,True,False,,,53.344603,-6.263371,30,22,8,12,10,0,10,30,22,8,12,10,0,10
15308,1,dublin,CLARENDON ROW,Clarendon Row,False,False,OPEN,2024-12-29 11:50:45,True,False,,,53.340927,-6.262501,31,5,26,2,3,0,3,31,5,26,2,3,0,3
15309,23,dublin,CUSTOM HOUSE,Custom House,False,False,OPEN,2024-12-29 11:42:04,True,False,,,53.348279,-6.254662,30,27,3,14,13,0,13,30,27,3,14,13,0,13
15310,106,dublin,RATHDOWN ROAD,Rathdown Road,False,False,OPEN,2024-12-29 11:50:29,True,False,,,53.35893,-6.280337,40,19,21,14,5,0,5,40,19,21,14,5,0,5
15311,112,dublin,NORTH CIRCULAR ROAD (O'CONNELL'S),North Circular Road (O'Connell's),False,False,OPEN,2024-12-29 11:50:45,True,False,,,53.357841,-6.251557,30,7,23,1,6,0,6,30,7,23,1,6,0,6
15312,68,dublin,HANOVER QUAY,Hanover Quay,False,False,OPEN,2024-12-29 11:51:22,True,False,,,53.344115,-6.237153,40,31,9,21,10,0,10,40,31,9,21,10,0,10
15313,74,dublin,OLIVER BOND STREET,Oliver Bond Street,False,False,OPEN,2024-12-29 11:42:19,True,False,,,53.343893,-6.280531,30,5,25,4,1,0,1,30,5,25,4,1,0,1
15314,87,dublin,COLLINS BARRACKS MUSEUM,Collins Barracks Museum,False,False,OPEN,2024-12-29 11:49:44,True,False,,,53.347477,-6.28525,38,26,12,12,14,0,14,38,26,12,12,14,0,14
15315,84,dublin,BROOKFIELD ROAD,Brookfield Road,False,False,OPEN,2024-12-29 11:42:54,True,False,,,53.339005,-6.300217,30,20,10,13,7,0,7,30,20,10,13,7,0,7
15316,90,dublin,BENSON STREET,Benson Street,False,False,OPEN,2024-12-29 11:43:15,True,False,,,53.344153,-6.233451,40,3,37,3,0,0,0,40,3,37,3,0,0,0
15317,11,dublin,EARLSFORT TERRACE,Earlsfort Terrace,False,False,OPEN,2024-12-29 11:50:03,True,False,,,53.334295,-6.258503,30,17,13,13,4,0,4,30,17,13,13,4,0,4
15318,17,dublin,GOLDEN LANE,Golden Lane,False,False,OPEN,2024-12-29 11:50:40,True,False,,,53.340803,-6.267732,20,18,2,9,9,0,9,20,18,2,9,9,0,9
15319,45,dublin,DEVERELL PLACE,Deverell Place,False,False,OPEN,2024-12-29 11:42:46,True,False,,,53.351464,-6.255265,30,14,16,9,5,0,5,30,14,16,9,5,0,5
15320,114,dublin,WILTON TERRACE (PARK),Wilton Terrace (Park),False,False,OPEN,2024-12-29 11:44:20,True,False,,,53.333653,-6.248345,40,1,39,1,0,0,0,40,1,39,1,0,0,0
15321,72,dublin,JOHN STREET WEST,John Street West,False,False,OPEN,2024-12-29 11:51:00,True,False,,,53.343105,-6.277167,31,1,30,1,0,0,0,31,1,30,1,0,0,0
15322,63,dublin,FENIAN STREET,Fenian Street,False,False,OPEN,2024-12-29 11:42:31,True,False,,,53.341428,-6.24672,35,29,6,16,13,0,13,35,29,6,16,13,0,13
15323,113,dublin,MERRION SQUARE SOUTH,Merrion Square South,False,False,OPEN,2024-12-29 11:41:52,True,False,,,53.338614,-6.248606,40,7,22,7,0,0,0,40,7,22,7,0,0,0
15324,91,dublin,SOUTH DOCK ROAD,South Dock Road,False,False,OPEN,2024-12-29 11:50:13,True,False,,,53.341833,-6.231291,30,21,9,10,11,0,11,30,21,9,10,11,0,11
15325,99,dublin,CITY QUAY,City Quay,False,False,OPEN,2024-12-29 11:42:57,True,False,,,53.346637,-6.246154,30,21,9,10,11,0,11,30,21,9,10,11,0,11
15326,9,dublin,EXCHEQUER STREET,Exchequer Street,False,False,OPEN,2024-12-29 11:51:49,True,False,,,53.343034,-6.263578,24,6,18,3,3,0,3,24,6,18,3,3,0,3
15327,67,dublin,THE POINT,The Point,False,False,OPEN,2024-12-29 11:50:51,True,False,,,53.346867,-6.230852,40,19,21,14,5,0,5,40,19,21,14,5,0,5
15328,116,dublin,BROADSTONE,Broadstone,False,False,OPEN,2024-12-29 11:49:12,True,False,,,53.3547,-6.272314,30,9,21,2,7,0,7,30,9,21,2,7,0,7
15329,55,dublin,HATCH STREET,Hatch Street,False,False,OPEN,2024-12-29 11:44:02,True,False,,,53.33403,-6.260714,36,11,25,6,5,0,5,36,11,25,6,5,0,5
15330,62,dublin,LIME STREET,Lime Street,False,False,OPEN,2024-12-29 11:50:42,True,False,,,53.346026,-6.243576,40,10,30,2,8,0,8,40,10,30,2,8,0,8
15331,5,dublin,CHARLEMONT PLACE,Charlemont Street,False,False,OPEN,2024-12-29 11:45:12,True,False,,,53.330662,-6.260177,40,34,6,23,11,0,11,40,34,6,23,11,0,11
15332,97,dublin,KILMAINHAM GAOL,Kilmainham Gaol,False,False,OPEN,2024-12-29 11:51:13,True,False,,,53.342113,-6.310015,40,17,23,5,12,0,12,40,17,23,5,12,0,12
15333,61,dublin,HARDWICKE PLACE,Hardwicke Place,False,False,OPEN,2024-12-29 11:49:49,True,False,,,53.357043,-6.263232,25,0,25,0,0,0,0,25,0,25,0,0,0,0
15334,77,dublin,WOLFE TONE STREET,Wolfe Tone Street,False,False,OPEN,2024-12-29 11:50:20,True,False,,,53.348875,-6.267459,29,11,18,3,8,0,8,29,11,18,3,8,0,8
15335,73,dublin,FRANCIS STREET,Francis Street,False,False,OPEN,2024-12-29 11:51:15,True,False,,,53.342081,-6.275233,30,3,27,1,2,0,2,30,3,27,1,2,0,2
15336,4,dublin,GREEK STREET,Greek Street,False,False,OPEN,2024-12-29 11:43:33,True,False,,,53.346874,-6.272976,20,11,9,4,7,0,7,20,11,9,4,7,0,7
15337,49,dublin,GUILD STREET,Guild Street,False,False,OPEN,2024-12-29 11:44:36,True,False,,,53.347932,-6.240928,40,30,10,23,7,0,7,40,30,10,23,7,0,7
15338,19,dublin,HERBERT PLACE,Herbert Place,False,False,OPEN,2024-12-29 11:43:01,True,False,,,53.334432,-6.245575,30,8,22,6,2,0,2,30,8,22,6,2,0,2
15339,7,dublin,HIGH STREET,High Street,False,False,OPEN,2024-12-29 11:49:33,True,False,,,53.343565,-6.275071,29,6,23,4,2,0,2,29,6,23,4,2,0,2
15340,60,dublin,NORTH CIRCULAR ROAD,North Circular Road,False,False,OPEN,2024-12-29 11:43:35,True,False,,,53.359624,-6.260348,30,9,21,7,2,0,2,30,9,21,7,2,0,2
15341,102,dublin,WESTERN WAY,Western Way,False,False,OPEN,2024-12-29 11:50:13,True,False,,,53.354929,-6.269425,40,9,31,8,1,0,1,40,9,31,8,1,0,1
15342,38,dublin,TALBOT STREET,Talbot Street,False,False,OPEN,2024-12-29 11:51:22,True,False,,,53.350974,-6.25294,40,24,16,19,5,0,5,40,24,16,19,5,0,5
15343,53,dublin,NEWMAN HOUSE,Newman House,False,False,OPEN,2024-12-29 11:41:52,True,False,,,53.337132,-6.26059,40,12,28,11,1,0,1,40,12,28,11,1,0,1
15344,58,dublin,SIR PATRICK DUN'S,Sir Patrick's Dun,False,False,OPEN,2024-12-29 11:51:19,True,False,,,53.339218,-6.240642,40,33,7,25,8,0,8,40,33,7,25,8,0,8
15345,66,dublin,NEW CENTRAL BANK,New Central Bank,False,False,OPEN,2024-12-29 11:49:14,True,False,,,53.347122,-6.234749,40,3,37,2,1,0,1,40,3,37,2,1,0,1
15346,104,dublin,GRANGEGORMAN LOWER (CENTRAL),Grangegorman Lower (Central),False,False,OPEN,2024-12-29 11:41:55,True,False,,,53.355173,-6.278424,40,0,40,0,0,0,0,40,0,40,0,0,0,0
15347,101,dublin,KING STREET NORTH,King Street North,False,False,OPEN,2024-12-29 11:50:25,True,False,,,53.350291,-6.273507,30,4,26,2,2,0,2,30,4,26,2,2,0,2
15348,115,dublin,KILLARNEY STREET,Killarney Street,False,False,OPEN,2024-12-29 11:51:39,True,False,,,53.354845,-6.247579,30,18,12,4,14,0,14,30,18,12,4,14,0,14
15349,47,dublin,HERBERT STREET,Herbert Street,False,False,OPEN,2024-12-29 11:50:44,True,False,,,53.335742,-6.24551,40,3,37,2,1,0,1,40,3,37,2,1,0,1
15350,117,dublin,HANOVER QUAY EAST,Hanover Quay East,False,False,OPEN,2024-12-29 11:50:27,True,False,,,53.343653,-6.231755,40,2,38,0,2,0,2,40,2,38,0,2,0,2
15351,8,dublin,CUSTOM HOUSE QUAY,Custom House Quay,False,False,OPEN,2024-12-29 11:42:37,True,False,,,53.347884,-6.248048,30,11,19,8,3,0,3,30,11,19,8,3,0,3
15352,27,dublin,MOLESWORTH STREET,Molesworth Street,False,False,OPEN,2024-12-29 11:50:44,True,False,,,53.341288,-6.258117,20,14,6,4,10,0,10,20,14,6,4,10,0,10
15353,16,dublin,GEORGES QUAY,Georges Quay,False,False,OPEN,2024-12-29 11:51:00,True,False,,,53.347508,-6.252192,20,4,16,4,0,0,0,20,4,16,4,0,0,0
15354,96,dublin,KILMAINHAM LANE,Kilmainham Lane,False,False,OPEN,2024-12-29 11:50:36,True,False,,,53.341805,-6.305085,30,22,8,17,5,0,5,30,22,8,17,5,0,5
15355,82,dublin,MOUNT BROWN,Mount Brown,False,False,OPEN,2024-12-29 11:41:46,True,False,,,53.341645,-6.29719,22,6,16,1,5,0,5,22,6,16,1,5,0,5
15356,76,dublin,MARKET STREET SOUTH,Market Street South,False,False,OPEN,2024-12-29 11:50:37,True,False,,,53.342296,-6.287661,38,21,17,12,9,0,9,38,21,17,12,9,0,9
15357,71,dublin,KEVIN STREET,Kevin Street,False,False,OPEN,2024-12-29 11:50:06,True,False,,,53.337757,-6.267699,40,18,22,15,3,0,3,40,18,22,15,3,0,3
15358,79,dublin,ECCLES STREET EAST,Eccles Street East,False,False,OPEN,2024-12-29 11:43:54,True,False,,,53.358115,-6.265601,27,0,27,0,0,0,0,27,0,27,0,0,0,0
15359,69,dublin,GRAND CANAL DOCK,Grand Canal Dock,False,False,OPEN,2024-12-29 11:45:11,True,False,,,53.342638,-6.238695,40,25,15,13,12,0,12,40,25,15,13,12,0,12
15360,25,dublin,MERRION SQUARE EAST,Merrion Square East,False,False,OPEN,2024-12-29 11:43:54,True,False,,,53.339434,-6.246548,30,1,29,0,1,0,1,30,1,29,0,1,0,1
15361,51,dublin,YORK STREET WEST,York Street West,False,False,OPEN,2024-12-29 11:49:44,True,False,,,53.339334,-6.264699,40,0,0,0,0,0,0,40,0,0,0,0,0,0
15362,37,dublin,ST. STEPHEN'S GREEN SOUTH,St. Stephen's Green South,False,False,OPEN,2024-12-29 11:51:00,True,False,,,53.337494,-6.26199,30,16,14,6,10,0,10,30,16,14,6,10,0,10
15363,59,dublin,DENMARK STREET GREAT,Denmark Street Great,False,False,OPEN,2024-12-29 11:51:50,True,False,,,53.35561,-6.261397,20,3,17,1,2,0,2,20,3,17,1,2,0,2
15364,95,dublin,ROYAL HOSPITAL,Royal Hospital,False,False,OPEN,2024-12-29 11:43:41,True,False,,,53.343897,-6.29706,40,10,30,3,7,0,7,40,10,30,3,7,0,7
15365,94,dublin,HEUSTON STATION (CAR PARK),Heuston Station (Car Park),False,False,OPEN,2024-12-29 11:51:46,True,False,,,53.346985,-6.297804,40,10,30,10,0,0,0,40,10,30,10,0,0,0
15366,105,dublin,GRANGEGORMAN LOWER (NORTH),Grangegorman Lower (North),False,False,OPEN,2024-12-29 11:43:47,True,False,,,53.355954,-6.278378,36,2,34,1,1,0,1,36,2,34,1,1,0,1
15367,36,dublin,ST. STEPHEN'S GREEN EAST,St. Stephen's Green East,False,False,OPEN,2024-12-29 11:50:04,True,False,,,53.337824,-6.256035,40,25,15,14,11,0,11,40,25,15,14,11,0,11
15368,93,dublin,HEUSTON STATION (CENTRAL),Heuston Station (Central),False,False,OPEN,2024-12-29 11:44:06,True,False,,,53.346603,-6.296924,40,14,26,14,0,0,0,40,14,26,14,0,0,0
15369,22,dublin,TOWNSEND STREET,Townsend Street,False,False,OPEN,2024-12-29 11:50:08,True,False,,,53.345922,-6.254614,20,4,16,3,1,0,1,20,4,16,3,1,0,1
15370,50,dublin,GEORGES LANE,George's Lane,False,False,OPEN,2024-12-29 11:45:13,True,False,,,53.35023,-6.279696,40,0,40,0,0,0,0,40,0,40,0,0,0,0
15371,110,dublin,PHIBSBOROUGH ROAD,Phibsborough Road,False,False,OPEN,2024-12-29 11:43:53,True,False,,,53.356307,-6.273717,40,4,36,0,4,0,4,40,4,36,0,4,0,4
15372,12,dublin,ECCLES STREET,Eccles Street,False,False,OPEN,2024-12-29 11:50:43,True,False,,,53.359246,-6.269779,20,8,12,4,4,0,4,20,8,12,4,4,0,4
15373,34,dublin,PORTOBELLO HARBOUR,Portobello Harbour,False,False,OPEN,2024-12-29 11:51:24,True,False,,,53.330362,-6.265163,30,19,11,18,1,0,1,30,19,11,18,1,0,1
15374,78,dublin,MATER HOSPITAL,Mater Hospital,False,False,OPEN,2024-12-29 11:42:25,True,False,,,53.359967,-6.264828,40,19,21,15,4,0,4,40,19,21,15,4,0,4
15375,2,dublin,BLESSINGTON STREET,Blessington Street,False,False,OPEN,2024-12-29 11:50:43,True,False,,,53.356769,-6.26814,20,0,20,0,0,0,0,20,0,20,0,0,0,0
15376,75,dublin,JAMES STREET,James Street,False,False,OPEN,2024-12-29 11:43:34,True,False,,,53.343456,-6.287409,40,20,20,10,10,0,10,40,20,20,10,10,0,10
15377,111,dublin,MOUNTJOY SQUARE EAST,Mountjoy Square East,False,False,OPEN,2024-12-29 11:51:02,True,False,,,53.356717,-6.256359,40,3,37,2,1,0,1,40,3,37,2,1,0,1
15378,26,dublin,MERRION SQUARE WEST,Merrion Square West,False,False,OPEN,2024-12-29 11:49:10,True,False,,,53.339764,-6.251988,20,13,7,5,8,0,8,20,13,7,5,8,0,8
15379,65,dublin,CONVENTION CENTRE,Convention Centre,False,False,OPEN,2024-12-29 11:50:34,True,False,,,53.34744,-6.238523,40,11,29,7,4,0,4,40,11,29,7,4,0,4
15380,15,dublin,HARDWICKE STREET,Hardwicke Street,False,False,OPEN,2024-12-29 11:43:20,True,False,,,53.355473,-6.264423,16,0,16,0,0,0,0,16,0,16,0,0,0,0
15381,86,dublin,PARKGATE STREET,Parkgate Street,False,False,OPEN,2024-12-29 11:50:22,True,False,,,53.347972,-6.291804,38,13,25,2,11,0,11,38,13,25,2,11,0,11
15382,35,dublin,SMITHFIELD,Smithfield,False,False,OPEN,2024-12-29 11:46:36,True,False,,,53.347692,-6.278214,30,15,15,9,6,0,6,30,15,15,9,6,0,6
15383,10,dublin,DAME STREET,Dame Street,False,False,OPEN,2024-12-29 11:44:58,True,False,,,53.344007,-6.266802,16,15,1,11,4,0,4,16,15,1,11,4,0,4
15384,100,dublin,HEUSTON BRIDGE (SOUTH),Heuston Bridge (South),False,False,OPEN,2024-12-29 11:50:12,True,False,,,53.347106,-6.292041,25,18,7,7,11,0,11,25,18,7,7,11,0,11
15385,24,dublin,CATHAL BRUGHA STREET,Cathal Brugha Street,False,False,OPEN,2024-12-29 11:43:39,True,False,,,53.352149,-6.260533,20,11,9,8,3,0,3,20,11,9,8,3,0,3
15386,64,dublin,SANDWITH STREET,Sandwith Street,False,False,OPEN,2024-12-29 11:51:16,True,False,,,53.345203,-6.247163,40,26,14,17,9,0,9,40,26,14,17,9,0,9
15387,109,dublin,BUCKINGHAM STREET LOWER,Buckingham Street Lower,False,False,OPEN,2024-12-29 11:42:39,True,False,,,53.353331,-6.249319,29,2,27,0,2,0,2,29,2,27,0,2,0,2
15388,85,dublin,ROTHE ABBEY,Rothe Abbey,False,False,OPEN,2024-12-29 11:43:52,True,False,,,53.338776,-6.30395,35,19,16,5,14,0,14,35,19,16,5,14,0,14
15389,107,dublin,CHARLEVILLE ROAD,Charleville Road,False,False,OPEN,2024-12-29 11:51:06,True,False,,,53.359157,-6.281866,40,10,30,4,6,0,6,40,10,30,4,6,0,6
15390,33,dublin,PRINCES STREET / O'CONNELL STREET,Princes Street / O'Connell Street,False,False,OPEN,2024-12-29 11:42:18,True,False,,,53.349013,-6.260311,23,7,16,6,1,0,1,23,7,16,6,1,0,1
15391,44,dublin,UPPER SHERRARD STREET,Upper Sherrard Street,False,False,OPEN,2024-12-29 11:45:04,True,False,,,53.358437,-6.260641,30,1,29,0,1,0,1,30,1,29,0,1,0,1
15392,89,dublin,FITZWILLIAM SQUARE EAST,Fitzwilliam Square East,False,False,OPEN,2024-12-29 11:42:53,True,False,,,53.335211,-6.2509,40,19,21,10,9,0,9,40,19,21,10,9,0,9
15393,57,dublin,GRATTAN STREET,Grattan Street,False,False,OPEN,2024-12-29 11:49:40,True,False,,,53.339629,-6.243778,23,3,20,2,1,0,1,23,3,20,2,1,0,1
15394,80,dublin,ST JAMES HOSPITAL (LUAS),St James Hospital (Luas),False,False,OPEN,2024-12-29 11:43:09,True,False,,,53.341359,-6.292951,40,16,24,8,8,0,8,40,16,24,8,8,0,8
15395,41,dublin,HARCOURT TERRACE,Harcourt Terrace,False,False,OPEN,2024-12-29 11:42:08,True,False,,,53.332763,-6.257942,20,0,20,0,0,0,0,20,0,20,0,0,0,0
15396,3,dublin,BOLTON STREET,Bolton Street,False,False,OPEN,2024-12-29 11:47:12,True,False,,,53.351182,-6.269859,20,8,12,6,2,0,2,20,8,12,6,2,0,2
15397,40,dublin,JERVIS STREET,Jervis Street,False,False,OPEN,2024-12-29 11:45:05,True,False,,,53.3483,-6.266651,21,17,4,12,5,0,5,21,17,4,12,5,0,5
15398,29,dublin,ORMOND QUAY UPPER,Ormond Quay Upper,False,False,OPEN,2024-12-29 11:43:15,True,False,,,53.346057,-6.268001,29,25,4,20,5,0,5,29,25,4,20,5,0,5
15399,103,dublin,GRANGEGORMAN LOWER (SOUTH),Grangegorman Lower (South),False,False,OPEN,2024-12-29 11:51:27,True,False,,,53.354663,-6.278681,40,2,38,2,0,0,0,40,2,38,2,0,0,0
15400,28,dublin,MOUNTJOY SQUARE WEST,Mountjoy Square West,False,False,OPEN,2024-12-29 11:50:02,True,False,,,53.356299,-6.258586,30,20,10,11,9,0,9,30,20,10,11,9,0,9
15401,39,dublin,WILTON TERRACE,Wilton Terrace,False,False,OPEN,2024-12-29 11:51:48,True,False,,,53.332383,-6.252717,20,0,20,0,0,0,0,20,0,20,0,0,0,0
15402,83,dublin,EMMET ROAD,Emmet Road,False,False,OPEN,2024-12-29 11:42:10,True,False,,,53.340714,-6.308191,40,21,19,14,7,0,7,40,21,19,14,7,0,7
15403,92,dublin,HEUSTON BRIDGE (NORTH),Heuston Bridge (North),False,False,OPEN,2024-12-29 11:51:34,True,False,,,53.347802,-6.292432,40,33,7,25,8,0,8,40,33,7,25,8,0,8
15404,21,dublin,LEINSTER STREET SOUTH,Leinster Street South,False,False,OPEN,2024-12-29 11:50:15,True,False,,,53.34218,-6.254485,30,2,28,1,1,0,1,30,2,28,1,1,0,1
15405,88,dublin,BLACKHALL PLACE,Blackhall Place,False,False,OPEN,2024-12-29 11:42:29,True,False,,,53.3488,-6.281637,30,0,30,0,0,0,0,30,0,30,0,0,0,0
15406,42,dublin,SMITHFIELD NORTH,Smithfield North,False,False,OPEN,2024-12-29 12:20:24,True,False,,,53.349562,-6.278198,30,0,30,0,0,0,0,30,0,30,0,0,0,0
15407,30,dublin,PARNELL SQUARE NORTH,Parnell Square North,False,False,OPEN,2024-12-29 12:20:02,True,False,,,53.3537415547453,-6.26530144781526,20,0,20,0,0,0,0,20,0,20,0,0,0,0
15408,54,dublin,CLONMEL STREET,Clonmel Street,False,False,OPEN,2024-12-29 12:12:12,True,False,,,53.336021,-6.26298,33,16,17,6,10,0,10,33,16,17,6,10,0,10
15409,108,dublin,AVONDALE ROAD,Avondale Road,False,False,OPEN,2024-12-29 12:21:29,True,False,,,53.359405,-6.276142,35,17,18,6,11,0,11,35,17,18,6,11,0,11
15410,20,dublin,JAMES STREET EAST,James Street East,False,False,OPEN,2024-12-29 12:13:56,True,False,,,53.336597,-6.248109,30,1,29,1,0,0,0,30,1,29,1,0,0,0
15411,56,dublin,MOUNT STREET LOWER,Mount Street Lower,False,False,OPEN,2024-12-29 12:19:32,True,False,,,53.33796,-6.24153,40,19,21,8,11,0,11,40,19,21,8,11,0,11
15412,6,dublin,CHRISTCHURCH PLACE,Christchurch Place,False,False,OPEN,2024-12-29 12:19:18,True,False,,,53.343368,-6.27012,20,8,12,4,4,0,4,20,8,12,4,4,0,4
15413,18,dublin,GRANTHAM STREET,Grantham Street,False,False,OPEN,2024-12-29 12:21:49,True,False,,,53.334123,-6.265436,30,8,22,2,6,0,6,30,8,22,2,6,0,6
15414,32,dublin,PEARSE STREET,Pearse Street,False,False,OPEN,2024-12-29 12:15:11,True,False,,,53.344304,-6.250427,30,16,14,14,2,0,2,30,16,14,14,2,0,2
15415,52,dublin,YORK STREET EAST,York Street East,False,False,OPEN,2024-12-29 12:12:00,True,False,,,53.338755,-6.262003,32,15,17,6,9,0,9,32,15,17,6,9,0,9
15416,48,dublin,EXCISE WALK,Excise Walk,False,False,OPEN,2024-12-29 12:21:20,True,False,,,53.347777,-6.244239,40,5,35,5,0,0,0,40,5,35,5,0,0,0
15417,13,dublin,FITZWILLIAM SQUARE WEST,Fitzwilliam Square West,False,False,OPEN,2024-12-29 12:21:40,True,False,,,53.336074,-6.252825,30,28,2,11,17,0,17,30,28,2,11,17,0,17
15418,43,dublin,PORTOBELLO ROAD,Portobello Road,False,False,OPEN,2024-12-29 12:12:30,True,False,,,53.330091,-6.268044,30,11,19,8,3,0,3,30,11,19,8,3,0,3
15419,31,dublin,PARNELL STREET,Parnell Street,False,False,OPEN,2024-12-29 12:19:15,True,False,,,53.350929,-6.265125,20,0,20,0,0,0,0,20,0,20,0,0,0,0
15420,98,dublin,FREDERICK STREET SOUTH,Frederick Street South,False,False,OPEN,2024-12-29 12:21:36,True,False,,,53.341515,-6.256853,40,19,21,13,6,0,6,40,19,21,13,6,0,6
15421,14,dublin,FOWNES STREET UPPER,Fownes Street Upper,False,False,OPEN,2024-12-29 12:13:19,True,False,,,53.344603,-6.263371,30,24,6,13,11,0,11,30,24,6,13,11,0,11
15422,1,dublin,CLARENDON ROW,Clarendon Row,False,False,OPEN,2024-12-29 12:20:59,True,False,,,53.340927,-6.262501,31,5,26,1,4,0,4,31,5,26,1,4,0,4
15423,23,dublin,CUSTOM HOUSE,Custom House,False,False,OPEN,2024-12-29 12:12:20,True,False,,,53.348279,-6.254662,30,27,3,14,13,0,13,30,27,3,14,13,0,13
15424,106,dublin,RATHDOWN ROAD,Rathdown Road,False,False,OPEN,2024-12-29 12:20:44,True,False,,,53.35893,-6.280337,40,19,21,14,5,0,5,40,19,21,14,5,0,5
15425,112,dublin,NORTH CIRCULAR ROAD (O'CONNELL'S),North Circular Road (O'Connell's),False,False,OPEN,2024-12-29 12:20:55,True,False,,,53.357841,-6.251557,30,8,22,2,6,0,6,30,8,22,2,6,0,6
15426,68,dublin,HANOVER QUAY,Hanover Quay,False,False,OPEN,2024-12-29 12:21:34,True,False,,,53.344115,-6.237153,40,32,8,22,10,0,10,40,32,8,22,10,0,10
15427,74,dublin,OLIVER BOND STREET,Oliver Bond Street,False,False,OPEN,2024-12-29 12:12:29,True,False,,,53.343893,-6.280531,30,4,26,3,1,0,1,30,4,26,3,1,0,1
15428,87,dublin,COLLINS BARRACKS MUSEUM,Collins Barracks Museum,False,False,OPEN,2024-12-29 12:19:55,True,False,,,53.347477,-6.28525,38,25,13,11,14,0,14,38,25,13,11,14,0,14
15429,84,dublin,BROOKFIELD ROAD,Brookfield Road,False,False,OPEN,2024-12-29 12:13:04,True,False,,,53.339005,-6.300217,30,19,11,12,7,0,7,30,19,11,12,7,0,7
15430,90,dublin,BENSON STREET,Benson Street,False,False,OPEN,2024-12-29 12:19:26,True,False,,,53.344153,-6.233451,40,3,37,3,0,0,0,40,3,37,3,0,0,0
15431,11,dublin,EARLSFORT TERRACE,Earlsfort Terrace,False,False,OPEN,2024-12-29 12:20:19,True,False,,,53.334295,-6.258503,30,17,13,13,4,0,4,30,17,13,13,4,0,4
15432,17,dublin,GOLDEN LANE,Golden Lane,False,False,OPEN,2024-12-29 12:21:34,True,False,,,53.340803,-6.267732,20,17,3,9,8,0,8,20,17,3,9,8,0,8
15433,45,dublin,DEVERELL PLACE,Deverell Place,False,False,OPEN,2024-12-29 12:12:57,True,False,,,53.351464,-6.255265,30,14,16,9,5,0,5,30,14,16,9,5,0,5
15434,114,dublin,WILTON TERRACE (PARK),Wilton Terrace (Park),False,False,OPEN,2024-12-29 12:13:20,True,False,,,53.333653,-6.248345,40,1,39,1,0,0,0,40,1,39,1,0,0,0
15435,72,dublin,JOHN STREET WEST,John Street West,False,False,OPEN,2024-12-29 12:21:11,True,False,,,53.343105,-6.277167,31,1,30,1,0,0,0,31,1,30,1,0,0,0
15436,63,dublin,FENIAN STREET,Fenian Street,False,False,OPEN,2024-12-29 12:12:47,True,False,,,53.341428,-6.24672,35,29,6,16,13,0,13,35,29,6,16,13,0,13
15437,113,dublin,MERRION SQUARE SOUTH,Merrion Square South,False,False,OPEN,2024-12-29 12:19:39,True,False,,,53.338614,-6.248606,40,5,24,5,0,0,0,40,5,24,5,0,0,0
15438,91,dublin,SOUTH DOCK ROAD,South Dock Road,False,False,OPEN,2024-12-29 12:20:30,True,False,,,53.341833,-6.231291,30,21,9,11,10,0,10,30,21,9,11,10,0,10
15439,99,dublin,CITY QUAY,City Quay,False,False,OPEN,2024-12-29 12:13:12,True,False,,,53.346637,-6.246154,30,21,9,10,11,0,11,30,21,9,10,11,0,11
15440,9,dublin,EXCHEQUER STREET,Exchequer Street,False,False,OPEN,2024-12-29 12:13:35,True,False,,,53.343034,-6.263578,24,6,18,3,3,0,3,24,6,18,3,3,0,3
15441,67,dublin,THE POINT,The Point,False,False,OPEN,2024-12-29 12:21:00,True,False,,,53.346867,-6.230852,40,19,21,14,5,0,5,40,19,21,14,5,0,5
15442,116,dublin,BROADSTONE,Broadstone,False,False,OPEN,2024-12-29 12:19:25,True,False,,,53.3547,-6.272314,30,10,20,2,8,0,8,30,10,20,2,8,0,8
15443,55,dublin,HATCH STREET,Hatch Street,False,False,OPEN,2024-12-29 12:14:17,True,False,,,53.33403,-6.260714,36,11,25,6,5,0,5,36,11,25,6,5,0,5
15444,62,dublin,LIME STREET,Lime Street,False,False,OPEN,2024-12-29 12:21:25,True,False,,,53.346026,-6.243576,40,11,29,2,9,0,9,40,11,29,2,9,0,9
15445,5,dublin,CHARLEMONT PLACE,Charlemont Street,False,False,OPEN,2024-12-29 12:15:28,True,False,,,53.330662,-6.260177,40,34,6,23,11,0,11,40,34,6,23,11,0,11
15446,97,dublin,KILMAINHAM GAOL,Kilmainham Gaol,False,False,OPEN,2024-12-29 12:21:34,True,False,,,53.342113,-6.310015,40,19,21,7,12,0,12,40,19,21,7,12,0,12
15447,61,dublin,HARDWICKE PLACE,Hardwicke Place,False,False,OPEN,2024-12-29 12:20:00,True,False,,,53.357043,-6.263232,25,0,25,0,0,0,0,25,0,25,0,0,0,0
15448,77,dublin,WOLFE TONE STREET,Wolfe Tone Street,False,False,OPEN,2024-12-29 12:20:33,True,False,,,53.348875,-6.267459,29,12,17,3,9,0,9,29,12,17,3,9,0,9
15449,73,dublin,FRANCIS STREET,Francis Street,False,False,OPEN,2024-12-29 12:21:01,True,False,,,53.342081,-6.275233,30,2,28,2,0,0,0,30,2,28,2,0,0,0
15450,4,dublin,GREEK STREET,Greek Street,False,False,OPEN,2024-12-29 12:18:59,True,False,,,53.346874,-6.272976,20,9,11,2,7,0,7,20,9,11,2,7,0,7
15451,49,dublin,GUILD STREET,Guild Street,False,False,OPEN,2024-12-29 12:14:53,True,False,,,53.347932,-6.240928,40,31,9,24,7,0,7,40,31,9,24,7,0,7
15452,19,dublin,HERBERT PLACE,Herbert Place,False,False,OPEN,2024-12-29 12:13:12,True,False,,,53.334432,-6.245575,30,8,22,6,2,0,2,30,8,22,6,2,0,2
15453,7,dublin,HIGH STREET,High Street,False,False,OPEN,2024-12-29 12:12:21,True,False,,,53.343565,-6.275071,29,6,23,4,2,0,2,29,6,23,4,2,0,2
15454,60,dublin,NORTH CIRCULAR ROAD,North Circular Road,False,False,OPEN,2024-12-29 12:13:45,True,False,,,53.359624,-6.260348,30,9,21,7,2,0,2,30,9,21,7,2,0,2
15455,102,dublin,WESTERN WAY,Western Way,False,False,OPEN,2024-12-29 12:20:24,True,False,,,53.354929,-6.269425,40,9,31,8,1,0,1,40,9,31,8,1,0,1
15456,38,dublin,TALBOT STREET,Talbot Street,False,False,OPEN,2024-12-29 12:21:36,True,False,,,53.350974,-6.25294,40,24,16,20,4,0,4,40,24,16,20,4,0,4
15457,53,dublin,NEWMAN HOUSE,Newman House,False,False,OPEN,2024-12-29 12:12:08,True,False,,,53.337132,-6.26059,40,13,27,12,1,0,1,40,13,27,12,1,0,1
15458,58,dublin,SIR PATRICK DUN'S,Sir Patrick's Dun,False,False,OPEN,2024-12-29 12:21:44,True,False,,,53.339218,-6.240642,40,14,26,12,2,0,2,40,14,26,12,2,0,2
15459,66,dublin,NEW CENTRAL BANK,New Central Bank,False,False,OPEN,2024-12-29 12:19:27,True,False,,,53.347122,-6.234749,40,3,37,2,1,0,1,40,3,37,2,1,0,1
15460,104,dublin,GRANGEGORMAN LOWER (CENTRAL),Grangegorman Lower (Central),False,False,OPEN,2024-12-29 12:12:04,True,False,,,53.355173,-6.278424,40,0,40,0,0,0,0,40,0,40,0,0,0,0
15461,101,dublin,KING STREET NORTH,King Street North,False,False,OPEN,2024-12-29 12:20:41,True,False,,,53.350291,-6.273507,30,3,27,2,1,0,1,30,3,27,2,1,0,1
15462,115,dublin,KILLARNEY STREET,Killarney Street,False,False,OPEN,2024-12-29 12:14:15,True,False,,,53.354845,-6.247579,30,19,11,5,14,0,14,30,19,11,5,14,0,14
15463,47,dublin,HERBERT STREET,Herbert Street,False,False,OPEN,2024-12-29 12:12:25,True,False,,,53.335742,-6.24551,40,3,37,2,1,0,1,40,3,37,2,1,0,1
15464,117,dublin,HANOVER QUAY EAST,Hanover Quay East,False,False,OPEN,2024-12-29 12:20:35,True,False,,,53.343653,-6.231755,40,2,38,0,2,0,2,40,2,38,0,2,0,2
15465,8,dublin,CUSTOM HOUSE QUAY,Custom House Quay,False,False,OPEN,2024-12-29 12:12:54,True,False,,,53.347884,-6.248048,30,12,18,8,4,0,4,30,12,18,8,4,0,4
15466,27,dublin,MOLESWORTH STREET,Molesworth Street,False,False,OPEN,2024-12-29 12:20:54,True,False,,,53.341288,-6.258117,20,14,6,4,10,0,10,20,14,6,4,10,0,10
15467,16,dublin,GEORGES QUAY,Georges Quay,False,False,OPEN,2024-12-29 12:21:16,True,False,,,53.347508,-6.252192,20,4,16,4,0,0,0,20,4,16,4,0,0,0
15468,96,dublin,KILMAINHAM LANE,Kilmainham Lane,False,False,OPEN,2024-12-29 12:20:51,True,False,,,53.341805,-6.305085,30,22,8,17,5,0,5,30,22,8,17,5,0,5
15469,82,dublin,MOUNT BROWN,Mount Brown,False,False,OPEN,2024-12-29 12:17:51,True,False,,,53.341645,-6.29719,22,5,17,0,5,0,5,22,5,17,0,5,0,5
15470,76,dublin,MARKET STREET SOUTH,Market Street South,False,False,OPEN,2024-12-29 12:20:55,True,False,,,53.342296,-6.287661,38,20,18,11,9,0,9,38,20,18,11,9,0,9
15471,71,dublin,KEVIN STREET,Kevin Street,False,False,OPEN,2024-12-29 12:20:23,True,False,,,53.337757,-6.267699,40,18,22,15,3,0,3,40,18,22,15,3,0,3
15472,79,dublin,ECCLES STREET EAST,Eccles Street East,False,False,OPEN,2024-12-29 12:14:09,True,False,,,53.358115,-6.265601,27,0,27,0,0,0,0,27,0,27,0,0,0,0
15473,69,dublin,GRAND CANAL DOCK,Grand Canal Dock,False,False,OPEN,2024-12-29 12:19:30,True,False,,,53.342638,-6.238695,40,25,15,12,13,0,13,40,25,15,12,13,0,13
15474,25,dublin,MERRION SQUARE EAST,Merrion Square East,False,False,OPEN,2024-12-29 12:14:02,True,False,,,53.339434,-6.246548,30,1,29,0,1,0,1,30,1,29,0,1,0,1
15475,51,dublin,YORK STREET WEST,York Street West,False,False,OPEN,2024-12-29 12:19:55,True,False,,,53.339334,-6.264699,40,0,0,0,0,0,0,40,0,0,0,0,0,0
15476,37,dublin,ST. STEPHEN'S GREEN SOUTH,St. Stephen's Green South,False,False,OPEN,2024-12-29 12:21:12,True,False,,,53.337494,-6.26199,30,18,12,8,10,0,10,30,18,12,8,10,0,10
15477,59,dublin,DENMARK STREET GREAT,Denmark Street Great,False,False,OPEN,2024-12-29 12:12:00,True,False,,,53.35561,-6.261397,20,1,19,0,1,0,1,20,1,19,0,1,0,1
15478,95,dublin,ROYAL HOSPITAL,Royal Hospital,False,False,OPEN,2024-12-29 12:13:52,True,False,,,53.343897,-6.29706,40,10,30,3,7,0,7,40,10,30,3,7,0,7
15479,94,dublin,HEUSTON STATION (CAR PARK),Heuston Station (Car Park),False,False,OPEN,2024-12-29 12:11:54,True,False,,,53.346985,-6.297804,40,10,30,10,0,0,0,40,10,30,10,0,0,0
15480,105,dublin,GRANGEGORMAN LOWER (NORTH),Grangegorman Lower (North),False,False,OPEN,2024-12-29 12:14:03,True,False,,,53.355954,-6.278378,36,2,34,1,1,0,1,36,2,34,1,1,0,1
15481,36,dublin,ST. STEPHEN'S GREEN EAST,St. Stephen's Green East,False,False,OPEN,2024-12-29 12:20:17,True,False,,,53.337824,-6.256035,40,25,15,14,11,0,11,40,25,15,14,11,0,11
15482,93,dublin,HEUSTON STATION (CENTRAL),Heuston Station (Central),False,False,OPEN,2024-12-29 12:14:16,True,False,,,53.346603,-6.296924,40,14,26,14,0,0,0,40,14,26,14,0,0,0
15483,22,dublin,TOWNSEND STREET,Townsend Street,False,False,OPEN,2024-12-29 12:20:21,True,False,,,53.345922,-6.254614,20,4,16,3,1,0,1,20,4,16,3,1,0,1
15484,50,dublin,GEORGES LANE,George's Lane,False,False,OPEN,2024-12-29 12:21:13,True,False,,,53.35023,-6.279696,40,0,40,0,0,0,0,40,0,40,0,0,0,0
15485,110,dublin,PHIBSBOROUGH ROAD,Phibsborough Road,False,False,OPEN,2024-12-29 12:15:30,True,False,,,53.356307,-6.273717,40,3,37,0,3,0,3,40,3,37,0,3,0,3
15486,12,dublin,ECCLES STREET,Eccles Street,False,False,OPEN,2024-12-29 12:20:56,True,False,,,53.359246,-6.269779,20,7,13,3,4,0,4,20,7,13,3,4,0,4
15487,34,dublin,PORTOBELLO HARBOUR,Portobello Harbour,False,False,OPEN,2024-12-29 12:12:31,True,False,,,53.330362,-6.265163,30,18,12,18,0,0,0,30,18,12,18,0,0,0
15488,78,dublin,MATER HOSPITAL,Mater Hospital,False,False,OPEN,2024-12-29 12:12:41,True,False,,,53.359967,-6.264828,40,19,21,15,4,0,4,40,19,21,15,4,0,4
15489,2,dublin,BLESSINGTON STREET,Blessington Street,False,False,OPEN,2024-12-29 12:21:17,True,False,,,53.356769,-6.26814,20,1,19,0,1,0,1,20,1,19,0,1,0,1
15490,75,dublin,JAMES STREET,James Street,False,False,OPEN,2024-12-29 12:13:47,True,False,,,53.343456,-6.287409,40,19,21,10,9,0,9,40,19,21,10,9,0,9
15491,111,dublin,MOUNTJOY SQUARE EAST,Mountjoy Square East,False,False,OPEN,2024-12-29 12:21:18,True,False,,,53.356717,-6.256359,40,4,36,3,1,0,1,40,4,36,3,1,0,1
15492,26,dublin,MERRION SQUARE WEST,Merrion Square West,False,False,OPEN,2024-12-29 12:19:18,True,False,,,53.339764,-6.251988,20,13,7,5,8,0,8,20,13,7,5,8,0,8
15493,65,dublin,CONVENTION CENTRE,Convention Centre,False,False,OPEN,2024-12-29 12:13:37,True,False,,,53.34744,-6.238523,40,11,29,7,4,0,4,40,11,29,7,4,0,4
15494,15,dublin,HARDWICKE STREET,Hardwicke Street,False,False,OPEN,2024-12-29 12:13:31,True,False,,,53.355473,-6.264423,16,0,16,0,0,0,0,16,0,16,0,0,0,0
15495,86,dublin,PARKGATE STREET,Parkgate Street,False,False,OPEN,2024-12-29 12:21:21,True,False,,,53.347972,-6.291804,38,15,23,3,12,0,12,38,15,23,3,12,0,12
15496,35,dublin,SMITHFIELD,Smithfield,False,False,OPEN,2024-12-29 12:14:19,True,False,,,53.347692,-6.278214,30,15,15,9,6,0,6,30,15,15,9,6,0,6
15497,10,dublin,DAME STREET,Dame Street,False,False,OPEN,2024-12-29 12:15:13,True,False,,,53.344007,-6.266802,16,16,0,11,5,0,5,16,16,0,11,5,0,5
15498,100,dublin,HEUSTON BRIDGE (SOUTH),Heuston Bridge (South),False,False,OPEN,2024-12-29 12:17:59,True,False,,,53.347106,-6.292041,25,18,7,7,11,0,11,25,18,7,7,11,0,11
15499,24,dublin,CATHAL BRUGHA STREET,Cathal Brugha Street,False,False,OPEN,2024-12-29 12:13:58,True,False,,,53.352149,-6.260533,20,12,8,8,4,0,4,20,12,8,8,4,0,4
15500,64,dublin,SANDWITH STREET,Sandwith Street,False,False,OPEN,2024-12-29 12:13:50,True,False,,,53.345203,-6.247163,40,26,14,17,9,0,9,40,26,14,17,9,0,9
15501,109,dublin,BUCKINGHAM STREET LOWER,Buckingham Street Lower,False,False,OPEN,2024-12-29 12:12:47,True,False,,,53.353331,-6.249319,29,2,27,0,2,0,2,29,2,27,0,2,0,2
15502,85,dublin,ROTHE ABBEY,Rothe Abbey,False,False,OPEN,2024-12-29 12:14:06,True,False,,,53.338776,-6.30395,35,18,17,5,13,0,13,35,18,17,5,13,0,13
15503,107,dublin,CHARLEVILLE ROAD,Charleville Road,False,False,OPEN,2024-12-29 12:21:24,True,False,,,53.359157,-6.281866,40,9,31,3,6,0,6,40,9,31,3,6,0,6
15504,33,dublin,PRINCES STREET / O'CONNELL STREET,Princes Street / O'Connell Street,False,False,OPEN,2024-12-29 12:16:36,True,False,,,53.349013,-6.260311,23,8,15,7,1,0,1,23,8,15,7,1,0,1
15505,44,dublin,UPPER SHERRARD STREET,Upper Sherrard Street,False,False,OPEN,2024-12-29 12:15:19,True,False,,,53.358437,-6.260641,30,1,29,0,1,0,1,30,1,29,0,1,0,1
15506,89,dublin,FITZWILLIAM SQUARE EAST,Fitzwilliam Square East,False,False,OPEN,2024-12-29 12:13:09,True,False,,,53.335211,-6.2509,40,19,21,10,9,0,9,40,19,21,10,9,0,9
15507,57,dublin,GRATTAN STREET,Grattan Street,False,False,OPEN,2024-12-29 12:21:12,True,False,,,53.339629,-6.243778,23,3,20,2,1,0,1,23,3,20,2,1,0,1
15508,80,dublin,ST JAMES HOSPITAL (LUAS),St James Hospital (Luas),False,False,OPEN,2024-12-29 12:13:24,True,False,,,53.341359,-6.292951,40,15,25,7,8,0,8,40,15,25,7,8,0,8
15509,41,dublin,HARCOURT TERRACE,Harcourt Terrace,False,False,OPEN,2024-12-29 12:12:18,True,False,,,53.332763,-6.257942,20,0,20,0,0,0,0,20,0,20,0,0,0,0
15510,3,dublin,BOLTON STREET,Bolton Street,False,False,OPEN,2024-12-29 12:13:44,True,False,,,53.351182,-6.269859,20,8,12,6,2,0,2,20,8,12,6,2,0,2
15511,40,dublin,JERVIS STREET,Jervis Street,False,False,OPEN,2024-12-29 12:15:21,True,False,,,53.3483,-6.266651,21,21,0,16,5,0,5,21,21,0,16,5,0,5
15512,29,dublin,ORMOND QUAY UPPER,Ormond Quay Upper,False,False,OPEN,2024-12-29 12:15:25,True,False,,,53.346057,-6.268001,29,25,4,19,6,0,6,29,25,4,19,6,0,6
15513,103,dublin,GRANGEGORMAN LOWER (SOUTH),Grangegorman Lower (South),False,False,OPEN,2024-12-29 12:21:35,True,False,,,53.354663,-6.278681,40,2,38,2,0,0,0,40,2,38,2,0,0,0
15514,28,dublin,MOUNTJOY SQUARE WEST,Mountjoy Square West,False,False,OPEN,2024-12-29 12:13:08,True,False,,,53.356299,-6.258586,30,20,10,11,9,0,9,30,20,10,11,9,0,9
15515,39,dublin,WILTON TERRACE,Wilton Terrace,False,False,OPEN,2024-12-29 12:11:55,True,False,,,53.332383,-6.252717,20,0,20,0,0,0,0,20,0,20,0,0,0,0
15516,83,dublin,EMMET ROAD,Emmet Road,False,False,OPEN,2024-12-29 12:12:20,True,False,,,53.340714,-6.308191,40,20,20,13,7,0,7,40,20,20,13,7,0,7
15517,92,dublin,HEUSTON BRIDGE (NORTH),Heuston Bridge (North),False,False,OPEN,2024-12-29 12:16:29,True,False,,,53.347802,-6.292432,40,27,13,19,8,0,8,40,27,13,19,8,0,8
15518,21,dublin,LEINSTER STREET SOUTH,Leinster Street South,False,False,OPEN,2024-12-29 12:20:31,True,False,,,53.34218,-6.254485,30,5,25,4,1,0,1,30,5,25,4,1,0,1
15519,88,dublin,BLACKHALL PLACE,Blackhall Place,False,False,OPEN,2024-12-29 12:12:45,True,False,,,53.3488,-6.281637,30,0,30,0,0,0,0,30,0,30,0,0,0,0
15520,42,dublin,SMITHFIELD NORTH,Smithfield North,False,False,OPEN,2024-12-29 12:50:36,True,False,,,53.349562,-6.278198,30,1,29,1,0,0,0,30,1,29,1,0,0,0
15521,30,dublin,PARNELL SQUARE NORTH,Parnell Square North,False,False,OPEN,2024-12-29 12:50:19,True,False,,,53.3537415547453,-6.26530144781526,20,0,20,0,0,0,0,20,0,20,0,0,0,0
15522,54,dublin,CLONMEL STREET,Clonmel Street,False,False,OPEN,2024-12-29 12:42:27,True,False,,,53.336021,-6.26298,33,14,19,6,8,0,8,33,14,19,6,8,0,8
15523,108,dublin,AVONDALE ROAD,Avondale Road,False,False,OPEN,2024-12-29 12:51:43,True,False,,,53.359405,-6.276142,35,17,18,6,11,0,11,35,17,18,6,11,0,11
15524,20,dublin,JAMES STREET EAST,James Street East,False,False,OPEN,2024-12-29 12:44:07,True,False,,,53.336597,-6.248109,30,2,28,2,0,0,0,30,2,28,2,0,0,0
15525,56,dublin,MOUNT STREET LOWER,Mount Street Lower,False,False,OPEN,2024-12-29 12:49:48,True,False,,,53.33796,-6.24153,40,18,22,8,10,0,10,40,18,22,8,10,0,10
15526,6,dublin,CHRISTCHURCH PLACE,Christchurch Place,False,False,OPEN,2024-12-29 12:49:40,True,False,,,53.343368,-6.27012,20,10,10,6,4,0,4,20,10,10,6,4,0,4
15527,18,dublin,GRANTHAM STREET,Grantham Street,False,False,OPEN,2024-12-29 12:41:57,True,False,,,53.334123,-6.265436,30,9,21,2,7,0,7,30,9,21,2,7,0,7
15528,32,dublin,PEARSE STREET,Pearse Street,False,False,OPEN,2024-12-29 12:46:09,True,False,,,53.344304,-6.250427,30,17,13,15,2,0,2,30,17,13,15,2,0,2
15529,52,dublin,YORK STREET EAST,York Street East,False,False,OPEN,2024-12-29 12:42:15,True,False,,,53.338755,-6.262003,32,15,17,6,9,0,9,32,15,17,6,9,0,9
15530,48,dublin,EXCISE WALK,Excise Walk,False,False,OPEN,2024-12-29 12:51:32,True,False,,,53.347777,-6.244239,40,8,32,8,0,0,0,40,8,32,8,0,0,0
15531,13,dublin,FITZWILLIAM SQUARE WEST,Fitzwilliam Square West,False,False,OPEN,2024-12-29 12:49:34,True,False,,,53.336074,-6.252825,30,25,5,11,14,0,14,30,25,5,11,14,0,14
15532,43,dublin,PORTOBELLO ROAD,Portobello Road,False,False,OPEN,2024-12-29 12:42:46,True,False,,,53.330091,-6.268044,30,20,10,14,6,0,6,30,20,10,14,6,0,6
15533,31,dublin,PARNELL STREET,Parnell Street,False,False,OPEN,2024-12-29 12:49:26,True,False,,,53.350929,-6.265125,20,0,20,0,0,0,0,20,0,20,0,0,0,0
15534,98,dublin,FREDERICK STREET SOUTH,Frederick Street South,False,False,OPEN,2024-12-29 12:51:47,True,False,,,53.341515,-6.256853,40,19,21,13,6,0,6,40,19,21,13,6,0,6
15535,14,dublin,FOWNES STREET UPPER,Fownes Street Upper,False,False,OPEN,2024-12-29 12:51:21,True,False,,,53.344603,-6.263371,30,27,3,16,11,0,11,30,27,3,16,11,0,11
15536,1,dublin,CLARENDON ROW,Clarendon Row,False,False,OPEN,2024-12-29 12:51:16,True,False,,,53.340927,-6.262501,31,9,22,5,4,0,4,31,9,22,5,4,0,4
15537,23,dublin,CUSTOM HOUSE,Custom House,False,False,OPEN,2024-12-29 12:42:36,True,False,,,53.348279,-6.254662,30,28,2,15,13,0,13,30,28,2,15,13,0,13
15538,106,dublin,RATHDOWN ROAD,Rathdown Road,False,False,OPEN,2024-12-29 12:51:00,True,False,,,53.35893,-6.280337,40,19,21,14,5,0,5,40,19,21,14,5,0,5
15539,112,dublin,NORTH CIRCULAR ROAD (O'CONNELL'S),North Circular Road (O'Connell's),False,False,OPEN,2024-12-29 12:51:39,True,False,,,53.357841,-6.251557,30,7,23,1,6,0,6,30,7,23,1,6,0,6
15540,68,dublin,HANOVER QUAY,Hanover Quay,False,False,OPEN,2024-12-29 12:51:47,True,False,,,53.344115,-6.237153,40,31,9,21,10,0,10,40,31,9,21,10,0,10
15541,74,dublin,OLIVER BOND STREET,Oliver Bond Street,False,False,OPEN,2024-12-29 12:44:14,True,False,,,53.343893,-6.280531,30,2,28,2,0,0,0,30,2,28,2,0,0,0
15542,87,dublin,COLLINS BARRACKS MUSEUM,Collins Barracks Museum,False,False,OPEN,2024-12-29 12:50:10,True,False,,,53.347477,-6.28525,38,23,15,9,14,0,14,38,23,15,9,14,0,14
15543,84,dublin,BROOKFIELD ROAD,Brookfield Road,False,False,OPEN,2024-12-29 12:43:14,True,False,,,53.339005,-6.300217,30,18,12,11,7,0,7,30,18,12,11,7,0,7
15544,90,dublin,BENSON STREET,Benson Street,False,False,OPEN,2024-12-29 12:43:40,True,False,,,53.344153,-6.233451,40,3,37,3,0,0,0,40,3,37,3,0,0,0
15545,11,dublin,EARLSFORT TERRACE,Earlsfort Terrace,False,False,OPEN,2024-12-29 12:50:35,True,False,,,53.334295,-6.258503,30,17,13,13,4,0,4,30,17,13,13,4,0,4
15546,17,dublin,GOLDEN LANE,Golden Lane,False,False,OPEN,2024-12-29 12:51:09,True,False,,,53.340803,-6.267732,20,17,3,9,8,0,8,20,17,3,9,8,0,8
15547,45,dublin,DEVERELL PLACE,Deverell Place,False,False,OPEN,2024-12-29 12:43:08,True,False,,,53.351464,-6.255265,30,14,16,9,5,0,5,30,14,16,9,5,0,5
15548,114,dublin,WILTON TERRACE (PARK),Wilton Terrace (Park),False,False,OPEN,2024-12-29 12:43:32,True,False,,,53.333653,-6.248345,40,1,39,1,0,0,0,40,1,39,1,0,0,0
15549,72,dublin,JOHN STREET WEST,John Street West,False,False,OPEN,2024-12-29 12:51:22,True,False,,,53.343105,-6.277167,31,1,30,1,0,0,0,31,1,30,1,0,0,0
15550,63,dublin,FENIAN STREET,Fenian Street,False,False,OPEN,2024-12-29 12:43:02,True,False,,,53.341428,-6.24672,35,29,6,16,13,0,13,35,29,6,16,13,0,13
15551,113,dublin,MERRION SQUARE SOUTH,Merrion Square South,False,False,OPEN,2024-12-29 12:42:28,True,False,,,53.338614,-6.248606,40,5,24,5,0,0,0,40,5,24,5,0,0,0
15552,91,dublin,SOUTH DOCK ROAD,South Dock Road,False,False,OPEN,2024-12-29 12:50:50,True,False,,,53.341833,-6.231291,30,15,15,9,6,0,6,30,15,15,9,6,0,6
15553,99,dublin,CITY QUAY,City Quay,False,False,OPEN,2024-12-29 12:43:27,True,False,,,53.346637,-6.246154,30,21,9,10,11,0,11,30,21,9,10,11,0,11
15554,9,dublin,EXCHEQUER STREET,Exchequer Street,False,False,OPEN,2024-12-29 12:43:53,True,False,,,53.343034,-6.263578,24,8,16,3,5,0,5,24,8,16,3,5,0,5
15555,67,dublin,THE POINT,The Point,False,False,OPEN,2024-12-29 12:51:10,True,False,,,53.346867,-6.230852,40,18,22,14,4,0,4,40,18,22,14,4,0,4
15556,116,dublin,BROADSTONE,Broadstone,False,False,OPEN,2024-12-29 12:51:03,True,False,,,53.3547,-6.272314,30,10,20,2,8,0,8,30,10,20,2,8,0,8
15557,55,dublin,HATCH STREET,Hatch Street,False,False,OPEN,2024-12-29 12:44:33,True,False,,,53.33403,-6.260714,36,11,25,6,5,0,5,36,11,25,6,5,0,5
15558,62,dublin,LIME STREET,Lime Street,False,False,OPEN,2024-12-29 12:51:00,True,False,,,53.346026,-6.243576,40,11,29,2,9,0,9,40,11,29,2,9,0,9
15559,5,dublin,CHARLEMONT PLACE,Charlemont Street,False,False,OPEN,2024-12-29 12:50:09,True,False,,,53.330662,-6.260177,40,35,5,24,11,0,11,40,35,5,24,11,0,11
15560,97,dublin,KILMAINHAM GAOL,Kilmainham Gaol,False,False,OPEN,2024-12-29 12:41:50,True,False,,,53.342113,-6.310015,40,17,23,5,12,0,12,40,17,23,5,12,0,12
15561,61,dublin,HARDWICKE PLACE,Hardwicke Place,False,False,OPEN,2024-12-29 12:50:12,True,False,,,53.357043,-6.263232,25,0,25,0,0,0,0,25,0,25,0,0,0,0
15562,77,dublin,WOLFE TONE STREET,Wolfe Tone Street,False,False,OPEN,2024-12-29 12:50:46,True,False,,,53.348875,-6.267459,29,13,16,3,10,0,10,29,13,16,3,10,0,10
15563,73,dublin,FRANCIS STREET,Francis Street,False,False,OPEN,2024-12-29 12:51:01,True,False,,,53.342081,-6.275233,30,1,29,1,0,0,0,30,1,29,1,0,0,0
15564,4,dublin,GREEK STREET,Greek Street,False,False,OPEN,2024-12-29 12:44:08,True,False,,,53.346874,-6.272976,20,9,11,2,7,0,7,20,9,11,2,7,0,7
15565,49,dublin,GUILD STREET,Guild Street,False,False,OPEN,2024-12-29 12:45:12,True,False,,,53.347932,-6.240928,40,30,10,23,7,0,7,40,30,10,23,7,0,7
15566,19,dublin,HERBERT PLACE,Herbert Place,False,False,OPEN,2024-12-29 12:51:37,True,False,,,53.334432,-6.245575,30,7,22,6,1,0,1,30,7,22,6,1,0,1
15567,7,dublin,HIGH STREET,High Street,False,False,OPEN,2024-12-29 12:42:33,True,False,,,53.343565,-6.275071,29,6,23,4,2,0,2,29,6,23,4,2,0,2
15568,60,dublin,NORTH CIRCULAR ROAD,North Circular Road,False,False,OPEN,2024-12-29 12:46:08,True,False,,,53.359624,-6.260348,30,9,21,8,1,0,1,30,9,21,8,1,0,1
15569,102,dublin,WESTERN WAY,Western Way,False,False,OPEN,2024-12-29 12:50:38,True,False,,,53.354929,-6.269425,40,8,32,7,1,0,1,40,8,32,7,1,0,1
15570,38,dublin,TALBOT STREET,Talbot Street,False,False,OPEN,2024-12-29 12:46:11,True,False,,,53.350974,-6.25294,40,25,15,21,4,0,4,40,25,15,21,4,0,4
15571,53,dublin,NEWMAN HOUSE,Newman House,False,False,OPEN,2024-12-29 12:42:23,True,False,,,53.337132,-6.26059,40,13,27,12,1,0,1,40,13,27,12,1,0,1
15572,58,dublin,SIR PATRICK DUN'S,Sir Patrick's Dun,False,False,OPEN,2024-12-29 12:41:50,True,False,,,53.339218,-6.240642,40,15,25,13,2,0,2,40,15,25,13,2,0,2
15573,66,dublin,NEW CENTRAL BANK,New Central Bank,False,False,OPEN,2024-12-29 12:49:41,True,False,,,53.347122,-6.234749,40,2,38,1,1,0,1,40,2,38,1,1,0,1
15574,104,dublin,GRANGEGORMAN LOWER (CENTRAL),Grangegorman Lower (Central),False,False,OPEN,2024-12-29 12:42:11,True,False,,,53.355173,-6.278424,40,0,40,0,0,0,0,40,0,40,0,0,0,0
15575,101,dublin,KING STREET NORTH,King Street North,False,False,OPEN,2024-12-29 12:50:57,True,False,,,53.350291,-6.273507,30,4,26,2,2,0,2,30,4,26,2,2,0,2
15576,115,dublin,KILLARNEY STREET,Killarney Street,False,False,OPEN,2024-12-29 12:49:53,True,False,,,53.354845,-6.247579,30,19,11,5,14,0,14,30,19,11,5,14,0,14
15577,47,dublin,HERBERT STREET,Herbert Street,False,False,OPEN,2024-12-29 12:42:41,True,False,,,53.335742,-6.24551,40,3,37,2,1,0,1,40,3,37,2,1,0,1
15578,117,dublin,HANOVER QUAY EAST,Hanover Quay East,False,False,OPEN,2024-12-29 12:50:44,True,False,,,53.343653,-6.231755,40,3,37,1,2,0,2,40,3,37,1,2,0,2
15579,8,dublin,CUSTOM HOUSE QUAY,Custom House Quay,False,False,OPEN,2024-12-29 12:43:09,True,False,,,53.347884,-6.248048,30,12,18,8,4,0,4,30,12,18,8,4,0,4
15580,27,dublin,MOLESWORTH STREET,Molesworth Street,False,False,OPEN,2024-12-29 12:51:09,True,False,,,53.341288,-6.258117,20,13,7,2,11,0,11,20,13,7,2,11,0,11
15581,16,dublin,GEORGES QUAY,Georges Quay,False,False,OPEN,2024-12-29 12:51:37,True,False,,,53.347508,-6.252192,20,2,18,2,0,0,0,20,2,18,2,0,0,0
15582,96,dublin,KILMAINHAM LANE,Kilmainham Lane,False,False,OPEN,2024-12-29 12:51:07,True,False,,,53.341805,-6.305085,30,22,8,17,5,0,5,30,22,8,17,5,0,5
15583,82,dublin,MOUNT BROWN,Mount Brown,False,False,OPEN,2024-12-29 12:45:21,True,False,,,53.341645,-6.29719,22,5,17,0,5,0,5,22,5,17,0,5,0,5
15584,76,dublin,MARKET STREET SOUTH,Market Street South,False,False,OPEN,2024-12-29 12:51:13,True,False,,,53.342296,-6.287661,38,19,19,10,9,0,9,38,19,19,10,9,0,9
15585,71,dublin,KEVIN STREET,Kevin Street,False,False,OPEN,2024-12-29 12:50:38,True,False,,,53.337757,-6.267699,40,18,22,15,3,0,3,40,18,22,15,3,0,3
15586,79,dublin,ECCLES STREET EAST,Eccles Street East,False,False,OPEN,2024-12-29 12:44:25,True,False,,,53.358115,-6.265601,27,0,27,0,0,0,0,27,0,27,0,0,0,0
15587,69,dublin,GRAND CANAL DOCK,Grand Canal Dock,False,False,OPEN,2024-12-29 12:46:52,True,False,,,53.342638,-6.238695,40,26,14,14,12,0,12,40,26,14,14,12,0,12
15588,25,dublin,MERRION SQUARE EAST,Merrion Square East,False,False,OPEN,2024-12-29 12:44:10,True,False,,,53.339434,-6.246548,30,1,29,0,1,0,1,30,1,29,0,1,0,1
15589,51,dublin,YORK STREET WEST,York Street West,False,False,OPEN,2024-12-29 12:50:07,True,False,,,53.339334,-6.264699,40,0,0,0,0,0,0,40,0,0,0,0,0,0
15590,37,dublin,ST. STEPHEN'S GREEN SOUTH,St. Stephen's Green South,False,False,OPEN,2024-12-29 12:51:24,True,False,,,53.337494,-6.26199,30,18,12,8,10,0,10,30,18,12,8,10,0,10
15591,59,dublin,DENMARK STREET GREAT,Denmark Street Great,False,False,OPEN,2024-12-29 12:42:13,True,False,,,53.35561,-6.261397,20,2,18,0,2,0,2,20,2,18,0,2,0,2
15592,95,dublin,ROYAL HOSPITAL,Royal Hospital,False,False,OPEN,2024-12-29 12:44:06,True,False,,,53.343897,-6.29706,40,10,30,3,7,0,7,40,10,30,3,7,0,7
15593,94,dublin,HEUSTON STATION (CAR PARK),Heuston Station (Car Park),False,False,OPEN,2024-12-29 12:42:05,True,False,,,53.346985,-6.297804,40,10,30,10,0,0,0,40,10,30,10,0,0,0
15594,105,dublin,GRANGEGORMAN LOWER (NORTH),Grangegorman Lower (North),False,False,OPEN,2024-12-29 12:44:19,True,False,,,53.355954,-6.278378,36,2,34,1,1,0,1,36,2,34,1,1,0,1
15595,36,dublin,ST. STEPHEN'S GREEN EAST,St. Stephen's Green East,False,False,OPEN,2024-12-29 12:50:28,True,False,,,53.337824,-6.256035,40,25,15,14,11,0,11,40,25,15,14,11,0,11
15596,93,dublin,HEUSTON STATION (CENTRAL),Heuston Station (Central),False,False,OPEN,2024-12-29 12:44:27,True,False,,,53.346603,-6.296924,40,14,26,14,0,0,0,40,14,26,14,0,0,0
15597,22,dublin,TOWNSEND STREET,Townsend Street,False,False,OPEN,2024-12-29 12:50:32,True,False,,,53.345922,-6.254614,20,4,16,3,1,0,1,20,4,16,3,1,0,1
15598,50,dublin,GEORGES LANE,George's Lane,False,False,OPEN,2024-12-29 12:48:06,True,False,,,53.35023,-6.279696,40,0,40,0,0,0,0,40,0,40,0,0,0,0
15599,110,dublin,PHIBSBOROUGH ROAD,Phibsborough Road,False,False,OPEN,2024-12-29 12:44:18,True,False,,,53.356307,-6.273717,40,3,37,0,3,0,3,40,3,37,0,3,0,3
15600,12,dublin,ECCLES STREET,Eccles Street,False,False,OPEN,2024-12-29 12:51:13,True,False,,,53.359246,-6.269779,20,8,12,3,5,0,5,20,8,12,3,5,0,5
15601,34,dublin,PORTOBELLO HARBOUR,Portobello Harbour,False,False,OPEN,2024-12-29 12:42:44,True,False,,,53.330362,-6.265163,30,26,4,23,3,0,3,30,26,4,23,3,0,3
15602,78,dublin,MATER HOSPITAL,Mater Hospital,False,False,OPEN,2024-12-29 12:42:57,True,False,,,53.359967,-6.264828,40,19,21,15,4,0,4,40,19,21,15,4,0,4
15603,2,dublin,BLESSINGTON STREET,Blessington Street,False,False,OPEN,2024-12-29 12:51:33,True,False,,,53.356769,-6.26814,20,0,20,0,0,0,0,20,0,20,0,0,0,0
15604,75,dublin,JAMES STREET,James Street,False,False,OPEN,2024-12-29 12:44:00,True,False,,,53.343456,-6.287409,40,18,22,9,9,0,9,40,18,22,9,9,0,9
15605,111,dublin,MOUNTJOY SQUARE EAST,Mountjoy Square East,False,False,OPEN,2024-12-29 12:51:35,True,False,,,53.356717,-6.256359,40,4,36,4,0,0,0,40,4,36,4,0,0,0
15606,26,dublin,MERRION SQUARE WEST,Merrion Square West,False,False,OPEN,2024-12-29 12:49:30,True,False,,,53.339764,-6.251988,20,12,8,5,7,0,7,20,12,8,5,7,0,7
15607,65,dublin,CONVENTION CENTRE,Convention Centre,False,False,OPEN,2024-12-29 12:43:50,True,False,,,53.34744,-6.238523,40,11,29,7,4,0,4,40,11,29,7,4,0,4
15608,15,dublin,HARDWICKE STREET,Hardwicke Street,False,False,OPEN,2024-12-29 12:43:43,True,False,,,53.355473,-6.264423,16,0,16,0,0,0,0,16,0,16,0,0,0,0
15609,86,dublin,PARKGATE STREET,Parkgate Street,False,False,OPEN,2024-12-29 12:51:26,True,False,,,53.347972,-6.291804,38,13,25,3,10,0,10,38,13,25,3,10,0,10
15610,35,dublin,SMITHFIELD,Smithfield,False,False,OPEN,2024-12-29 12:49:39,True,False,,,53.347692,-6.278214,30,20,10,8,12,0,12,30,20,10,8,12,0,12
15611,10,dublin,DAME STREET,Dame Street,False,False,OPEN,2024-12-29 12:46:06,True,False,,,53.344007,-6.266802,16,15,1,11,4,0,4,16,15,1,11,4,0,4
15612,100,dublin,HEUSTON BRIDGE (SOUTH),Heuston Bridge (South),False,False,OPEN,2024-12-29 12:50:50,True,False,,,53.347106,-6.292041,25,18,7,7,11,0,11,25,18,7,7,11,0,11
15613,24,dublin,CATHAL BRUGHA STREET,Cathal Brugha Street,False,False,OPEN,2024-12-29 12:44:32,True,False,,,53.352149,-6.260533,20,11,9,6,5,0,5,20,11,9,6,5,0,5
15614,64,dublin,SANDWITH STREET,Sandwith Street,False,False,OPEN,2024-12-29 12:44:06,True,False,,,53.345203,-6.247163,40,26,14,17,9,0,9,40,26,14,17,9,0,9
15615,109,dublin,BUCKINGHAM STREET LOWER,Buckingham Street Lower,False,False,OPEN,2024-12-29 12:42:55,True,False,,,53.353331,-6.249319,29,2,27,0,2,0,2,29,2,27,0,2,0,2
15616,85,dublin,ROTHE ABBEY,Rothe Abbey,False,False,OPEN,2024-12-29 12:44:18,True,False,,,53.338776,-6.30395,35,18,17,5,13,0,13,35,18,17,5,13,0,13
15617,107,dublin,CHARLEVILLE ROAD,Charleville Road,False,False,OPEN,2024-12-29 12:51:41,True,False,,,53.359157,-6.281866,40,9,31,3,6,0,6,40,9,31,3,6,0,6
15618,33,dublin,PRINCES STREET / O'CONNELL STREET,Princes Street / O'Connell Street,False,False,OPEN,2024-12-29 12:51:27,True,False,,,53.349013,-6.260311,23,10,12,9,1,0,1,23,10,12,9,1,0,1
15619,44,dublin,UPPER SHERRARD STREET,Upper Sherrard Street,False,False,OPEN,2024-12-29 12:45:35,True,False,,,53.358437,-6.260641,30,0,30,0,0,0,0,30,0,30,0,0,0,0
15620,89,dublin,FITZWILLIAM SQUARE EAST,Fitzwilliam Square East,False,False,OPEN,2024-12-29 12:43:24,True,False,,,53.335211,-6.2509,40,19,21,10,9,0,9,40,19,21,10,9,0,9
15621,57,dublin,GRATTAN STREET,Grattan Street,False,False,OPEN,2024-12-29 12:50:01,True,False,,,53.339629,-6.243778,23,3,20,2,1,0,1,23,3,20,2,1,0,1
15622,80,dublin,ST JAMES HOSPITAL (LUAS),St James Hospital (Luas),False,False,OPEN,2024-12-29 12:43:36,True,False,,,53.341359,-6.292951,40,15,25,7,8,0,8,40,15,25,7,8,0,8
15623,41,dublin,HARCOURT TERRACE,Harcourt Terrace,False,False,OPEN,2024-12-29 12:42:29,True,False,,,53.332763,-6.257942,20,0,20,0,0,0,0,20,0,20,0,0,0,0
15624,3,dublin,BOLTON STREET,Bolton Street,False,False,OPEN,2024-12-29 12:45:44,True,False,,,53.351182,-6.269859,20,7,13,5,2,0,2,20,7,13,5,2,0,2
15625,40,dublin,JERVIS STREET,Jervis Street,False,False,OPEN,2024-12-29 12:45:37,True,False,,,53.3483,-6.266651,21,21,0,16,5,0,5,21,21,0,16,5,0,5
15626,29,dublin,ORMOND QUAY UPPER,Ormond Quay Upper,False,False,OPEN,2024-12-29 12:43:48,True,False,,,53.346057,-6.268001,29,28,1,20,8,0,8,29,28,1,20,8,0,8
15627,103,dublin,GRANGEGORMAN LOWER (SOUTH),Grangegorman Lower (South),False,False,OPEN,2024-12-29 12:51:43,True,False,,,53.354663,-6.278681,40,2,38,2,0,0,0,40,2,38,2,0,0,0
15628,28,dublin,MOUNTJOY SQUARE WEST,Mountjoy Square West,False,False,OPEN,2024-12-29 12:43:26,True,False,,,53.356299,-6.258586,30,18,12,9,9,0,9,30,18,12,9,9,0,9
15629,39,dublin,WILTON TERRACE,Wilton Terrace,False,False,OPEN,2024-12-29 12:51:31,True,False,,,53.332383,-6.252717,20,1,19,0,1,0,1,20,1,19,0,1,0,1
15630,83,dublin,EMMET ROAD,Emmet Road,False,False,OPEN,2024-12-29 12:51:42,True,False,,,53.340714,-6.308191,40,20,20,13,7,0,7,40,20,20,13,7,0,7
15631,92,dublin,HEUSTON BRIDGE (NORTH),Heuston Bridge (North),False,False,OPEN,2024-12-29 12:42:13,True,False,,,53.347802,-6.292432,40,30,10,22,8,0,8,40,30,10,22,8,0,8
15632,21,dublin,LEINSTER STREET SOUTH,Leinster Street South,False,False,OPEN,2024-12-29 12:50:50,True,False,,,53.34218,-6.254485,30,7,23,5,2,0,2,30,7,23,5,2,0,2
15633,88,dublin,BLACKHALL PLACE,Blackhall Place,False,False,OPEN,2024-12-29 12:48:45,True,False,,,53.3488,-6.281637,30,1,29,1,0,0,0,30,1,29,1,0,0,0
15634,42,dublin,SMITHFIELD NORTH,Smithfield North,False,False,OPEN,2024-12-29 13:20:51,True,False,,,53.349562,-6.278198,30,3,27,3,0,0,0,30,3,27,3,0,0,0
15635,30,dublin,PARNELL SQUARE NORTH,Parnell Square North,False,False,OPEN,2024-12-29 13:20:35,True,False,,,53.3537415547453,-6.26530144781526,20,0,20,0,0,0,0,20,0,20,0,0,0,0
15636,54,dublin,CLONMEL STREET,Clonmel Street,False,False,OPEN,2024-12-29 13:12:41,True,False,,,53.336021,-6.26298,33,12,21,4,8,0,8,33,12,21,4,8,0,8
15637,108,dublin,AVONDALE ROAD,Avondale Road,False,False,OPEN,2024-12-29 13:20:44,True,False,,,53.359405,-6.276142,35,16,19,5,11,0,11,35,16,19,5,11,0,11
15638,20,dublin,JAMES STREET EAST,James Street East,False,False,OPEN,2024-12-29 13:14:18,True,False,,,53.336597,-6.248109,30,2,28,2,0,0,0,30,2,28,2,0,0,0
15639,56,dublin,MOUNT STREET LOWER,Mount Street Lower,False,False,OPEN,2024-12-29 13:21:20,True,False,,,53.33796,-6.24153,40,18,22,8,10,0,10,40,18,22,8,10,0,10
15640,6,dublin,CHRISTCHURCH PLACE,Christchurch Place,False,False,OPEN,2024-12-29 13:19:55,True,False,,,53.343368,-6.27012,20,7,13,5,2,0,2,20,7,13,5,2,0,2
15641,18,dublin,GRANTHAM STREET,Grantham Street,False,False,OPEN,2024-12-29 13:19:49,True,False,,,53.334123,-6.265436,30,7,23,1,6,0,6,30,7,23,1,6,0,6
15642,32,dublin,PEARSE STREET,Pearse Street,False,False,OPEN,2024-12-29 13:12:52,True,False,,,53.344304,-6.250427,30,17,13,15,2,0,2,30,17,13,15,2,0,2
15643,52,dublin,YORK STREET EAST,York Street East,False,False,OPEN,2024-12-29 13:12:33,True,False,,,53.338755,-6.262003,32,16,16,6,10,0,10,32,16,16,6,10,0,10
15644,48,dublin,EXCISE WALK,Excise Walk,False,False,OPEN,2024-12-29 13:21:46,True,False,,,53.347777,-6.244239,40,7,33,7,0,0,0,40,7,33,7,0,0,0
15645,13,dublin,FITZWILLIAM SQUARE WEST,Fitzwilliam Square West,False,False,OPEN,2024-12-29 13:11:59,True,False,,,53.336074,-6.252825,30,25,5,11,14,0,14,30,25,5,11,14,0,14
15646,43,dublin,PORTOBELLO ROAD,Portobello Road,False,False,OPEN,2024-12-29 13:13:03,True,False,,,53.330091,-6.268044,30,20,10,14,6,0,6,30,20,10,14,6,0,6
15647,31,dublin,PARNELL STREET,Parnell Street,False,False,OPEN,2024-12-29 13:19:40,True,False,,,53.350929,-6.265125,20,2,18,2,0,0,0,20,2,18,2,0,0,0
15648,98,dublin,FREDERICK STREET SOUTH,Frederick Street South,False,False,OPEN,2024-12-29 13:11:54,True,False,,,53.341515,-6.256853,40,19,21,13,6,0,6,40,19,21,13,6,0,6
15649,14,dublin,FOWNES STREET UPPER,Fownes Street Upper,False,False,OPEN,2024-12-29 13:14:42,True,False,,,53.344603,-6.263371,30,28,2,17,11,0,11,30,28,2,17,11,0,11
15650,1,dublin,CLARENDON ROW,Clarendon Row,False,False,OPEN,2024-12-29 13:21:29,True,False,,,53.340927,-6.262501,31,9,22,5,4,0,4,31,9,22,5,4,0,4
15651,23,dublin,CUSTOM HOUSE,Custom House,False,False,OPEN,2024-12-29 13:13:02,True,False,,,53.348279,-6.254662,30,10,20,6,4,0,4,30,10,20,6,4,0,4
15652,106,dublin,RATHDOWN ROAD,Rathdown Road,False,False,OPEN,2024-12-29 13:21:19,True,False,,,53.35893,-6.280337,40,16,24,11,5,0,5,40,16,24,11,5,0,5
15653,112,dublin,NORTH CIRCULAR ROAD (O'CONNELL'S),North Circular Road (O'Connell's),False,False,OPEN,2024-12-29 13:21:14,True,False,,,53.357841,-6.251557,30,7,23,1,6,0,6,30,7,23,1,6,0,6
15654,68,dublin,HANOVER QUAY,Hanover Quay,False,False,OPEN,2024-12-29 13:21:33,True,False,,,53.344115,-6.237153,40,31,9,20,11,0,11,40,31,9,20,11,0,11
15655,74,dublin,OLIVER BOND STREET,Oliver Bond Street,False,False,OPEN,2024-12-29 13:12:49,True,False,,,53.343893,-6.280531,30,3,27,3,0,0,0,30,3,27,3,0,0,0
15656,87,dublin,COLLINS BARRACKS MUSEUM,Collins Barracks Museum,False,False,OPEN,2024-12-29 13:20:24,True,False,,,53.347477,-6.28525,38,21,17,7,14,0,14,38,21,17,7,14,0,14
15657,84,dublin,BROOKFIELD ROAD,Brookfield Road,False,False,OPEN,2024-12-29 13:13:21,True,False,,,53.339005,-6.300217,30,18,12,11,7,0,7,30,18,12,11,7,0,7
15658,90,dublin,BENSON STREET,Benson Street,False,False,OPEN,2024-12-29 13:13:52,True,False,,,53.344153,-6.233451,40,2,38,2,0,0,0,40,2,38,2,0,0,0
15659,11,dublin,EARLSFORT TERRACE,Earlsfort Terrace,False,False,OPEN,2024-12-29 13:20:51,True,False,,,53.334295,-6.258503,30,17,13,13,4,0,4,30,17,13,13,4,0,4
15660,17,dublin,GOLDEN LANE,Golden Lane,False,False,OPEN,2024-12-29 13:21:22,True,False,,,53.340803,-6.267732,20,20,0,10,10,0,10,20,20,0,10,10,0,10
15661,45,dublin,DEVERELL PLACE,Deverell Place,False,False,OPEN,2024-12-29 13:13:18,True,False,,,53.351464,-6.255265,30,14,16,9,5,0,5,30,14,16,9,5,0,5
15662,114,dublin,WILTON TERRACE (PARK),Wilton Terrace (Park),False,False,OPEN,2024-12-29 13:13:44,True,False,,,53.333653,-6.248345,40,1,39,1,0,0,0,40,1,39,1,0,0,0
15663,72,dublin,JOHN STREET WEST,John Street West,False,False,OPEN,2024-12-29 13:21:34,True,False,,,53.343105,-6.277167,31,1,30,1,0,0,0,31,1,30,1,0,0,0
15664,63,dublin,FENIAN STREET,Fenian Street,False,False,OPEN,2024-12-29 13:13:31,True,False,,,53.341428,-6.24672,35,13,22,6,7,0,7,35,13,22,6,7,0,7
15665,113,dublin,MERRION SQUARE SOUTH,Merrion Square South,False,False,OPEN,2024-12-29 13:12:44,True,False,,,53.338614,-6.248606,40,6,23,5,1,0,1,40,6,23,5,1,0,1
15666,91,dublin,SOUTH DOCK ROAD,South Dock Road,False,False,OPEN,2024-12-29 13:21:03,True,False,,,53.341833,-6.231291,30,16,14,9,7,0,7,30,16,14,9,7,0,7
15667,99,dublin,CITY QUAY,City Quay,False,False,OPEN,2024-12-29 13:13:45,True,False,,,53.346637,-6.246154,30,22,8,10,12,0,12,30,22,8,10,12,0,12
15668,9,dublin,EXCHEQUER STREET,Exchequer Street,False,False,OPEN,2024-12-29 13:14:12,True,False,,,53.343034,-6.263578,24,11,13,3,8,0,8,24,11,13,3,8,0,8
15669,67,dublin,THE POINT,The Point,False,False,OPEN,2024-12-29 13:21:18,True,False,,,53.346867,-6.230852,40,18,22,14,4,0,4,40,18,22,14,4,0,4
15670,116,dublin,BROADSTONE,Broadstone,False,False,OPEN,2024-12-29 13:19:49,True,False,,,53.3547,-6.272314,30,9,21,1,8,0,8,30,9,21,1,8,0,8
15671,55,dublin,HATCH STREET,Hatch Street,False,False,OPEN,2024-12-29 13:17:31,True,False,,,53.33403,-6.260714,36,11,25,6,5,0,5,36,11,25,6,5,0,5
15672,62,dublin,LIME STREET,Lime Street,False,False,OPEN,2024-12-29 13:21:10,True,False,,,53.346026,-6.243576,40,11,29,3,8,0,8,40,11,29,3,8,0,8
15673,5,dublin,CHARLEMONT PLACE,Charlemont Street,False,False,OPEN,2024-12-29 13:16:55,True,False,,,53.330662,-6.260177,40,36,4,25,11,0,11,40,36,4,25,11,0,11
15674,97,dublin,KILMAINHAM GAOL,Kilmainham Gaol,False,False,OPEN,2024-12-29 13:12:08,True,False,,,53.342113,-6.310015,40,17,23,4,13,0,13,40,17,23,4,13,0,13
15675,61,dublin,HARDWICKE PLACE,Hardwicke Place,False,False,OPEN,2024-12-29 13:20:24,True,False,,,53.357043,-6.263232,25,0,25,0,0,0,0,25,0,25,0,0,0,0
15676,77,dublin,WOLFE TONE STREET,Wolfe Tone Street,False,False,OPEN,2024-12-29 13:21:00,True,False,,,53.348875,-6.267459,29,13,16,3,10,0,10,29,13,16,3,10,0,10
15677,73,dublin,FRANCIS STREET,Francis Street,False,False,OPEN,2024-12-29 13:16:34,True,False,,,53.342081,-6.275233,30,2,28,1,1,0,1,30,2,28,1,1,0,1
15678,4,dublin,GREEK STREET,Greek Street,False,False,OPEN,2024-12-29 13:14:24,True,False,,,53.346874,-6.272976,20,11,9,2,9,0,9,20,11,9,2,9,0,9
15679,49,dublin,GUILD STREET,Guild Street,False,False,OPEN,2024-12-29 13:15:28,True,False,,,53.347932,-6.240928,40,30,10,23,7,0,7,40,30,10,23,7,0,7
15680,19,dublin,HERBERT PLACE,Herbert Place,False,False,OPEN,2024-12-29 13:13:40,True,False,,,53.334432,-6.245575,30,8,21,7,1,0,1,30,8,21,7,1,0,1
15681,7,dublin,HIGH STREET,High Street,False,False,OPEN,2024-12-29 13:18:18,True,False,,,53.343565,-6.275071,29,6,23,4,2,0,2,29,6,23,4,2,0,2
15682,60,dublin,NORTH CIRCULAR ROAD,North Circular Road,False,False,OPEN,2024-12-29 13:14:09,True,False,,,53.359624,-6.260348,30,9,21,8,1,0,1,30,9,21,8,1,0,1
15683,102,dublin,WESTERN WAY,Western Way,False,False,OPEN,2024-12-29 13:20:49,True,False,,,53.354929,-6.269425,40,8,32,7,1,0,1,40,8,32,7,1,0,1
15684,38,dublin,TALBOT STREET,Talbot Street,False,False,OPEN,2024-12-29 13:11:58,True,False,,,53.350974,-6.25294,40,26,14,21,5,0,5,40,26,14,21,5,0,5
15685,53,dublin,NEWMAN HOUSE,Newman House,False,False,OPEN,2024-12-29 13:19:08,True,False,,,53.337132,-6.26059,40,12,28,11,1,0,1,40,12,28,11,1,0,1
15686,58,dublin,SIR PATRICK DUN'S,Sir Patrick's Dun,False,False,OPEN,2024-12-29 13:11:58,True,False,,,53.339218,-6.240642,40,15,25,13,2,0,2,40,15,25,13,2,0,2
15687,66,dublin,NEW CENTRAL BANK,New Central Bank,False,False,OPEN,2024-12-29 13:19:56,True,False,,,53.347122,-6.234749,40,0,40,0,0,0,0,40,0,40,0,0,0,0
15688,104,dublin,GRANGEGORMAN LOWER (CENTRAL),Grangegorman Lower (Central),False,False,OPEN,2024-12-29 13:12:19,True,False,,,53.355173,-6.278424,40,2,38,2,0,0,0,40,2,38,2,0,0,0
15689,101,dublin,KING STREET NORTH,King Street North,False,False,OPEN,2024-12-29 13:21:16,True,False,,,53.350291,-6.273507,30,3,27,1,2,0,2,30,3,27,1,2,0,2
15690,115,dublin,KILLARNEY STREET,Killarney Street,False,False,OPEN,2024-12-29 13:19:48,True,False,,,53.354845,-6.247579,30,18,12,6,12,0,12,30,18,12,6,12,0,12
15691,47,dublin,HERBERT STREET,Herbert Street,False,False,OPEN,2024-12-29 13:12:57,True,False,,,53.335742,-6.24551,40,3,37,2,1,0,1,40,3,37,2,1,0,1
15692,117,dublin,HANOVER QUAY EAST,Hanover Quay East,False,False,OPEN,2024-12-29 13:20:52,True,False,,,53.343653,-6.231755,40,3,37,1,2,0,2,40,3,37,1,2,0,2
15693,8,dublin,CUSTOM HOUSE QUAY,Custom House Quay,False,False,OPEN,2024-12-29 13:13:26,True,False,,,53.347884,-6.248048,30,14,16,10,4,0,4,30,14,16,10,4,0,4
15694,27,dublin,MOLESWORTH STREET,Molesworth Street,False,False,OPEN,2024-12-29 13:21:20,True,False,,,53.341288,-6.258117,20,14,6,2,12,0,12,20,14,6,2,12,0,12
15695,16,dublin,GEORGES QUAY,Georges Quay,False,False,OPEN,2024-12-29 13:11:47,True,False,,,53.347508,-6.252192,20,2,18,2,0,0,0,20,2,18,2,0,0,0
15696,96,dublin,KILMAINHAM LANE,Kilmainham Lane,False,False,OPEN,2024-12-29 13:21:23,True,False,,,53.341805,-6.305085,30,22,8,17,5,0,5,30,22,8,17,5,0,5
15697,82,dublin,MOUNT BROWN,Mount Brown,False,False,OPEN,2024-12-29 13:12:24,True,False,,,53.341645,-6.29719,22,5,17,0,5,0,5,22,5,17,0,5,0,5
15698,76,dublin,MARKET STREET SOUTH,Market Street South,False,False,OPEN,2024-12-29 13:21:44,True,False,,,53.342296,-6.287661,38,23,15,13,10,0,10,38,23,15,13,10,0,10
15699,71,dublin,KEVIN STREET,Kevin Street,False,False,OPEN,2024-12-29 13:20:53,True,False,,,53.337757,-6.267699,40,19,21,15,4,0,4,40,19,21,15,4,0,4
15700,79,dublin,ECCLES STREET EAST,Eccles Street East,False,False,OPEN,2024-12-29 13:14:41,True,False,,,53.358115,-6.265601,27,0,27,0,0,0,0,27,0,27,0,0,0,0
15701,69,dublin,GRAND CANAL DOCK,Grand Canal Dock,False,False,OPEN,2024-12-29 13:16:18,True,False,,,53.342638,-6.238695,40,27,13,15,12,0,12,40,27,13,15,12,0,12
15702,25,dublin,MERRION SQUARE EAST,Merrion Square East,False,False,OPEN,2024-12-29 13:14:18,True,False,,,53.339434,-6.246548,30,1,29,0,1,0,1,30,1,29,0,1,0,1
15703,51,dublin,YORK STREET WEST,York Street West,False,False,OPEN,2024-12-29 13:20:17,True,False,,,53.339334,-6.264699,40,0,0,0,0,0,0,40,0,0,0,0,0,0
15704,37,dublin,ST. STEPHEN'S GREEN SOUTH,St. Stephen's Green South,False,False,OPEN,2024-12-29 13:21:37,True,False,,,53.337494,-6.26199,30,20,10,10,10,0,10,30,20,10,10,10,0,10
15705,59,dublin,DENMARK STREET GREAT,Denmark Street Great,False,False,OPEN,2024-12-29 13:17:28,True,False,,,53.35561,-6.261397,20,3,17,1,2,0,2,20,3,17,1,2,0,2
15706,95,dublin,ROYAL HOSPITAL,Royal Hospital,False,False,OPEN,2024-12-29 13:14:18,True,False,,,53.343897,-6.29706,40,9,31,3,6,0,6,40,9,31,3,6,0,6
15707,94,dublin,HEUSTON STATION (CAR PARK),Heuston Station (Car Park),False,False,OPEN,2024-12-29 13:12:17,True,False,,,53.346985,-6.297804,40,10,30,10,0,0,0,40,10,30,10,0,0,0
15708,105,dublin,GRANGEGORMAN LOWER (NORTH),Grangegorman Lower (North),False,False,OPEN,2024-12-29 13:14:35,True,False,,,53.355954,-6.278378,36,2,34,1,1,0,1,36,2,34,1,1,0,1
15709,36,dublin,ST. STEPHEN'S GREEN EAST,St. Stephen's Green East,False,False,OPEN,2024-12-29 13:20:39,True,False,,,53.337824,-6.256035,40,25,15,14,11,0,11,40,25,15,14,11,0,11
15710,93,dublin,HEUSTON STATION (CENTRAL),Heuston Station (Central),False,False,OPEN,2024-12-29 13:14:38,True,False,,,53.346603,-6.296924,40,14,26,14,0,0,0,40,14,26,14,0,0,0
15711,22,dublin,TOWNSEND STREET,Townsend Street,False,False,OPEN,2024-12-29 13:21:15,True,False,,,53.345922,-6.254614,20,5,15,4,1,0,1,20,5,15,4,1,0,1
15712,50,dublin,GEORGES LANE,George's Lane,False,False,OPEN,2024-12-29 13:15:21,True,False,,,53.35023,-6.279696,40,0,40,0,0,0,0,40,0,40,0,0,0,0
15713,110,dublin,PHIBSBOROUGH ROAD,Phibsborough Road,False,False,OPEN,2024-12-29 13:19:51,True,False,,,53.356307,-6.273717,40,3,37,0,3,0,3,40,3,37,0,3,0,3
15714,12,dublin,ECCLES STREET,Eccles Street,False,False,OPEN,2024-12-29 13:21:21,True,False,,,53.359246,-6.269779,20,8,12,3,5,0,5,20,8,12,3,5,0,5
15715,34,dublin,PORTOBELLO HARBOUR,Portobello Harbour,False,False,OPEN,2024-12-29 13:12:58,True,False,,,53.330362,-6.265163,30,24,6,21,3,0,3,30,24,6,21,3,0,3
15716,78,dublin,MATER HOSPITAL,Mater Hospital,False,False,OPEN,2024-12-29 13:13:13,True,False,,,53.359967,-6.264828,40,19,21,15,4,0,4,40,19,21,15,4,0,4
15717,2,dublin,BLESSINGTON STREET,Blessington Street,False,False,OPEN,2024-12-29 13:21:43,True,False,,,53.356769,-6.26814,20,1,19,0,1,0,1,20,1,19,0,1,0,1
15718,75,dublin,JAMES STREET,James Street,False,False,OPEN,2024-12-29 13:14:17,True,False,,,53.343456,-6.287409,40,17,23,9,8,0,8,40,17,23,9,8,0,8
15719,111,dublin,MOUNTJOY SQUARE EAST,Mountjoy Square East,False,False,OPEN,2024-12-29 13:11:47,True,False,,,53.356717,-6.256359,40,3,37,3,0,0,0,40,3,37,3,0,0,0
15720,26,dublin,MERRION SQUARE WEST,Merrion Square West,False,False,OPEN,2024-12-29 13:19:39,True,False,,,53.339764,-6.251988,20,13,7,5,8,0,8,20,13,7,5,8,0,8
15721,65,dublin,CONVENTION CENTRE,Convention Centre,False,False,OPEN,2024-12-29 13:14:02,True,False,,,53.34744,-6.238523,40,11,29,7,4,0,4,40,11,29,7,4,0,4
15722,15,dublin,HARDWICKE STREET,Hardwicke Street,False,False,OPEN,2024-12-29 13:13:54,True,False,,,53.355473,-6.264423,16,0,16,0,0,0,0,16,0,16,0,0,0,0
15723,86,dublin,PARKGATE STREET,Parkgate Street,False,False,OPEN,2024-12-29 13:20:55,True,False,,,53.347972,-6.291804,38,14,24,4,10,0,10,38,14,24,4,10,0,10
15724,35,dublin,SMITHFIELD,Smithfield,False,False,OPEN,2024-12-29 13:17:59,True,False,,,53.347692,-6.278214,30,19,11,7,12,0,12,30,19,11,7,12,0,12
15725,10,dublin,DAME STREET,Dame Street,False,False,OPEN,2024-12-29 13:17:06,True,False,,,53.344007,-6.266802,16,15,1,11,4,0,4,16,15,1,11,4,0,4
15726,100,dublin,HEUSTON BRIDGE (SOUTH),Heuston Bridge (South),False,False,OPEN,2024-12-29 13:12:44,True,False,,,53.347106,-6.292041,25,18,7,7,11,0,11,25,18,7,7,11,0,11
15727,24,dublin,CATHAL BRUGHA STREET,Cathal Brugha Street,False,False,OPEN,2024-12-29 13:14:39,True,False,,,53.352149,-6.260533,20,12,8,7,5,0,5,20,12,8,7,5,0,5
15728,64,dublin,SANDWITH STREET,Sandwith Street,False,False,OPEN,2024-12-29 13:18:40,True,False,,,53.345203,-6.247163,40,25,15,17,8,0,8,40,25,15,17,8,0,8
15729,109,dublin,BUCKINGHAM STREET LOWER,Buckingham Street Lower,False,False,OPEN,2024-12-29 13:13:03,True,False,,,53.353331,-6.249319,29,2,27,0,2,0,2,29,2,27,0,2,0,2
15730,85,dublin,ROTHE ABBEY,Rothe Abbey,False,False,OPEN,2024-12-29 13:14:30,True,False,,,53.338776,-6.30395,35,17,18,4,13,0,13,35,17,18,4,13,0,13
15731,107,dublin,CHARLEVILLE ROAD,Charleville Road,False,False,OPEN,2024-12-29 13:11:52,True,False,,,53.359157,-6.281866,40,9,31,3,6,0,6,40,9,31,3,6,0,6
15732,33,dublin,PRINCES STREET / O'CONNELL STREET,Princes Street / O'Connell Street,False,False,OPEN,2024-12-29 13:14:17,True,False,,,53.349013,-6.260311,23,15,8,13,2,0,2,23,15,8,13,2,0,2
15733,44,dublin,UPPER SHERRARD STREET,Upper Sherrard Street,False,False,OPEN,2024-12-29 13:15:51,True,False,,,53.358437,-6.260641,30,0,30,0,0,0,0,30,0,30,0,0,0,0
15734,89,dublin,FITZWILLIAM SQUARE EAST,Fitzwilliam Square East,False,False,OPEN,2024-12-29 13:13:40,True,False,,,53.335211,-6.2509,40,19,21,10,9,0,9,40,19,21,10,9,0,9
15735,57,dublin,GRATTAN STREET,Grattan Street,False,False,OPEN,2024-12-29 13:20:12,True,False,,,53.339629,-6.243778,23,3,20,2,1,0,1,23,3,20,2,1,0,1
15736,80,dublin,ST JAMES HOSPITAL (LUAS),St James Hospital (Luas),False,False,OPEN,2024-12-29 13:15:03,True,False,,,53.341359,-6.292951,40,14,26,6,8,0,8,40,14,26,6,8,0,8
15737,41,dublin,HARCOURT TERRACE,Harcourt Terrace,False,False,OPEN,2024-12-29 13:12:40,True,False,,,53.332763,-6.257942,20,0,20,0,0,0,0,20,0,20,0,0,0,0
15738,3,dublin,BOLTON STREET,Bolton Street,False,False,OPEN,2024-12-29 13:18:23,True,False,,,53.351182,-6.269859,20,6,14,4,2,0,2,20,6,14,4,2,0,2
15739,40,dublin,JERVIS STREET,Jervis Street,False,False,OPEN,2024-12-29 13:15:56,True,False,,,53.3483,-6.266651,21,21,0,17,4,0,4,21,21,0,17,4,0,4
15740,29,dublin,ORMOND QUAY UPPER,Ormond Quay Upper,False,False,OPEN,2024-12-29 13:14:05,True,False,,,53.346057,-6.268001,29,29,0,21,8,0,8,29,29,0,21,8,0,8
15741,103,dublin,GRANGEGORMAN LOWER (SOUTH),Grangegorman Lower (South),False,False,OPEN,2024-12-29 13:11:49,True,False,,,53.354663,-6.278681,40,3,37,3,0,0,0,40,3,37,3,0,0,0
15742,28,dublin,MOUNTJOY SQUARE WEST,Mountjoy Square West,False,False,OPEN,2024-12-29 13:14:57,True,False,,,53.356299,-6.258586,30,17,13,8,9,0,9,30,17,13,8,9,0,9
15743,39,dublin,WILTON TERRACE,Wilton Terrace,False,False,OPEN,2024-12-29 13:12:17,True,False,,,53.332383,-6.252717,20,0,20,0,0,0,0,20,0,20,0,0,0,0
15744,83,dublin,EMMET ROAD,Emmet Road,False,False,OPEN,2024-12-29 13:12:39,True,False,,,53.340714,-6.308191,40,20,20,13,7,0,7,40,20,20,13,7,0,7
15745,92,dublin,HEUSTON BRIDGE (NORTH),Heuston Bridge (North),False,False,OPEN,2024-12-29 13:12:40,True,False,,,53.347802,-6.292432,40,24,16,16,8,0,8,40,24,16,16,8,0,8
15746,21,dublin,LEINSTER STREET SOUTH,Leinster Street South,False,False,OPEN,2024-12-29 13:21:08,True,False,,,53.34218,-6.254485,30,8,22,7,1,0,1,30,8,22,7,1,0,1
15747,88,dublin,BLACKHALL PLACE,Blackhall Place,False,False,OPEN,2024-12-29 13:13:16,True,False,,,53.3488,-6.281637,30,1,29,1,0,0,0,30,1,29,1,0,0,0
